Testing from : 20100104 to: 20220331
-----------------------------------------------------------------------------------------------------------
                                                                                      Avg.   Monthly    Avg.
SysName         Market     TotProfit  MaxDD ClsTrdDD AvgWin  AvgLoss PerWins #Trds  MonthRet.  StdDev  YearlyRet.
Bollinger_MA... Cotton-CT      54149  44250   25700    6827    -2197    0.41     37      368    3114     3453
-------------------------------------------------------------------------------------------------------------------
Totals                         54149  44250 or 69.8 % Avg. DD    9121          37
-----------------------------------------------------------------------------------------------------------
Combined Monthly Return
Date         Profit Cum.Profit
-------------------------------------------------------------------
20100129          0          0
20100226         -5         -5
20100331       -955       -960
20100430        995         35
20100528      -1440      -1405
20100630      -2770      -4175
20100730      -2155      -6330
20100831       1250      -5080
20100930       7860       2780
20101029      11670      14450
20101130       -960      13490
20101231      13735      27225      27225
20110131      11815      39040
20110228      12890      51930
20110331       4500      56430
20110429     -11195      45235
20110531          0      45235
20110630          0      45235
20110729      -2415      42820
20110831      -2020      40800
20110930      -4045      36755
20111031          0      36755
20111130        -75      36680
20111230       -445      36235       9010
20120131      -1895      34340
20120229          0      34340
20120330          0      34340
20120430          0      34340
20120531       4975      39315
20120629      -3635      35680
20120731         -5      35675
20120831      -1325      34350
20120928          0      34350
20121031      -2960      31390
20121130          0      31390
20121231          0      31390      -4845
20130131       2840      34230
20130228        285      34515
20130328       1585      36100
20130430      -2705      33395
20130531       1070      34465
20130628      -3820      30645
20130731          0      30645
20130830      -2575      28070
20130930          0      28070
20131031       1015      29085
20131129       -615      28470
20131231      -1550      26920      -4470
20140131          0      26920
20140228       -845      26075
20140331       3190      29265
20140430       -300      28965
20140530      -1480      27485
20140630       1765      29250
20140731       5320      34570
20140829      -1850      32720
20140930       2600      35320
20141031      -2085      33235
20141128       -245      32990
20141231       -890      32100       5180
20150130       -980      31120
20150227      -1345      29775
20150331      -2040      27735
20150430      -1300      26435
20150529      -1955      24480
20150630          0      24480
20150731          0      24480
20150831      -1745      22735
20150930         15      22750
20151030      -1810      20940
20151130          0      20940
20151231          0      20940     -11160
20160129       -135      20805
20160229       2185      22990
20160331       -970      22020
20160429      -1300      20720
20160531         85      20805
20160630       -320      20485
20160729       4935      25420
20160831      -2665      22755
20160930          0      22755
20161031          0      22755
20161130          0      22755
20161230          0      22755       1815
20170131        385      23140
20170228       -115      23025
20170331        495      23520
20170428      -1050      22470
20170531      -2935      19535
20170630       1665      21200
20170731       -135      21065
20170831      -1065      20000
20170929          0      20000
20171031          0      20000
20171130       -260      19740
20171229       2910      22650       -105
20180131       -675      21975
20180228       2140      24115
20180329       -735      23380
20180430      -1080      22300
20180531       3125      25425
20180629      -4980      20445
20180731          0      20445
20180831          0      20445
20180928       1175      21620
20181031       -245      21375
20181130        -45      21330
20181231        985      22315       -335
20190131      -1100      21215
20190228       1580      22795
20190329      -1540      21255
20190430          0      21255
20190531       2060      23315
20190628        905      24220
20190731       1120      25340
20190830       2505      27845
20190930      -1970      25875
20191031          0      25875
20191129          0      25875
20191231        150      26025       3710
20200131       -775      25250
20200228         80      25330
20200331       5180      30510
20200430      -2765      27745
20200529       -665      27080
20200630          0      27080
20200731       -170      26910
20200831       1250      28160
20200930        315      28475
20201030       1565      30040
20201130        645      30685
20201231       2985      33670       7645
20210129       1260      34930
20210226       3400      38330
20210331      -3315      35015
20210430          0      35015
20210528          0      35015
20210630          0      35015
20210730          0      35015
20210831       -385      34630
20210930       2110      36740
20211029       4525      41265
20211130      -2915      38350
20211231       3095      41445       7775
20220131       7485      48930
20220228      -3065      45865
20220331       8285      54150      12705
Average Monthly Return:      368 StdDev:  3114  Sharpe: 0.12
Average  Yearly Return:     4165 StdDev:  9526  Sharpe: 0.44
