-----------------------------------------
Sys Name : Boll-10KLimitOTE_1R
Mkt Symb : CL Mkt Name : Crude
20100208   SimpleSell  1 117.33000       0.00       0.00
20100219        Sxit1  1 123.62000   -6390.00   -6390.00
20100406    SimpleBuy  1 131.19000       0.00       0.00
20100423         Lxit  1 126.77000   -4520.00  -10910.00
20100507   SimpleSell  1 119.97000       0.00       0.00
20100608   OTE - Sxit  1 110.89000    8980.00   -1930.00
20101007    SimpleBuy  1 119.93000       0.00       0.00
20101118         Lxit  1 116.38000   -3650.00   -5580.00
20101206    SimpleBuy  1 124.78000       0.00       0.00
20110125         Lxit  1 121.41000   -3470.00   -9050.00
20110223    SimpleBuy  1 125.88000       0.00       0.00
20110303   OTE - Lxit  1 132.59000    6610.00   -2440.00
20110616   SimpleSell  1 123.69000       0.00       0.00
20110805   OTE - Sxit  1 114.19000    9400.00    6960.00
20111115    SimpleBuy  1 125.19000       0.00       0.00
20120203         Lxit  1 123.36000   -1930.00    5030.00
20120222    SimpleBuy  1 132.40000       0.00       0.00
20120330         Lxit  1 129.16000   -3340.00    1690.00
20120507   SimpleSell  1 123.47000       0.00       0.00
20120517   OTE - Sxit  1 118.19000    5180.00    6870.00
20121024   SimpleSell  1 110.00000       0.00       0.00
20121227        Sxit1  1 113.50000   -3600.00    3270.00
20130118    SimpleBuy  1 117.70000       0.00       0.00
20130226         Lxit  1 113.42000   -4380.00   -1110.00
20130416   SimpleSell  1 108.55000       0.00       0.00
20130430        Sxit1  1 115.26000   -6810.00   -7920.00
20130703    SimpleBuy  1 119.89000       0.00       0.00
20130802   OTE - Lxit  1 128.21000    8220.00     300.00
20131023   SimpleSell  1 119.07000       0.00       0.00
20131230        Sxit1  1 120.16000   -1190.00    -890.00
20140219    SimpleBuy  1 122.77000       0.00       0.00
20140318         Lxit  1 118.17000   -4700.00   -5590.00
20140522    SimpleBuy  1 126.17000       0.00       0.00
20140711         Lxit  1 125.67000    -600.00   -6190.00
20140815   SimpleSell  1 119.49000       0.00       0.00
20141009   OTE - Sxit  1 114.97000    4420.00   -1770.00
20150430    SimpleBuy  1  81.64000       0.00       0.00
20150702         Lxit  1  78.59000   -3150.00   -4920.00
20150720   SimpleSell  1  72.51000       0.00       0.00
20150819   OTE - Sxit  1  63.73000    8680.00    3760.00
20151116   SimpleSell  1  60.93000       0.00       0.00
20160112   OTE - Sxit  1  48.84000   11990.00   15750.00
20160428    SimpleBuy  1  57.09000       0.00       0.00
20160707         Lxit  1  58.46000    1270.00   17020.00
20160729   SimpleSell  1  51.00000       0.00       0.00
20160819        Sxit1  1  58.10000   -7200.00    9820.00
20161213    SimpleBuy  1  60.09000       0.00       0.00
20170208         Lxit  1  57.37000   -2820.00    7000.00
20170313   SimpleSell  1  53.79000       0.00       0.00
20170410        Sxit1  1  57.16000   -3470.00    3530.00
20170503   SimpleSell  1  52.51000       0.00       0.00
20170524        Sxit1  1  55.49000   -3080.00     450.00
20170609   SimpleSell  1  49.76000       0.00       0.00
20170726        Sxit1  1  52.13000   -2470.00   -2020.00
20170926    SimpleBuy  1  55.04000       0.00       0.00
20171212   OTE - Lxit  1  60.52000    5380.00    3360.00
20180412    SimpleBuy  1  69.37000       0.00       0.00
20180510   OTE - Lxit  1  73.86000    4390.00    7750.00
20180628    SimpleBuy  1  75.03000       0.00       0.00
20180717         Lxit  1  70.79000   -4340.00    3410.00
20181001    SimpleBuy  1  77.78000       0.00       0.00
20181018         Lxit  1  74.48000   -3400.00      10.00
20181102   SimpleSell  1  68.04000       0.00       0.00
20181121   OTE - Sxit  1  57.74000   10200.00   10210.00
20190403    SimpleBuy  1  65.79000       0.00       0.00
20190425   OTE - Lxit  1  68.85000    2960.00   13170.00
20190603   SimpleSell  1  56.27000       0.00       0.00
20190702        Sxit1  1  61.75000   -5580.00    7590.00
20190917    SimpleBuy  1  64.48000       0.00       0.00
20190926         Lxit  1  59.45000   -5130.00    2460.00
20191004   SimpleSell  1  55.05000       0.00       0.00
20191024        Sxit1  1  58.56000   -3610.00   -1150.00
20191209    SimpleBuy  1  61.66000       0.00       0.00
20200123         Lxit  1  58.72000   -3040.00   -4190.00
20200131   SimpleSell  1  55.53000       0.00       0.00
20200302   OTE - Sxit  1  46.04000    9390.00    5200.00
20201005   SimpleSell  1  32.04000       0.00       0.00
20201009        Sxit1  1  36.35000   -4410.00     790.00
20201029   SimpleSell  1  32.15000       0.00       0.00
20201110        Sxit1  1  34.67000   -2620.00   -1830.00
20201127    SimpleBuy  1  40.44000       0.00       0.00
20210115   OTE - Lxit  1  48.05000    7510.00    5680.00
20210928    SimpleBuy  1  70.62000       0.00       0.00
20211027   OTE - Lxit  1  80.13000    9410.00   15090.00
20220119    SimpleBuy  1  83.38000       0.00       0.00
20220214   OTE - Lxit  1  91.40000    7920.00   23010.00
-----------------------------------------
Sys Name : Boll-10KLimitOTE_1R
Mkt Symb : EC Mkt Name : EuroCur
20100104   SimpleSell  1   1.57815       0.00       0.00
20100205   OTE - Sxit  1   1.51865    7337.50    7337.50
20100923    SimpleBuy  1   1.48525       0.00       0.00
20101004   OTE - Lxit  1   1.52405    4750.00   12087.50
20110304    SimpleBuy  1   1.54285       0.00       0.00
20110415   OTE - Lxit  1   1.59545    6475.00   18562.50
20110713   SimpleSell  1   1.54665       0.00       0.00
20110722        Sxit1  1   1.59185   -5750.00   12812.50
20110907   SimpleSell  1   1.55245       0.00       0.00
20110926   OTE - Sxit  1   1.50255    6137.50   18950.00
20111214   SimpleSell  1   1.45605       0.00       0.00
20120210        Sxit1  1   1.48015   -3112.50   15837.50
20120510   SimpleSell  1   1.44395       0.00       0.00
20120525   OTE - Sxit  1   1.40415    4875.00   20712.50
20120910    SimpleBuy  1   1.42955       0.00       0.00
20121112         Lxit  1   1.41945   -1362.50   19350.00
20121219    SimpleBuy  1   1.46975       0.00       0.00
20130225         Lxit  1   1.46575    -600.00   18750.00
20130328   SimpleSell  1   1.42355       0.00       0.00
20130417        Sxit1  1   1.46295   -5025.00   13725.00
20130612    SimpleBuy  1   1.47685       0.00       0.00
20130627         Lxit  1   1.44595   -3962.50    9762.50
20130919    SimpleBuy  1   1.49545       0.00       0.00
20131108         Lxit  1   1.48585   -1300.00    8462.50
20131230    SimpleBuy  1   1.52025       0.00       0.00
20140106         Lxit  1   1.50395   -2137.50    6325.00
20140307    SimpleBuy  1   1.53035       0.00       0.00
20140331         Lxit  1   1.51975   -1425.00    4900.00
20140509    SimpleBuy  1   1.52855       0.00       0.00
20140512         Lxit  1   1.52015   -1150.00    3750.00
20140604   SimpleSell  1   1.50725       0.00       0.00
20140912   OTE - Sxit  1   1.43675    8712.50   12462.50
20150825    SimpleBuy  1   1.29895       0.00       0.00
20150904         Lxit  1   1.25245   -5912.50    6550.00
20151015    SimpleBuy  1   1.28785       0.00       0.00
20151023         Lxit  1   1.24995   -4837.50    1712.50
20151109   SimpleSell  1   1.21215       0.00       0.00
20160119        Sxit1  1   1.22905   -2212.50    -500.00
20160210    SimpleBuy  1   1.26570       0.00       0.00
20160229         Lxit  1   1.22835   -4768.75   -5268.75
20160318    SimpleBuy  1   1.26720       0.00       0.00
20160519         Lxit  1   1.25540   -1575.00   -6843.75
20160627   SimpleSell  1   1.23765       0.00       0.00
20160817        Sxit1  1   1.25795   -2637.50   -9481.25
20161013   SimpleSell  1   1.22830       0.00       0.00
20161110        Sxit1  1   1.21880    1087.50   -8393.75
20161111   SimpleSell  1   1.21450       0.00       0.00
20161216   OTE - Sxit  1   1.16715    5818.75   -2575.00
20170328    SimpleBuy  1   1.20600       0.00       0.00
20170403         Lxit  1   1.18515   -2706.25   -5281.25
20170425    SimpleBuy  1   1.20485       0.00       0.00
20170607   OTE - Lxit  1   1.24375    4762.50    -518.75
20171107   SimpleSell  1   1.26770       0.00       0.00
20171116        Sxit1  1   1.28430   -2175.00   -2693.75
20180103    SimpleBuy  1   1.30750       0.00       0.00
20180406         Lxit  1   1.31840    1262.50   -1431.25
20180427   SimpleSell  1   1.30270       0.00       0.00
20180615   OTE - Sxit  1   1.24500    7112.50    5681.25
20181004   SimpleSell  1   1.22605       0.00       0.00
20190110        Sxit1  1   1.22335     237.50    5918.75
20190212   SimpleSell  1   1.19290       0.00       0.00
20190321        Sxit1  1   1.20440   -1537.50    4381.25
20190328   SimpleSell  1   1.18605       0.00       0.00
20190607        Sxit1  1   1.18195     412.50    4793.75
20190724   SimpleSell  1   1.16545       0.00       0.00
20191021        Sxit1  1   1.15770     868.75    5662.50
20191231    SimpleBuy  1   1.15665       0.00       0.00
20200109         Lxit  1   1.14630   -1393.75    4268.75
20200127   SimpleSell  1   1.13725       0.00       0.00
20200225   OTE - Sxit  1   1.11770    2343.75    6612.50
20200309    SimpleBuy  1   1.16600       0.00       0.00
20200313         Lxit  1   1.14755   -2406.25    4206.25
20200319   SimpleSell  1   1.12405       0.00       0.00
20200330        Sxit1  1   1.14335   -2512.50    1693.75
20200605    SimpleBuy  1   1.16070       0.00       0.00
20200831   OTE - Lxit  1   1.21590    6800.00    8493.75
20201201    SimpleBuy  1   1.21540       0.00       0.00
20201231   OTE - Lxit  1   1.25110    4362.50   12856.25
20210309   SimpleSell  1   1.20405       0.00       0.00
20210421        Sxit1  1   1.22180   -2318.75   10537.50
20210930   SimpleSell  1   1.17375       0.00       0.00
20220114        Sxit1  1   1.15660    2043.75   12581.25
20220131   SimpleSell  1   1.12535       0.00       0.00
20220204        Sxit1  1   1.15470   -3768.75    8812.50
20220225   SimpleSell  1   1.12980       0.00       0.00
20220331   Sx-EOFData  1   1.11590    1637.50   10450.00
-----------------------------------------
Sys Name : Boll-10KLimitOTE_1R
Mkt Symb : GC Mkt Name : Gold
20100408    SimpleBuy  1 1386.60000       0.00       0.00
20100507   OTE - Lxit  1 1444.80000    5720.00    5720.00
20100915    SimpleBuy  1 1501.80000       0.00       0.00
20101006   OTE - Lxit  1 1572.90000    7010.00   12730.00
20110128   SimpleSell  1 1544.10000       0.00       0.00
20110216        Sxit1  1 1603.40000   -6030.00    6700.00
20110302    SimpleBuy  1 1664.00000       0.00       0.00
20110316         Lxit  1 1623.90000   -4110.00    2590.00
20110325    SimpleBuy  1 1662.60000       0.00       0.00
20110429   OTE - Lxit  1 1763.30000    9970.00   12560.00
20110714    SimpleBuy  1 1811.20000       0.00       0.00
20110803   OTE - Lxit  1 1886.70000    7450.00   20010.00
20111215   SimpleSell  1 1798.70000       0.00       0.00
20120124        Sxit1  1 1895.80000   -9810.00   10200.00
20120509   SimpleSell  1 1818.50000       0.00       0.00
20120515   OTE - Sxit  1 1769.80000    4770.00   14970.00
20120823    SimpleBuy  1 1860.10000       0.00       0.00
20120914   OTE - Lxit  1 1975.00000   11390.00   26360.00
20121219   SimpleSell  1 1874.80000       0.00       0.00
20130219   OTE - Sxit  1 1810.70000    6310.00   32670.00
20131121   SimpleSell  1 1439.60000       0.00       0.00
20140127        Sxit1  1 1467.80000   -2920.00   29750.00
20140225    SimpleBuy  1 1534.40000       0.00       0.00
20140416         Lxit  1 1501.20000   -3420.00   26330.00
20140602   SimpleSell  1 1448.30000       0.00       0.00
20140620        Sxit1  1 1518.10000   -7080.00   19250.00
20140711    SimpleBuy  1 1534.30000       0.00       0.00
20140716         Lxit  1 1492.90000   -4240.00   15010.00
20140912   SimpleSell  1 1436.20000       0.00       0.00
20141105   OTE - Sxit  1 1363.70000    7150.00   22160.00
20150116    SimpleBuy  1 1458.10000       0.00       0.00
20150212         Lxit  1 1411.70000   -4740.00   17420.00
20150708   SimpleSell  1 1345.60000       0.00       0.00
20150724   OTE - Sxit  1 1281.10000    6350.00   23770.00
20151015    SimpleBuy  1 1375.10000       0.00       0.00
20151104         Lxit  1 1308.50000   -6760.00   17010.00
20151118   SimpleSell  1 1261.30000       0.00       0.00
20160108        Sxit1  1 1300.20000   -3990.00   13020.00
20160209    SimpleBuy  1 1380.50000       0.00       0.00
20160318   OTE - Lxit  1 1448.70000    6720.00   19740.00
20160616    SimpleBuy  1 1481.80000       0.00       0.00
20160627         Lxit  1 1509.10000    2630.00   22370.00
20160628    SimpleBuy  1 1515.10000       0.00       0.00
20160831         Lxit  1 1494.00000   -2210.00   20160.00
20161005   SimpleSell  1 1449.80000       0.00       0.00
20161110        Sxit1  1 1457.70000    -890.00   19270.00
20161114   SimpleSell  1 1407.00000       0.00       0.00
20161130   OTE - Sxit  1 1367.40000    3860.00   23130.00
20170418    SimpleBuy  1 1457.50000       0.00       0.00
20170504         Lxit  1 1409.30000   -4920.00   18210.00
20170607    SimpleBuy  1 1464.50000       0.00       0.00
20170616         Lxit  1 1423.10000   -4240.00   13970.00
20170710   SimpleSell  1 1379.60000       0.00       0.00
20170724        Sxit1  1 1423.00000   -4440.00    9530.00
20170821    SimpleBuy  1 1450.40000       0.00       0.00
20171002         Lxit  1 1443.50000    -790.00    8740.00
20171208   SimpleSell  1 1406.30000       0.00       0.00
20171228        Sxit1  1 1448.80000   -4350.00    4390.00
20180111    SimpleBuy  1 1474.30000       0.00       0.00
20180126   OTE - Lxit  1 1503.20000    2790.00    7180.00
20180501   SimpleSell  1 1461.80000       0.00       0.00
20180703   OTE - Sxit  1 1383.40000    7740.00   14920.00
20181207    SimpleBuy  1 1367.50000       0.00       0.00
20190103   OTE - Lxit  1 1412.90000    4440.00   19360.00
20190418   SimpleSell  1 1388.00000       0.00       0.00
20190603        Sxit1  1 1418.90000   -3190.00   16170.00
20190606    SimpleBuy  1 1442.50000       0.00       0.00
20190705   OTE - Lxit  1 1528.00000    8450.00   24620.00
20191126   SimpleSell  1 1548.60000       0.00       0.00
20191226        Sxit1  1 1590.30000   -4270.00   20350.00
20200106    SimpleBuy  1 1649.10000       0.00       0.00
20200219   OTE - Lxit  1 1685.60000    3550.00   23900.00
20200325    SimpleBuy  1 1747.00000       0.00       0.00
20200402         Lxit  1 1674.10000   -7390.00   16510.00
20200407    SimpleBuy  1 1778.80000       0.00       0.00
20200415   OTE - Lxit  1 1829.80000    5000.00   21510.00
20200722    SimpleBuy  1 1891.90000       0.00       0.00
20200728   OTE - Lxit  1 1986.20000    9330.00   30840.00
20201124   SimpleSell  1 1865.50000       0.00       0.00
20201218        Sxit1  1 1914.80000   -5030.00   25810.00
20210120   SimpleSell  1 1863.40000       0.00       0.00
20210217   OTE - Sxit  1 1812.70000    4970.00   30780.00
20210519    SimpleBuy  1 1887.40000       0.00       0.00
20210618         Lxit  1 1788.60000   -9980.00   20800.00
20210810   SimpleSell  1 1742.50000       0.00       0.00
20210831        Sxit1  1 1822.70000   -8120.00   12680.00
20210930   SimpleSell  1 1736.50000       0.00       0.00
20211014        Sxit1  1 1804.10000   -6860.00    5820.00
20211111    SimpleBuy  1 1862.00000       0.00       0.00
20211124         Lxit  1 1800.30000   -6270.00    -450.00
20220214    SimpleBuy  1 1867.80000       0.00       0.00
20220218   OTE - Lxit  1 1907.00000    3820.00    3370.00
-----------------------------------------
Sys Name : Boll-10KLimitOTE_1R
Mkt Symb : KC Mkt Name : Coffee
20100128   SimpleSell  1 296.55000       0.00       0.00
20100330        Sxit1  1 299.25000   -1112.50   -1112.50
20100614    SimpleBuy  1 303.75000       0.00       0.00
20100628   OTE - Lxit  1 325.65000    8112.50    7000.00
20101021    SimpleBuy  1 352.00000       0.00       0.00
20101110   OTE - Lxit  1 373.35000    7906.25   14906.25
20110620   SimpleSell  1 397.70000       0.00       0.00
20110818        Sxit1  1 406.95000   -3568.75   11337.50
20110902    SimpleBuy  1 430.25000       0.00       0.00
20110916         Lxit  1 401.65000  -10825.00     512.50
20110926   SimpleSell  1 374.25000       0.00       0.00
20111230   OTE - Sxit  1 362.30000    4381.25    4893.75
20120201   SimpleSell  1 352.35000       0.00       0.00
20120316   OTE - Sxit  1 320.95000   11675.00   16568.75
20121106   SimpleSell  1 279.55000       0.00       0.00
20130122        Sxit1  1 277.70000     593.75   17162.50
20130215   SimpleSell  1 259.95000       0.00       0.00
20130509        Sxit1  1 260.95000    -475.00   16687.50
20130523   SimpleSell  1 246.25000       0.00       0.00
20130705   OTE - Sxit  1 236.85000    3425.00   20112.50
20131025   SimpleSell  1 222.95000       0.00       0.00
20131216        Sxit1  1 224.85000    -812.50   19300.00
20140203    SimpleBuy  1 234.60000       0.00       0.00
20140220   OTE - Lxit  1 279.35000   16681.25   35981.25
20140903    SimpleBuy  1 306.20000       0.00       0.00
20140911         Lxit  1 280.90000   -9587.50   26393.75
20141003    SimpleBuy  1 307.10000       0.00       0.00
20141007   OTE - Lxit  1 319.05000    4381.25   30775.00
20150105   SimpleSell  1 254.85000       0.00       0.00
20150224   OTE - Sxit  1 239.20000    5768.75   36543.75
20150825   SimpleSell  1 205.30000       0.00       0.00
20151006        Sxit1  1 209.75000   -1768.75   34775.00
20160121   SimpleSell  1 191.35000       0.00       0.00
20160205        Sxit1  1 202.75000   -4375.00   30400.00
20160212   SimpleSell  1 193.10000       0.00       0.00
20160307        Sxit1  1 198.35000   -2068.75   28331.25
20160317    SimpleBuy  1 207.25000       0.00       0.00
20160406         Lxit  1 198.70000   -3306.25   25025.00
20160518    SimpleBuy  1 207.15000       0.00       0.00
20160520         Lxit  1 199.90000   -2818.75   22206.25
20160609    SimpleBuy  1 214.35000       0.00       0.00
20160816         Lxit  1 209.65000   -1862.50   20343.75
20160921    SimpleBuy  1 226.15000       0.00       0.00
20161004         Lxit  1 217.10000   -3493.75   16850.00
20161019    SimpleBuy  1 227.85000       0.00       0.00
20161128         Lxit  1 222.10000   -2256.25   14593.75
20161208   SimpleSell  1 208.25000       0.00       0.00
20170124        Sxit1  1 219.90000   -4468.75   10125.00
20170421   SimpleSell  1 194.60000       0.00       0.00
20170622   OTE - Sxit  1 181.15000    4943.75   15068.75
20171208   SimpleSell  1 174.80000       0.00       0.00
20180103        Sxit1  1 181.90000   -2762.50   12306.25
20180221   SimpleSell  1 169.75000       0.00       0.00
20180502        Sxit1  1 172.35000   -1075.00   11231.25
20180608   SimpleSell  1 164.05000       0.00       0.00
20180727   OTE - Sxit  1 155.25000    3200.00   14431.25
20181018    SimpleBuy  1 165.25000       0.00       0.00
20181114         Lxit  1 151.80000   -5143.75    9287.50
20190313   SimpleSell  1 132.05000       0.00       0.00
20190530        Sxit1  1 133.70000    -718.75    8568.75
20190626    SimpleBuy  1 137.40000       0.00       0.00
20190729         Lxit  1 130.75000   -2593.75    5975.00
20191107    SimpleBuy  1 135.45000       0.00       0.00
20191217   OTE - Lxit  1 165.70000   11243.75   17218.75
20200601   SimpleSell  1 117.10000       0.00       0.00
20200723        Sxit1  1 127.55000   -4018.75   13200.00
20200805    SimpleBuy  1 140.20000       0.00       0.00
20200922         Lxit  1 129.30000   -4187.50    9012.50
20210119    SimpleBuy  1 140.05000       0.00       0.00
20210323         Lxit  1 142.10000     668.75    9681.25
20210426    SimpleBuy  1 148.40000       0.00       0.00
20210507   OTE - Lxit  1 164.00000    5750.00   15431.25
20220315   SimpleSell  1 220.35000       0.00       0.00
20220331   Sx-EOFData  1 228.55000   -3175.00   12256.25
-----------------------------------------
Sys Name : Boll-10KLimitOTE_1R
Mkt Symb : NG Mkt Name : Nat.Gas
20100319   SimpleSell  1  11.42100       0.00       0.00
20100604        Sxit1  1  11.83400   -4230.00   -4230.00
20100615    SimpleBuy  1  12.21900       0.00       0.00
20100709         Lxit  1  11.50300   -7260.00  -11490.00
20100826   SimpleSell  1  11.01300       0.00       0.00
20101105   OTE - Sxit  1  10.47100    5320.00   -6170.00
20110121    SimpleBuy  1  11.09500       0.00       0.00
20110131         Lxit  1  10.71200   -3930.00  -10100.00
20110215   SimpleSell  1  10.33000       0.00       0.00
20110323        Sxit1  1  10.61800   -2980.00  -13080.00
20110601    SimpleBuy  1  10.81900       0.00       0.00
20110620         Lxit  1  10.45400   -3750.00  -16830.00
20110805   SimpleSell  1  10.10900       0.00       0.00
20111117   OTE - Sxit  1   9.27400    8250.00   -8580.00
20120628    SimpleBuy  1   8.05600       0.00       0.00
20120817         Lxit  1   8.01900    -470.00   -9050.00
20121002    SimpleBuy  1   8.57600       0.00       0.00
20121105         Lxit  1   8.27900   -3070.00  -12120.00
20121217   SimpleSell  1   7.90700       0.00       0.00
20130306        Sxit1  1   8.02300   -1260.00  -13380.00
20130319    SimpleBuy  1   8.38200       0.00       0.00
20130604         Lxit  1   8.37900    -130.00  -13510.00
20130628   SimpleSell  1   7.96600       0.00       0.00
20130917        Sxit1  1   8.06800   -1120.00  -14630.00
20131105   SimpleSell  1   7.59800       0.00       0.00
20131119        Sxit1  1   7.76900   -1810.00  -16440.00
20131206    SimpleBuy  1   8.25600       0.00       0.00
20140113         Lxit  1   8.17900    -870.00  -17310.00
20140123    SimpleBuy  1   8.75800       0.00       0.00
20140205   OTE - Lxit  1   9.51600    7480.00   -9830.00
20140708   SimpleSell  1   9.24300       0.00       0.00
20140731   OTE - Sxit  1   8.79600    4370.00   -5460.00
20141022   SimpleSell  1   8.61300       0.00       0.00
20141104        Sxit1  1   8.87800   -2750.00   -8210.00
20141106    SimpleBuy  1   9.04600       0.00       0.00
20141114         Lxit  1   8.81500   -2410.00  -10620.00
20141118    SimpleBuy  1   9.14000       0.00       0.00
20141125         Lxit  1   8.97500   -1750.00  -12370.00
20141204   SimpleSell  1   8.47300       0.00       0.00
20141223   OTE - Sxit  1   7.85700    6060.00   -6310.00
20150519    SimpleBuy  1   7.61800       0.00       0.00
20150529         Lxit  1   7.28300   -3450.00   -9760.00
20150918   SimpleSell  1   7.18200       0.00       0.00
20151111   OTE - Sxit  1   6.49700    6750.00   -3010.00
20160606    SimpleBuy  1   6.02300       0.00       0.00
20160630   OTE - Lxit  1   6.41500    3820.00     810.00
20160921    SimpleBuy  1   6.62600       0.00       0.00
20161025         Lxit  1   6.34100   -2950.00   -2140.00
20161102   SimpleSell  1   5.96700       0.00       0.00
20161129        Sxit1  1   6.34900   -3920.00   -6060.00
20170222   SimpleSell  1   5.54400       0.00       0.00
20170406        Sxit1  1   6.04300   -5090.00  -11150.00
20170602   SimpleSell  1   5.64300       0.00       0.00
20170905        Sxit1  1   5.56700     660.00  -10490.00
20171004   SimpleSell  1   5.39700       0.00       0.00
20171016        Sxit1  1   5.45200    -650.00  -11140.00
20171020   SimpleSell  1   5.37800       0.00       0.00
20171024        Sxit1  1   5.46300    -950.00  -12090.00
20171030   SimpleSell  1   5.26900       0.00       0.00
20171108        Sxit1  1   5.48200   -2230.00  -14320.00
20171127   SimpleSell  1   5.24500       0.00       0.00
20180103        Sxit1  1   5.28100    -460.00  -14780.00
20180124    SimpleBuy  1   5.78200       0.00       0.00
20180212         Lxit  1   5.22400   -5680.00  -20460.00
20180525    SimpleBuy  1   5.48400       0.00       0.00
20180706         Lxit  1   5.35000   -1440.00  -21900.00
20180925    SimpleBuy  1   5.57300       0.00       0.00
20181114   OTE - Lxit  1   6.55100    9680.00  -12220.00
20190603   SimpleSell  1   4.92300       0.00       0.00
20190904        Sxit1  1   4.85600     570.00  -11650.00
20190910    SimpleBuy  1   5.11600       0.00       0.00
20191001         Lxit  1   4.80700   -3190.00  -14840.00
20191105    SimpleBuy  1   5.15500       0.00       0.00
20191120         Lxit  1   4.84700   -3180.00  -18020.00
20191202   SimpleSell  1   4.59300       0.00       0.00
20200131   OTE - Sxit  1   4.11800    4650.00  -13370.00
20200513   SimpleSell  1   3.76600       0.00       0.00
20200804        Sxit1  1   3.91300   -1570.00  -14940.00
20200817    SimpleBuy  1   4.20800       0.00       0.00
20200918         Lxit  1   3.71200   -5060.00  -20000.00
20201120   SimpleSell  1   3.41900       0.00       0.00
20210113        Sxit1  1   3.45700    -480.00  -20480.00
20210614    SimpleBuy  1   3.89400       0.00       0.00
20210809   OTE - Lxit  1   4.74600    8420.00  -12060.00
20211207   SimpleSell  1   3.91800       0.00       0.00
20220113        Sxit1  1   5.13000  -12220.00  -24280.00
20220324    SimpleBuy  1   5.66000       0.00       0.00
20220328   OTE - Lxit  1   6.09500    4250.00  -20030.00
-----------------------------------------
Sys Name : Boll-10KLimitOTE_1R
Mkt Symb : S_ Mkt Name : SoyBean
20100129   SimpleSell  1 641.25000       0.00       0.00
20100414        Sxit1  1 669.25000   -1500.00   -1500.00
20100709    SimpleBuy  1 687.25000       0.00       0.00
20100903   OTE - Lxit  1 746.25000    2850.00    1350.00
20110624   SimpleSell  1 1021.00000       0.00       0.00
20110712        Sxit1  1 1056.50000   -1875.00    -525.00
20110810   SimpleSell  1 1009.25000       0.00       0.00
20110818        Sxit1  1 1072.25000   -3250.00   -3775.00
20110829    SimpleBuy  1 1127.00000       0.00       0.00
20110916         Lxit  1 1064.25000   -3237.50   -7012.50
20110923   SimpleSell  1 991.50000       0.00       0.00
20111003   OTE - Sxit  1 881.75000    5387.50   -1625.00
20120224    SimpleBuy  1 963.50000       0.00       0.00
20120425   OTE - Lxit  1 1140.75000    8762.50    7137.50
20120702    SimpleBuy  1 1195.50000       0.00       0.00
20120717   OTE - Lxit  1 1346.00000    7425.00   14562.50
20121113   SimpleSell  1 1195.50000       0.00       0.00
20130131        Sxit1  1 1271.75000   -3912.50   10650.00
20130408   SimpleSell  1 1170.75000       0.00       0.00
20130418        Sxit1  1 1230.50000   -3087.50    7562.50
20130520    SimpleBuy  1 1308.00000       0.00       0.00
20130613   OTE - Lxit  1 1401.75000    4587.50   12150.00
20130827    SimpleBuy  1 1495.50000       0.00       0.00
20131001         Lxit  1 1387.00000   -5525.00    6625.00
20140214    SimpleBuy  1 1467.50000       0.00       0.00
20140612         Lxit  1 1584.75000    5762.50   12387.50
20140701   SimpleSell  1 1480.00000       0.00       0.00
20140807   OTE - Sxit  1 1407.00000    3550.00   15937.50
20150520   SimpleSell  1 1257.50000       0.00       0.00
20150618        Sxit1  1 1278.25000   -1137.50   14800.00
20150629    SimpleBuy  1 1316.50000       0.00       0.00
20150728         Lxit  1 1269.25000   -2462.50   12337.50
20150825   SimpleSell  1 1208.75000       0.00       0.00
20151202        Sxit1  1 1223.25000    -825.00   11512.50
20160318    SimpleBuy  1 1230.25000       0.00       0.00
20160512   OTE - Lxit  1 1402.25000    8500.00   20012.50
20161123    SimpleBuy  1 1371.25000       0.00       0.00
20161223         Lxit  1 1335.25000   -1900.00   18112.50
20170118    SimpleBuy  1 1399.50000       0.00       0.00
20170131         Lxit  1 1354.50000   -2350.00   15762.50
20170315   SimpleSell  1 1319.25000       0.00       0.00
20170601   OTE - Sxit  1 1226.00000    4562.50   20325.00
20170711    SimpleBuy  1 1344.75000       0.00       0.00
20170804         Lxit  1 1264.25000   -4125.00   16200.00
20171206    SimpleBuy  1 1300.50000       0.00       0.00
20171213         Lxit  1 1268.50000   -1700.00   14500.00
20171220   SimpleSell  1 1248.25000       0.00       0.00
20180125        Sxit1  1 1273.25000   -1350.00   13150.00
20180216    SimpleBuy  1 1304.75000       0.00       0.00
20180326         Lxit  1 1296.25000    -525.00   12625.00
20180518   SimpleSell  1 1254.00000       0.00       0.00
20180525        Sxit1  1 1295.00000   -2150.00   10475.00
20180606   SimpleSell  1 1262.75000       0.00       0.00
20180620   OTE - Sxit  1 1149.00000    5587.50   16062.50
20181204    SimpleBuy  1 1128.50000       0.00       0.00
20181227         Lxit  1 1096.00000   -1725.00   14337.50
20190311   SimpleSell  1 1097.00000       0.00       0.00
20190503   OTE - Sxit  1 1029.50000    3275.00   17612.50
20191014    SimpleBuy  1 1103.00000       0.00       0.00
20191115         Lxit  1 1066.00000   -1950.00   15662.50
20200131   SimpleSell  1 1019.00000       0.00       0.00
20200605        Sxit1  1 990.25000    1337.50   17000.00
20200702    SimpleBuy  1 1021.50000       0.00       0.00
20200923   OTE - Lxit  1 1143.75000    6012.50   23012.50
20211005   SimpleSell  1 1449.00000       0.00       0.00
20211118        Sxit1  1 1481.75000   -1737.50   21275.00
20211223    SimpleBuy  1 1531.25000       0.00       0.00
20220201   OTE - Lxit  1 1686.50000    7662.50   28937.50
-----------------------------------------
Sys Name : Boll-10KLimitOTE_1R
Mkt Symb : LH Mkt Name : LHogs
20100120    SimpleBuy  1 141.70000       0.00       0.00
20100202         Lxit  1 134.95000   -2800.00   -2800.00
20100226    SimpleBuy  1 141.02500       0.00       0.00
20100329         Lxit  1 140.95000    -130.00   -2930.00
20100331    SimpleBuy  1 143.10000       0.00       0.00
20100518         Lxit  1 141.50000    -740.00   -3670.00
20100608   SimpleSell  1 137.15000       0.00       0.00
20100622        Sxit1  1 142.87500   -2390.00   -6060.00
20100916    SimpleBuy  1 143.97500       0.00       0.00
20100930         Lxit  1 141.45000   -1110.00   -7170.00
20101015   SimpleSell  1 136.52500       0.00       0.00
20101223        Sxit1  1 139.02500   -1100.00   -8270.00
20110126    SimpleBuy  1 141.90000       0.00       0.00
20110308         Lxit  1 139.77500    -950.00   -9220.00
20110429   SimpleSell  1 138.27500       0.00       0.00
20110622        Sxit1  1 138.62500    -240.00   -9460.00
20111003    SimpleBuy  1 143.27500       0.00       0.00
20111110         Lxit  1 140.47500   -1220.00  -10680.00
20120330   SimpleSell  1 133.42500       0.00       0.00
20120611        Sxit1  1 134.47500    -520.00  -11200.00
20120727    SimpleBuy  1 138.07500       0.00       0.00
20120806         Lxit  1 132.70000   -2250.00  -13450.00
20120910   SimpleSell  1 128.00000       0.00       0.00
20120925        Sxit1  1 133.42500   -2270.00  -15720.00
20121127    SimpleBuy  1 141.67500       0.00       0.00
20130207         Lxit  1 138.70000   -1290.00  -17010.00
20130219   SimpleSell  1 136.75000       0.00       0.00
20130516        Sxit1  1 133.22500    1310.00  -15700.00
20130606    SimpleBuy  1 137.60000       0.00       0.00
20131023   OTE - Lxit  1 150.07500    4890.00  -10810.00
20131218   SimpleSell  1 142.77500       0.00       0.00
20140219        Sxit1  1 146.22500   -1480.00  -12290.00
20140227    SimpleBuy  1 149.97500       0.00       0.00
20140319   OTE - Lxit  1 172.70000    8990.00   -3300.00
20140723   SimpleSell  1 162.32500       0.00       0.00
20140813   OTE - Sxit  1 148.60000    5390.00    2090.00
20141217   SimpleSell  1 145.47500       0.00       0.00
20150319   OTE - Sxit  1 123.25000    8790.00   10880.00
20150623   SimpleSell  1 123.02500       0.00       0.00
20150723        Sxit1  1 128.17500   -2160.00    8720.00
20150922    SimpleBuy  1 135.70000       0.00       0.00
20151028         Lxit  1 131.47500   -1790.00    6930.00
20151109   SimpleSell  1 125.30000       0.00       0.00
20151214        Sxit1  1 131.25000   -2480.00    4450.00
20160606    SimpleBuy  1 140.60000       0.00       0.00
20160706         Lxit  1 137.47500   -1350.00    3100.00
20160722   SimpleSell  1 128.87500       0.00       0.00
20161006   OTE - Sxit  1 111.82500    6720.00    9820.00
20161219    SimpleBuy  1 128.62500       0.00       0.00
20170328         Lxit  1 127.70000    -470.00    9350.00
20170417   SimpleSell  1 126.55000       0.00       0.00
20170504        Sxit1  1 129.80000   -1400.00    7950.00
20170601    SimpleBuy  1 137.07500       0.00       0.00
20170821         Lxit  1 134.42500   -1160.00    6790.00
20170829   SimpleSell  1 130.55000       0.00       0.00
20171101        Sxit1  1 134.02500   -1490.00    5300.00
20180109    SimpleBuy  1 133.25000       0.00       0.00
20180205         Lxit  1 132.05000    -580.00    4720.00
20180301   SimpleSell  1 125.90000       0.00       0.00
20180326   OTE - Sxit  1 117.22500    3370.00    8090.00
20180710   SimpleSell  1 113.20000       0.00       0.00
20180919        Sxit1  1 112.87500      30.00    8120.00
20190117   SimpleSell  1 110.00000       0.00       0.00
20190314        Sxit1  1 109.67500      30.00    8150.00
20190322    SimpleBuy  1 125.27500       0.00       0.00
20190529         Lxit  1 114.20000   -4530.00    3620.00
20190625   SimpleSell  1 102.37500       0.00       0.00
20191209   OTE - Sxit  1  88.57500    5420.00    9040.00
20200128   SimpleSell  1  86.40000       0.00       0.00
20200204   OTE - Sxit  1  78.55000    3040.00   12080.00
20200903    SimpleBuy  1  73.95000       0.00       0.00
20201130   OTE - Lxit  1  89.90000    6280.00   18360.00
20210203    SimpleBuy  1  94.22500       0.00       0.00
20210225   OTE - Lxit  1 106.17500    4680.00   23040.00
20211208   SimpleSell  1 106.25000       0.00       0.00
20211223        Sxit1  1 113.15000   -2860.00   20180.00
20220202    SimpleBuy  1 119.27500       0.00       0.00
20220329   OTE - Lxit  1 127.15000    3050.00   23230.00
-----------------------------------------
Sys Name : Boll-10KLimitOTE_1R
Mkt Symb : SB Mkt Name : Sugar
20100104    SimpleBuy  1  26.58000       0.00       0.00
20100223         Lxit  1  24.82000   -2071.20   -2071.20
20100311   SimpleSell  1  19.97000       0.00       0.00
20100503   OTE - Sxit  1  15.48000    4928.80    2857.60
20100723    SimpleBuy  1  19.16000       0.00       0.00
20100914   OTE - Lxit  1  24.19000    5533.60    8391.20
20110411   SimpleSell  1  30.25000       0.00       0.00
20110608        Sxit1  1  30.40000    -268.00    8123.20
20110629    SimpleBuy  1  34.61000       0.00       0.00
20110728   OTE - Lxit  1  38.69000    4469.60   12592.80
20111125   SimpleSell  1  31.42000       0.00       0.00
20120120        Sxit1  1  33.15000   -2037.60   10555.20
20120224    SimpleBuy  1  34.23000       0.00       0.00
20120416         Lxit  1  32.76000   -1746.40    8808.80
20120430   SimpleSell  1  31.05000       0.00       0.00
20120629        Sxit1  1  30.81000     168.80    8977.60
20121214   SimpleSell  1  28.19000       0.00       0.00
20130308        Sxit1  1  28.52000    -469.60    8508.00
20130403   SimpleSell  1  27.37000       0.00       0.00
20130812        Sxit1  1  26.66000     695.20    9203.20
20130926    SimpleBuy  1  27.26000       0.00       0.00
20131113         Lxit  1  26.97000    -424.80    8778.40
20131218   SimpleSell  1  25.03000       0.00       0.00
20140224        Sxit1  1  25.83000    -996.00    7782.40
20140708   SimpleSell  1  24.80000       0.00       0.00
20150121        Sxit1  1  21.55000    3540.00   11322.40
20150203   SimpleSell  1  19.94000       0.00       0.00
20150512        Sxit1  1  19.29000     628.00   11950.40
20150616   SimpleSell  1  17.26000       0.00       0.00
20150914        Sxit1  1  17.03000     157.60   12108.00
20151005    SimpleBuy  1  18.16000       0.00       0.00
20160112         Lxit  1  18.90000     728.80   12836.80
20160128   SimpleSell  1  18.20000       0.00       0.00
20160303        Sxit1  1  19.19000   -1208.80   11628.00
20160322    SimpleBuy  1  20.80000       0.00       0.00
20160407         Lxit  1  19.14000   -1959.20    9668.80
20160603    SimpleBuy  1  22.44000       0.00       0.00
20161102         Lxit  1  24.85000    2599.20   12268.00
20161205   SimpleSell  1  22.85000       0.00       0.00
20170106        Sxit1  1  24.32000   -1746.40   10521.60
20170310   SimpleSell  1  21.79000       0.00       0.00
20170619   OTE - Sxit  1  17.07000    5186.40   15708.00
20171120    SimpleBuy  1  18.02000       0.00       0.00
20171207         Lxit  1  17.24000    -973.60   14734.40
20171213   SimpleSell  1  16.65000       0.00       0.00
20171221        Sxit1  1  17.31000    -839.20   13895.20
20180118   SimpleSell  1  16.18000       0.00       0.00
20180525        Sxit1  1  14.86000    1378.40   15273.60
20180705   SimpleSell  1  13.73000       0.00       0.00
20180913        Sxit1  1  13.92000    -312.80   14960.80
20181015    SimpleBuy  1  14.54000       0.00       0.00
20181214         Lxit  1  14.19000    -492.00   14468.80
20190226    SimpleBuy  1  14.51000       0.00       0.00
20190301         Lxit  1  14.35000    -279.20   14189.60
20190501   SimpleSell  1  13.65000       0.00       0.00
20190612        Sxit1  1  13.78000    -245.60   13944.00
20190719   SimpleSell  1  12.61000       0.00       0.00
20191001        Sxit1  1  12.69000    -189.60   13754.40
20191205    SimpleBuy  1  13.10000       0.00       0.00
20200306         Lxit  1  14.02000     930.40   14684.80
20200313   SimpleSell  1  12.30000       0.00       0.00
20200605        Sxit1  1  12.06000     168.80   14853.60
20200817    SimpleBuy  1  13.28000       0.00       0.00
20200904         Lxit  1  12.27000   -1231.20   13622.40
20201007    SimpleBuy  1  13.49000       0.00       0.00
20210223   OTE - Lxit  1  17.99000    4940.00   18562.40
20210427    SimpleBuy  1  17.73000       0.00       0.00
20210618         Lxit  1  17.23000    -660.00   17902.40
20210730    SimpleBuy  1  18.61000       0.00       0.00
20211015         Lxit  1  19.17000     527.20   18429.60
20211201   SimpleSell  1  18.43000       0.00       0.00
20211209        Sxit1  1  19.39000   -1175.20   17254.40
20211221   SimpleSell  1  18.25000       0.00       0.00
20220302        Sxit1  1  18.65000    -548.00   16706.40
20220308    SimpleBuy  1  19.35000       0.00       0.00
20220331   Lx-EOFData  1  19.64000     224.80   16931.20
-----------------------------------------
Sys Name : Boll-10KLimitOTE_1R
Mkt Symb : SI Mkt Name : Silver
20100129   SimpleSell  1  21.75600       0.00       0.00
20100304        Sxit1  1  22.66900   -4665.00   -4665.00
20100512    SimpleBuy  1  24.80400       0.00       0.00
20100607         Lxit  1  22.88900   -9675.00  -14340.00
20100622    SimpleBuy  1  24.15900       0.00       0.00
20100702         Lxit  1  23.21400   -4825.00  -19165.00
20100729   SimpleSell  1  22.89900       0.00       0.00
20100803        Sxit1  1  23.77900   -4500.00  -23665.00
20100830    SimpleBuy  1  24.46900       0.00       0.00
20100921   OTE - Lxit  1  26.13300    8220.00  -15445.00
20110222    SimpleBuy  1  37.96800       0.00       0.00
20110302   OTE - Lxit  1  39.99300   10025.00   -5420.00
20110823    SimpleBuy  1  49.01800       0.00       0.00
20110923         Lxit  1  41.07200  -39830.00  -45250.00
20110926   SimpleSell  1  36.03700       0.00       0.00
20111005   OTE - Sxit  1  35.44200    2875.00  -42375.00
20120229    SimpleBuy  1  42.00500       0.00       0.00
20120315         Lxit  1  37.12500  -24500.00  -66875.00
20120509   SimpleSell  1  34.42600       0.00       0.00
20120514   OTE - Sxit  1  33.84100    2825.00  -64050.00
20120824    SimpleBuy  1  35.41700       0.00       0.00
20120904   OTE - Lxit  1  36.98900    7760.00  -56290.00
20121221   SimpleSell  1  34.69100       0.00       0.00
20130124        Sxit1  1  36.97600  -11525.00  -67815.00
20130220   SimpleSell  1  34.14600       0.00       0.00
20130402   OTE - Sxit  1  32.63100    7475.00  -60340.00
20130828    SimpleBuy  1  29.10900       0.00       0.00
20130919         Lxit  1  27.52400   -8025.00  -68365.00
20131203   SimpleSell  1  23.68400       0.00       0.00
20140213        Sxit1  1  24.73400   -5350.00  -73715.00
20140225    SimpleBuy  1  26.47400       0.00       0.00
20140321         Lxit  1  24.79600   -8490.00  -82205.00
20140502   SimpleSell  1  23.49400       0.00       0.00
20140619        Sxit1  1  24.34400   -4350.00  -86555.00
20140711    SimpleBuy  1  25.85900       0.00       0.00
20140806         Lxit  1  24.17900   -8500.00  -95055.00
20140922   SimpleSell  1  22.18400       0.00       0.00
20141001   OTE - Sxit  1  21.30400    4300.00  -90755.00
20150121    SimpleBuy  1  22.28400       0.00       0.00
20150209         Lxit  1  21.05900   -6225.00  -96980.00
20150708   SimpleSell  1  19.16100       0.00       0.00
20150921        Sxit1  1  19.29600    -775.00  -97755.00
20151015    SimpleBuy  1  20.26100       0.00       0.00
20151105         Lxit  1  19.19600   -5425.00 -103180.00
20160212    SimpleBuy  1  19.92100       0.00       0.00
20160420   OTE - Lxit  1  21.04100    5500.00  -97680.00
20160627    SimpleBuy  1  21.82200       0.00       0.00
20160705   OTE - Lxit  1  23.83000    9940.00  -87740.00
20161007   SimpleSell  1  21.24100       0.00       0.00
20161110        Sxit1  1  22.37100   -5750.00  -93490.00
20161115   SimpleSell  1  20.81600       0.00       0.00
20161227   OTE - Sxit  1  19.61700    5895.00  -87595.00
20170504   SimpleSell  1  20.16100       0.00       0.00
20170606        Sxit1  1  21.22100   -5400.00  -92995.00
20170706   SimpleSell  1  19.66800       0.00       0.00
20170803        Sxit1  1  20.18300   -2675.00  -95670.00
20170906    SimpleBuy  1  21.50500       0.00       0.00
20170922         Lxit  1  20.56000   -4825.00 -100495.00
20171201   SimpleSell  1  19.88100       0.00       0.00
20180102        Sxit1  1  20.46100   -3000.00 -103495.00
20180614    SimpleBuy  1  20.36100       0.00       0.00
20180618         Lxit  1  19.83600   -2725.00 -106220.00
20180628   SimpleSell  1  19.33000       0.00       0.00
20180814   OTE - Sxit  1  18.18500    5625.00 -100595.00
20181227    SimpleBuy  1  18.05800       0.00       0.00
20190221   OTE - Lxit  1  18.96800    4450.00  -96145.00
20190424   SimpleSell  1  17.63500       0.00       0.00
20190610        Sxit1  1  17.76900    -770.00  -96915.00
20190717    SimpleBuy  1  18.26600       0.00       0.00
20190808   OTE - Lxit  1  19.78100    7475.00  -89440.00
20200109    SimpleBuy  1  20.51300       0.00       0.00
20200129         Lxit  1  19.83300   -3500.00  -92940.00
20200224    SimpleBuy  1  21.04300       0.00       0.00
20200228         Lxit  1  20.07600   -4935.00  -97875.00
20200302   SimpleSell  1  18.81600       0.00       0.00
20200310        Sxit1  1  19.33600   -2700.00 -100575.00
20200313   SimpleSell  1  18.14100       0.00       0.00
20200316   OTE - Sxit  1  17.41600    3525.00  -97050.00
20200721    SimpleBuy  1  22.36900       0.00       0.00
20200723   OTE - Lxit  1  25.43400   15225.00  -81825.00
20201201   SimpleSell  1  24.46400       0.00       0.00
20201217        Sxit1  1  27.26400  -14100.00  -95925.00
20210105    SimpleBuy  1  29.11900       0.00       0.00
20210111         Lxit  1  27.23400   -9525.00 -105450.00
20210129    SimpleBuy  1  28.38900       0.00       0.00
20210202   OTE - Lxit  1  30.85900   12250.00  -93200.00
20210331   SimpleSell  1  25.75500       0.00       0.00
20210419        Sxit1  1  27.76500  -10150.00 -103350.00
20210518    SimpleBuy  1  29.99500       0.00       0.00
20210618         Lxit  1  27.62000  -11975.00 -115325.00
20210728   SimpleSell  1  26.36100       0.00       0.00
20210917   OTE - Sxit  1  24.49500    9230.00 -106095.00
20211216   SimpleSell  1  23.61500       0.00       0.00
20211229        Sxit1  1  24.59500   -5000.00 -111095.00
20220225    SimpleBuy  1  25.83000       0.00       0.00
20220302   OTE - Lxit  1  27.00500    5775.00 -105320.00
-----------------------------------------
Sys Name : Boll-10KLimitOTE_1R
Mkt Symb : TY Mkt Name : TenYr
20100104   SimpleSell  1  87.90625       0.00       0.00
20100119        Sxit1  1  90.03125   -2225.00   -2225.00
20100503    SimpleBuy  1  91.93750       0.00       0.00
20100804   OTE - Lxit  1  98.96875    6931.25    4706.25
20101203   SimpleSell  1  99.20312       0.00       0.00
20110311        Sxit1  1  97.76562    1337.50    6043.75
20110429    SimpleBuy  1  98.89062       0.00       0.00
20110624   OTE - Lxit  1 103.57812    4587.50   10631.25
20111219    SimpleBuy  1 112.21875       0.00       0.00
20120223         Lxit  1 112.04688    -271.88   10359.38
20120315   SimpleSell  1 110.20312       0.00       0.00
20120409        Sxit1  1 112.64062   -2537.50    7821.88
20120508    SimpleBuy  1 113.96875       0.00       0.00
20120810         Lxit  1 115.71875    1650.00    9471.88
20121119    SimpleBuy  1 117.50000       0.00       0.00
20121214         Lxit  1 116.53125   -1068.75    8403.12
20130107   SimpleSell  1 115.42188       0.00       0.00
20130226        Sxit1  1 116.57812   -1256.25    7146.88
20130404    SimpleBuy  1 117.46875       0.00       0.00
20130515         Lxit  1 116.59375    -975.00    6171.88
20130530   SimpleSell  1 115.57812       0.00       0.00
20130708   OTE - Sxit  1 110.62500    4853.12   11025.00
20131021    SimpleBuy  1 114.06250       0.00       0.00
20131206         Lxit  1 112.70312   -1459.38    9565.62
20140304    SimpleBuy  1 115.01562       0.00       0.00
20140320         Lxit  1 113.42188   -1693.75    7871.88
20140515    SimpleBuy  1 115.57812       0.00       0.00
20140707         Lxit  1 115.03125    -646.88    7225.00
20140808    SimpleBuy  1 116.73438       0.00       0.00
20140911         Lxit  1 115.79688   -1037.50    6187.50
20141008    SimpleBuy  1 117.43750       0.00       0.00
20150121   OTE - Lxit  1 121.93750    4400.00   10587.50
20150513   SimpleSell  1 119.70312       0.00       0.00
20150529        Sxit1  1 120.57812    -975.00    9612.50
20150604   SimpleSell  1 118.76562       0.00       0.00
20150707        Sxit1  1 119.89062   -1225.00    8387.50
20150813    SimpleBuy  1 121.10938       0.00       0.00
20151103         Lxit  1 121.34375     134.38    8521.88
20160121    SimpleBuy  1 123.31250       0.00       0.00
20160426         Lxit  1 124.10938     696.88    9218.75
20160613    SimpleBuy  1 126.53125       0.00       0.00
20160829         Lxit  1 126.28125    -350.00    8868.75
20161010   SimpleSell  1 125.98438       0.00       0.00
20161110        Sxit1  1 123.96875    1915.62   10784.38
20161111   SimpleSell  1 123.23438       0.00       0.00
20170224        Sxit1  1 121.70312    1431.25   12215.62
20170404    SimpleBuy  1 122.31250       0.00       0.00
20170705         Lxit  1 122.50000      87.50   12303.12
20170830    SimpleBuy  1 124.62500       0.00       0.00
20170919         Lxit  1 123.76562    -959.38   11343.75
20171026   SimpleSell  1 122.21875       0.00       0.00
20180507   OTE - Sxit  1 118.09375    4025.00   15368.75
20180531    SimpleBuy  1 119.01562       0.00       0.00
20180604         Lxit  1 118.57812    -537.50   14831.25
20180919   SimpleSell  1 117.64062       0.00       0.00
20181116        Sxit1  1 117.71875    -178.12   14653.12
20181207    SimpleBuy  1 119.35938       0.00       0.00
20190520   OTE - Lxit  1 123.21875    3759.38   18412.50
20191216   SimpleSell  1 126.56250       0.00       0.00
20200107        Sxit1  1 126.90625    -443.75   17968.75
20200129    SimpleBuy  1 128.18750       0.00       0.00
20200317   OTE - Lxit  1 135.85938    7571.88   25540.62
20200731    SimpleBuy  1 138.01562       0.00       0.00
20200814         Lxit  1 136.95312   -1162.50   24378.12
20201021   SimpleSell  1 136.93750       0.00       0.00
20201106        Sxit1  1 137.15625    -318.75   24059.38
20201110   SimpleSell  1 136.00000       0.00       0.00
20210510        Sxit1  1 132.37500    3525.00   27584.38
20210614    SimpleBuy  1 133.45312       0.00       0.00
20210618         Lxit  1 132.60938    -943.75   26640.62
20210622    SimpleBuy  1 132.73438       0.00       0.00
20210920         Lxit  1 133.93750    1103.12   27743.75
20211011   SimpleSell  1 132.18750       0.00       0.00
20211201        Sxit1  1 132.65625    -568.75   27175.00
20220106   SimpleSell  1 130.78125       0.00       0.00
20220302        Sxit1  1 130.51562     165.62   27340.62
20220315   SimpleSell  1 126.85938       0.00       0.00
20220331   Sx-EOFData  1 124.87500    1884.38   29225.00
