20100104     0.00
20100105     0.00
20100106     0.00
20100107     0.00
20100108     0.00
20100111     0.00
20100112     0.00
20100113     0.00
20100114     0.00
20100115     0.00
20100119     0.00
20100120     0.00
20100121     0.00
20100122     0.00
20100125     0.00
20100126     0.00
20100127     0.00
20100128  -175.00
20100129     0.00
20100201  -125.00
20100202  -425.00
20100203     0.00
20100204   -50.00
20100205     0.00
20100208  -225.00
20100209  -350.00
20100210  -512.50
20100211  -587.50
20100212  -500.00
20100216  -787.50
20100217  -425.00
20100218  -287.50
20100219  -425.00
20100222 -1000.00
20100223  -812.50
20100224 -1187.50
20100225 -1037.50
20100226 -1325.00
20100301  -962.50
20100302  -950.00
20100303 -1212.50
20100304 -1025.00
20100305  -650.00
20100308  -625.00
20100309  -325.00
20100310  -150.00
20100311  -137.50
20100312   -87.50
20100315   -37.50
20100316  -212.50
20100317  -575.00
20100318  -675.00
20100319  -600.00
20100322  -412.50
20100323   -12.50
20100324  -125.00
20100325     0.00
20100326   -62.50
20100329  -100.00
20100330     0.00
20100331     0.00
20100401     0.00
20100405   -62.50
20100406  -100.00
20100407  -600.00
20100408  -187.50
20100409   -62.50
20100412  -187.50
20100413  -400.00
20100414  -675.00
20100415  -937.50
20100416  -975.00
20100419  -162.50
20100420  -550.00
20100421  -737.50
20100422  -887.50
20100423  -425.00
20100426  -387.50
20100427  -150.00
20100428  -625.00
20100429  -800.00
20100430 -1112.50
20100503  -925.00
20100504  -800.00
20100505 -1000.00
20100506  -912.50
20100507  -875.00
20100510  -875.00
20100511  -875.00
20100512  -875.00
20100513  -875.00
20100514  -875.00
20100517  -875.00
20100518  -875.00
20100519  -875.00
20100520  -875.00
20100521  -875.00
20100524  -875.00
20100525  -875.00
20100526  -875.00
20100527  -875.00
20100528  -875.00
20100601  -875.00
20100602  -875.00
20100603  -900.00
20100604  -425.00
20100607  -212.50
20100608  -287.50
20100609  -337.50
20100610  -587.50
20100611  -900.00
20100614 -1112.50
20100615 -1112.50
20100616 -1237.50
20100617 -1300.00
20100618 -1462.50
20100621 -1175.00
20100622 -1275.00
20100623 -1275.00
20100624 -1275.00
20100625 -1275.00
20100628 -1275.00
20100629  -850.00
20100630 -2325.00
20100701 -2850.00
20100702 -2887.50
20100706 -2887.50
20100707 -2887.50
20100708 -2887.50
20100709 -2887.50
20100712 -2887.50
20100713 -2887.50
20100714 -2887.50
20100715 -2887.50
20100716 -2712.50
20100719 -3375.00
20100720 -3750.00
20100721 -3462.50
20100722 -3625.00
20100723 -3887.50
20100726 -4250.00
20100727 -4375.00
20100728 -4375.00
20100729 -4375.00
20100730 -4375.00
20100802 -4375.00
20100803 -4400.00
20100804 -3862.50
20100805 -3700.00
20100806 -3625.00
20100809 -3725.00
20100810 -4200.00
20100811 -4100.00
20100812 -3562.50
20100813 -3287.50
20100816 -3512.50
20100817 -3137.50
20100818 -2950.00
20100819 -3162.50
20100820 -2812.50
20100823 -3012.50
20100824 -3612.50
20100825 -3637.50
20100826 -3050.00
20100827 -2825.00
20100830 -2600.00
20100831 -2712.50
20100901 -2337.50
20100902 -2300.00
20100903 -1450.00
20100907 -1362.50
20100908 -1550.00
20100909 -1137.50
20100910  -762.50
20100913  -500.00
20100914     0.00
20100915     0.00
20100916     0.00
20100917     0.00
20100920  -250.00
20100921  -400.00
20100922  -412.50
20100923  -700.00
20100924     0.00
20100927  -450.00
20100928 -1087.50
20100929  -837.50
20100930 -1300.00
20101001 -2800.00
20101004 -2512.50
20101005 -1537.50
20101006 -1662.50
20101007 -1175.00
20101008     0.00
20101011     0.00
20101012     0.00
20101013  -487.50
20101014  -587.50
20101015  -800.00
20101018 -1087.50
20101019 -1650.00
20101020  -275.00
20101021  -737.50
20101022  -950.00
20101025  -512.50
20101026  -400.00
20101027   -87.50
20101028     0.00
20101029     0.00
20101101  -237.50
20101102  -312.50
20101103   -50.00
20101104     0.00
20101105  -112.50
20101108  -237.50
20101109  -687.50
20101110 -1162.50
20101111 -1300.00
20101112 -2800.00
20101115 -1725.00
20101116 -3175.00
20101117 -3212.50
20101118 -2412.50
20101119 -3462.50
20101122 -3737.50
20101123 -3075.00
20101124 -2562.50
20101126 -2587.50
20101129 -1837.50
20101130 -3050.00
20101201 -1937.50
20101202 -2475.00
20101203 -1575.00
20101206 -1850.00
20101207 -2162.50
20101208 -1525.00
20101209 -1537.50
20101210 -1537.50
20101213  -825.00
20101214  -887.50
20101215 -1037.50
20101216  -875.00
20101217  -425.00
20101220  -275.00
20101221  -137.50
20101222     0.00
20101223     0.00
20101227     0.00
20101228     0.00
20101229     0.00
20101230  -400.00
20101231     0.00
20110103  -425.00
20110104 -1025.00
20110105  -487.50
20110106 -1350.00
20110107 -1700.00
20110110 -1100.00
20110111 -1100.00
20110112     0.00
20110113     0.00
20110114     0.00
20110118     0.00
20110119  -912.50
20110120  -275.00
20110121  -112.50
20110124  -212.50
20110125  -775.00
20110126   -87.50
20110127  -437.50
20110128  -775.00
20110131     0.00
20110201     0.00
20110202     0.00
20110203  -337.50
20110204     0.00
20110207  -187.50
20110208  -237.50
20110209     0.00
20110210     0.00
20110211     0.00
20110214  -537.50
20110215  -800.00
20110216  -800.00
20110217     0.00
20110218  -150.00
20110222 -1650.00
20110223 -1062.50
20110224 -1350.00
20110225   -37.50
20110228     0.00
20110301     0.00
20110302  -700.00
20110303     0.00
20110304  -437.50
20110307  -962.50
20110308 -1562.50
20110309 -1787.50
20110310 -2700.00
20110311 -3625.00
20110314 -3537.50
20110315 -5037.50
20110316 -5437.50
20110317 -5437.50
20110318 -5437.50
20110321 -5437.50
20110322 -5437.50
20110323 -5437.50
20110324 -5437.50
20110325 -5437.50
20110328 -5437.50
20110329 -5437.50
20110330 -5437.50
20110331 -5437.50
20110401 -5437.50
20110404 -5437.50
20110405 -5012.50
20110406 -5200.00
20110407 -5400.00
20110408 -4950.00
20110411 -4550.00
20110412 -5725.00
20110413 -5575.00
20110414 -5637.50
20110415 -6250.00
20110418 -5762.50
20110419 -5900.00
20110420 -6712.50
20110421 -6487.50
20110425 -5225.00
20110426 -5037.50
20110427 -5737.50
20110428 -7200.00
20110429 -5837.50
20110502 -6937.50
20110503 -7475.00
20110504 -7187.50
20110505 -8225.00
20110506 -8337.50
20110509 -8337.50
20110510 -8337.50
20110511 -8337.50
20110512 -8337.50
20110513 -8337.50
20110516 -8337.50
20110517 -8337.50
20110518 -8337.50
20110519 -8337.50
20110520 -8337.50
20110523 -8337.50
20110524 -8337.50
20110525 -8337.50
20110526 -8337.50
20110527 -8337.50
20110531 -8337.50
20110601 -8337.50
20110602 -8337.50
20110603 -8337.50
20110606 -8337.50
20110607 -8337.50
20110608 -8337.50
20110609 -8337.50
20110610 -8337.50
20110613 -8512.50
20110614 -9862.50
20110615 -11350.00
20110616 -11450.00
20110617 -11450.00
20110620 -11450.00
20110621 -11450.00
20110622 -11450.00
20110623 -11450.00
20110624 -10600.00
20110627 -10137.50
20110628 -11250.00
20110629 -12000.00
20110630 -10500.00
20110701 -8437.50
20110705 -9375.00
20110706 -9037.50
20110707 -9350.00
20110708 -10212.50
20110711 -10250.00
20110712 -11300.00
20110713 -12437.50
20110714 -12637.50
20110715 -13162.50
20110718 -13287.50
20110719 -13287.50
20110720 -13287.50
20110721 -13287.50
20110722 -13287.50
20110725 -13287.50
20110726 -13287.50
20110727 -13287.50
20110728 -13287.50
20110729 -13287.50
20110801 -13287.50
20110802 -13287.50
20110803 -13287.50
20110804 -13287.50
20110805 -13287.50
20110808 -13287.50
20110809 -13287.50
20110810 -13287.50
20110811 -13287.50
20110812 -13287.50
20110815 -13287.50
20110816 -13287.50
20110817 -13287.50
20110818 -13287.50
20110819 -13287.50
20110822 -13287.50
20110823 -13287.50
20110824 -13287.50
20110825 -13287.50
20110826 -13287.50
20110829 -13287.50
20110830 -13287.50
20110831 -13287.50
20110901 -13287.50
20110902 -13287.50
20110906 -13287.50
20110907 -13287.50
20110908 -13287.50
20110909 -13287.50
20110912 -13287.50
20110913 -13287.50
20110914 -13287.50
20110915 -13287.50
20110916 -13287.50
20110919 -13287.50
20110920 -13287.50
20110921 -13287.50
20110922 -13287.50
20110923 -13287.50
20110926 -13287.50
20110927 -13250.00
20110928 -12175.00
20110929 -12262.50
20110930 -10262.50
20111003 -10262.50
20111004 -10025.00
20111005 -10912.50
20111006 -10912.50
20111007 -10637.50
20111010 -10887.50
20111011 -12887.50
20111012 -12675.00
20111013 -12550.00
20111014 -12637.50
20111017 -12662.50
20111018 -12837.50
20111019 -12562.50
20111020 -13112.50
20111021 -13100.00
20111024 -13187.50
20111025 -13175.00
20111026 -12500.00
20111027 -13212.50
20111028 -13387.50
20111031 -12987.50
20111101 -13350.00
20111102 -12887.50
20111103 -13312.50
20111104 -13425.00
20111107 -13300.00
20111108 -13662.50
20111109 -13437.50
20111110 -12912.50
20111111 -12562.50
20111114 -12312.50
20111115 -12912.50
20111116 -12775.00
20111117 -11362.50
20111118 -11150.00
20111121 -10525.00
20111122 -10587.50
20111123 -10075.00
20111125 -9762.50
20111128 -10225.00
20111129 -10537.50
20111130 -10662.50
20111201 -10337.50
20111202 -10025.00
20111205 -9812.50
20111206 -10087.50
20111207 -9900.00
20111208 -10275.00
20111209 -9975.00
20111212 -9962.50
20111213 -9987.50
20111214 -9300.00
20111215 -9212.50
20111216 -9412.50
20111219 -10312.50
20111220 -10612.50
20111221 -11087.50
20111222 -11137.50
20111223 -11237.50
20111227 -11925.00
20111228 -12387.50
20111229 -12362.50
20111230 -12362.50
20120103 -12362.50
20120104 -12362.50
20120105 -12362.50
20120106 -12362.50
20120109 -12362.50
20120110 -12362.50
20120111 -12362.50
20120112 -12362.50
20120113 -12362.50
20120117 -12362.50
20120118 -12362.50
20120119 -12362.50
20120120 -12362.50
20120123 -12362.50
20120124 -12362.50
20120125 -12362.50
20120126 -12362.50
20120127 -12362.50
20120130 -12362.50
20120131 -12362.50
20120201 -12362.50
20120202 -12362.50
20120203 -12362.50
20120206 -12362.50
20120207 -12362.50
20120208 -12362.50
20120209 -12362.50
20120210 -12362.50
20120213 -12362.50
20120214 -12362.50
20120215 -12362.50
20120216 -12362.50
20120217 -12362.50
20120221 -12362.50
20120222 -12362.50
20120223 -12362.50
20120224 -12362.50
20120227 -12362.50
20120228 -12362.50
20120229 -12362.50
20120301 -12362.50
20120302 -12362.50
20120305 -12362.50
20120306 -12362.50
20120307 -12362.50
20120308 -12362.50
20120309 -12362.50
20120312 -12362.50
20120313 -12362.50
20120314 -12362.50
20120315 -12362.50
20120316 -12362.50
20120319 -12362.50
20120320 -12362.50
20120321 -12362.50
20120322 -12362.50
20120323 -12362.50
20120326 -12362.50
20120327 -12362.50
20120328 -12362.50
20120329 -12362.50
20120330 -12362.50
20120402 -12362.50
20120403 -12362.50
20120404 -12362.50
20120405 -12362.50
20120409 -12362.50
20120410 -12362.50
20120411 -12362.50
20120412 -12362.50
20120413 -12362.50
20120416 -12362.50
20120417 -12362.50
20120418 -12362.50
20120419 -13225.00
20120420 -12800.00
20120423 -13300.00
20120424 -13087.50
20120425 -12725.00
20120426 -13375.00
20120427 -14825.00
20120430 -14900.00
20120501 -14900.00
20120502 -14900.00
20120503 -14900.00
20120504 -14900.00
20120507 -14900.00
20120508 -14900.00
20120509 -14900.00
20120510 -14900.00
20120511 -14900.00
20120514 -14950.00
20120515 -15662.50
20120516 -16800.00
20120517 -16850.00
20120518 -16850.00
20120521 -16850.00
20120522 -16850.00
20120523 -16850.00
20120524 -16850.00
20120525 -16625.00
20120529 -15825.00
20120530 -15675.00
20120531 -15462.50
20120601 -15275.00
20120604 -16100.00
20120605 -16075.00
20120606 -17012.50
20120607 -17400.00
20120608 -17600.00
20120611 -17300.00
20120612 -16900.00
20120613 -17325.00
20120614 -17775.00
20120615 -17800.00
20120618 -17800.00
20120619 -17800.00
20120620 -17800.00
20120621 -17800.00
20120622 -17800.00
20120625 -17800.00
20120626 -17800.00
20120627 -17600.00
20120628 -17475.00
20120629 -17362.50
20120702 -16175.00
20120703 -15087.50
20120705 -13350.00
20120706 -14025.00
20120709 -12187.50
20120710 -12862.50
20120711 -13587.50
20120712 -12225.00
20120713 -11762.50
20120716 -9950.00
20120717 -9812.50
20120718 -9037.50
20120719 -8400.00
20120720 -7562.50
20120723 -8087.50
20120724 -9287.50
20120725 -9062.50
20120726 -9725.00
20120727 -8862.50
20120730 -7787.50
20120731 -8462.50
20120801 -8762.50
20120802 -9087.50
20120803 -8287.50
20120806 -8637.50
20120807 -8987.50
20120808 -8250.00
20120809 -7875.00
20120810 -8787.50
20120813 -9650.00
20120814 -9800.00
20120815 -9087.50
20120816 -8900.00
20120817 -8862.50
20120820 -8025.00
20120821 -7225.00
20120822 -7275.00
20120823 -8350.00
20120824 -8675.00
20120827 -9062.50
20120828 -9312.50
20120829 -8412.50
20120830 -8662.50
20120831 -9100.00
20120904 -8837.50
20120905 -9550.00
20120906 -9162.50
20120907 -9112.50
20120910 -9925.00
20120911 -10200.00
20120912 -10612.50
20120913 -10400.00
20120914 -9987.50
20120917 -11687.50
20120918 -12087.50
20120919 -11262.50
20120920 -11787.50
20120921 -11675.00
20120924 -11850.00
20120925 -11900.00
20120926 -12850.00
20120927 -12937.50
20120928 -12937.50
20121001 -12937.50
20121002 -12937.50
20121003 -12937.50
20121004 -12937.50
20121005 -12937.50
20121008 -12937.50
20121009 -12937.50
20121010 -12937.50
20121011 -12937.50
20121012 -12937.50
20121015 -12937.50
20121016 -12937.50
20121017 -12937.50
20121018 -12937.50
20121019 -12937.50
20121022 -12937.50
20121023 -12937.50
20121024 -12937.50
20121025 -12937.50
20121026 -12937.50
20121029 -12937.50
20121030 -12937.50
20121031 -12937.50
20121101 -12937.50
20121102 -12937.50
20121105 -12937.50
20121106 -12937.50
20121107 -12937.50
20121108 -12937.50
20121109 -12937.50
20121112 -12937.50
20121113 -12937.50
20121114 -12937.50
20121115 -12937.50
20121116 -12937.50
20121119 -12937.50
20121120 -12937.50
20121121 -12937.50
20121123 -12937.50
20121126 -12937.50
20121127 -12937.50
20121128 -12937.50
20121129 -12937.50
20121130 -12937.50
20121203 -12937.50
20121204 -12937.50
20121205 -12937.50
20121206 -12937.50
20121207 -12937.50
20121210 -12937.50
20121211 -12937.50
20121212 -12937.50
20121213 -12937.50
20121214 -12937.50
20121217 -12937.50
20121218 -12937.50
20121219 -12937.50
20121220 -12562.50
20121221 -12837.50
20121224 -12950.00
20121226 -12400.00
20121227 -12312.50
20121228 -12437.50
20121231 -12650.00
20130102 -12275.00
20130103 -12200.00
20130104 -11750.00
20130107 -12012.50
20130108 -12175.00
20130109 -12450.00
20130110 -12675.00
20130111 -13175.00
20130114 -13937.50
20130115 -14262.50
20130116 -14300.00
20130117 -13962.50
20130118 -14112.50
20130122 -14162.50
20130123 -14237.50
20130124 -14237.50
20130125 -14237.50
20130128 -14237.50
20130129 -14237.50
20130130 -14237.50
20130131 -14237.50
20130201 -14237.50
20130204 -14237.50
20130205 -14237.50
20130206 -14237.50
20130207 -14237.50
20130208 -14237.50
20130211 -14237.50
20130212 -14237.50
20130213 -14237.50
20130214 -14237.50
20130215 -14237.50
20130219 -14237.50
20130220 -14237.50
20130221 -14237.50
20130222 -14237.50
20130225 -14237.50
20130226 -14237.50
20130227 -14237.50
20130228 -14237.50
20130301 -14237.50
20130304 -14237.50
20130305 -14237.50
20130306 -14237.50
20130307 -14237.50
20130308 -14237.50
20130311 -14237.50
20130312 -14237.50
20130313 -14237.50
20130314 -14237.50
20130315 -14237.50
20130318 -14237.50
20130319 -14237.50
20130320 -14237.50
20130321 -14237.50
20130322 -14237.50
20130325 -14237.50
20130326 -14237.50
20130327 -14237.50
20130328 -14237.50
20130329 -14237.50
20130401 -14237.50
20130402 -13912.50
20130403 -13962.50
20130404 -13387.50
20130405 -13337.50
20130408 -13562.50
20130409 -14100.00
20130410 -14337.50
20130411 -14450.00
20130412 -14812.50
20130415 -14225.00
20130416 -15050.00
20130417 -14912.50
20130418 -14112.50
20130419 -14487.50
20130422 -14175.00
20130423 -13812.50
20130424 -13862.50
20130425 -14150.00
20130426 -13912.50
20130429 -15912.50
20130430 -15425.00
20130501 -15262.50
20130502 -16025.00
20130503 -15987.50
20130506 -14750.00
20130507 -14925.00
20130508 -14575.00
20130509 -15362.50
20130510 -14737.50
20130513 -15700.00
20130514 -15550.00
20130515 -15462.50
20130516 -15000.00
20130517 -15562.50
20130520 -15400.00
20130521 -14925.00
20130522 -15850.00
20130523 -16025.00
20130524 -16050.00
20130528 -16050.00
20130529 -16050.00
20130530 -16050.00
20130531 -16050.00
20130603 -16050.00
20130604 -16050.00
20130605 -16050.00
20130606 -16050.00
20130607 -16050.00
20130610 -16050.00
20130611 -16050.00
20130612 -16050.00
20130613 -16050.00
20130614 -16050.00
20130617 -16050.00
20130618 -16050.00
20130619 -16050.00
20130620 -16050.00
20130621 -16050.00
20130624 -16050.00
20130625 -16050.00
20130626 -16050.00
20130627 -16050.00
20130628 -16050.00
20130701 -16050.00
20130702 -16050.00
20130703 -16050.00
20130705 -16050.00
20130708 -16050.00
20130709 -16050.00
20130710 -16050.00
20130711 -16050.00
20130712 -16050.00
20130715 -16050.00
20130716 -16050.00
20130717 -16050.00
20130718 -16050.00
20130719 -16050.00
20130722 -16050.00
20130723 -16050.00
20130724 -16050.00
20130725 -15425.00
20130726 -15225.00
20130729 -15087.50
20130730 -15400.00
20130731 -15575.00
20130801 -15000.00
20130802 -14425.00
20130805 -14087.50
20130806 -14237.50
20130807 -14037.50
20130808 -14300.00
20130809 -13912.50
20130812 -14225.00
20130813 -13387.50
20130814 -13862.50
20130815 -14700.00
20130816 -14312.50
20130819 -15287.50
20130820 -14812.50
20130821 -15525.00
20130822 -15000.00
20130823 -15400.00
20130826 -16412.50
20130827 -15612.50
20130828 -15337.50
20130829 -15375.00
20130830 -15400.00
20130903 -15062.50
20130904 -14775.00
20130905 -14350.00
20130906 -14712.50
20130909 -14475.00
20130910 -14750.00
20130911 -14925.00
20130912 -14612.50
20130913 -14250.00
20130916 -14125.00
20130917 -14000.00
20130918 -14112.50
20130919 -14275.00
20130920 -13850.00
20130923 -13962.50
20130924 -13737.50
20130925 -14037.50
20130926 -14137.50
20130927 -14000.00
20130930 -13375.00
20131001 -13250.00
20131002 -13250.00
20131003 -13262.50
20131004 -13462.50
20131007 -13762.50
20131008 -13387.50
20131009 -13475.00
20131010 -13212.50
20131011 -12962.50
20131014 -13150.00
20131015 -13475.00
20131016 -13437.50
20131017 -13450.00
20131018 -13375.00
20131021 -13500.00
20131022 -13212.50
20131023 -13437.50
20131024 -13312.50
20131025 -13300.00
20131028 -12837.50
20131029 -12900.00
20131030 -12812.50
20131031 -12712.50
20131101 -12662.50
20131104 -12612.50
20131105 -12550.00
20131106 -12362.50
20131107 -12325.00
20131108 -12637.50
20131111 -13037.50
20131112 -12912.50
20131113 -12787.50
20131114 -12625.00
20131115 -12400.00
20131118 -11900.00
20131119 -12187.50
20131120 -12150.00
20131121 -12450.00
20131122 -12412.50
20131125 -12537.50
20131126 -12225.00
20131127 -12312.50
20131129 -12212.50
20131202 -12212.50
20131203 -12550.00
20131204 -12812.50
20131205 -12662.50
20131206 -12700.00
20131209 -12887.50
20131210 -12787.50
20131211 -12950.00
20131212 -12700.00
20131213 -12262.50
20131216 -12150.00
20131217 -12325.00
20131218 -12237.50
20131219 -12512.50
20131220 -12650.00
20131223 -12700.00
20131224 -12712.50
20131226 -12300.00
20131227 -12362.50
20131230 -12162.50
20131231 -12087.50
20140102 -12012.50
20140103 -12162.50
20140106 -12375.00
20140107 -12287.50
20140108 -11837.50
20140109 -11587.50
20140110 -12625.00
20140113 -12712.50
20140114 -12562.50
20140115 -12275.00
20140116 -12387.50
20140117 -12187.50
20140121 -12237.50
20140122 -12300.00
20140123 -12437.50
20140124 -12462.50
20140127 -12575.00
20140128 -12587.50
20140129 -12650.00
20140130 -12650.00
20140131 -12650.00
20140203 -12650.00
20140204 -12650.00
20140205 -12650.00
20140206 -12650.00
20140207 -12650.00
20140210 -12650.00
20140211 -12712.50
20140212 -12787.50
20140213 -12762.50
20140214 -12525.00
20140218 -12312.50
20140219 -12100.00
20140220 -12000.00
20140221 -12137.50
20140224 -12212.50
20140225 -12000.00
20140226 -12012.50
20140227 -12337.50
20140228 -11887.50
20140303 -11537.50
20140304 -10850.00
20140305 -10962.50
20140306 -10512.50
20140307 -10612.50
20140310 -11150.00
20140311 -10900.00
20140312 -10637.50
20140313 -10812.50
20140314 -10762.50
20140317 -11112.50
20140318 -10750.00
20140319 -10675.00
20140320 -11137.50
20140321 -11112.50
20140324 -10562.50
20140325 -10737.50
20140326 -10837.50
20140327 -10462.50
20140328 -10462.50
20140331 -9962.50
20140401 -9687.50
20140402 -10275.00
20140403 -10062.50
20140404 -9975.00
20140407 -10100.00
20140408 -9712.50
20140409 -9950.00
20140410 -10000.00
20140411 -10137.50
20140414 -9912.50
20140415 -9875.00
20140416 -10187.50
20140417 -10325.00
20140421 -10637.50
20140422 -10250.00
20140423 -9887.50
20140424 -10000.00
20140425 -9712.50
20140428 -9662.50
20140429 -9275.00
20140430 -9400.00
20140501 -10000.00
20140502 -10375.00
20140505 -9950.00
20140506 -9475.00
20140507 -9650.00
20140508 -9525.00
20140509 -9975.00
20140512 -10375.00
20140513 -10212.50
20140514 -10575.00
20140515 -11137.50
20140516 -11225.00
20140519 -11225.00
20140520 -11225.00
20140521 -11225.00
20140522 -11225.00
20140523 -11225.00
20140527 -11225.00
20140528 -11225.00
20140529 -11225.00
20140530 -11225.00
20140602 -11225.00
20140603 -11225.00
20140604 -11225.00
20140605 -11225.00
20140606 -11725.00
20140609 -11325.00
20140610 -11050.00
20140611 -10825.00
20140612 -10975.00
20140613 -11125.00
20140616 -10825.00
20140617 -10712.50
20140618 -10850.00
20140619 -11300.00
20140620 -11437.50
20140623 -11000.00
20140624 -10925.00
20140625 -10825.00
20140626 -10987.50
20140627 -11150.00
20140630 -9975.00
20140701 -9837.50
20140702 -9650.00
20140703 -9512.50
20140707 -9062.50
20140708 -8950.00
20140709 -8600.00
20140710 -8350.00
20140711 -7950.00
20140714 -8112.50
20140715 -7737.50
20140716 -7950.00
20140717 -8012.50
20140718 -7600.00
20140721 -7237.50
20140722 -7050.00
20140723 -7162.50
20140724 -7112.50
20140725 -7187.50
20140728 -7425.00
20140729 -7112.50
20140730 -7125.00
20140731 -6887.50
20140801 -6662.50
20140804 -6975.00
20140805 -6850.00
20140806 -7200.00
20140807 -7012.50
20140808 -6625.00
20140811 -6875.00
20140812 -6962.50
20140813 -6937.50
20140814 -7137.50
20140815 -7325.00
20140818 -7075.00
20140819 -7162.50
20140820 -7012.50
20140821 -7150.00
20140822 -7312.50
20140825 -7037.50
20140826 -6837.50
20140827 -6837.50
20140828 -7050.00
20140829 -6825.00
20140902 -6775.00
20140903 -6187.50
20140904 -5912.50
20140905 -6387.50
20140908 -6000.00
20140909 -5800.00
20140910 -5875.00
20140911 -5637.50
20140912 -5512.50
20140915 -5737.50
20140916 -5775.00
20140917 -5675.00
20140918 -5500.00
20140919 -5162.50
20140922 -5100.00
20140923 -4862.50
20140924 -5062.50
20140925 -4887.50
20140926 -4737.50
20140929 -4875.00
20140930 -4625.00
20141001 -4650.00
20141002 -4725.00
20141003 -4750.00
20141006 -5212.50
20141007 -5612.50
20141008 -5750.00
20141009 -5825.00
20141010 -5287.50
20141013 -5887.50
20141014 -6437.50
20141015 -5962.50
20141016 -6200.00
20141017 -5987.50
20141020 -6000.00
20141021 -6387.50
20141022 -6237.50
20141023 -6287.50
20141024 -6287.50
20141027 -6287.50
20141028 -6287.50
20141029 -6287.50
20141030 -6287.50
20141031 -6287.50
20141103 -6287.50
20141104 -6287.50
20141105 -6287.50
20141106 -6287.50
20141107 -6287.50
20141110 -6287.50
20141111 -6287.50
20141112 -6287.50
20141113 -6287.50
20141114 -6287.50
20141117 -6287.50
20141118 -6287.50
20141119 -6287.50
20141120 -6287.50
20141121 -6287.50
20141124 -6287.50
20141125 -6287.50
20141126 -6287.50
20141128 -6287.50
20141201 -6287.50
20141202 -6287.50
20141203 -6287.50
20141204 -6287.50
20141205 -6287.50
20141208 -6287.50
20141209 -6287.50
20141210 -6287.50
20141211 -6287.50
20141212 -6287.50
20141215 -6237.50
20141216 -6362.50
20141217 -6250.00
20141218 -6112.50
20141219 -6137.50
20141222 -6075.00
20141223 -5962.50
20141224 -6250.00
20141226 -5925.00
20141229 -6025.00
20141230 -6337.50
20141231 -6812.50
20150102 -6875.00
20150105 -6362.50
20150106 -6412.50
20150107 -6850.00
20150108 -6950.00
20150109 -6650.00
20150112 -6562.50
20150113 -7375.00
20150114 -7612.50
20150115 -7625.00
20150116 -7625.00
20150120 -7625.00
20150121 -7625.00
20150122 -7625.00
20150123 -7625.00
20150126 -7625.00
20150127 -7625.00
20150128 -7625.00
20150129 -7625.00
20150130 -7625.00
20150202 -7625.00
20150203 -7625.00
20150204 -7625.00
20150205 -7625.00
20150206 -7625.00
20150209 -7625.00
20150210 -7625.00
20150211 -7625.00
20150212 -7625.00
20150213 -7625.00
20150217 -7625.00
20150218 -7625.00
20150219 -7625.00
20150220 -7625.00
20150223 -7625.00
20150224 -7625.00
20150225 -7625.00
20150226 -7625.00
20150227 -7625.00
20150302 -7625.00
20150303 -7625.00
20150304 -7625.00
20150305 -7625.00
20150306 -7625.00
20150309 -7625.00
20150310 -7625.00
20150311 -7625.00
20150312 -7625.00
20150313 -7625.00
20150316 -7625.00
20150317 -7625.00
20150318 -7787.50
20150319 -7725.00
20150320 -8300.00
20150323 -8562.50
20150324 -8712.50
20150325 -8800.00
20150326 -8612.50
20150327 -8700.00
20150330 -8700.00
20150331 -8700.00
20150401 -8700.00
20150402 -8700.00
20150406 -8700.00
20150407 -8700.00
20150408 -8700.00
20150409 -8700.00
20150410 -8700.00
20150413 -8700.00
20150414 -8700.00
20150415 -8700.00
20150416 -8700.00
20150417 -8700.00
20150420 -8700.00
20150421 -8700.00
20150422 -8700.00
20150423 -8700.00
20150424 -8700.00
20150427 -8550.00
20150428 -8537.50
20150429 -8700.00
20150430 -8625.00
20150501 -8462.50
20150504 -8375.00
20150505 -8450.00
20150506 -8650.00
20150507 -8387.50
20150508 -8462.50
20150511 -8337.50
20150512 -8362.50
20150513 -8425.00
20150514 -8712.50
20150515 -8587.50
20150518 -8712.50
20150519 -8412.50
20150520 -8312.50
20150521 -8562.50
20150522 -8312.50
20150526 -8062.50
20150527 -7787.50
20150528 -7987.50
20150529 -7887.50
20150601 -7925.00
20150602 -8262.50
20150603 -8262.50
20150604 -8487.50
20150605 -8337.50
20150608 -8575.00
20150609 -8562.50
20150610 -8175.00
20150611 -8137.50
20150612 -7962.50
20150615 -7725.00
20150616 -8012.50
20150617 -8275.00
20150618 -8212.50
20150619 -7975.00
20150622 -8312.50
20150623 -8687.50
20150624 -8637.50
20150625 -9137.50
20150626 -9212.50
20150629 -9212.50
20150630 -9212.50
20150701 -9087.50
20150702 -8787.50
20150706 -8887.50
20150707 -9050.00
20150708 -8987.50
20150709 -8775.00
20150710 -8475.00
20150713 -8175.00
20150714 -8800.00
20150715 -8737.50
20150716 -8712.50
20150717 -9200.00
20150720 -9962.50
20150721 -9887.50
20150722 -10075.00
20150723 -10050.00
20150724 -10587.50
20150727 -11562.50
20150728 -11637.50
20150729 -11637.50
20150730 -11637.50
20150731 -11637.50
20150803 -11637.50
20150804 -11637.50
20150805 -11637.50
20150806 -11637.50
20150807 -11637.50
20150810 -11637.50
20150811 -11637.50
20150812 -11637.50
20150813 -11637.50
20150814 -11637.50
20150817 -11637.50
20150818 -11637.50
20150819 -11637.50
20150820 -11637.50
20150821 -11637.50
20150824 -11637.50
20150825 -11637.50
20150826 -11637.50
20150827 -11637.50
20150828 -11637.50
20150831 -11637.50
20150901 -11637.50
20150902 -11637.50
20150903 -11637.50
20150904 -11637.50
20150908 -11637.50
20150909 -11637.50
20150910 -11637.50
20150911 -11637.50
20150914 -11637.50
20150915 -11637.50
20150916 -11637.50
20150917 -11637.50
20150918 -11637.50
20150921 -11637.50
20150922 -11637.50
20150923 -11637.50
20150924 -11637.50
20150925 -11637.50
20150928 -11637.50
20150929 -11637.50
20150930 -11637.50
20151001 -11637.50
20151002 -11637.50
20151005 -11637.50
20151006 -11637.50
20151007 -11637.50
20151008 -11637.50
20151009 -11637.50
20151012 -11637.50
20151013 -11637.50
20151014 -11637.50
20151015 -11637.50
20151016 -11637.50
20151019 -11637.50
20151020 -11637.50
20151021 -11637.50
20151022 -11637.50
20151023 -11637.50
20151026 -11637.50
20151027 -11637.50
20151028 -11637.50
20151029 -11637.50
20151030 -11637.50
20151102 -11637.50
20151103 -11637.50
20151104 -11637.50
20151105 -11637.50
20151106 -11637.50
20151109 -11637.50
20151110 -11637.50
20151111 -11725.00
20151112 -11712.50
20151113 -11525.00
20151116 -11612.50
20151117 -11712.50
20151118 -11700.00
20151119 -11825.00
20151120 -11775.00
20151123 -11975.00
20151124 -11825.00
20151125 -11862.50
20151127 -11625.00
20151130 -11875.00
20151201 -11950.00
20151202 -11775.00
20151203 -12112.50
20151204 -12337.50
20151207 -11912.50
20151208 -11937.50
20151209 -11950.00
20151210 -12225.00
20151211 -12025.00
20151214 -12212.50
20151215 -12125.00
20151216 -11750.00
20151217 -11975.00
20151218 -11987.50
20151221 -11862.50
20151222 -11575.00
20151223 -11537.50
20151224 -11487.50
20151228 -11312.50
20151229 -11387.50
20151230 -11212.50
20151231 -11200.00
20160104 -10837.50
20160105 -10912.50
20160106 -10925.00
20160107 -10912.50
20160108 -11112.50
20160111 -10850.00
20160112 -11100.00
20160113 -11162.50
20160114 -11162.50
20160115 -11425.00
20160119 -11650.00
20160120 -11700.00
20160121 -11612.50
20160122 -11775.00
20160125 -11750.00
20160126 -11725.00
20160127 -11725.00
20160128 -11537.50
20160129 -11862.50
20160201 -11825.00
20160202 -11887.50
20160203 -11962.50
20160204 -11962.50
20160205 -11962.50
20160208 -11962.50
20160209 -11962.50
20160210 -11962.50
20160211 -11962.50
20160212 -11962.50
20160216 -11962.50
20160217 -11962.50
20160218 -11962.50
20160219 -11962.50
20160222 -11962.50
20160223 -11962.50
20160224 -11962.50
20160225 -11962.50
20160226 -11962.50
20160229 -11962.50
20160301 -11962.50
20160302 -11987.50
20160303 -12000.00
20160304 -12087.50
20160307 -12125.00
20160308 -12200.00
20160309 -12150.00
20160310 -12312.50
20160311 -12425.00
20160314 -12612.50
20160315 -12600.00
20160316 -12587.50
20160317 -12600.00
20160318 -12675.00
20160321 -12675.00
20160322 -12675.00
20160323 -12675.00
20160324 -12675.00
20160328 -12675.00
20160329 -12675.00
20160330 -12675.00
20160331 -12675.00
20160401 -12787.50
20160404 -12812.50
20160405 -12925.00
20160406 -12987.50
20160407 -13162.50
20160408 -13200.00
20160411 -12925.00
20160412 -13225.00
20160413 -13762.50
20160414 -13837.50
20160415 -13837.50
20160418 -13550.00
20160419 -13375.00
20160420 -12862.50
20160421 -13375.00
20160422 -14012.50
20160425 -13750.00
20160426 -13487.50
20160427 -13612.50
20160428 -13287.50
20160429 -13262.50
20160502 -13262.50
20160503 -13862.50
20160504 -14012.50
20160505 -14162.50
20160506 -14262.50
20160509 -14262.50
20160510 -14262.50
20160511 -14262.50
20160512 -14262.50
20160513 -14262.50
20160516 -14262.50
20160517 -14037.50
20160518 -13912.50
20160519 -14387.50
20160520 -14162.50
20160523 -14000.00
20160524 -14012.50
20160525 -13650.00
20160526 -13475.00
20160527 -13250.00
20160531 -13650.00
20160601 -13200.00
20160602 -13125.00
20160603 -12975.00
20160606 -12525.00
20160607 -12500.00
20160608 -12325.00
20160609 -12562.50
20160610 -12737.50
20160613 -12387.50
20160614 -12062.50
20160615 -12437.50
20160616 -12625.00
20160617 -12000.00
20160620 -12825.00
20160621 -14075.00
20160622 -14237.50
20160623 -14525.00
20160624 -14612.50
20160627 -14612.50
20160628 -14612.50
20160629 -14612.50
20160630 -14612.50
20160701 -14612.50
20160705 -14612.50
20160706 -14150.00
20160707 -14162.50
20160708 -14825.00
20160711 -14487.50
20160712 -14687.50
20160713 -15175.00
20160714 -14962.50
20160715 -14687.50
20160718 -14925.00
20160719 -14162.50
20160720 -13950.00
20160721 -13787.50
20160722 -13825.00
20160725 -13812.50
20160726 -13700.00
20160727 -13862.50
20160728 -13637.50
20160729 -13800.00
20160801 -13362.50
20160802 -13287.50
20160803 -13325.00
20160804 -13112.50
20160805 -13287.50
20160808 -13337.50
20160809 -13187.50
20160810 -13200.00
20160811 -13125.00
20160812 -13187.50
20160815 -13400.00
20160816 -13450.00
20160817 -13587.50
20160818 -13675.00
20160819 -13787.50
20160822 -13737.50
20160823 -13500.00
20160824 -13450.00
20160825 -13250.00
20160826 -12887.50
20160829 -12675.00
20160830 -12425.00
20160831 -12412.50
20160901 -12825.00
20160902 -13062.50
20160906 -13062.50
20160907 -13300.00
20160908 -13562.50
20160909 -13687.50
20160912 -13612.50
20160913 -13137.50
20160914 -13225.00
20160915 -13137.50
20160916 -13487.50
20160919 -13500.00
20160920 -13662.50
20160921 -13637.50
20160922 -13475.00
20160923 -13462.50
20160926 -13087.50
20160927 -13225.00
20160928 -13100.00
20160929 -13100.00
20160930 -13475.00
20161003 -13937.50
20161004 -14050.00
20161005 -14025.00
20161006 -13662.50
20161007 -13625.00
20161010 -13800.00
20161011 -13912.50
20161012 -13987.50
20161013 -13987.50
20161014 -13987.50
20161017 -13987.50
20161018 -13987.50
20161019 -13987.50
20161020 -13987.50
20161021 -13987.50
20161024 -13987.50
20161025 -13987.50
20161026 -13987.50
20161027 -13987.50
20161028 -13987.50
20161031 -13987.50
20161101 -13987.50
20161102 -13987.50
20161103 -13987.50
20161104 -13987.50
20161107 -13987.50
20161108 -13987.50
20161109 -13987.50
20161110 -13987.50
20161111 -13987.50
20161114 -13987.50
20161115 -13987.50
20161116 -13987.50
20161117 -13987.50
20161118 -13987.50
20161121 -13987.50
20161122 -13987.50
20161123 -13987.50
20161125 -13987.50
20161128 -13987.50
20161129 -13987.50
20161130 -13987.50
20161201 -13987.50
20161202 -13987.50
20161205 -13987.50
20161206 -13987.50
20161207 -13987.50
20161208 -13987.50
20161209 -13987.50
20161212 -13987.50
20161213 -13987.50
20161214 -13987.50
20161215 -13987.50
20161216 -13987.50
20161219 -13987.50
20161220 -13987.50
20161221 -13987.50
20161222 -13987.50
20161223 -13987.50
20161227 -13987.50
20161228 -13987.50
20161229 -13987.50
20161230 -13987.50
20170103 -13987.50
20170104 -13987.50
20170105 -13987.50
20170106 -13987.50
20170109 -13987.50
20170110 -13987.50
20170111 -13987.50
20170112 -13987.50
20170113 -13987.50
20170117 -13987.50
20170118 -13987.50
20170119 -13987.50
20170120 -13987.50
20170123 -13987.50
20170124 -14300.00
20170125 -14150.00
20170126 -14275.00
20170127 -14337.50
20170130 -14575.00
20170131 -14637.50
20170201 -14637.50
20170202 -14637.50
20170203 -14637.50
20170206 -14637.50
20170207 -14637.50
20170208 -14637.50
20170209 -14637.50
20170210 -14337.50
20170213 -14287.50
20170214 -14350.00
20170215 -14125.00
20170216 -14387.50
20170217 -14650.00
20170221 -14600.00
20170222 -14512.50
20170223 -14787.50
20170224 -14875.00
20170227 -15000.00
20170228 -14725.00
20170301 -14312.50
20170302 -14437.50
20170303 -14375.00
20170306 -14487.50
20170307 -14612.50
20170308 -14800.00
20170309 -15062.50
20170310 -15150.00
20170313 -15150.00
20170314 -15150.00
20170315 -15150.00
20170316 -15150.00
20170317 -15150.00
20170320 -15150.00
20170321 -15150.00
20170322 -15150.00
20170323 -15150.00
20170324 -15150.00
20170327 -15150.00
20170328 -15150.00
20170329 -15150.00
20170330 -15150.00
20170331 -15150.00
20170403 -15150.00
20170404 -15150.00
20170405 -15150.00
20170406 -15150.00
20170407 -15150.00
20170410 -15150.00
20170411 -15150.00
20170412 -15150.00
20170413 -15150.00
20170417 -15150.00
20170418 -15150.00
20170419 -15150.00
20170420 -15150.00
20170421 -15150.00
20170424 -15150.00
20170425 -15150.00
20170426 -15150.00
20170427 -15150.00
20170428 -15150.00
20170501 -15150.00
20170502 -15150.00
20170503 -15150.00
20170504 -15150.00
20170505 -15150.00
20170508 -15150.00
20170509 -15150.00
20170510 -15150.00
20170511 -15150.00
20170512 -15150.00
20170515 -15150.00
20170516 -15150.00
20170517 -15150.00
20170518 -15150.00
20170519 -15150.00
20170522 -15150.00
20170523 -15150.00
20170524 -15150.00
20170525 -15150.00
20170526 -15150.00
20170530 -15150.00
20170531 -15150.00
20170601 -15150.00
20170602 -15150.00
20170605 -15150.00
20170606 -15150.00
20170607 -15150.00
20170608 -15150.00
20170609 -14975.00
20170612 -15500.00
20170613 -15312.50
20170614 -15512.50
20170615 -15387.50
20170616 -15525.00
20170619 -15525.00
20170620 -15525.00
20170621 -15525.00
20170622 -15525.00
20170623 -15525.00
20170626 -15550.00
20170627 -15562.50
20170628 -15487.50
20170629 -15650.00
20170630 -16225.00
20170703 -16475.00
20170705 -16375.00
20170706 -16450.00
20170707 -16350.00
20170710 -15875.00
20170711 -15887.50
20170712 -16700.00
20170713 -17487.50
20170714 -17562.50
20170717 -17562.50
20170718 -17562.50
20170719 -17562.50
20170720 -17562.50
20170721 -17562.50
20170724 -17562.50
20170725 -17562.50
20170726 -17562.50
20170727 -17562.50
20170728 -17562.50
20170731 -17562.50
20170801 -17562.50
20170802 -17587.50
20170803 -17512.50
20170804 -17662.50
20170807 -17950.00
20170808 -17825.00
20170809 -17950.00
20170810 -17200.00
20170811 -17375.00
20170814 -17475.00
20170815 -17100.00
20170816 -16962.50
20170817 -16862.50
20170818 -16937.50
20170821 -16787.50
20170822 -16637.50
20170823 -16437.50
20170824 -16437.50
20170825 -16275.00
20170828 -16137.50
20170829 -16025.00
20170830 -15862.50
20170831 -16475.00
20170901 -16350.00
20170905 -16512.50
20170906 -16637.50
20170907 -16350.00
20170908 -16425.00
20170911 -16462.50
20170912 -16162.50
20170913 -16162.50
20170914 -16300.00
20170915 -16325.00
20170918 -16162.50
20170919 -16000.00
20170920 -16087.50
20170921 -16100.00
20170922 -16262.50
20170925 -16275.00
20170926 -16200.00
20170927 -16287.50
20170928 -16212.50
20170929 -16350.00
20171002 -16162.50
20171003 -16062.50
20171004 -16000.00
20171005 -16062.50
20171006 -16087.50
20171009 -16062.50
20171010 -16050.00
20171011 -15887.50
20171012 -16037.50
20171013 -16225.00
20171016 -16112.50
20171017 -16087.50
20171018 -16012.50
20171019 -16037.50
20171020 -15812.50
20171023 -16150.00
20171024 -16225.00
20171025 -16137.50
20171026 -16112.50
20171027 -16025.00
20171030 -16025.00
20171031 -15875.00
20171101 -16000.00
20171102 -16112.50
20171103 -16000.00
20171106 -15987.50
20171107 -15975.00
20171108 -16000.00
20171109 -15662.50
20171110 -15762.50
20171113 -15700.00
20171114 -15462.50
20171115 -15500.00
20171116 -15412.50
20171117 -15737.50
20171120 -15837.50
20171121 -15837.50
20171122 -15850.00
20171124 -15700.00
20171127 -15525.00
20171128 -15425.00
20171129 -15612.50
20171130 -15725.00
20171201 -15875.00
20171204 -15612.50
20171205 -15625.00
20171206 -15575.00
20171207 -15512.50
20171208 -15575.00
20171211 -15387.50
20171212 -15325.00
20171213 -15387.50
20171214 -15362.50
20171215 -15312.50
20171218 -15287.50
20171219 -15312.50
20171220 -15400.00
20171221 -15500.00
20171222 -15537.50
20171226 -15575.00
20171227 -15625.00
20171228 -15537.50
20171229 -15475.00
20180102 -15600.00
20180103 -15587.50
20180104 -15487.50
20180105 -15500.00
20180108 -15300.00
20180109 -15387.50
20180110 -15387.50
20180111 -15375.00
20180112 -15250.00
20180116 -15350.00
20180117 -15587.50
20180118 -15512.50
20180119 -15562.50
20180122 -15537.50
20180123 -15500.00
20180124 -15762.50
20180125 -15837.50
20180126 -15837.50
20180129 -15837.50
20180130 -15837.50
20180131 -15837.50
20180201 -15837.50
20180202 -15837.50
20180205 -15837.50
20180206 -15837.50
20180207 -15837.50
20180208 -15837.50
20180209 -15975.00
20180212 -15725.00
20180213 -15737.50
20180214 -15712.50
20180215 -15687.50
20180216 -15700.00
20180220 -15800.00
20180221 -15787.50
20180222 -15737.50
20180223 -15762.50
20180226 -15625.00
20180227 -15525.00
20180228 -15387.50
20180301 -15175.00
20180302 -15225.00
20180305 -15125.00
20180306 -15075.00
20180307 -15125.00
20180308 -14812.50
20180309 -14962.50
20180312 -14950.00
20180313 -14900.00
20180314 -15050.00
20180315 -15150.00
20180316 -15350.00
20180319 -15737.50
20180320 -15762.50
20180321 -15737.50
20180322 -15687.50
20180323 -15625.00
20180326 -15787.50
20180327 -15787.50
20180328 -15812.50
20180329 -15100.00
20180402 -15125.00
20180403 -15062.50
20180404 -15437.50
20180405 -15012.50
20180406 -15062.50
20180409 -14950.00
20180410 -15025.00
20180411 -15137.50
20180412 -15050.00
20180413 -15175.00
20180416 -15362.50
20180417 -15475.00
20180418 -15337.50
20180419 -15387.50
20180420 -15662.50
20180423 -15562.50
20180424 -15425.00
20180425 -15162.50
20180426 -15187.50
20180427 -15025.00
20180430 -14912.50
20180501 -14662.50
20180502 -14700.00
20180503 -14550.00
20180504 -14637.50
20180507 -14912.50
20180508 -14787.50
20180509 -14812.50
20180510 -14850.00
20180511 -15125.00
20180514 -15125.00
20180515 -14837.50
20180516 -14987.50
20180517 -15187.50
20180518 -14825.00
20180521 -14812.50
20180522 -14712.50
20180523 -14525.00
20180524 -14737.50
20180525 -14650.00
20180529 -14950.00
20180530 -15275.00
20180531 -15375.00
20180601 -15375.00
20180604 -15375.00
20180605 -15375.00
20180606 -15375.00
20180607 -15237.50
20180608 -15312.50
20180611 -14787.50
20180612 -15300.00
20180613 -15225.00
20180614 -14575.00
20180615 -14487.50
20180618 -14225.00
20180619 -14112.50
20180620 -14137.50
20180621 -14275.00
20180622 -14287.50
20180625 -13950.00
20180626 -14050.00
20180627 -14075.00
20180628 -13700.00
20180629 -13962.50
20180702 -13337.50
20180703 -13587.50
20180705 -13600.00
20180706 -14000.00
20180709 -13687.50
20180710 -13375.00
20180711 -12987.50
20180712 -13275.00
20180713 -13050.00
20180716 -13075.00
20180717 -13300.00
20180718 -13350.00
20180719 -13550.00
20180720 -13750.00
20180723 -13850.00
20180724 -13587.50
20180725 -13950.00
20180726 -14062.50
20180727 -14087.50
20180730 -14350.00
20180731 -14600.00
20180801 -14237.50
20180802 -14325.00
20180803 -14475.00
20180806 -14537.50
20180807 -14525.00
20180808 -14550.00
20180809 -14450.00
20180810 -13875.00
20180813 -13812.50
20180814 -14100.00
20180815 -14062.50
20180816 -14250.00
20180817 -14200.00
20180820 -14087.50
20180821 -13975.00
20180822 -13612.50
20180823 -13325.00
20180824 -13412.50
20180827 -13325.00
20180828 -13037.50
20180829 -13050.00
20180830 -13050.00
20180831 -13475.00
20180904 -13637.50
20180905 -13487.50
20180906 -13537.50
20180907 -13575.00
20180910 -13587.50
20180911 -13562.50
20180912 -12850.00
20180913 -12750.00
20180914 -12812.50
20180917 -12625.00
20180918 -12387.50
20180919 -12512.50
20180920 -12850.00
20180921 -13087.50
20180924 -13250.00
20180925 -13412.50
20180926 -13375.00
20180927 -13462.50
20180928 -13037.50
20181001 -13512.50
20181002 -13600.00
20181003 -13462.50
20181004 -13600.00
20181005 -13637.50
20181008 -13750.00
20181009 -13750.00
20181010 -13750.00
20181011 -13750.00
20181012 -13750.00
20181015 -13750.00
20181016 -13750.00
20181017 -13750.00
20181018 -13750.00
20181019 -13750.00
20181022 -13750.00
20181023 -13750.00
20181024 -13750.00
20181025 -13750.00
20181026 -13750.00
20181029 -13750.00
20181030 -13750.00
20181031 -13750.00
20181101 -13750.00
20181102 -13750.00
20181105 -13750.00
20181106 -13750.00
20181107 -13750.00
20181108 -13750.00
20181109 -13750.00
20181112 -13750.00
20181113 -13750.00
20181114 -13750.00
20181115 -13750.00
20181116 -13750.00
20181119 -13750.00
20181120 -13750.00
20181121 -13750.00
20181123 -13750.00
20181126 -13750.00
20181127 -13750.00
20181128 -13750.00
20181129 -13750.00
20181130 -13750.00
20181203 -13750.00
20181204 -13750.00
20181205 -13750.00
20181206 -13750.00
20181207 -13750.00
20181210 -13750.00
20181211 -13750.00
20181212 -13750.00
20181213 -13750.00
20181214 -13750.00
20181217 -13750.00
20181218 -13750.00
20181219 -13750.00
20181220 -13750.00
20181221 -13750.00
20181224 -13750.00
20181226 -13750.00
20181227 -13750.00
20181228 -13750.00
20181231 -13750.00
20190102 -13750.00
20190103 -13750.00
20190104 -13750.00
20190107 -13750.00
20190108 -13750.00
20190109 -13750.00
20190110 -13750.00
20190111 -13750.00
20190114 -13750.00
20190115 -13750.00
20190116 -13750.00
20190117 -13750.00
20190118 -13750.00
20190122 -13750.00
20190123 -13750.00
20190124 -13750.00
20190125 -13750.00
20190128 -13750.00
20190129 -13750.00
20190130 -13750.00
20190131 -13750.00
20190201 -13750.00
20190204 -13750.00
20190205 -13750.00
20190206 -13750.00
20190207 -13750.00
20190208 -13750.00
20190211 -13750.00
20190212 -13750.00
20190213 -13750.00
20190214 -13750.00
20190215 -13750.00
20190219 -13750.00
20190220 -13712.50
20190221 -13950.00
20190222 -13937.50
20190225 -13700.00
20190226 -13800.00
20190227 -13712.50
20190228 -13562.50
20190301 -13675.00
20190304 -13762.50
20190305 -13812.50
20190306 -13650.00
20190307 -13287.50
20190308 -13237.50
20190311 -13125.00
20190312 -13312.50
20190313 -13350.00
20190314 -13537.50
20190315 -13687.50
20190318 -13600.00
20190319 -13587.50
20190320 -13600.00
20190321 -13837.50
20190322 -13937.50
20190325 -14012.50
20190326 -13887.50
20190327 -13712.50
20190328 -13725.00
20190329 -12850.00
20190401 -13112.50
20190402 -13100.00
20190403 -13162.50
20190404 -13287.50
20190405 -13150.00
20190408 -13025.00
20190409 -13025.00
20190410 -13112.50
20190411 -13025.00
20190412 -13075.00
20190415 -13162.50
20190416 -12975.00
20190417 -12937.50
20190418 -12950.00
20190422 -12762.50
20190423 -12587.50
20190424 -12362.50
20190425 -12400.00
20190426 -12600.00
20190429 -12625.00
20190430 -12662.50
20190501 -12962.50
20190502 -13062.50
20190503 -13075.00
20190506 -12750.00
20190507 -12862.50
20190508 -12750.00
20190509 -12200.00
20190510 -12125.00
20190513 -12362.50
20190514 -12975.00
20190515 -13012.50
20190516 -13075.00
20190517 -13075.00
20190520 -13075.00
20190521 -13075.00
20190522 -13075.00
20190523 -13075.00
20190524 -13075.00
20190528 -12462.50
20190529 -12537.50
20190530 -11662.50
20190531 -12125.00
20190603 -12262.50
20190604 -12212.50
20190605 -12737.50
20190606 -12450.00
20190607 -12687.50
20190610 -12687.50
20190611 -12087.50
20190612 -11975.00
20190613 -11375.00
20190614 -10825.00
20190617 -10737.50
20190618 -10987.50
20190619 -11425.00
20190620 -10975.00
20190621 -11362.50
20190624 -11137.50
20190625 -11100.00
20190626 -11275.00
20190627 -11462.50
20190628 -12512.50
20190701 -12975.00
20190702 -12800.00
20190703 -11912.50
20190705 -11812.50
20190708 -11775.00
20190709 -12125.00
20190710 -12000.00
20190711 -11537.50
20190712 -11037.50
20190715 -11700.00
20190716 -11987.50
20190717 -11950.00
20190718 -12525.00
20190719 -12212.50
20190722 -12637.50
20190723 -12475.00
20190724 -12550.00
20190725 -12825.00
20190726 -13025.00
20190729 -12900.00
20190730 -13187.50
20190731 -13737.50
20190801 -13762.50
20190802 -13762.50
20190805 -13762.50
20190806 -13762.50
20190807 -13762.50
20190808 -13762.50
20190809 -13762.50
20190812 -13762.50
20190813 -13762.50
20190814 -13762.50
20190815 -13762.50
20190816 -13762.50
20190819 -13762.50
20190820 -13762.50
20190821 -13762.50
20190822 -13762.50
20190823 -13762.50
20190826 -13762.50
20190827 -13762.50
20190828 -13762.50
20190829 -13762.50
20190830 -13762.50
20190903 -13762.50
20190904 -13762.50
20190905 -13762.50
20190906 -13762.50
20190909 -13762.50
20190910 -13762.50
20190911 -13762.50
20190912 -13762.50
20190913 -13762.50
20190916 -13762.50
20190917 -13762.50
20190918 -13762.50
20190919 -13762.50
20190920 -13762.50
20190923 -13762.50
20190924 -13762.50
20190925 -13762.50
20190926 -13762.50
20190927 -13762.50
20190930 -13762.50
20191001 -13762.50
20191002 -13762.50
20191003 -13762.50
20191004 -13762.50
20191007 -13762.50
20191008 -13762.50
20191009 -13762.50
20191010 -13762.50
20191011 -13762.50
20191014 -13762.50
20191015 -13762.50
20191016 -13762.50
20191017 -13762.50
20191018 -13762.50
20191021 -13762.50
20191022 -13762.50
20191023 -13762.50
20191024 -13762.50
20191025 -13762.50
20191028 -13762.50
20191029 -13762.50
20191030 -13762.50
20191031 -13762.50
20191101 -13762.50
20191104 -13762.50
20191105 -13762.50
20191106 -13762.50
20191107 -13762.50
20191108 -13762.50
20191111 -13762.50
20191112 -13762.50
20191113 -13762.50
20191114 -13762.50
20191115 -13762.50
20191118 -13762.50
20191119 -13762.50
20191120 -13762.50
20191121 -13762.50
20191122 -13762.50
20191125 -13762.50
20191126 -13762.50
20191127 -13762.50
20191129 -13762.50
20191202 -13762.50
20191203 -13762.50
20191204 -13762.50
20191205 -13762.50
20191206 -13762.50
20191209 -13762.50
20191210 -13762.50
20191211 -13762.50
20191212 -13762.50
20191213 -13762.50
20191216 -13762.50
20191217 -13762.50
20191218 -13762.50
20191219 -13762.50
20191220 -13762.50
20191223 -13762.50
20191224 -13762.50
20191226 -13762.50
20191227 -13762.50
20191230 -13762.50
20191231 -13762.50
20200102 -13762.50
20200103 -13762.50
20200106 -13762.50
20200107 -13762.50
20200108 -13762.50
20200109 -13762.50
20200110 -13762.50
20200113 -13762.50
20200114 -13762.50
20200115 -13762.50
20200116 -13762.50
20200117 -13762.50
20200121 -13762.50
20200122 -13762.50
20200123 -13762.50
20200124 -13762.50
20200127 -13762.50
20200128 -13762.50
20200129 -13762.50
20200130 -13762.50
20200131 -13762.50
20200203 -13762.50
20200204 -13762.50
20200205 -13762.50
20200206 -13762.50
20200207 -13762.50
20200210 -13762.50
20200211 -13762.50
20200212 -13762.50
20200213 -13762.50
20200214 -13762.50
20200218 -13762.50
20200219 -13762.50
20200220 -13762.50
20200221 -13762.50
20200224 -13762.50
20200225 -13737.50
20200226 -13637.50
20200227 -13312.50
20200228 -13325.00
20200302 -13687.50
20200303 -13975.00
20200304 -14162.50
20200305 -14212.50
20200306 -14212.50
20200309 -14212.50
20200310 -14350.00
20200311 -14200.00
20200312 -13762.50
20200313 -13762.50
20200316 -13212.50
20200317 -12675.00
20200318 -12237.50
20200319 -12750.00
20200320 -12662.50
20200323 -12650.00
20200324 -12837.50
20200325 -12900.00
20200326 -12912.50
20200327 -12775.00
20200330 -12537.50
20200331 -12512.50
20200401 -12212.50
20200402 -12150.00
20200403 -12012.50
20200406 -11862.50
20200407 -12050.00
20200408 -11975.00
20200409 -12062.50
20200413 -12050.00
20200414 -11775.00
20200415 -11437.50
20200416 -11462.50
20200417 -11587.50
20200420 -11187.50
20200421 -10937.50
20200422 -11350.00
20200423 -11437.50
20200424 -11262.50
20200427 -10750.00
20200428 -10687.50
20200429 -10812.50
20200430 -11087.50
20200501 -11012.50
20200504 -10862.50
20200505 -10937.50
20200506 -10800.00
20200507 -10987.50
20200508 -11050.00
20200511 -11012.50
20200512 -11200.00
20200513 -11000.00
20200514 -10962.50
20200515 -11050.00
20200518 -11125.00
20200519 -11150.00
20200520 -11062.50
20200521 -10975.00
20200522 -10987.50
20200526 -11037.50
20200527 -11112.50
20200528 -11462.50
20200529 -11375.00
20200601 -11250.00
20200602 -11300.00
20200603 -11287.50
20200604 -11537.50
20200605 -11650.00
20200608 -11775.00
20200609 -11462.50
20200610 -11400.00
20200611 -11575.00
20200612 -11587.50
20200615 -11550.00
20200616 -11537.50
20200617 -11600.00
20200618 -11637.50
20200619 -11712.50
20200622 -11500.00
20200623 -11337.50
20200624 -11300.00
20200625 -10950.00
20200626 -10887.50
20200629 -11362.50
20200630 -12000.00
20200701 -12062.50
20200702 -12062.50
20200706 -12062.50
20200707 -12062.50
20200708 -12062.50
20200709 -12062.50
20200710 -12062.50
20200713 -12062.50
20200714 -12062.50
20200715 -12062.50
20200716 -12062.50
20200717 -12062.50
20200720 -12062.50
20200721 -12062.50
20200722 -12062.50
20200723 -12062.50
20200724 -12062.50
20200727 -12062.50
20200728 -12062.50
20200729 -12062.50
20200730 -12062.50
20200731 -12062.50
20200803 -12062.50
20200804 -12062.50
20200805 -12162.50
20200806 -12175.00
20200807 -12000.00
20200810 -12137.50
20200811 -12187.50
20200812 -12337.50
20200813 -12875.00
20200814 -12937.50
20200817 -12937.50
20200818 -12937.50
20200819 -12937.50
20200820 -12937.50
20200821 -12937.50
20200824 -12937.50
20200825 -12937.50
20200826 -12937.50
20200827 -12937.50
20200828 -12937.50
20200831 -12937.50
20200901 -12850.00
20200902 -12812.50
20200903 -13062.50
20200904 -12850.00
20200908 -12662.50
20200909 -12737.50
20200910 -12500.00
20200911 -12325.00
20200914 -12275.00
20200915 -12450.00
20200916 -12162.50
20200917 -11987.50
20200918 -11825.00
20200921 -12262.50
20200922 -12287.50
20200923 -12325.00
20200924 -12575.00
20200925 -12487.50
20200928 -12412.50
20200929 -12512.50
20200930 -11800.00
20201001 -11612.50
20201002 -11762.50
20201005 -11775.00
20201006 -11500.00
20201007 -11312.50
20201008 -11400.00
20201009 -11000.00
20201012 -11300.00
20201013 -11187.50
20201014 -10925.00
20201015 -10562.50
20201016 -10650.00
20201019 -10487.50
20201020 -10312.50
20201021 -10062.50
20201022 -9937.50
20201023 -9787.50
20201026 -9862.50
20201027 -9950.00
20201028 -10675.00
20201029 -10825.00
20201030 -10825.00
20201102 -10875.00
20201103 -10700.00
20201104 -10487.50
20201105 -10287.50
20201106 -10412.50
20201109 -10375.00
20201110 -9600.00
20201111 -9887.50
20201112 -10337.50
20201113 -10225.00
20201116 -9937.50
20201117 -9737.50
20201118 -9462.50
20201119 -9625.00
20201120 -9587.50
20201123 -9425.00
20201124 -9462.50
20201125 -9712.50
20201127 -9400.00
20201130 -9787.50
20201201 -10050.00
20201202 -9900.00
20201203 -9762.50
20201204 -10062.50
20201207 -9887.50
20201208 -10100.00
20201209 -9900.00
20201210 -10025.00
20201211 -9912.50
20201214 -9887.50
20201215 -9850.00
20201216 -9725.00
20201217 -9462.50
20201218 -9212.50
20201221 -9087.50
20201222 -8912.50
20201223 -8725.00
20201224 -8537.50
20201228 -8262.50
20201229 -7787.50
20201230 -7362.50
20201231 -6887.50
20210104 -6900.00
20210105 -6500.00
20210106 -6337.50
20210107 -6387.50
20210108 -6275.00
20210111 -6475.00
20210112 -5225.00
20210113 -4862.50
20210114 -4375.00
20210115 -4512.50
20210119 -4787.50
20210120 -4987.50
20210121 -4875.00
20210122 -6062.50
20210125 -5512.50
20210126 -4475.00
20210127 -4387.50
20210128 -4362.50
20210129 -3737.50
20210201 -3625.00
20210202 -3937.50
20210203 -3487.50
20210204 -3587.50
20210205 -3662.50
20210208 -2900.00
20210209 -3275.00
20210210 -4362.50
20210211 -4037.50
20210212 -4150.00
20210216 -3475.00
20210217 -3437.50
20210218 -3575.00
20210219 -3950.00
20210222 -3537.50
20210223 -3400.00
20210224 -3175.00
20210225 -3537.50
20210226 -3650.00
20210301 -4112.50
20210302 -3775.00
20210303 -4262.50
20210304 -4400.00
20210305 -3750.00
20210308 -3675.00
20210309 -3737.50
20210310 -4325.00
20210311 -4100.00
20210312 -4075.00
20210315 -3550.00
20210316 -3312.50
20210317 -3125.00
20210318 -3700.00
20210319 -3137.50
20210322 -3575.00
20210323 -3462.50
20210324 -3362.50
20210325 -3700.00
20210326 -3400.00
20210329 -3687.50
20210330 -4062.50
20210331 -2812.50
20210401 -3037.50
20210405 -3362.50
20210406 -3312.50
20210407 -3000.00
20210408 -2037.50
20210409 -2162.50
20210412 -2575.00
20210413 -2025.00
20210414 -1325.00
20210415 -1525.00
20210416 -1750.00
20210419 -1425.00
20210420  -700.00
20210421     0.00
20210422     0.00
20210423     0.00
20210426     0.00
20210427     0.00
20210428  -525.00
20210429  -312.50
20210430     0.00
20210503     0.00
20210504     0.00
20210505     0.00
20210506     0.00
20210507     0.00
20210510 -1025.00
20210511  -500.00
20210512  -875.00
20210513 -2875.00
20210514 -4425.00
20210517 -3987.50
20210518 -3700.00
20210519 -3700.00
20210520 -3387.50
20210521 -3637.50
20210524 -3750.00
20210525 -5600.00
20210526 -5387.50
20210527 -3387.50
20210528 -3775.00
20210601 -2175.00
20210602 -2862.50
20210603 -3512.50
20210604 -2475.00
20210607 -2650.00
20210608 -2612.50
20210609 -2075.00
20210610 -1662.50
20210611 -2387.50
20210614 -3650.00
20210615 -3237.50
20210616 -2962.50
20210617 -4962.50
20210618 -3850.00
20210621 -3650.00
20210622 -3625.00
20210623 -3400.00
20210624 -3950.00
20210625 -4787.50
20210628 -3387.50
20210629 -3337.50
20210630 -1337.50
20210701 -1212.50
20210702 -1700.00
20210706 -3700.00
20210707 -4162.50
20210708 -4462.50
20210709 -4825.00
20210712 -4037.50
20210713 -3737.50
20210714 -2887.50
20210715 -3087.50
20210716 -3500.00
20210719 -3500.00
20210720 -2712.50
20210721 -2712.50
20210722 -3075.00
20210723 -3937.50
20210726 -3812.50
20210727 -3700.00
20210728 -3700.00
20210729 -3700.00
20210730 -3700.00
20210802 -3700.00
20210803 -3700.00
20210804 -3700.00
20210805 -3700.00
20210806 -3700.00
20210809 -3700.00
20210810 -3700.00
20210811 -3700.00
20210812 -3700.00
20210813 -3700.00
20210816 -3700.00
20210817 -3700.00
20210818 -3700.00
20210819 -3700.00
20210820 -3700.00
20210823 -3700.00
20210824 -3700.00
20210825 -3700.00
20210826 -3700.00
20210827 -3700.00
20210830 -3700.00
20210831 -3700.00
20210901 -3700.00
20210902 -3700.00
20210903 -3662.50
20210907 -3000.00
20210908 -2975.00
20210909 -2962.50
20210910 -3337.50
20210913 -3125.00
20210914 -3475.00
20210915 -4137.50
20210916 -3937.50
20210917 -3825.00
20210920 -3550.00
20210921 -3312.50
20210922 -3737.50
20210923 -3925.00
20210924 -3800.00
20210927 -4437.50
20210928 -4087.50
20210929 -4412.50
20210930 -4300.00
20211001 -4400.00
20211004 -4400.00
20211005 -4400.00
20211006 -4400.00
20211007 -4400.00
20211008 -4400.00
20211011 -4400.00
20211012 -4400.00
20211013 -4400.00
20211014 -4400.00
20211015 -4400.00
20211018 -4400.00
20211019 -4400.00
20211020 -4400.00
20211021 -4400.00
20211022 -4400.00
20211025 -4400.00
20211026 -4400.00
20211027 -4400.00
20211028 -4400.00
20211029 -4400.00
20211101 -4400.00
20211102 -4662.50
20211103 -5112.50
20211104 -5350.00
20211105 -5662.50
20211108 -5737.50
20211109 -5575.00
20211110 -4850.00
20211111 -4837.50
20211112 -4450.00
20211115 -4487.50
20211116 -4762.50
20211117 -4550.00
20211118 -4662.50
20211119 -4775.00
20211122 -4475.00
20211123 -4287.50
20211124 -4325.00
20211126 -4012.50
20211129 -4487.50
20211130 -5225.00
20211201 -5025.00
20211202 -4762.50
20211203 -4400.00
20211206 -4425.00
20211207 -4300.00
20211208 -4237.50
20211209 -4012.50
20211210 -4100.00
20211213 -4350.00
20211214 -4087.50
20211215 -4312.50
20211216 -4037.50
20211217 -3937.50
20211220 -4050.00
20211221 -3687.50
20211222 -3475.00
20211223 -3312.50
20211227 -2862.50
20211228 -3362.50
20211229 -3325.00
20211230 -3800.00
20211231 -3937.50
20220103 -4137.50
20220104 -3125.00
20220105 -3487.50
20220106 -3412.50
20220107 -3262.50
20220110 -3612.50
20220111 -3550.00
20220112 -3650.00
20220113 -4225.00
20220114 -3787.50
20220118 -3625.00
20220119 -3075.00
20220120 -3050.00
20220121 -2787.50
20220124 -2550.00
20220125 -2600.00
20220126 -2250.00
20220127 -2337.50
20220128 -1800.00
20220131 -2300.00
20220201 -1862.50
20220202 -2475.00
20220203 -2762.50
20220204 -2575.00
20220207 -1837.50
20220208 -1987.50
20220209 -1262.50
20220210 -1512.50
20220211 -1050.00
20220214  -812.50
20220215 -1700.00
20220216 -1250.00
20220217 -1100.00
20220218  -887.50
20220222     0.00
20220223     0.00
20220224     0.00
20220225 -1725.00
20220228     0.00
20220301     0.00
20220302   -37.50
20220303     0.00
20220304     0.00
20220307  -175.00
20220308   -62.50
20220309 -1062.50
20220310     0.00
20220311     0.00
20220314  -712.50
20220315  -225.00
20220316 -1625.00
20220317  -400.00
20220318 -1037.50
20220321  -312.50
20220322  -475.00
20220323  -237.50
20220324  -712.50
20220325  -425.00
20220328  -700.00
20220329 -1812.50
20220330 -1225.00
20220331  -687.50
