Date,CT,
20100104,0,100000
20100105,0,100000
20100106,0,100000
20100107,0,100000
20100108,0,100000
20100111,0,100000
20100112,0,100000
20100113,0,100000
20100114,0,100000
20100115,0,100000
20100119,0,100000
20100120,0,100000
20100121,0,100000
20100122,0,100000
20100125,0,100000
20100126,0,100000
20100127,0,100000
20100128,0,100000
20100129,0,100000
20100201,0,100000
20100202,1,99495.0
20100203,1,99215.0
20100204,1,99630.0
20100205,1,100815.0
20100208,1,99545.0
20100209,1,98045.0
20100210,1,97715.0
20100211,0,97615.0
20100212,0,97615.0
20100216,0,97615.0
20100217,0,97615.0
20100218,0,97615.0
20100219,1,98255.0
20100222,1,98615.0
20100223,1,98650.0
20100224,1,98345.0
20100225,1,99350.0
20100226,1,99995.0
20100301,1,100410.0
20100302,1,99690.0
20100303,1,100250.0
20100304,1,99675.0
20100305,1,99980.0
20100308,1,99785.0
20100309,1,98930.0
20100310,1,98870.0
20100311,1,98150.0
20100312,1,99000.0
20100315,1,99145.0
20100316,1,99685.0
20100317,1,99350.0
20100318,1,99870.0
20100319,1,99855.0
20100322,1,100010.0
20100323,1,100210.0
20100324,1,99470.0
20100325,1,98855.0
20100326,1,98610.0
20100329,1,98980.0
20100330,1,98535.0
20100331,1,99040.0
20100401,1,99515.0
20100405,1,99905.0
20100406,1,99910.0
20100407,1,99255.0
20100408,1,98065.0
20100409,1,97800.0
20100412,1,97830.0
20100413,1,98780.0
20100414,1,98515.0
20100415,1,99030.0
20100416,1,98765.0
20100419,1,98770.0
20100420,1,100270.0
20100421,1,100545.0
20100422,1,100380.0
20100423,1,101070.0
20100426,1,100915.0
20100427,1,100570.0
20100428,1,100420.0
20100429,1,99620.0
20100430,1,100035.0
20100503,1,99585.0
20100504,1,98615.0
20100505,1,99010.0
20100506,1,97895.0
20100507,1,98325.0
20100510,1,98490.0
20100511,1,98235.0
20100512,1,98155.0
20100513,1,98350.0
20100514,1,98330.0
20100517,1,98570.0
20100518,1,99070.0
20100519,1,99610.0
20100520,1,99015.0
20100521,1,99455.0
20100524,1,99095.0
20100525,1,99005.0
20100526,1,98890.0
20100527,1,98610.0
20100528,0,98595.0
20100601,0,98595.0
20100602,0,98595.0
20100603,0,98595.0
20100604,0,98595.0
20100607,1,98515.0
20100608,1,97965.0
20100609,1,96465.0
20100610,1,95870.0
20100611,0,95825.0
20100614,0,95825.0
20100615,0,95825.0
20100616,0,95825.0
20100617,0,95825.0
20100618,0,95825.0
20100621,0,95825.0
20100622,0,95825.0
20100623,0,95825.0
20100624,0,95825.0
20100625,0,95825.0
20100628,0,95825.0
20100629,0,95825.0
20100630,0,95825.0
20100701,0,95825.0
20100702,0,95825.0
20100706,0,95825.0
20100707,1,95770.0
20100708,1,96055.0
20100709,1,95555.0
20100712,1,96155.0
20100713,1,95725.0
20100714,1,96375.0
20100715,1,96315.0
20100716,1,96070.0
20100719,1,96240.0
20100720,1,96545.0
20100721,1,96085.0
20100722,1,95695.0
20100723,1,95380.0
20100726,1,94805.0
20100727,1,94700.0
20100728,1,94895.0
20100729,1,94595.0
20100730,1,93670.0
20100802,0,93570.0
20100803,0,93570.0
20100804,0,93570.0
20100805,0,93570.0
20100806,0,93570.0
20100809,0,93570.0
20100810,0,93570.0
20100811,0,93570.0
20100812,0,93570.0
20100813,1,93910.0
20100816,1,93830.0
20100817,1,93750.0
20100818,1,93455.0
20100819,1,93890.0
20100820,1,93595.0
20100823,1,93865.0
20100824,1,94430.0
20100825,1,94250.0
20100826,1,94895.0
20100827,1,94855.0
20100830,1,95035.0
20100831,1,94920.0
20100901,1,95525.0
20100902,1,96565.0
20100903,1,96545.0
20100907,1,97410.0
20100908,1,97100.0
20100909,1,97050.0
20100910,1,97465.0
20100913,1,98175.0
20100914,1,99070.0
20100915,1,98630.0
20100916,1,99700.0
20100917,1,100930.0
20100920,1,101505.0
20100921,1,102215.0
20100922,1,101630.0
20100923,1,100405.0
20100924,1,101785.0
20100927,1,103785.0
20100928,1,104440.0
20100929,1,102440.0
20100930,1,102780.0
20101001,1,100830.0
20101004,1,100735.0
20101005,1,101100.0
20101006,1,101695.0
20101007,1,103695.0
20101008,1,105405.0
20101011,1,107070.0
20101012,1,106610.0
20101013,1,107255.0
20101014,1,109255.0
20101015,1,106755.0
20101018,1,108505.0
20101019,1,106950.0
20101020,1,108950.0
20101021,1,109675.0
20101022,1,111675.0
20101025,1,114175.0
20101026,1,116615.0
20101027,1,113615.0
20101028,1,112660.0
20101029,1,114450.0
20101101,1,116450.0
20101102,1,118950.0
20101103,1,119580.0
20101104,1,122045.0
20101105,1,122935.0
20101108,1,124935.0
20101109,1,127435.0
20101110,1,124645.0
20101111,1,123925.0
20101112,1,121910.0
20101115,1,121920.0
20101116,1,119420.0
20101117,1,116895.0
20101118,1,119395.0
20101119,1,116395.0
20101122,1,113715.0
20101123,1,110715.0
20101124,1,113115.0
20101126,1,110700.0
20101129,1,112700.0
20101130,1,113490.0
20101201,1,115490.0
20101202,1,117990.0
20101203,1,120990.0
20101206,1,120035.0
20101207,1,120005.0
20101208,1,120795.0
20101209,1,122795.0
20101210,1,123305.0
20101213,1,125305.0
20101214,1,127065.0
20101215,1,125890.0
20101216,1,127880.0
20101217,1,129880.0
20101220,1,131880.0
20101221,1,134380.0
20101222,1,131880.0
20101223,1,128880.0
20101227,1,126995.0
20101228,1,126995.0
20101229,1,125035.0
20101230,1,126240.0
20101231,1,127225.0
20110103,1,125920.0
20110104,1,126710.0
20110105,1,127420.0
20110106,1,125430.0
20110107,1,125120.0
20110110,1,126445.0
20110111,1,128445.0
20110112,1,128805.0
20110113,1,126850.0
20110114,1,125540.0
20110118,1,127540.0
20110119,1,129290.0
20110120,1,131290.0
20110121,1,133290.0
20110124,1,135790.0
20110125,1,135735.0
20110126,1,138235.0
20110127,1,139515.0
20110128,1,137195.0
20110131,1,139040.0
20110201,1,140930.0
20110202,1,142930.0
20110203,1,140750.0
20110204,1,138750.0
20110207,1,142075.0
20110208,1,142465.0
20110209,1,145110.0
20110210,1,148610.0
20110211,1,149805.0
20110214,1,147845.0
20110215,1,150280.0
20110216,1,153780.0
20110217,1,157280.0
20110218,1,153780.0
20110222,1,150280.0
20110223,1,148430.0
20110224,1,144930.0
20110225,1,148430.0
20110228,1,151930.0
20110301,1,153115.0
20110302,1,156615.0
20110303,1,159165.0
20110304,1,162665.0
20110307,1,163385.0
20110308,1,159885.0
20110309,1,158520.0
20110310,1,156805.0
20110311,1,158785.0
20110314,1,155285.0
20110315,1,151785.0
20110316,1,148875.0
20110317,1,152375.0
20110318,1,155875.0
20110321,1,155795.0
20110322,1,159295.0
20110323,1,157250.0
20110324,1,160725.0
20110325,1,158560.0
20110328,1,155060.0
20110329,1,153755.0
20110330,1,153150.0
20110331,1,156430.0
20110401,1,154090.0
20110404,1,154090.0
20110405,1,156845.0
20110406,1,160345.0
20110407,1,160425.0
20110408,1,157800.0
20110411,1,158605.0
20110412,1,156180.0
20110413,1,154990.0
20110414,1,154335.0
20110415,1,154035.0
20110418,1,154415.0
20110419,1,150915.0
20110420,1,148865.0
20110421,1,149090.0
20110425,1,148530.0
20110426,1,145530.0
20110427,0,145235.0
20110428,0,145235.0
20110429,0,145235.0
20110502,0,145235.0
20110503,0,145235.0
20110504,0,145235.0
20110505,0,145235.0
20110506,0,145235.0
20110509,0,145235.0
20110510,0,145235.0
20110511,0,145235.0
20110512,0,145235.0
20110513,0,145235.0
20110516,0,145235.0
20110517,0,145235.0
20110518,0,145235.0
20110519,0,145235.0
20110520,0,145235.0
20110523,0,145235.0
20110524,0,145235.0
20110525,0,145235.0
20110526,0,145235.0
20110527,0,145235.0
20110531,0,145235.0
20110601,0,145235.0
20110602,0,145235.0
20110603,0,145235.0
20110606,0,145235.0
20110607,0,145235.0
20110608,0,145235.0
20110609,0,145235.0
20110610,0,145235.0
20110613,0,145235.0
20110614,0,145235.0
20110615,0,145235.0
20110616,0,145235.0
20110617,0,145235.0
20110620,0,145235.0
20110621,0,145235.0
20110622,0,145235.0
20110623,0,145235.0
20110624,0,145235.0
20110627,0,145235.0
20110628,0,145235.0
20110629,0,145235.0
20110630,0,145235.0
20110701,0,145235.0
20110705,0,145235.0
20110706,0,145235.0
20110707,0,145235.0
20110708,0,145235.0
20110711,0,145235.0
20110712,0,145235.0
20110713,0,145235.0
20110714,0,145235.0
20110715,0,145235.0
20110718,1,145285.0
20110719,1,143285.0
20110720,1,143330.0
20110721,1,144390.0
20110722,1,144385.0
20110725,1,145325.0
20110726,1,143325.0
20110727,1,141900.0
20110728,1,142420.0
20110729,1,142820.0
20110801,1,141180.0
20110802,1,140280.0
20110803,1,141625.0
20110804,1,141245.0
20110805,1,142915.0
20110808,1,144845.0
20110809,1,145805.0
20110810,1,144805.0
20110811,1,145445.0
20110812,1,143445.0
20110815,1,141685.0
20110816,1,141780.0
20110817,1,139795.0
20110818,1,140230.0
20110819,1,140595.0
20110822,1,140480.0
20110823,1,141085.0
20110824,1,141210.0
20110825,1,142210.0
20110826,1,141545.0
20110829,1,141245.0
20110830,1,140995.0
20110831,1,140800.0
20110901,1,140815.0
20110902,1,140760.0
20110906,1,140535.0
20110907,1,138535.0
20110908,1,136890.0
20110909,0,136755.0
20110912,0,136755.0
20110913,0,136755.0
20110914,0,136755.0
20110915,0,136755.0
20110916,0,136755.0
20110919,0,136755.0
20110920,0,136755.0
20110921,0,136755.0
20110922,0,136755.0
20110923,0,136755.0
20110926,0,136755.0
20110927,0,136755.0
20110928,0,136755.0
20110929,0,136755.0
20110930,0,136755.0
20111003,0,136755.0
20111004,0,136755.0
20111005,0,136755.0
20111006,0,136755.0
20111007,0,136755.0
20111010,0,136755.0
20111011,0,136755.0
20111012,0,136755.0
20111013,0,136755.0
20111014,0,136755.0
20111017,0,136755.0
20111018,0,136755.0
20111019,0,136755.0
20111020,0,136755.0
20111021,0,136755.0
20111024,0,136755.0
20111025,0,136755.0
20111026,0,136755.0
20111027,0,136755.0
20111028,0,136755.0
20111031,0,136755.0
20111101,0,136755.0
20111102,0,136755.0
20111103,0,136755.0
20111104,0,136755.0
20111107,0,136755.0
20111108,0,136755.0
20111109,0,136755.0
20111110,0,136755.0
20111111,0,136755.0
20111114,0,136755.0
20111115,0,136755.0
20111116,0,136755.0
20111117,0,136755.0
20111118,0,136755.0
20111121,0,136755.0
20111122,1,136575.0
20111123,1,136680.0
20111125,1,136700.0
20111128,1,136460.0
20111129,1,135760.0
20111130,1,136680.0
20111201,1,136485.0
20111202,1,136215.0
20111205,1,136025.0
20111206,1,135230.0
20111207,1,135980.0
20111208,1,136110.0
20111209,1,136920.0
20111212,1,138555.0
20111213,1,138480.0
20111214,1,139575.0
20111215,1,138990.0
20111216,1,138990.0
20111219,1,138590.0
20111220,1,138735.0
20111221,1,138715.0
20111222,1,138515.0
20111223,1,138515.0
20111227,1,138180.0
20111228,1,136795.0
20111229,1,136320.0
20111230,1,136235.0
20120103,1,134235.0
20120104,1,134175.0
20120105,0,134340.0
20120106,0,134340.0
20120109,0,134340.0
20120110,0,134340.0
20120111,0,134340.0
20120112,0,134340.0
20120113,0,134340.0
20120117,0,134340.0
20120118,0,134340.0
20120119,0,134340.0
20120120,0,134340.0
20120123,0,134340.0
20120124,0,134340.0
20120125,0,134340.0
20120126,0,134340.0
20120127,0,134340.0
20120130,0,134340.0
20120131,0,134340.0
20120201,0,134340.0
20120202,0,134340.0
20120203,0,134340.0
20120206,0,134340.0
20120207,0,134340.0
20120208,0,134340.0
20120209,0,134340.0
20120210,0,134340.0
20120213,0,134340.0
20120214,0,134340.0
20120215,0,134340.0
20120216,0,134340.0
20120217,0,134340.0
20120221,0,134340.0
20120222,0,134340.0
20120223,0,134340.0
20120224,0,134340.0
20120227,0,134340.0
20120228,0,134340.0
20120229,0,134340.0
20120301,0,134340.0
20120302,0,134340.0
20120305,0,134340.0
20120306,0,134340.0
20120307,0,134340.0
20120308,0,134340.0
20120309,0,134340.0
20120312,0,134340.0
20120313,0,134340.0
20120314,0,134340.0
20120315,0,134340.0
20120316,0,134340.0
20120319,0,134340.0
20120320,0,134340.0
20120321,0,134340.0
20120322,0,134340.0
20120323,0,134340.0
20120326,0,134340.0
20120327,0,134340.0
20120328,0,134340.0
20120329,0,134340.0
20120330,0,134340.0
20120402,0,134340.0
20120403,0,134340.0
20120404,0,134340.0
20120405,0,134340.0
20120409,0,134340.0
20120410,0,134340.0
20120411,0,134340.0
20120412,0,134340.0
20120413,0,134340.0
20120416,0,134340.0
20120417,0,134340.0
20120418,0,134340.0
20120419,0,134340.0
20120420,0,134340.0
20120423,0,134340.0
20120424,0,134340.0
20120425,0,134340.0
20120426,0,134340.0
20120427,0,134340.0
20120430,0,134340.0
20120501,0,134340.0
20120502,0,134340.0
20120503,0,134340.0
20120504,0,134340.0
20120507,0,134340.0
20120508,0,134340.0
20120509,0,134340.0
20120510,0,134340.0
20120511,1,135605.0
20120514,1,135680.0
20120515,1,135510.0
20120516,1,136605.0
20120517,1,136765.0
20120518,1,136095.0
20120521,1,136330.0
20120522,1,137830.0
20120523,1,139335.0
20120524,1,138120.0
20120525,1,138280.0
20120529,1,138690.0
20120530,1,139635.0
20120531,1,139315.0
20120601,1,140795.0
20120604,1,140825.0
20120605,1,141645.0
20120606,1,140145.0
20120607,1,138145.0
20120608,1,138640.0
20120611,1,137545.0
20120612,1,137305.0
20120613,1,137545.0
20120614,1,136045.0
20120615,1,135835.0
20120618,1,135415.0
20120619,1,134130.0
20120620,1,134990.0
20120621,1,137490.0
20120622,1,136785.0
20120625,1,136320.0
20120626,1,137245.0
20120627,1,137365.0
20120628,1,136590.0
20120629,1,135680.0
20120702,1,135335.0
20120703,1,135045.0
20120705,1,136055.0
20120706,1,136035.0
20120709,1,136000.0
20120710,1,135985.0
20120711,1,135835.0
20120712,1,136380.0
20120713,1,135015.0
20120716,1,134695.0
20120717,1,135820.0
20120718,1,135380.0
20120719,1,135030.0
20120720,1,134875.0
20120723,1,135250.0
20120724,1,135830.0
20120725,1,136590.0
20120726,1,135650.0
20120727,1,135620.0
20120730,1,135780.0
20120731,1,135675.0
20120801,1,136065.0
20120802,1,135860.0
20120803,1,134375.0
20120806,0,134350.0
20120807,0,134350.0
20120808,0,134350.0
20120809,0,134350.0
20120810,0,134350.0
20120813,0,134350.0
20120814,0,134350.0
20120815,0,134350.0
20120816,0,134350.0
20120817,0,134350.0
20120820,0,134350.0
20120821,0,134350.0
20120822,0,134350.0
20120823,0,134350.0
20120824,0,134350.0
20120827,0,134350.0
20120828,0,134350.0
20120829,0,134350.0
20120830,0,134350.0
20120831,0,134350.0
20120904,0,134350.0
20120905,0,134350.0
20120906,0,134350.0
20120907,0,134350.0
20120910,0,134350.0
20120911,0,134350.0
20120912,0,134350.0
20120913,0,134350.0
20120914,0,134350.0
20120917,0,134350.0
20120918,0,134350.0
20120919,0,134350.0
20120920,0,134350.0
20120921,0,134350.0
20120924,0,134350.0
20120925,0,134350.0
20120926,0,134350.0
20120927,0,134350.0
20120928,0,134350.0
20121001,0,134350.0
20121002,0,134350.0
20121003,0,134350.0
20121004,0,134350.0
20121005,0,134350.0
20121008,0,134350.0
20121009,0,134350.0
20121010,0,134350.0
20121011,0,134350.0
20121012,0,134350.0
20121015,0,134350.0
20121016,0,134350.0
20121017,0,134350.0
20121018,1,134160.0
20121019,1,133740.0
20121022,1,133765.0
20121023,1,132435.0
20121024,1,131635.0
20121025,0,131390.0
20121026,0,131390.0
20121029,0,131390.0
20121030,0,131390.0
20121031,0,131390.0
20121101,0,131390.0
20121102,0,131390.0
20121105,0,131390.0
20121106,0,131390.0
20121107,0,131390.0
20121108,0,131390.0
20121109,0,131390.0
20121112,0,131390.0
20121113,0,131390.0
20121114,0,131390.0
20121115,0,131390.0
20121116,0,131390.0
20121119,0,131390.0
20121120,0,131390.0
20121121,0,131390.0
20121123,0,131390.0
20121126,0,131390.0
20121127,0,131390.0
20121128,0,131390.0
20121129,0,131390.0
20121130,0,131390.0
20121203,0,131390.0
20121204,0,131390.0
20121205,0,131390.0
20121206,0,131390.0
20121207,0,131390.0
20121210,0,131390.0
20121211,0,131390.0
20121212,0,131390.0
20121213,0,131390.0
20121214,0,131390.0
20121217,0,131390.0
20121218,0,131390.0
20121219,0,131390.0
20121220,0,131390.0
20121221,0,131390.0
20121224,0,131390.0
20121226,0,131390.0
20121227,0,131390.0
20121228,0,131390.0
20121231,0,131390.0
20130102,0,131390.0
20130103,0,131390.0
20130104,0,131390.0
20130107,0,131390.0
20130108,0,131390.0
20130109,0,131390.0
20130110,0,131390.0
20130111,0,131390.0
20130114,0,131390.0
20130115,0,131390.0
20130116,0,131390.0
20130117,1,131645.0
20130118,1,132030.0
20130122,1,132720.0
20130123,1,132995.0
20130124,1,134200.0
20130125,1,133015.0
20130128,1,133280.0
20130129,1,133950.0
20130130,1,134235.0
20130131,1,134230.0
20130201,1,134245.0
20130204,1,133625.0
20130205,1,133510.0
20130206,1,133615.0
20130207,1,133455.0
20130208,1,134090.0
20130211,1,134215.0
20130212,1,133660.0
20130213,1,133165.0
20130214,1,133265.0
20130215,1,133465.0
20130219,1,133935.0
20130220,1,134100.0
20130221,1,133485.0
20130222,1,133440.0
20130225,1,132730.0
20130226,1,132785.0
20130227,1,134060.0
20130228,1,134515.0
20130301,1,134570.0
20130304,1,135000.0
20130305,1,135360.0
20130306,1,135490.0
20130307,1,135120.0
20130308,1,135310.0
20130311,1,135230.0
20130312,1,135535.0
20130313,1,136175.0
20130314,1,137300.0
20130315,1,138120.0
20130318,1,137285.0
20130319,1,137380.0
20130320,1,136420.0
20130321,1,135970.0
20130322,1,135515.0
20130325,1,135165.0
20130326,1,135890.0
20130327,1,136135.0
20130328,1,136100.0
20130401,1,135565.0
20130402,1,136305.0
20130403,1,136480.0
20130404,1,136035.0
20130405,1,135265.0
20130408,1,134560.0
20130409,1,134190.0
20130410,1,134555.0
20130411,1,134200.0
20130412,1,134660.0
20130415,1,133910.0
20130416,1,133560.0
20130417,0,133395.0
20130418,0,133395.0
20130419,0,133395.0
20130422,0,133395.0
20130423,0,133395.0
20130424,0,133395.0
20130425,0,133395.0
20130426,0,133395.0
20130429,0,133395.0
20130430,0,133395.0
20130501,0,133395.0
20130502,0,133395.0
20130503,0,133395.0
20130506,0,133395.0
20130507,0,133395.0
20130508,0,133395.0
20130509,0,133395.0
20130510,0,133395.0
20130513,0,133395.0
20130514,0,133395.0
20130515,0,133395.0
20130516,0,133395.0
20130517,0,133395.0
20130520,0,133395.0
20130521,0,133395.0
20130522,0,133395.0
20130523,0,133395.0
20130524,1,133400.0
20130528,1,133435.0
20130529,1,133795.0
20130530,1,134080.0
20130531,1,134465.0
20130603,1,132965.0
20130604,1,131865.0
20130605,1,132385.0
20130606,1,131710.0
20130607,1,131715.0
20130610,1,130820.0
20130611,0,130645.0
20130612,0,130645.0
20130613,0,130645.0
20130614,0,130645.0
20130617,0,130645.0
20130618,0,130645.0
20130619,0,130645.0
20130620,0,130645.0
20130621,0,130645.0
20130624,0,130645.0
20130625,0,130645.0
20130626,0,130645.0
20130627,0,130645.0
20130628,0,130645.0
20130701,0,130645.0
20130702,0,130645.0
20130703,0,130645.0
20130705,0,130645.0
20130708,0,130645.0
20130709,0,130645.0
20130710,0,130645.0
20130711,0,130645.0
20130712,0,130645.0
20130715,0,130645.0
20130716,0,130645.0
20130717,0,130645.0
20130718,0,130645.0
20130719,0,130645.0
20130722,0,130645.0
20130723,0,130645.0
20130724,0,130645.0
20130725,0,130645.0
20130726,0,130645.0
20130729,0,130645.0
20130730,0,130645.0
20130731,0,130645.0
20130801,0,130645.0
20130802,0,130645.0
20130805,0,130645.0
20130806,0,130645.0
20130807,0,130645.0
20130808,0,130645.0
20130809,1,130485.0
20130812,1,131060.0
20130813,1,131880.0
20130814,1,131795.0
20130815,1,131915.0
20130816,1,132680.0
20130819,1,132450.0
20130820,1,130450.0
20130821,1,128140.0
20130822,0,128070.0
20130823,0,128070.0
20130826,0,128070.0
20130827,0,128070.0
20130828,0,128070.0
20130829,0,128070.0
20130830,0,128070.0
20130903,0,128070.0
20130904,0,128070.0
20130905,0,128070.0
20130906,0,128070.0
20130909,0,128070.0
20130910,0,128070.0
20130911,0,128070.0
20130912,0,128070.0
20130913,0,128070.0
20130916,0,128070.0
20130917,0,128070.0
20130918,0,128070.0
20130919,0,128070.0
20130920,0,128070.0
20130923,0,128070.0
20130924,0,128070.0
20130925,0,128070.0
20130926,0,128070.0
20130927,0,128070.0
20130930,0,128070.0
20131001,0,128070.0
20131002,0,128070.0
20131003,0,128070.0
20131004,0,128070.0
20131007,0,128070.0
20131008,0,128070.0
20131009,0,128070.0
20131010,0,128070.0
20131011,0,128070.0
20131014,0,128070.0
20131015,0,128070.0
20131016,0,128070.0
20131017,0,128070.0
20131018,0,128070.0
20131021,0,128070.0
20131022,0,128070.0
20131023,0,128070.0
20131024,0,128070.0
20131025,1,128135.0
20131028,1,128350.0
20131029,1,128505.0
20131030,1,128755.0
20131031,1,129085.0
20131101,1,129385.0
20131104,1,129700.0
20131105,1,129705.0
20131106,1,129140.0
20131107,1,129295.0
20131108,1,129235.0
20131111,1,129190.0
20131112,1,128735.0
20131113,1,128690.0
20131114,1,129415.0
20131115,1,129045.0
20131118,1,129290.0
20131119,1,129365.0
20131120,1,129075.0
20131121,1,128970.0
20131122,1,129530.0
20131125,1,128915.0
20131126,1,128575.0
20131127,1,128925.0
20131129,1,128470.0
20131202,1,128835.0
20131203,1,128840.0
20131204,1,128620.0
20131205,1,128720.0
20131206,1,127940.0
20131209,1,127965.0
20131210,1,127800.0
20131211,1,126900.0
20131212,0,126920.0
20131213,0,126920.0
20131216,0,126920.0
20131217,0,126920.0
20131218,0,126920.0
20131219,0,126920.0
20131220,0,126920.0
20131223,0,126920.0
20131224,0,126920.0
20131226,0,126920.0
20131227,0,126920.0
20131230,0,126920.0
20131231,0,126920.0
20140102,0,126920.0
20140103,0,126920.0
20140106,0,126920.0
20140107,0,126920.0
20140108,0,126920.0
20140109,0,126920.0
20140110,0,126920.0
20140113,0,126920.0
20140114,0,126920.0
20140115,0,126920.0
20140116,0,126920.0
20140117,0,126920.0
20140121,0,126920.0
20140122,0,126920.0
20140123,0,126920.0
20140124,0,126920.0
20140127,0,126920.0
20140128,0,126920.0
20140129,0,126920.0
20140130,0,126920.0
20140131,0,126920.0
20140203,0,126920.0
20140204,0,126920.0
20140205,0,126920.0
20140206,0,126920.0
20140207,0,126920.0
20140210,0,126920.0
20140211,1,127585.0
20140212,1,127435.0
20140213,1,127050.0
20140214,1,127025.0
20140218,1,127245.0
20140219,1,126460.0
20140220,1,126330.0
20140221,1,126680.0
20140224,1,127155.0
20140225,1,126180.0
20140226,1,125690.0
20140227,1,126410.0
20140228,1,126075.0
20140303,1,126670.0
20140304,1,127115.0
20140305,1,126810.0
20140306,1,128310.0
20140307,1,128140.0
20140310,1,128285.0
20140311,1,128330.0
20140312,1,128605.0
20140313,1,128345.0
20140314,1,128600.0
20140317,1,128520.0
20140318,1,128970.0
20140319,1,128815.0
20140320,1,128595.0
20140321,1,129160.0
20140324,1,127820.0
20140325,1,129560.0
20140326,1,128335.0
20140327,1,128785.0
20140328,1,129375.0
20140331,1,129265.0
20140401,1,128540.0
20140402,1,128260.0
20140403,1,127995.0
20140404,1,128705.0
20140407,1,127815.0
20140408,1,128400.0
20140409,1,127725.0
20140410,1,127015.0
20140411,1,127015.0
20140414,1,127960.0
20140415,1,127465.0
20140416,1,128105.0
20140417,1,127990.0
20140421,1,127925.0
20140422,1,128445.0
20140423,1,128140.0
20140424,1,128420.0
20140425,1,128445.0
20140428,1,127935.0
20140429,1,128850.0
20140430,1,128965.0
20140501,1,128920.0
20140502,1,128980.0
20140505,1,129195.0
20140506,1,128810.0
20140507,1,128095.0
20140508,1,128345.0
20140509,1,128000.0
20140512,1,127470.0
20140513,0,127370.0
20140514,0,127370.0
20140515,0,127370.0
20140516,0,127370.0
20140519,0,127370.0
20140520,0,127370.0
20140521,0,127370.0
20140522,0,127370.0
20140523,0,127370.0
20140527,1,128135.0
20140528,1,128185.0
20140529,1,127545.0
20140530,1,127485.0
20140602,1,127380.0
20140603,1,126940.0
20140604,1,127580.0
20140605,1,127870.0
20140606,1,128230.0
20140609,1,128345.0
20140610,1,127470.0
20140611,1,127865.0
20140612,1,127810.0
20140613,1,127130.0
20140616,1,127445.0
20140617,1,127845.0
20140618,1,127410.0
20140619,1,127440.0
20140620,1,127465.0
20140623,1,127165.0
20140624,1,127760.0
20140625,1,128375.0
20140626,1,128690.0
20140627,1,128580.0
20140630,1,129250.0
20140701,1,129305.0
20140702,1,129770.0
20140703,1,129975.0
20140707,1,130900.0
20140708,1,130955.0
20140709,1,131170.0
20140710,1,131730.0
20140711,1,131945.0
20140714,1,131855.0
20140715,1,132130.0
20140716,1,132185.0
20140717,1,132180.0
20140718,1,132135.0
20140721,1,132160.0
20140722,1,132050.0
20140723,1,131965.0
20140724,1,132980.0
20140725,1,133330.0
20140728,1,133065.0
20140729,1,133500.0
20140730,1,134005.0
20140731,1,134570.0
20140801,1,134370.0
20140804,1,133885.0
20140805,1,134135.0
20140806,1,133830.0
20140807,1,133995.0
20140808,1,133900.0
20140811,1,133805.0
20140812,1,134320.0
20140813,1,133645.0
20140814,1,133670.0
20140815,1,133830.0
20140818,1,134085.0
20140819,1,133925.0
20140820,1,133100.0
20140821,1,133045.0
20140822,1,132915.0
20140825,1,132930.0
20140826,1,132560.0
20140827,1,132275.0
20140828,1,132715.0
20140829,1,132720.0
20140902,1,133350.0
20140903,1,133025.0
20140904,1,133280.0
20140905,1,133850.0
20140908,1,133480.0
20140909,1,133110.0
20140910,1,132435.0
20140911,1,131960.0
20140912,1,132005.0
20140915,1,133085.0
20140916,1,133230.0
20140917,1,133165.0
20140918,1,133480.0
20140919,1,133810.0
20140922,1,134710.0
20140923,1,134590.0
20140924,1,135220.0
20140925,1,135305.0
20140926,1,135060.0
20140929,1,135270.0
20140930,1,135320.0
20141001,1,134925.0
20141002,1,135080.0
20141003,1,134770.0
20141006,1,133815.0
20141007,1,133400.0
20141008,1,133560.0
20141009,1,134035.0
20141010,1,133955.0
20141013,1,133495.0
20141014,1,133925.0
20141015,1,134150.0
20141016,1,134225.0
20141017,1,134505.0
20141020,1,134860.0
20141021,1,134610.0
20141022,1,134665.0
20141023,1,134485.0
20141024,1,134100.0
20141027,1,134170.0
20141028,1,133770.0
20141029,1,133330.0
20141030,0,133235.0
20141031,0,133235.0
20141103,0,133235.0
20141104,0,133235.0
20141105,0,133235.0
20141106,0,133235.0
20141107,0,133235.0
20141110,0,133235.0
20141111,0,133235.0
20141112,0,133235.0
20141113,0,133235.0
20141114,1,133215.0
20141117,1,133480.0
20141118,1,133100.0
20141119,1,133480.0
20141120,1,133600.0
20141121,1,133270.0
20141124,1,133625.0
20141125,1,133375.0
20141126,1,133015.0
20141128,1,132990.0
20141201,1,133440.0
20141202,1,133340.0
20141203,1,133210.0
20141204,1,132820.0
20141205,1,133210.0
20141208,1,133375.0
20141209,1,133090.0
20141210,1,133245.0
20141211,1,132790.0
20141212,1,132760.0
20141215,1,132705.0
20141216,1,133140.0
20141217,1,132705.0
20141218,1,132620.0
20141219,1,132585.0
20141222,1,132010.0
20141223,1,132120.0
20141224,0,132100.0
20141226,0,132100.0
20141229,0,132100.0
20141230,0,132100.0
20141231,0,132100.0
20150102,0,132100.0
20150105,0,132100.0
20150106,0,132100.0
20150107,0,132100.0
20150108,0,132100.0
20150109,0,132100.0
20150112,0,132100.0
20150113,0,132100.0
20150114,0,132100.0
20150115,0,132100.0
20150116,0,132100.0
20150120,0,132100.0
20150121,0,132100.0
20150122,0,132100.0
20150123,0,132100.0
20150126,1,131490.0
20150127,1,131410.0
20150128,1,131080.0
20150129,1,131015.0
20150130,1,131120.0
20150202,1,130855.0
20150203,1,130075.0
20150204,0,129960.0
20150205,0,129960.0
20150206,0,129960.0
20150209,0,129960.0
20150210,0,129960.0
20150211,0,129960.0
20150212,0,129960.0
20150213,0,129960.0
20150217,0,129960.0
20150218,0,129960.0
20150219,1,129655.0
20150220,1,129640.0
20150223,1,129410.0
20150224,1,129765.0
20150225,1,130085.0
20150226,1,129915.0
20150227,1,129775.0
20150302,1,129735.0
20150303,1,129125.0
20150304,1,129110.0
20150305,1,128925.0
20150306,1,128795.0
20150309,1,128435.0
20150310,1,127745.0
20150311,0,127735.0
20150312,0,127735.0
20150313,0,127735.0
20150316,0,127735.0
20150317,0,127735.0
20150318,0,127735.0
20150319,0,127735.0
20150320,0,127735.0
20150323,0,127735.0
20150324,0,127735.0
20150325,0,127735.0
20150326,0,127735.0
20150327,0,127735.0
20150330,0,127735.0
20150331,0,127735.0
20150401,0,127735.0
20150402,0,127735.0
20150406,0,127735.0
20150407,0,127735.0
20150408,1,127890.0
20150409,1,127635.0
20150410,1,127055.0
20150413,1,127090.0
20150414,1,126870.0
20150415,1,126820.0
20150416,1,126610.0
20150417,1,125965.0
20150420,1,126015.0
20150421,1,125815.0
20150422,0,125680.0
20150423,0,125680.0
20150424,0,125680.0
20150427,0,125680.0
20150428,1,125690.0
20150429,1,126040.0
20150430,1,126435.0
20150501,1,125800.0
20150504,1,125830.0
20150505,1,125870.0
20150506,1,125425.0
20150507,1,125260.0
20150508,1,125575.0
20150511,1,125190.0
20150512,1,125005.0
20150513,1,125380.0
20150514,1,125760.0
20150515,1,125915.0
20150518,1,124955.0
20150519,1,124670.0
20150520,0,124480.0
20150521,0,124480.0
20150522,0,124480.0
20150526,0,124480.0
20150527,0,124480.0
20150528,0,124480.0
20150529,0,124480.0
20150601,0,124480.0
20150602,0,124480.0
20150603,0,124480.0
20150604,0,124480.0
20150605,0,124480.0
20150608,0,124480.0
20150609,0,124480.0
20150610,0,124480.0
20150611,0,124480.0
20150612,0,124480.0
20150615,0,124480.0
20150616,0,124480.0
20150617,0,124480.0
20150618,0,124480.0
20150619,0,124480.0
20150622,0,124480.0
20150623,0,124480.0
20150624,0,124480.0
20150625,0,124480.0
20150626,0,124480.0
20150629,0,124480.0
20150630,0,124480.0
20150701,0,124480.0
20150702,0,124480.0
20150706,0,124480.0
20150707,0,124480.0
20150708,0,124480.0
20150709,0,124480.0
20150710,0,124480.0
20150713,0,124480.0
20150714,0,124480.0
20150715,0,124480.0
20150716,0,124480.0
20150717,0,124480.0
20150720,0,124480.0
20150721,0,124480.0
20150722,0,124480.0
20150723,0,124480.0
20150724,0,124480.0
20150727,0,124480.0
20150728,0,124480.0
20150729,0,124480.0
20150730,0,124480.0
20150731,0,124480.0
20150803,0,124480.0
20150804,0,124480.0
20150805,0,124480.0
20150806,0,124480.0
20150807,1,124830.0
20150810,1,124745.0
20150811,1,124815.0
20150812,1,123380.0
20150813,1,122830.0
20150814,0,122735.0
20150817,0,122735.0
20150818,0,122735.0
20150819,0,122735.0
20150820,0,122735.0
20150821,0,122735.0
20150824,0,122735.0
20150825,0,122735.0
20150826,0,122735.0
20150827,0,122735.0
20150828,0,122735.0
20150831,0,122735.0
20150901,0,122735.0
20150902,0,122735.0
20150903,0,122735.0
20150904,0,122735.0
20150908,0,122735.0
20150909,0,122735.0
20150910,0,122735.0
20150911,0,122735.0
20150914,0,122735.0
20150915,0,122735.0
20150916,0,122735.0
20150917,0,122735.0
20150918,0,122735.0
20150921,1,122575.0
20150922,1,122970.0
20150923,1,122985.0
20150924,1,122815.0
20150925,1,122650.0
20150928,1,122595.0
20150929,1,122470.0
20150930,1,122750.0
20151001,1,122670.0
20151002,1,122900.0
20151005,1,122035.0
20151006,1,121930.0
20151007,1,121945.0
20151008,1,122110.0
20151009,1,122165.0
20151012,1,122125.0
20151013,1,121040.0
20151014,0,120940.0
20151015,0,120940.0
20151016,0,120940.0
20151019,0,120940.0
20151020,0,120940.0
20151021,0,120940.0
20151022,0,120940.0
20151023,0,120940.0
20151026,0,120940.0
20151027,0,120940.0
20151028,0,120940.0
20151029,0,120940.0
20151030,0,120940.0
20151102,0,120940.0
20151103,0,120940.0
20151104,0,120940.0
20151105,0,120940.0
20151106,0,120940.0
20151109,0,120940.0
20151110,0,120940.0
20151111,0,120940.0
20151112,0,120940.0
20151113,0,120940.0
20151116,0,120940.0
20151117,0,120940.0
20151118,0,120940.0
20151119,0,120940.0
20151120,0,120940.0
20151123,0,120940.0
20151124,0,120940.0
20151125,0,120940.0
20151127,0,120940.0
20151130,0,120940.0
20151201,0,120940.0
20151202,0,120940.0
20151203,0,120940.0
20151204,0,120940.0
20151207,0,120940.0
20151208,0,120940.0
20151209,0,120940.0
20151210,0,120940.0
20151211,0,120940.0
20151214,0,120940.0
20151215,0,120940.0
20151216,0,120940.0
20151217,0,120940.0
20151218,0,120940.0
20151221,0,120940.0
20151222,0,120940.0
20151223,0,120940.0
20151224,0,120940.0
20151228,0,120940.0
20151229,0,120940.0
20151230,0,120940.0
20151231,0,120940.0
20160104,0,120940.0
20160105,0,120940.0
20160106,0,120940.0
20160107,0,120940.0
20160108,0,120940.0
20160111,0,120940.0
20160112,0,120940.0
20160113,0,120940.0
20160114,0,120940.0
20160115,0,120940.0
20160119,0,120940.0
20160120,0,120940.0
20160121,0,120940.0
20160122,0,120940.0
20160125,0,120940.0
20160126,0,120940.0
20160127,0,120940.0
20160128,1,120690.0
20160129,1,120805.0
20160201,1,120475.0
20160202,1,120220.0
20160203,1,120400.0
20160204,1,121255.0
20160205,1,121385.0
20160208,1,121570.0
20160209,1,122050.0
20160210,1,121930.0
20160211,1,122160.0
20160212,1,122050.0
20160216,1,121370.0
20160217,1,121465.0
20160218,1,121390.0
20160219,1,121470.0
20160222,1,121895.0
20160223,1,122240.0
20160224,1,122535.0
20160225,1,122360.0
20160226,1,122475.0
20160229,1,122990.0
20160301,1,123185.0
20160302,1,123275.0
20160303,1,123035.0
20160304,1,122685.0
20160307,1,122550.0
20160308,1,122810.0
20160309,1,122945.0
20160310,1,122825.0
20160311,1,122665.0
20160314,1,122095.0
20160315,1,122120.0
20160316,1,122080.0
20160317,1,122060.0
20160318,1,122660.0
20160321,1,122155.0
20160322,1,122055.0
20160323,1,122045.0
20160324,1,122380.0
20160328,1,122340.0
20160329,1,122550.0
20160330,1,122405.0
20160331,1,122020.0
20160401,1,121640.0
20160404,1,121760.0
20160405,1,121790.0
20160406,1,121865.0
20160407,1,121725.0
20160408,1,121205.0
20160411,0,120920.0
20160412,0,120920.0
20160413,0,120920.0
20160414,0,120920.0
20160415,0,120920.0
20160418,0,120920.0
20160419,0,120920.0
20160420,0,120920.0
20160421,1,120840.0
20160422,1,120680.0
20160425,1,120855.0
20160426,1,120750.0
20160427,1,120910.0
20160428,1,120680.0
20160429,1,120720.0
20160502,1,121020.0
20160503,1,120365.0
20160504,1,120225.0
20160505,1,119730.0
20160506,1,119750.0
20160509,1,119500.0
20160510,1,119285.0
20160511,1,119135.0
20160512,1,119200.0
20160513,1,119145.0
20160516,1,119330.0
20160517,1,119935.0
20160518,1,119860.0
20160519,1,119370.0
20160520,1,119670.0
20160523,1,119560.0
20160524,1,120340.0
20160525,1,120285.0
20160526,1,121000.0
20160527,1,120975.0
20160531,1,120805.0
20160601,1,120420.0
20160602,1,120270.0
20160603,1,120795.0
20160606,1,121610.0
20160607,1,121760.0
20160608,1,121725.0
20160609,1,121315.0
20160610,1,121210.0
20160613,1,120730.0
20160614,1,120355.0
20160615,1,120210.0
20160616,1,120865.0
20160617,1,121360.0
20160620,1,121395.0
20160621,1,120595.0
20160622,1,120665.0
20160623,1,121110.0
20160624,1,120610.0
20160627,1,120590.0
20160628,1,121330.0
20160629,1,121325.0
20160630,1,120485.0
20160701,1,120895.0
20160705,1,121005.0
20160706,1,121050.0
20160707,1,120975.0
20160708,1,121305.0
20160711,1,122290.0
20160712,1,123790.0
20160713,1,124975.0
20160714,1,125335.0
20160715,1,125540.0
20160718,1,125375.0
20160719,1,125035.0
20160720,1,124575.0
20160721,1,124885.0
20160722,1,124740.0
20160725,1,124545.0
20160726,1,125375.0
20160727,1,125175.0
20160728,1,124920.0
20160729,1,125420.0
20160801,1,125590.0
20160802,1,125390.0
20160803,1,125545.0
20160804,1,126315.0
20160805,1,126770.0
20160808,1,126425.0
20160809,1,124925.0
20160810,1,124120.0
20160811,1,124330.0
20160812,1,123725.0
20160815,1,122830.0
20160816,1,122700.0
20160817,0,122755.0
20160818,0,122755.0
20160819,0,122755.0
20160822,0,122755.0
20160823,0,122755.0
20160824,0,122755.0
20160825,0,122755.0
20160826,0,122755.0
20160829,0,122755.0
20160830,0,122755.0
20160831,0,122755.0
20160901,0,122755.0
20160902,0,122755.0
20160906,0,122755.0
20160907,0,122755.0
20160908,0,122755.0
20160909,0,122755.0
20160912,0,122755.0
20160913,0,122755.0
20160914,0,122755.0
20160915,0,122755.0
20160916,0,122755.0
20160919,0,122755.0
20160920,0,122755.0
20160921,0,122755.0
20160922,0,122755.0
20160923,0,122755.0
20160926,0,122755.0
20160927,0,122755.0
20160928,0,122755.0
20160929,0,122755.0
20160930,0,122755.0
20161003,0,122755.0
20161004,0,122755.0
20161005,0,122755.0
20161006,0,122755.0
20161007,0,122755.0
20161010,0,122755.0
20161011,0,122755.0
20161012,0,122755.0
20161013,0,122755.0
20161014,0,122755.0
20161017,0,122755.0
20161018,0,122755.0
20161019,0,122755.0
20161020,0,122755.0
20161021,0,122755.0
20161024,0,122755.0
20161025,0,122755.0
20161026,0,122755.0
20161027,0,122755.0
20161028,0,122755.0
20161031,0,122755.0
20161101,0,122755.0
20161102,0,122755.0
20161103,0,122755.0
20161104,0,122755.0
20161107,0,122755.0
20161108,0,122755.0
20161109,0,122755.0
20161110,0,122755.0
20161111,0,122755.0
20161114,0,122755.0
20161115,0,122755.0
20161116,0,122755.0
20161117,0,122755.0
20161118,0,122755.0
20161121,0,122755.0
20161122,0,122755.0
20161123,0,122755.0
20161125,0,122755.0
20161128,0,122755.0
20161129,0,122755.0
20161130,0,122755.0
20161201,0,122755.0
20161202,0,122755.0
20161205,0,122755.0
20161206,0,122755.0
20161207,0,122755.0
20161208,0,122755.0
20161209,0,122755.0
20161212,0,122755.0
20161213,0,122755.0
20161214,0,122755.0
20161215,0,122755.0
20161216,0,122755.0
20161219,0,122755.0
20161220,0,122755.0
20161221,0,122755.0
20161222,0,122755.0
20161223,0,122755.0
20161227,0,122755.0
20161228,0,122755.0
20161229,0,122755.0
20161230,0,122755.0
20170103,0,122755.0
20170104,0,122755.0
20170105,1,122560.0
20170106,1,122665.0
20170109,1,122165.0
20170110,1,122265.0
20170111,1,122240.0
20170112,1,121840.0
20170113,1,121805.0
20170117,1,121725.0
20170118,1,121800.0
20170119,1,122015.0
20170120,1,122190.0
20170123,1,122985.0
20170124,1,122455.0
20170125,1,122610.0
20170126,1,122765.0
20170127,1,123095.0
20170130,1,122740.0
20170131,1,123140.0
20170201,1,123890.0
20170202,1,124125.0
20170203,1,123875.0
20170206,1,123485.0
20170207,1,123215.0
20170208,1,123295.0
20170209,1,123460.0
20170210,1,123580.0
20170213,1,123975.0
20170214,1,123830.0
20170215,1,123495.0
20170216,1,123240.0
20170217,1,122615.0
20170221,1,122685.0
20170222,1,122600.0
20170223,1,122905.0
20170224,1,123140.0
20170227,1,122915.0
20170228,1,123025.0
20170301,1,123785.0
20170302,1,123245.0
20170303,1,123850.0
20170306,1,124410.0
20170307,1,123870.0
20170308,1,123900.0
20170309,1,123765.0
20170310,1,123500.0
20170313,1,123290.0
20170314,1,123430.0
20170315,1,123895.0
20170316,1,123940.0
20170317,1,124035.0
20170320,1,123520.0
20170321,1,123275.0
20170322,1,123525.0
20170323,1,123490.0
20170324,1,123590.0
20170327,1,123325.0
20170328,1,123295.0
20170329,1,122925.0
20170330,1,122970.0
20170331,1,123520.0
20170403,1,122590.0
20170404,0,122470.0
20170405,0,122470.0
20170406,0,122470.0
20170407,0,122470.0
20170410,0,122470.0
20170411,0,122470.0
20170412,0,122470.0
20170413,0,122470.0
20170417,0,122470.0
20170418,0,122470.0
20170419,0,122470.0
20170420,0,122470.0
20170421,0,122470.0
20170424,0,122470.0
20170425,0,122470.0
20170426,0,122470.0
20170427,0,122470.0
20170428,0,122470.0
20170501,0,122470.0
20170502,0,122470.0
20170503,0,122470.0
20170504,0,122470.0
20170505,0,122470.0
20170508,0,122470.0
20170509,0,122470.0
20170510,0,122470.0
20170511,0,122470.0
20170512,0,122470.0
20170515,1,123615.0
20170516,1,121615.0
20170517,1,121040.0
20170518,1,120575.0
20170519,1,120680.0
20170522,1,120150.0
20170523,1,119565.0
20170524,0,119535.0
20170525,0,119535.0
20170526,0,119535.0
20170530,0,119535.0
20170531,0,119535.0
20170601,0,119535.0
20170602,0,119535.0
20170605,0,119535.0
20170606,0,119535.0
20170607,0,119535.0
20170608,0,119535.0
20170609,0,119535.0
20170612,0,119535.0
20170613,0,119535.0
20170614,1,120020.0
20170615,1,120760.0
20170616,1,120815.0
20170619,1,120975.0
20170620,1,121010.0
20170621,1,121410.0
20170622,1,122125.0
20170623,1,121985.0
20170626,1,121880.0
20170627,1,121640.0
20170628,1,121670.0
20170629,1,121875.0
20170630,1,121200.0
20170703,1,121770.0
20170705,1,121665.0
20170706,1,121320.0
20170707,1,121200.0
20170710,1,121850.0
20170711,1,121660.0
20170712,1,121860.0
20170713,1,122310.0
20170714,1,122205.0
20170717,1,121615.0
20170718,1,121385.0
20170719,1,121440.0
20170720,1,121005.0
20170721,1,121285.0
20170724,1,121350.0
20170725,1,121080.0
20170726,1,121295.0
20170727,1,121050.0
20170728,1,121095.0
20170731,1,121065.0
20170801,1,120840.0
20170802,1,120325.0
20170803,1,120415.0
20170804,1,120185.0
20170807,1,120220.0
20170808,1,119930.0
20170809,1,119940.0
20170810,1,121440.0
20170811,1,121370.0
20170814,1,121620.0
20170815,1,121915.0
20170816,1,122085.0
20170817,1,122040.0
20170818,1,121855.0
20170821,1,121715.0
20170822,1,121590.0
20170823,1,121050.0
20170824,1,120580.0
20170825,1,121420.0
20170828,1,120580.0
20170829,1,120505.0
20170830,1,120070.0
20170831,0,120000.0
20170901,0,120000.0
20170905,0,120000.0
20170906,0,120000.0
20170907,0,120000.0
20170908,0,120000.0
20170911,0,120000.0
20170912,0,120000.0
20170913,0,120000.0
20170914,0,120000.0
20170915,0,120000.0
20170918,0,120000.0
20170919,0,120000.0
20170920,0,120000.0
20170921,0,120000.0
20170922,0,120000.0
20170925,0,120000.0
20170926,0,120000.0
20170927,0,120000.0
20170928,0,120000.0
20170929,0,120000.0
20171002,0,120000.0
20171003,0,120000.0
20171004,0,120000.0
20171005,0,120000.0
20171006,0,120000.0
20171009,0,120000.0
20171010,0,120000.0
20171011,0,120000.0
20171012,0,120000.0
20171013,0,120000.0
20171016,0,120000.0
20171017,0,120000.0
20171018,0,120000.0
20171019,0,120000.0
20171020,0,120000.0
20171023,0,120000.0
20171024,0,120000.0
20171025,0,120000.0
20171026,0,120000.0
20171027,0,120000.0
20171030,0,120000.0
20171031,0,120000.0
20171101,0,120000.0
20171102,0,120000.0
20171103,0,120000.0
20171106,0,120000.0
20171107,0,120000.0
20171108,0,120000.0
20171109,0,120000.0
20171110,0,120000.0
20171113,0,120000.0
20171114,0,120000.0
20171115,0,120000.0
20171116,0,120000.0
20171117,0,120000.0
20171120,0,120000.0
20171121,0,120000.0
20171122,0,120000.0
20171124,0,120000.0
20171127,0,120000.0
20171128,0,120000.0
20171129,0,120000.0
20171130,1,119740.0
20171201,1,119975.0
20171204,1,119625.0
20171205,1,119590.0
20171206,1,119695.0
20171207,1,120450.0
20171208,1,120195.0
20171211,1,119835.0
20171212,1,119790.0
20171213,1,120400.0
20171214,1,121000.0
20171215,1,121295.0
20171218,1,120935.0
20171219,1,120850.0
20171220,1,121190.0
20171221,1,122305.0
20171222,1,122270.0
20171226,1,122050.0
20171227,1,122810.0
20171228,1,122735.0
20171229,1,122650.0
20180102,1,122085.0
20180103,1,122390.0
20180104,1,122960.0
20180105,1,122340.0
20180108,1,122405.0
20180109,1,122510.0
20180110,1,123160.0
20180111,1,124660.0
20180112,1,124175.0
20180116,1,124050.0
20180117,1,124405.0
20180118,1,124650.0
20180119,1,125045.0
20180122,1,125040.0
20180123,1,124465.0
20180124,1,124470.0
20180125,1,124275.0
20180126,1,123575.0
20180129,1,122515.0
20180130,1,121850.0
20180131,1,121975.0
20180201,1,122510.0
20180202,1,121985.0
20180205,1,121620.0
20180206,1,121430.0
20180207,1,121315.0
20180208,1,121645.0
20180209,1,121675.0
20180212,1,121560.0
20180213,1,121525.0
20180214,1,121135.0
20180215,1,121035.0
20180216,1,121230.0
20180220,1,122130.0
20180221,1,122845.0
20180222,1,122385.0
20180223,1,123320.0
20180226,1,123725.0
20180227,1,123775.0
20180228,1,124115.0
20180301,1,123555.0
20180302,1,123695.0
20180305,1,125265.0
20180306,1,123865.0
20180307,1,124080.0
20180308,1,125210.0
20180309,1,124910.0
20180312,1,124290.0
20180313,1,124140.0
20180314,1,124370.0
20180315,1,124415.0
20180316,1,124075.0
20180319,1,123265.0
20180320,1,124190.0
20180321,1,123945.0
20180322,1,123725.0
20180323,1,123565.0
20180326,1,123540.0
20180327,1,123660.0
20180328,1,123020.0
20180329,1,123380.0
20180402,1,123135.0
20180403,1,123660.0
20180404,1,122470.0
20180405,0,122300.0
20180406,0,122300.0
20180409,0,122300.0
20180410,0,122300.0
20180411,0,122300.0
20180412,0,122300.0
20180413,0,122300.0
20180416,0,122300.0
20180417,0,122300.0
20180418,0,122300.0
20180419,0,122300.0
20180420,0,122300.0
20180423,0,122300.0
20180424,0,122300.0
20180425,0,122300.0
20180426,0,122300.0
20180427,0,122300.0
20180430,0,122300.0
20180501,0,122300.0
20180502,0,122300.0
20180503,0,122300.0
20180504,0,122300.0
20180507,1,121845.0
20180508,1,121540.0
20180509,1,121780.0
20180510,1,121130.0
20180511,1,121160.0
20180514,1,120700.0
20180515,1,120730.0
20180516,1,121025.0
20180517,1,121365.0
20180518,1,122125.0
20180521,1,123060.0
20180522,1,122525.0
20180523,1,122330.0
20180524,1,122580.0
20180525,1,123455.0
20180529,1,125455.0
20180530,1,125095.0
20180531,1,125425.0
20180601,1,125500.0
20180604,1,124900.0
20180605,1,123770.0
20180606,1,124325.0
20180607,1,125710.0
20180608,1,126320.0
20180611,1,126225.0
20180612,1,126455.0
20180613,1,125755.0
20180614,1,125555.0
20180615,1,124000.0
20180618,1,122960.0
20180619,1,120985.0
20180620,0,120445.0
20180621,0,120445.0
20180622,0,120445.0
20180625,0,120445.0
20180626,0,120445.0
20180627,0,120445.0
20180628,0,120445.0
20180629,0,120445.0
20180702,0,120445.0
20180703,0,120445.0
20180705,0,120445.0
20180706,0,120445.0
20180709,0,120445.0
20180710,0,120445.0
20180711,0,120445.0
20180712,0,120445.0
20180713,0,120445.0
20180716,0,120445.0
20180717,0,120445.0
20180718,0,120445.0
20180719,0,120445.0
20180720,0,120445.0
20180723,0,120445.0
20180724,0,120445.0
20180725,0,120445.0
20180726,0,120445.0
20180727,0,120445.0
20180730,0,120445.0
20180731,0,120445.0
20180801,0,120445.0
20180802,0,120445.0
20180803,0,120445.0
20180806,0,120445.0
20180807,0,120445.0
20180808,0,120445.0
20180809,0,120445.0
20180810,0,120445.0
20180813,0,120445.0
20180814,0,120445.0
20180815,0,120445.0
20180816,0,120445.0
20180817,0,120445.0
20180820,0,120445.0
20180821,0,120445.0
20180822,0,120445.0
20180823,0,120445.0
20180824,0,120445.0
20180827,0,120445.0
20180828,0,120445.0
20180829,0,120445.0
20180830,0,120445.0
20180831,0,120445.0
20180904,0,120445.0
20180905,0,120445.0
20180906,0,120445.0
20180907,0,120445.0
20180910,0,120445.0
20180911,0,120445.0
20180912,0,120445.0
20180913,0,120445.0
20180914,0,120445.0
20180917,0,120445.0
20180918,0,120445.0
20180919,0,120445.0
20180920,1,120570.0
20180921,1,120240.0
20180924,1,120515.0
20180925,1,120310.0
20180926,1,120530.0
20180927,1,120945.0
20180928,1,121620.0
20181001,1,121650.0
20181002,1,121710.0
20181003,1,121575.0
20181004,1,121805.0
20181005,1,121755.0
20181008,1,121030.0
20181009,1,121300.0
20181010,1,121405.0
20181011,1,121400.0
20181012,1,120620.0
20181015,1,120445.0
20181016,1,120640.0
20181017,1,120845.0
20181018,1,120780.0
20181019,1,120845.0
20181022,1,119795.0
20181023,1,120310.0
20181024,1,121270.0
20181025,1,120965.0
20181026,1,120540.0
20181029,1,121220.0
20181030,1,121355.0
20181031,1,121375.0
20181101,1,120290.0
20181102,1,120410.0
20181105,1,120370.0
20181106,1,121090.0
20181107,1,120325.0
20181108,1,120300.0
20181109,1,120760.0
20181112,1,121615.0
20181113,1,121875.0
20181114,1,121610.0
20181115,1,121645.0
20181116,1,121640.0
20181119,1,121760.0
20181120,1,122070.0
20181121,1,121395.0
20181123,1,122175.0
20181126,1,121495.0
20181127,1,121845.0
20181128,1,121345.0
20181129,1,121445.0
20181130,1,121330.0
20181203,1,120810.0
20181204,0,120885.0
20181205,0,120885.0
20181206,0,120885.0
20181207,0,120885.0
20181210,0,120885.0
20181211,0,120885.0
20181212,0,120885.0
20181213,0,120885.0
20181214,0,120885.0
20181217,0,120885.0
20181218,0,120885.0
20181219,0,120885.0
20181220,0,120885.0
20181221,1,121825.0
20181224,1,122140.0
20181226,1,121665.0
20181227,1,122385.0
20181228,1,122320.0
20181231,1,122315.0
20190102,1,122995.0
20190103,1,123000.0
20190104,1,122155.0
20190107,1,122040.0
20190108,1,122580.0
20190109,1,121850.0
20190110,1,121990.0
20190111,1,122170.0
20190114,1,121920.0
20190115,1,122235.0
20190116,1,121780.0
20190117,1,121230.0
20190118,1,121470.0
20190122,1,121850.0
20190123,1,121655.0
20190124,1,121845.0
20190125,1,121350.0
20190128,1,121490.0
20190129,1,121340.0
20190130,1,121235.0
20190131,1,121215.0
20190201,1,121595.0
20190204,1,122035.0
20190205,1,121715.0
20190206,1,121585.0
20190207,1,122010.0
20190208,1,122140.0
20190211,1,123140.0
20190212,1,123525.0
20190213,1,123485.0
20190214,1,123350.0
20190215,1,123275.0
20190219,1,123110.0
20190220,1,123125.0
20190221,1,122200.0
20190222,1,122700.0
20190225,1,122655.0
20190226,1,123195.0
20190227,1,123025.0
20190228,1,122795.0
20190301,1,122280.0
20190304,1,122640.0
20190305,1,121900.0
20190306,1,122100.0
20190307,1,122650.0
20190308,1,122460.0
20190311,1,122605.0
20190312,1,121780.0
20190313,1,121345.0
20190314,0,121255.0
20190315,0,121255.0
20190318,0,121255.0
20190319,0,121255.0
20190320,0,121255.0
20190321,0,121255.0
20190322,0,121255.0
20190325,0,121255.0
20190326,0,121255.0
20190327,0,121255.0
20190328,0,121255.0
20190329,0,121255.0
20190401,0,121255.0
20190402,0,121255.0
20190403,0,121255.0
20190404,0,121255.0
20190405,0,121255.0
20190408,0,121255.0
20190409,0,121255.0
20190410,0,121255.0
20190411,0,121255.0
20190412,0,121255.0
20190415,0,121255.0
20190416,0,121255.0
20190417,0,121255.0
20190418,0,121255.0
20190422,0,121255.0
20190423,0,121255.0
20190424,0,121255.0
20190425,0,121255.0
20190426,0,121255.0
20190429,0,121255.0
20190430,0,121255.0
20190501,0,121255.0
20190502,0,121255.0
20190503,0,121255.0
20190506,0,121255.0
20190507,0,121255.0
20190508,0,121255.0
20190509,1,122240.0
20190510,1,123130.0
20190513,1,124630.0
20190514,1,123975.0
20190515,1,124180.0
20190516,1,123955.0
20190517,1,124360.0
20190520,1,123400.0
20190521,1,123695.0
20190522,1,123980.0
20190523,1,123615.0
20190524,1,123160.0
20190528,1,122620.0
20190529,1,122825.0
20190530,1,122685.0
20190531,1,123315.0
20190603,1,122645.0
20190604,1,122870.0
20190605,1,122985.0
20190606,1,123060.0
20190607,1,124560.0
20190610,1,124360.0
20190611,1,124530.0
20190612,1,124070.0
20190613,1,123940.0
20190614,1,124385.0
20190617,1,124050.0
20190618,1,123850.0
20190619,1,123680.0
20190620,1,124280.0
20190621,1,124480.0
20190624,1,124415.0
20190625,1,124400.0
20190626,1,124065.0
20190627,1,124215.0
20190628,1,124220.0
20190701,1,123970.0
20190702,1,123615.0
20190703,1,123635.0
20190705,1,123850.0
20190708,1,124440.0
20190709,1,125620.0
20190710,1,125350.0
20190711,1,125720.0
20190712,1,125920.0
20190715,1,125285.0
20190716,1,125730.0
20190717,1,126015.0
20190718,1,126405.0
20190719,1,125725.0
20190722,1,125580.0
20190723,1,125395.0
20190724,1,125100.0
20190725,1,125165.0
20190726,1,124990.0
20190729,1,125155.0
20190730,1,125580.0
20190731,1,125340.0
20190801,1,126075.0
20190802,1,127550.0
20190805,1,128020.0
20190806,1,127900.0
20190807,1,127845.0
20190808,1,127470.0
20190809,1,127810.0
20190812,1,128190.0
20190813,1,127555.0
20190814,1,127475.0
20190815,1,127450.0
20190816,1,127195.0
20190819,1,127640.0
20190820,1,127690.0
20190821,1,127290.0
20190822,1,127790.0
20190823,1,128155.0
20190826,1,128350.0
20190827,1,128300.0
20190828,1,127895.0
20190829,1,127760.0
20190830,1,127845.0
20190903,1,128330.0
20190904,1,128155.0
20190905,1,127700.0
20190906,1,127970.0
20190909,1,127770.0
20190910,1,127590.0
20190911,1,127575.0
20190912,1,126155.0
20190913,1,126120.0
20190916,0,125875.0
20190917,0,125875.0
20190918,0,125875.0
20190919,0,125875.0
20190920,0,125875.0
20190923,0,125875.0
20190924,0,125875.0
20190925,0,125875.0
20190926,0,125875.0
20190927,0,125875.0
20190930,0,125875.0
20191001,0,125875.0
20191002,0,125875.0
20191003,0,125875.0
20191004,0,125875.0
20191007,0,125875.0
20191008,0,125875.0
20191009,0,125875.0
20191010,0,125875.0
20191011,0,125875.0
20191014,0,125875.0
20191015,0,125875.0
20191016,0,125875.0
20191017,0,125875.0
20191018,0,125875.0
20191021,0,125875.0
20191022,0,125875.0
20191023,0,125875.0
20191024,0,125875.0
20191025,0,125875.0
20191028,0,125875.0
20191029,0,125875.0
20191030,0,125875.0
20191031,0,125875.0
20191101,0,125875.0
20191104,0,125875.0
20191105,0,125875.0
20191106,0,125875.0
20191107,0,125875.0
20191108,0,125875.0
20191111,0,125875.0
20191112,0,125875.0
20191113,0,125875.0
20191114,0,125875.0
20191115,0,125875.0
20191118,0,125875.0
20191119,0,125875.0
20191120,0,125875.0
20191121,0,125875.0
20191122,0,125875.0
20191125,0,125875.0
20191126,0,125875.0
20191127,0,125875.0
20191129,0,125875.0
20191202,0,125875.0
20191203,0,125875.0
20191204,0,125875.0
20191205,0,125875.0
20191206,0,125875.0
20191209,0,125875.0
20191210,0,125875.0
20191211,0,125875.0
20191212,0,125875.0
20191213,0,125875.0
20191216,0,125875.0
20191217,0,125875.0
20191218,0,125875.0
20191219,0,125875.0
20191220,0,125875.0
20191223,0,125875.0
20191224,0,125875.0
20191226,0,125875.0
20191227,1,125960.0
20191230,1,126280.0
20191231,1,126025.0
20200102,1,126135.0
20200103,1,126100.0
20200106,1,126520.0
20200107,1,126415.0
20200108,1,126480.0
20200109,1,126845.0
20200110,1,127155.0
20200113,1,127265.0
20200114,1,127190.0
20200115,1,126660.0
20200116,1,126610.0
20200117,1,127125.0
20200121,1,126120.0
20200122,1,127065.0
20200123,1,126515.0
20200124,1,126200.0
20200127,1,126255.0
20200128,1,126680.0
20200129,1,126530.0
20200130,1,126025.0
20200131,1,125250.0
20200203,1,124920.0
20200204,0,124825.0
20200205,0,124825.0
20200206,0,124825.0
20200207,0,124825.0
20200210,0,124825.0
20200211,0,124825.0
20200212,0,124825.0
20200213,0,124825.0
20200214,0,124825.0
20200218,0,124825.0
20200219,0,124825.0
20200220,0,124825.0
20200221,0,124825.0
20200224,0,124825.0
20200225,0,124825.0
20200226,0,124825.0
20200227,0,124825.0
20200228,1,125330.0
20200302,1,124385.0
20200303,1,124690.0
20200304,1,124585.0
20200305,1,124400.0
20200306,1,124680.0
20200309,1,125470.0
20200310,1,125370.0
20200311,1,125300.0
20200312,1,126225.0
20200313,1,125830.0
20200316,1,126675.0
20200317,1,127115.0
20200318,1,127755.0
20200319,1,128610.0
20200320,1,129235.0
20200323,1,130000.0
20200324,1,129630.0
20200325,1,129355.0
20200326,1,129685.0
20200327,1,130410.0
20200330,1,130725.0
20200331,1,130510.0
20200401,1,131870.0
20200402,1,131080.0
20200403,1,130585.0
20200406,1,129550.0
20200407,1,129625.0
20200408,1,129155.0
20200409,1,128890.0
20200413,1,129695.0
20200414,1,129820.0
20200415,1,130010.0
20200416,1,129900.0
20200417,1,129980.0
20200420,1,129400.0
20200421,1,129755.0
20200422,1,128340.0
20200423,1,128225.0
20200424,1,128595.0
20200427,1,128905.0
20200428,1,128520.0
20200429,1,127850.0
20200430,1,127745.0
20200501,1,128490.0
20200504,1,129245.0
20200505,1,129620.0
20200506,1,129155.0
20200507,1,128715.0
20200508,1,128275.0
20200511,1,128095.0
20200512,1,127240.0
20200513,1,127680.0
20200514,1,127485.0
20200515,1,127285.0
20200518,1,127510.0
20200519,1,126810.0
20200520,1,127305.0
20200521,1,127380.0
20200522,1,127605.0
20200526,1,127295.0
20200527,0,127080.0
20200528,0,127080.0
20200529,0,127080.0
20200601,0,127080.0
20200602,0,127080.0
20200603,0,127080.0
20200604,0,127080.0
20200605,0,127080.0
20200608,0,127080.0
20200609,0,127080.0
20200610,0,127080.0
20200611,0,127080.0
20200612,0,127080.0
20200615,0,127080.0
20200616,0,127080.0
20200617,0,127080.0
20200618,0,127080.0
20200619,0,127080.0
20200622,0,127080.0
20200623,0,127080.0
20200624,0,127080.0
20200625,0,127080.0
20200626,0,127080.0
20200629,0,127080.0
20200630,0,127080.0
20200701,0,127080.0
20200702,0,127080.0
20200706,0,127080.0
20200707,1,127090.0
20200708,1,127660.0
20200709,1,127525.0
20200710,1,127735.0
20200713,1,127255.0
20200714,1,126895.0
20200715,1,126645.0
20200716,1,126850.0
20200717,1,126550.0
20200720,1,127020.0
20200721,1,127055.0
20200722,1,126850.0
20200723,1,126540.0
20200724,1,125630.0
20200727,1,126160.0
20200728,1,126135.0
20200729,1,126385.0
20200730,1,127170.0
20200731,1,126910.0
20200803,1,127515.0
20200804,1,127585.0
20200805,1,127810.0
20200806,1,128005.0
20200807,1,126760.0
20200810,1,126980.0
20200811,1,127325.0
20200812,1,126680.0
20200813,1,127075.0
20200814,1,127005.0
20200817,1,127220.0
20200818,1,127045.0
20200819,1,127465.0
20200820,1,127840.0
20200821,1,127720.0
20200824,1,128490.0
20200825,1,128370.0
20200826,1,128370.0
20200827,1,128265.0
20200828,1,128120.0
20200831,1,128160.0
20200901,1,128280.0
20200902,1,128060.0
20200903,1,127720.0
20200904,1,128075.0
20200908,1,127590.0
20200909,1,127680.0
20200910,1,127985.0
20200911,1,127985.0
20200914,1,128890.0
20200915,1,128800.0
20200916,1,128765.0
20200917,1,128505.0
20200918,1,128410.0
20200921,1,128200.0
20200922,1,128350.0
20200923,1,128205.0
20200924,1,128310.0
20200925,1,128555.0
20200928,1,128425.0
20200929,1,128225.0
20200930,1,128475.0
20201001,1,128535.0
20201002,1,128490.0
20201005,1,128595.0
20201006,1,129010.0
20201007,1,129375.0
20201008,1,129325.0
20201009,1,129400.0
20201012,1,129765.0
20201013,1,129995.0
20201014,1,130045.0
20201015,1,130190.0
20201016,1,130540.0
20201019,1,131160.0
20201020,1,131090.0
20201021,1,131100.0
20201022,1,131550.0
20201023,1,131225.0
20201026,1,131635.0
20201027,1,131595.0
20201028,1,130665.0
20201029,1,130490.0
20201030,1,130040.0
20201102,1,129945.0
20201103,1,130700.0
20201104,1,130695.0
20201105,1,130615.0
20201106,1,129890.0
20201109,1,130580.0
20201110,1,130505.0
20201111,1,130220.0
20201112,1,129820.0
20201113,1,129810.0
20201116,1,130400.0
20201117,1,130260.0
20201118,1,130525.0
20201119,1,130445.0
20201120,1,131090.0
20201123,1,131510.0
20201124,1,131100.0
20201125,1,130790.0
20201127,1,131230.0
20201130,1,130685.0
20201201,1,130705.0
20201202,1,130410.0
20201203,1,130165.0
20201204,1,130395.0
20201207,1,130800.0
20201208,1,130600.0
20201209,1,131135.0
20201210,1,131740.0
20201211,1,131650.0
20201214,1,131945.0
20201215,1,132405.0
20201216,1,132435.0
20201217,1,133205.0
20201218,1,133190.0
20201221,1,131990.0
20201222,1,132020.0
20201223,1,132680.0
20201224,1,132710.0
20201228,1,132785.0
20201229,1,133115.0
20201230,1,133595.0
20201231,1,133670.0
20210104,1,134095.0
20210105,1,134785.0
20210106,1,134640.0
20210107,1,134490.0
20210108,1,134495.0
20210111,1,134825.0
20210112,1,135460.0
20210113,1,135070.0
20210114,1,135185.0
20210115,1,134960.0
20210119,1,135185.0
20210120,1,135405.0
20210121,1,135895.0
20210122,1,135390.0
20210125,1,135775.0
20210126,1,135465.0
20210127,1,135030.0
20210128,1,134575.0
20210129,1,134930.0
20210201,1,134625.0
20210202,1,134955.0
20210203,1,135105.0
20210204,1,136750.0
20210205,1,135980.0
20210208,1,136750.0
20210209,1,138075.0
20210210,1,136945.0
20210211,1,137815.0
20210212,1,138245.0
20210216,1,138715.0
20210217,1,138880.0
20210218,1,139065.0
20210219,1,139155.0
20210222,1,140120.0
20210223,1,140250.0
20210224,1,140760.0
20210225,1,138760.0
20210226,1,138330.0
20210301,1,139700.0
20210302,1,139410.0
20210303,1,138140.0
20210304,1,137485.0
20210305,1,137795.0
20210308,1,138075.0
20210309,1,136075.0
20210310,1,136525.0
20210311,1,138090.0
20210312,1,137695.0
20210315,1,137275.0
20210316,1,137375.0
20210317,1,137170.0
20210318,1,136640.0
20210319,1,136255.0
20210322,1,136225.0
20210323,1,135680.0
20210324,1,135135.0
20210325,0,135015.0
20210326,0,135015.0
20210329,0,135015.0
20210330,0,135015.0
20210331,0,135015.0
20210401,0,135015.0
20210405,0,135015.0
20210406,0,135015.0
20210407,0,135015.0
20210408,0,135015.0
20210409,0,135015.0
20210412,0,135015.0
20210413,0,135015.0
20210414,0,135015.0
20210415,0,135015.0
20210416,0,135015.0
20210419,0,135015.0
20210420,0,135015.0
20210421,0,135015.0
20210422,0,135015.0
20210423,0,135015.0
20210426,0,135015.0
20210427,0,135015.0
20210428,0,135015.0
20210429,0,135015.0
20210430,0,135015.0
20210503,0,135015.0
20210504,0,135015.0
20210505,0,135015.0
20210506,0,135015.0
20210507,0,135015.0
20210510,0,135015.0
20210511,0,135015.0
20210512,0,135015.0
20210513,0,135015.0
20210514,0,135015.0
20210517,0,135015.0
20210518,0,135015.0
20210519,0,135015.0
20210520,0,135015.0
20210521,0,135015.0
20210524,0,135015.0
20210525,0,135015.0
20210526,0,135015.0
20210527,0,135015.0
20210528,0,135015.0
20210601,0,135015.0
20210602,0,135015.0
20210603,0,135015.0
20210604,0,135015.0
20210607,0,135015.0
20210608,0,135015.0
20210609,0,135015.0
20210610,0,135015.0
20210611,0,135015.0
20210614,0,135015.0
20210615,0,135015.0
20210616,0,135015.0
20210617,0,135015.0
20210618,0,135015.0
20210621,0,135015.0
20210622,0,135015.0
20210623,0,135015.0
20210624,0,135015.0
20210625,0,135015.0
20210628,0,135015.0
20210629,0,135015.0
20210630,0,135015.0
20210701,0,135015.0
20210702,0,135015.0
20210706,0,135015.0
20210707,0,135015.0
20210708,0,135015.0
20210709,0,135015.0
20210712,0,135015.0
20210713,0,135015.0
20210714,0,135015.0
20210715,0,135015.0
20210716,0,135015.0
20210719,0,135015.0
20210720,0,135015.0
20210721,0,135015.0
20210722,0,135015.0
20210723,0,135015.0
20210726,0,135015.0
20210727,0,135015.0
20210728,0,135015.0
20210729,0,135015.0
20210730,0,135015.0
20210802,0,135015.0
20210803,0,135015.0
20210804,0,135015.0
20210805,0,135015.0
20210806,0,135015.0
20210809,0,135015.0
20210810,0,135015.0
20210811,0,135015.0
20210812,0,135015.0
20210813,1,135525.0
20210816,1,135520.0
20210817,1,135815.0
20210818,1,135780.0
20210819,1,134745.0
20210820,1,134915.0
20210823,1,135045.0
20210824,1,135455.0
20210825,1,135615.0
20210826,1,135445.0
20210827,1,135785.0
20210830,1,135480.0
20210831,1,134630.0
20210901,1,134515.0
20210902,1,135010.0
20210903,1,135375.0
20210907,1,135390.0
20210908,1,135405.0
20210909,1,134975.0
20210910,1,135115.0
20210913,1,134770.0
20210914,1,135195.0
20210915,1,135050.0
20210916,1,134620.0
20210917,1,134530.0
20210920,1,132875.0
20210921,0,132840.0
20210922,0,132840.0
20210923,0,132840.0
20210924,0,132840.0
20210927,0,132840.0
20210928,1,133855.0
20210929,1,134810.0
20210930,1,136740.0
20211001,1,136105.0
20211004,1,136305.0
20211005,1,138305.0
20211006,1,139370.0
20211007,1,139645.0
20211008,1,139140.0
20211011,1,138735.0
20211012,1,137030.0
20211013,1,135770.0
20211014,1,137390.0
20211015,1,137505.0
20211018,1,137360.0
20211019,1,137755.0
20211020,1,139205.0
20211021,1,136910.0
20211022,1,137970.0
20211025,1,138110.0
20211026,1,138195.0
20211027,1,139100.0
20211028,1,140705.0
20211029,1,141265.0
20211101,1,143760.0
20211102,1,142465.0
20211103,1,143250.0
20211104,1,142070.0
20211105,1,142275.0
20211108,1,142115.0
20211109,1,143530.0
20211110,1,143180.0
20211111,1,143110.0
20211112,1,142685.0
20211115,1,142465.0
20211116,1,142710.0
20211117,1,143605.0
20211118,1,142715.0
20211119,1,143360.0
20211122,1,143130.0
20211123,1,142975.0
20211124,1,143035.0
20211126,1,141035.0
20211129,1,140850.0
20211130,1,138350.0
20211201,1,137240.0
20211202,1,136995.0
20211203,1,137245.0
20211206,1,138650.0
20211207,1,138330.0
20211208,1,138505.0
20211209,1,138440.0
20211210,1,138260.0
20211213,1,138550.0
20211214,1,138095.0
20211215,1,138040.0
20211216,1,139985.0
20211217,1,138795.0
20211220,1,137915.0
20211221,1,138780.0
20211222,1,139560.0
20211223,1,139705.0
20211227,1,141285.0
20211228,1,140170.0
20211229,1,141640.0
20211230,1,142315.0
20211231,1,141445.0
20220103,1,141760.0
20220104,1,143340.0
20220105,1,143285.0
20220106,1,142505.0
20220107,1,142705.0
20220110,1,142755.0
20220111,1,143155.0
20220112,1,143965.0
20220113,1,143565.0
20220114,1,144995.0
20220118,1,145685.0
20220119,1,147120.0
20220120,1,146580.0
20220121,1,145520.0
20220124,1,145335.0
20220125,1,145605.0
20220126,1,146310.0
20220127,1,145960.0
20220128,1,147025.0
20220131,1,148930.0
20220201,1,148810.0
20220202,1,148310.0
20220203,1,148955.0
20220204,1,148515.0
20220207,1,147930.0
20220208,1,148720.0
20220209,1,148360.0
20220210,1,147975.0
20220211,1,147785.0
20220214,1,146610.0
20220215,1,146695.0
20220216,1,146050.0
20220217,1,146065.0
20220218,1,146885.0
20220222,1,146450.0
20220223,1,146955.0
20220224,1,145885.0
20220225,1,145620.0
20220228,1,145865.0
20220301,1,147680.0
20220302,1,145575.0
20220303,1,146205.0
20220304,1,144515.0
20220307,1,144775.0
20220308,1,145290.0
20220309,1,145040.0
20220310,1,144735.0
20220311,1,146820.0
20220314,1,145690.0
20220315,1,145605.0
20220316,1,146205.0
20220317,1,147235.0
20220318,1,149735.0
20220321,1,151310.0
20220322,1,151325.0
20220323,1,151320.0
20220324,1,151755.0
20220325,1,154255.0
20220328,1,155840.0
20220329,1,154710.0
20220330,1,156225.0
20220331,1,154150.0
