CL,EC,GC,KC,NG,S_,LH,SB,SI,TY,
20100129,0,6775.0,0,843.75,0,875.0,-1630.0,1041.6,350.0,-2225.0,
20100226,-6390.0,9600.0,0,1631.25,0,-1050.0,-2540.0,-4277.6,-1195.0,-2225.0,
20100331,-6390.0,11062.5,0,-1112.5,2700.0,-50.0,-2960.0,-962.4,-4665.0,-2225.0,
20100430,-10910.0,13737.5,2490.0,-1112.5,3080.0,-1500.0,-1510.0,751.2,-4665.0,-2225.0,
20100528,-10910.0,26575.0,5670.0,-1112.5,-550.0,-1500.0,-3670.0,1826.4,-4665.0,665.62,
20100630,-13520.0,26987.5,8760.0,-1112.5,-4230.0,-1500.0,-6060.0,-491.2,-4925.0,3337.5,
20100730,-16470.0,18350.0,4360.0,3968.75,-4230.0,1775.0,-6060.0,830.4,-11990.0,4603.12,
20100831,-19030.0,18350.0,4360.0,4156.25,-3200.0,1450.0,-6060.0,1032.0,-12360.0,7228.12,
20100930,-19030.0,18350.0,4360.0,5881.25,-2480.0,6287.5,-6060.0,6419.2,-415.0,7650.0,
20101029,-21590.0,18350.0,4360.0,2106.25,-650.0,12200.0,-6060.0,12736.0,13300.0,7884.38,
20101130,-22680.0,18350.0,4360.0,2106.25,-2910.0,12550.0,-6060.0,10977.6,31315.0,6034.38,
20101231,-21440.0,18350.0,4360.0,11406.25,-2910.0,20050.0,-6060.0,16096.0,44940.0,8081.25,
20110131,-26150.0,18350.0,2410.0,13018.75,-2910.0,20550.0,-4230.0,18168.0,24730.0,7721.88,
20110228,-26150.0,18350.0,-1670.0,22262.5,-3470.0,14650.0,-6090.0,15626.4,30455.0,8237.5,
20110331,-22450.0,18087.5,-5250.0,19431.25,-5890.0,14650.0,-7010.0,15626.4,50795.0,7371.88,
20110429,-15800.0,26612.5,6400.0,31731.25,-5890.0,14650.0,-7010.0,17720.8,104245.0,7371.88,
20110531,-30070.0,18150.0,4340.0,22987.5,-5890.0,14650.0,-6350.0,16679.2,35100.0,8356.25,
20110630,-29810.0,18150.0,940.0,18243.75,-9640.0,15262.5,-9140.0,14641.6,35100.0,8075.0,
20110729,-29770.0,12400.0,4550.0,28012.5,-9640.0,12775.0,-9140.0,18528.0,35100.0,11434.38,
20110831,-22750.0,12400.0,24600.0,19418.75,-10970.0,12775.0,-9140.0,18382.4,24785.0,15746.88,
20110930,-12920.0,12400.0,7330.0,20956.25,-6460.0,18125.0,-9140.0,16064.8,-895.0,16809.38,
20111031,-19830.0,12400.0,7330.0,21687.5,-7200.0,16662.5,-9140.0,16064.8,-22250.0,13881.25,
20111130,-17220.0,12400.0,7330.0,19231.25,-1940.0,20962.5,-9140.0,15381.6,-14015.0,13881.25,
20111230,-18970.0,12400.0,7330.0,23000.0,4050.0,17612.5,-9140.0,15818.4,10430.0,13881.25,
20120131,-19490.0,8812.5,7330.0,20293.75,9310.0,16525.0,-9140.0,14027.2,-10620.0,13881.25,
20120229,-20400.0,6175.0,7330.0,25300.0,9580.0,18337.5,-9140.0,14217.6,-22310.0,12531.25,
20120330,-24800.0,6175.0,7330.0,33100.0,15410.0,22487.5,-9250.0,13881.6,-35120.0,11921.88,
20120430,-24800.0,6175.0,7330.0,35050.0,14700.0,27775.0,-7640.0,12471.2,-35120.0,9993.75,
20120531,-12960.0,6175.0,7330.0,42137.5,12780.0,20775.0,-8990.0,14375.2,-35105.0,11368.75,
20120629,-11060.0,6175.0,7330.0,39043.75,13370.0,20775.0,-9660.0,12449.6,-34160.0,10806.25,
20120731,-13860.0,6175.0,7330.0,35812.5,17400.0,32600.0,-10090.0,12449.6,-35670.0,12087.5,
20120831,-17240.0,6175.0,10640.0,35812.5,12310.0,38375.0,-11910.0,12449.6,-32530.0,10753.12,
20120928,-17240.0,6700.0,19270.0,35812.5,12310.0,28950.0,-14180.0,12449.6,-16855.0,10753.12,
20121031,-16880.0,8012.5,13790.0,35812.5,10930.0,28950.0,-14180.0,12449.6,-28160.0,10753.12,
20121130,-19120.0,4812.5,9450.0,38081.25,9240.0,27362.5,-14180.0,12449.6,-35390.0,10768.75,
20121231,-20840.0,4475.0,9450.0,40631.25,9030.0,28525.0,-14660.0,11464.0,-35390.0,9684.38,
20130131,-20110.0,9100.0,9450.0,36406.25,9340.0,25037.5,-14050.0,12281.6,-35390.0,9653.12,
20130228,-26330.0,4212.5,15060.0,36406.25,8450.0,25037.5,-15470.0,12472.0,-35390.0,8131.25,
20130329,-26330.0,3762.5,13500.0,36350.0,9150.0,25037.5,-14820.0,11980.0,-34380.0,8131.25,
20130430,-26330.0,-812.5,25860.0,37981.25,11970.0,25037.5,-15420.0,11980.0,-13480.0,8396.88,
20130531,-26330.0,-812.5,33850.0,35387.5,7910.0,28225.0,-15350.0,12517.6,-3770.0,6515.62,
20130628,-26330.0,-812.5,50780.0,38668.75,7850.0,27662.5,-13910.0,12416.8,10225.0,6515.62,
20130731,-26330.0,-812.5,41890.0,35756.25,8110.0,26112.5,-14400.0,12360.8,9435.0,6515.62,
20130830,-25380.0,-812.5,36530.0,35756.25,7160.0,24637.5,-12680.0,12193.6,-4560.0,6515.62,
20130930,-29120.0,-637.5,36530.0,35756.25,5460.0,20900.0,-11160.0,12137.6,-7400.0,6515.62,
20131031,-29120.0,175.0,36530.0,37593.75,5460.0,20587.5,-10140.0,12339.2,-7400.0,6984.38,
20131129,-28200.0,-2112.5,35680.0,36693.75,3650.0,20587.5,-11710.0,11768.8,-7400.0,6265.62,
20131231,-35440.0,-1750.0,40490.0,34943.75,3980.0,20587.5,-11440.0,11264.8,-8400.0,5056.25,
20140131,-35440.0,-4250.0,33610.0,34943.75,6950.0,20587.5,-12110.0,12228.0,-7150.0,5056.25,
20140228,-35420.0,-4250.0,32130.0,54837.5,11860.0,24762.5,-13190.0,10772.8,-16535.0,5056.25,
20140331,-40140.0,-4250.0,28350.0,53937.5,9450.0,27262.5,-13190.0,10772.8,-21240.0,5056.25,
20140430,-40140.0,-4250.0,30190.0,63556.25,13710.0,29887.5,-15050.0,10772.8,-21240.0,5056.25,
20140530,-41280.0,-5400.0,30190.0,55750.0,9530.0,28912.5,-17620.0,10772.8,-19425.0,5775.0,
20140630,-38130.0,-6275.0,23110.0,55750.0,9530.0,26350.0,-17620.0,10772.8,-25590.0,5431.25,
20140731,-40740.0,-2450.0,18870.0,55750.0,13460.0,29875.0,-14710.0,11993.6,-30855.0,4409.38,
20140829,-40740.0,762.5,18870.0,55750.0,11640.0,32762.5,-12690.0,13080.0,-34090.0,4831.25,
20140930,-40310.0,7150.0,21800.0,55750.0,11620.0,37912.5,-16450.0,13752.0,-34090.0,3371.88,
20141031,-30440.0,8462.5,25800.0,49275.0,11430.0,33575.0,-16450.0,14211.2,-34090.0,3371.88,
20141128,-16030.0,9637.5,25480.0,49275.0,7270.0,33575.0,-16450.0,14715.2,-31045.0,3371.88,
20141231,-2820.0,13862.5,19810.0,49275.0,16670.0,33575.0,-16890.0,15913.6,-31260.0,3371.88,
20150130,2690.0,24000.0,21260.0,49275.0,18340.0,33575.0,-12450.0,14312.8,-40325.0,3371.88,
20150227,1850.0,25262.5,15070.0,54037.5,18050.0,33575.0,-10540.0,14402.4,-42540.0,3371.88,
20150331,6000.0,30850.0,15070.0,56887.5,19230.0,33575.0,-8410.0,16463.2,-42540.0,3371.88,
20150430,1400.0,26125.0,15070.0,56212.5,18510.0,33575.0,-10940.0,14984.8,-42540.0,3371.88,
20150529,1110.0,26125.0,15070.0,60450.0,15090.0,34187.5,-10940.0,14537.6,-42540.0,2396.88,
20150630,-130.0,26125.0,15070.0,59025.0,15090.0,35162.5,-11550.0,13921.6,-42540.0,1740.62,
20150731,-2830.0,26125.0,21010.0,61706.25,15090.0,29975.0,-13100.0,15411.2,-41240.0,1171.88,
20150831,-2830.0,21800.0,14400.0,57781.25,15090.0,29350.0,-13100.0,15915.2,-40320.0,968.75,
20150930,-2830.0,20212.5,14400.0,58887.5,17120.0,29125.0,-12580.0,14695.2,-43315.0,2640.62,
20151030,-2830.0,15375.0,14400.0,56650.0,22050.0,29412.5,-14890.0,15826.4,-45155.0,1593.75,
20151130,-2510.0,17362.5,14400.0,56650.0,24120.0,29650.0,-15880.0,16285.6,-47765.0,1306.25,
20151231,3330.0,13812.5,13730.0,56650.0,23600.0,29150.0,-17370.0,16632.8,-47765.0,1306.25,
20160129,7720.0,13162.5,8770.0,55018.75,23960.0,29150.0,-17370.0,15883.2,-47765.0,2025.0,
20160229,9750.0,8393.75,13260.0,52275.0,30300.0,29150.0,-17370.0,14684.8,-47765.0,3321.88,
20160331,5460.0,9243.75,13190.0,51318.75,28580.0,29150.0,-17370.0,14215.2,-48320.0,3196.88,
20160429,6080.0,9906.25,18680.0,48968.75,27180.0,34350.0,-17370.0,14215.2,-36790.0,2003.12,
20160531,8580.0,6818.75,12260.0,46150.0,27180.0,36787.5,-17370.0,14215.2,-45915.0,2003.12,
20160630,7280.0,6818.75,12260.0,47856.25,31710.0,41937.5,-18590.0,16511.2,-45885.0,2003.12,
20160729,6250.0,4856.25,12260.0,48062.5,31580.0,35675.0,-16890.0,15077.6,-45885.0,2003.12,
20160831,-470.0,3650.0,12260.0,44287.5,28370.0,35675.0,-18410.0,16208.8,-45885.0,2003.12,
20160930,-470.0,3650.0,12260.0,42393.75,26070.0,35675.0,-12640.0,18941.6,-45885.0,2003.12,
20161031,-470.0,3650.0,12000.0,41075.0,25420.0,35675.0,-14230.0,17340.0,-48140.0,2487.5,
20161130,-470.0,7306.25,17010.0,36625.0,20650.0,35775.0,-15080.0,16814.4,-49025.0,3918.75,
20161230,-470.0,8256.25,19230.0,38668.75,20650.0,33775.0,-14650.0,16456.0,-46560.0,3918.75,
20170131,-470.0,5168.75,12500.0,32156.25,20650.0,31425.0,-13960.0,15068.0,-52090.0,3918.75,
20170228,-470.0,5162.5,12500.0,32156.25,19840.0,31425.0,-14620.0,15068.0,-52090.0,3918.75,
20170331,-470.0,2850.0,12500.0,32156.25,16450.0,34062.5,-15690.0,16557.6,-52090.0,3918.75,
20170428,-470.0,2456.25,10660.0,32212.5,15560.0,34075.0,-16290.0,17352.8,-52090.0,4434.38,
20170531,-6160.0,2456.25,7580.0,33731.25,15560.0,36087.5,-17090.0,18764.0,-56695.0,5309.38,
20170630,-6160.0,2456.25,3340.0,35962.5,14400.0,34462.5,-16590.0,20197.6,-57490.0,4543.75,
20170731,-6160.0,4868.75,-1100.0,33125.0,16640.0,33412.5,-17940.0,18965.6,-61145.0,4006.25,
20170831,-6160.0,5512.5,2210.0,33125.0,14510.0,30975.0,-18160.0,18988.8,-60165.0,4037.5,
20170929,-6610.0,4200.0,-1530.0,33125.0,14680.0,30975.0,-16440.0,18988.8,-64990.0,3046.88,
20171031,-4130.0,2737.5,-1890.0,33125.0,13500.0,30975.0,-19660.0,18988.8,-64990.0,2656.25,
20171130,-1300.0,562.5,-1890.0,33125.0,10730.0,30975.0,-19740.0,18742.4,-64990.0,3312.5,
20171229,1680.0,562.5,-6240.0,33125.0,11360.0,28962.5,-19740.0,17176.0,-68440.0,3312.5,
20180131,6040.0,4800.0,-4190.0,33125.0,10390.0,27350.0,-20780.0,17176.0,-67990.0,5781.25,
20180228,330.0,1918.75,-6710.0,32300.0,10390.0,28387.5,-20320.0,17176.0,-67990.0,6750.0,
20180329,330.0,2618.75,-6800.0,33743.75,10390.0,26825.0,-17510.0,17176.0,-67990.0,5656.25,
20180430,2160.0,2112.5,-6800.0,32731.25,10390.0,26825.0,-15970.0,16795.2,-67990.0,7171.88,
20180531,550.0,7393.75,-5210.0,32050.0,10390.0,26825.0,-16950.0,16168.8,-67990.0,5665.62,
20180629,1000.0,7987.5,-190.0,33250.0,10120.0,34062.5,-18120.0,16168.8,-70715.0,4909.38,
20180731,-5220.0,7975.0,2860.0,35200.0,9080.0,32112.5,-14370.0,16605.6,-70715.0,4909.38,
20180831,-5220.0,8243.75,5550.0,39381.25,9080.0,35887.5,-14250.0,16549.6,-70525.0,4909.38,
20180928,-5220.0,8243.75,6600.0,39137.5,8830.0,35787.5,-18090.0,15284.8,-71300.0,4862.5,
20181031,-9990.0,11000.0,3350.0,33956.25,10750.0,34462.5,-18090.0,15385.6,-69150.0,5206.25,
20181130,-9990.0,11418.75,3350.0,32506.25,23790.0,34462.5,-18090.0,14993.6,-71540.0,4731.25,
20181231,-3370.0,10093.75,7170.0,32506.25,13530.0,32737.5,-18090.0,14792.8,-69415.0,6106.25,
20190131,-11510.0,8868.75,10940.0,32506.25,13530.0,32737.5,-16650.0,14792.8,-66755.0,6559.38,
20190228,-12300.0,7800.0,10030.0,32506.25,13530.0,32737.5,-14910.0,14792.8,-69435.0,5762.5,
20190329,-12300.0,7793.75,6990.0,33068.75,13530.0,33425.0,-20520.0,14792.8,-71580.0,7981.25,
20190430,-11140.0,8068.75,6990.0,34512.5,13530.0,35612.5,-20650.0,14792.8,-71580.0,7434.38,
20190531,-17130.0,9062.5,6990.0,31787.5,13530.0,34425.0,-22590.0,14792.8,-72790.0,10184.38,
20190628,-21940.0,7743.75,14750.0,32931.25,14720.0,34112.5,-23120.0,14792.8,-75080.0,11403.12,
20190731,-22710.0,7743.75,15870.0,29193.75,15290.0,34112.5,-23910.0,14792.8,-70980.0,10856.25,
20190830,-22710.0,9275.0,25030.0,29193.75,14810.0,34112.5,-20920.0,14792.8,-62020.0,14496.88,
20190930,-27840.0,10550.0,19380.0,29193.75,14100.0,34112.5,-22090.0,14087.2,-68740.0,11521.88,
20191031,-31450.0,7493.75,20530.0,29193.75,14100.0,32962.5,-19450.0,13987.2,-63395.0,11521.88,
20191129,-31450.0,7493.75,19480.0,32118.75,10920.0,32162.5,-17520.0,13987.2,-66055.0,11521.88,
20191231,-29430.0,7812.5,16260.0,36112.5,12330.0,32162.5,-18820.0,14390.4,-66055.0,11521.88,
20200131,-34490.0,5400.0,18220.0,29768.75,15580.0,32162.5,-14790.0,15723.2,-69555.0,12662.5,
20200228,-34490.0,6387.5,16100.0,29768.75,17270.0,32162.5,-15060.0,15712.0,-69555.0,15865.62,
20200331,-34490.0,-68.75,15710.0,29768.75,18470.0,31587.5,-11940.0,16463.2,-69555.0,19803.12,
20200430,-40210.0,-68.75,14420.0,29768.75,15340.0,33500.0,-11390.0,16720.8,-69555.0,20178.12,
20200529,-56540.0,-68.75,17910.0,29768.75,15220.0,34225.0,-13910.0,16116.0,-69555.0,20443.75,
20200630,-56360.0,-1462.5,11310.0,28512.5,16740.0,32762.5,-13910.0,15086.4,-69555.0,18390.62,
20200731,-56360.0,5362.5,23690.0,25750.0,16850.0,32475.0,-13910.0,15086.4,-50175.0,18500.0,
20200831,-56360.0,7112.5,22960.0,27850.0,15120.0,35525.0,-13910.0,15086.4,-29060.0,17228.12,
20200930,-56360.0,4275.0,11690.0,21562.5,8710.0,39025.0,-13910.0,15086.4,-57755.0,17228.12,
20201030,-59170.0,4012.5,11690.0,21562.5,8710.0,40950.0,-13080.0,15680.0,-57755.0,17759.38,
20201130,-63390.0,4012.5,17800.0,21562.5,7080.0,46562.5,-12480.0,15848.0,-57755.0,16159.38,
20201231,-62960.0,4162.5,6660.0,21562.5,10310.0,53587.5,-14800.0,16945.6,-57755.0,16253.12,
20210129,-59330.0,2875.0,6660.0,20418.75,8230.0,56537.5,-14800.0,17326.4,-57755.0,17300.0,
20210226,-50050.0,1643.75,6660.0,25106.25,8230.0,58125.0,-11240.0,19051.2,-57755.0,20518.75,
20210331,-52420.0,1643.75,3690.0,22231.25,8230.0,59750.0,-5900.0,17775.2,-60190.0,22300.0,
20210430,-48050.0,1643.75,-4300.0,23412.5,8230.0,66137.5,-4130.0,17629.6,-67905.0,21206.25,
20210528,-47870.0,1643.75,-4300.0,31250.0,8230.0,65950.0,-860.0,18055.2,-69460.0,20434.38,
20210630,-42130.0,1643.75,-4300.0,29487.5,11360.0,63500.0,-6030.0,17115.2,-79880.0,20762.5,
20210730,-48820.0,1643.75,-4300.0,36912.5,14180.0,63500.0,-6030.0,16678.4,-83965.0,22715.62,
20210831,-48820.0,1643.75,-12420.0,41881.25,18610.0,63500.0,-6030.0,18840.0,-76030.0,22309.38,
20210930,-49220.0,1800.0,-12420.0,41168.75,32840.0,63500.0,-6030.0,18571.2,-66235.0,21537.5,
20211029,-40130.0,2193.75,-12420.0,44900.0,26620.0,63500.0,-6030.0,17642.4,-74650.0,21740.62,
20211130,-53550.0,5218.75,-18690.0,54518.75,21880.0,58962.5,-6030.0,17642.4,-74650.0,20850.0,
20211231,-53550.0,4606.25,-18690.0,52193.75,20370.0,58962.5,-8890.0,16243.2,-79650.0,20843.75,
20220131,-51290.0,2462.5,-18690.0,55568.75,9660.0,65687.5,-8890.0,16982.4,-79650.0,21718.75,
20220228,-41890.0,-81.25,-14840.0,54725.0,9660.0,73200.0,-8890.0,16915.2,-79650.0,22187.5,
20220331,-36000.0,-81.25,-10000.0,52337.5,9660.0,72275.0,-8890.0,16244.0,-81510.0,21009.38,
