Testing from : 20100104 to: 20220331
-----------------------------------------------------------------------------------------------------------
                                                                                      Avg.   Monthly    Avg.
SysName         Market     TotProfit  MaxDD ClsTrdDD AvgWin  AvgLoss PerWins #Trds  MonthRet.  StdDev  YearlyRet.
Boll-10KLimi... Crude-CL       23009  25880   21210    7171    -3803    0.40     43      156    2960     1257
Boll-10KLimi... EuroCur-EC     10550  35493   30193    4054    -2774    0.44     43       71    2194     1125
Boll-10KLimi... Gold-GC         3369  38550   33120    6162    -5042    0.46     46       22    3464      -37
Boll-10KLimi... Coffee-KC      12356  35162   30568    6337    -3324    0.38     37       84    3055     1285
Boll-10KLimi... Nat.Gas-NG    -20029  27919   25089    5406    -2913    0.30     44     -136    2423    -1130
Boll-10KLimi... SoyBean-S_     28937  10850    9850    5375    -2316    0.41     34      196    1744     1791
Boll-10KLimi... LHogs-LH       23230  17220   17010    4427    -1550    0.36     39      158    1673     1681
Boll-10KLimi... Sugar-SB       17031   5532    4810    2165     -946    0.45     38      115    1209     1419
Boll-10KLimi... Silver-SI    -105319 127734  115324    7131    -7789    0.38     48     -716    4500    -9257
Boll-10KLimi... TenYr-TY       29325   5740    4837    2781     -992    0.46     39      199    1133     2264
-------------------------------------------------------------------------------------------------------------------
Totals                          22459 109051 or 206.5 % Avg. DD   32095         411
-----------------------------------------------------------------------------------------------------------
Combined Monthly Return
Date         Profit Cum.Profit
-------------------------------------------------------------------
20100129       7274       7274
20100226     -13777      -6502
20100331        381      -6121
20100430        624      -5497
20100528       1251      -4247
20100630      -2951      -7197
20100730      -3333     -10530
20100831        640      -9890
20100930      16925       7035
20101029       8179      15214
20101130       4902      20116
20101231       1877      21993      21993
20110131      -9119      12874
20110228       1031      13904
20110331       4284      18189
20110429      16143      34331
20110531       3988      38319
20110630     -10924      27395
20110729      11178      38573
20110831      -9559      29014
20110930     -24007       5007
20111031      -1121       3885
20111130       3951       7836
20111230       5541      13377      -8616
20120131     -13804       -427
20120229      -9578     -10005
20120330      -7447     -17452
20120430       1071     -16380
20120531      20470       4089
20120629      -2568       1521
20120731      12306      13828
20120831       -664      13163
20120928       9825      22988
20121031        292      23281
20121130      -6433      16848
20121231      -2875      13973        596
20130131      -7819       6153
20130228      -4314       1839
20130329       3172       5011
20130430      -8132      -3121
20130531      -3742      -6863
20130628       4964      -1899
20130731       7549       5650
20130830      -3387       2263
20130930      -6638      -4375
20131031       5448       1073
20131129      -2827      -1754
20131231      -5931      -7685     -21658
20140131      -4867     -12552
20140228      13126        574
20140331      -7174      -6599
20140430       4465      -2134
20140530       -731      -2866
20140630     -13876     -16742
20140731       2714     -14028
20140829       1501     -12527
20140930       2675      -9852
20141031      11807       1955
20141128      -3904      -1948
20141231       6568       4620      12305
20150130       2964       7584
20150227        123       7706
20150331       4941      12647
20150430       -398      12249
20150529      -4550       7699
20150630      -2147       5552
20150731       3123       8675
20150831        323       8999
20150930       -699       8299
20151030     -11158      -2859
20151130      -3133      -5992
20151231       1157      -4835      -9455
20160129      -1442      -6277
20160229      -7234     -13511
20160331       1514     -11997
20160429       9699      -2299
20160531      -1069      -3367
20160630      12220       8853
20160729       7255      16108
20160831     -18242      -2134
20160930       4309       2175
20161031      -2448       -273
20161130       1296       1023
20161230       6077       7100      11935
20170131     -11438      -4338
20170228      -3528      -7865
20170331      -4305     -12171
20170428      -3835     -16006
20170531      -1560     -17566
20170630        -15     -17581
20170731     -11790     -29371
20170831       -466     -29838
20170929      -8116     -37953
20171031      -2671     -40624
20171130      -1785     -42409
20171229     -10891     -53300     -60401
20180131       3886     -49414
20180228      -6041     -55455
20180329       4011     -51444
20180430       2712     -48733
20180531       6042     -42690
20180629      11105     -31585
20180731       3753     -27832
20180831       2859     -24973
20180928      -5402     -30375
20181031      -2360     -32735
20181130      16312     -16424
20181231       4397     -12026      41274
20190131       3948      -8078
20190228       -718      -8796
20190329      -2169     -10965
20190430       4674      -6291
20190531      -2145      -8436
20190628        346      -8090
20190731        293      -7797
20190830       8808       1012
20190930      -9369      -8357
20191031      -5426     -13783
20191129       -175     -13958
20191231      10069      -3889       8138
20200131       1323      -2565
20200228       8651       6085
20200331      -6687       -601
20200430       7650       7049
20200529          0       7049
20200630      -3585       3464
20200731      28549      32014
20200831       2987      35000
20200930      -4936      30064
20201030       -695      29369
20201130      -1692      27677
20201231     -13486      14191      18080
20210129      -5426       8765
20210226      31711      40476
20210331      -1891      38585
20210430     -11729      26856
20210528       5927      32783
20210630     -22056      10727
20210730        251      10979
20210831       4010      14989
20210930        996      15985
20211029       5556      21540
20211130      -5586      15955
20211231     -11163       4792      -9399
20220131      -1417       3375
20220228       9302      12676
20220331       9784      22460      17668
Average Monthly Return:      152 StdDev:  8192  Sharpe: 0.02
Average  Yearly Return:     1727 StdDev: 25028  Sharpe: 0.07
