Testing from : 20100104 to: 20220331
-----------------------------------------------------------------------------------------------------------
                                                                                      Avg.   Monthly    Avg.
SysName         Market     TotProfit  MaxDD ClsTrdDD AvgWin  AvgLoss PerWins #Trds  MonthRet.  StdDev  YearlyRet.
Boll-BigOTEL... Corn-C_        23950  17950   12362    3894    -1152    0.33     45      162    1730     1337
-------------------------------------------------------------------------------------------------------------------
Totals                         23950  17950 or 72.9 % Avg. DD    4594          45
-----------------------------------------------------------------------------------------------------------
Combined Monthly Return
Date         Profit Cum.Profit
-------------------------------------------------------------------
20100129        288        288
20100226      -1075       -788
20100331       2200       1412
20100430      -1088        325
20100528        238        562
20100630      -1450       -888
20100730      -2050      -2938
20100831       1662      -1275
20100930       2825       1550
20101029       4312       5862
20101130      -2650       3212
20101231       4250       7462       7462
20110131       1525       8988
20110228       3075      12062
20110331      -5150       6912
20110429       -400       6512
20110531      -2500       4012
20110630      -2162       1850
20110729      -2788       -938
20110831          0       -938
20110930       3025       2088
20111031      -2725       -638
20111130       2325       1688
20111230      -1700        -12      -7475
20120131          0        -12
20120229          0        -12
20120330          0        -12
20120430      -2538      -2550
20120531       -562      -3112
20120629      -1900      -5012
20120731       8900       3888
20120831       -638       3250
20120928      -3838       -588
20121031          0       -588
20121130          0       -588
20121231        288       -300       -288
20130131      -1588      -1888
20130228          0      -1888
20130329          0      -1888
20130430      -1188      -3075
20130531       -625      -3700
20130628          0      -3700
20130731        475      -3225
20130830        175      -3050
20130930       2025      -1025
20131031        662       -362
20131129        500        138
20131231        125        262        562
20140131       -562       -300
20140228        762        462
20140331       1925       2388
20140430        562       2950
20140530      -1825       1125
20140630       1250       2375
20140731       3088       5462
20140829         62       5525
20140930       2200       7725
20141031      -1662       6062
20141128          0       6062
20141231       -525       5538       5275
20150130       -812       4725
20150227          0       4725
20150331      -1075       3650
20150430         75       3725
20150529        738       4462
20150630      -1325       3138
20150731      -2425        712
20150831          0        712
20150930          0        712
20151030          0        712
20151130       -238        475
20151231        675       1150      -4388
20160129       -662        488
20160229       -100        388
20160331       -712       -325
20160429       -588       -912
20160531       -388      -1300
20160630       -962      -2262
20160729        812      -1450
20160831       1388        -62
20160930      -1062      -1125
20161031       -512      -1638
20161130          0      -1638
20161230          0      -1638      -2788
20170131       -650      -2288
20170228        -88      -2375
20170331       -425      -2800
20170428          0      -2800
20170531          0      -2800
20170630      -1075      -3875
20170731      -1338      -5212
20170831       1088      -4125
20170929        125      -4000
20171031        475      -3525
20171130        150      -3375
20171229        250      -3125      -1488
20180131       -362      -3488
20180228        450      -3038
20180329        288      -2750
20180430        188      -2562
20180531       -462      -3025
20180629       1412      -1612
20180731       -638      -2250
20180831       1125      -1125
20180928        438       -688
20181031       -712      -1400
20181130          0      -1400
20181231          0      -1400       1725
20190131          0      -1400
20190228        188      -1212
20190329        712       -500
20190430        188       -312
20190531        538        225
20190628       -388       -162
20190731      -1225      -1388
20190830        -25      -1412
20190930          0      -1412
20191031          0      -1412
20191129          0      -1412
20191231          0      -1412        -12
20200131          0      -1412
20200228        438       -975
20200331        812       -162
20200430       1425       1262
20200529       -288        975
20200630       -625        350
20200731        -62        288
20200831       -875       -588
20200930       1138        550
20201030        975       1525
20201130       1038       2562
20201231       2900       5462       6875
20210129       3150       8612
20210226         88       8700
20210331        838       9538
20210430       7500      17038
20210528       -825      16212
20210630       2438      18650
20210730      -2362      16288
20210831          0      16288
20210930       -600      15688
20211029       -100      15588
20211130       -825      14762
20211231       1288      16050      10588
20220131       1638      17688
20220228       3362      21050
20220331       2900      23950       7900
Average Monthly Return:      162 StdDev:  1730  Sharpe: 0.09
Average  Yearly Return:     1842 StdDev:  5397  Sharpe: 0.34
