-----------------------------------------
Sys Name : Donch-MAX2NSect
Mkt Symb : CL Mkt Name : Crude
20100112  TS-18-B:Sto  1 127.55000       0.00       0.00
20100125         Lxit  1 119.39000   -8260.00   -8260.00
20100208  TS-18-S:Sto  1 117.33000       0.00       0.00
20100219         Sxit  1 123.62000   -6390.00  -14650.00
20100405  TS-18-B:Sto  1 129.32000       0.00       0.00
20100428         Lxit  1 124.86000   -4560.00  -19210.00
20100517  TS-18-S:Sto  1 114.81000       0.00       0.00
20100616         Sxit  1 116.79000   -2080.00  -21290.00
20101104  TS-18-B:Sto  1 121.03000       0.00       0.00
20101118         Lxit  1 116.38000   -4750.00  -26040.00
20101206  TS-18-B:Sto  1 124.78000       0.00       0.00
20110110         Lxit  1 123.64000   -1240.00  -27280.00
20110223  TS-18-B:Sto  1 125.88000       0.00       0.00
20110506         Lxit  1 128.62000    2640.00  -24640.00
20110620  TS-18-S:Sto  1 121.18000       0.00       0.00
20110722         Sxit  1 126.89000   -5810.00  -30450.00
20110805  TS-18-S:Sto  1 114.19000       0.00       0.00
20110902         Sxit  1 116.34000   -2250.00  -32700.00
20111005  TS-18-S:Sto  1 105.59000       0.00       0.00
20111018         Sxit  1 113.54000   -8050.00  -40750.00
20111117  TS-18-B:Sto  1 128.88000       0.00       0.00
20111215         Lxit  1 122.03000   -6950.00  -47700.00
20120105  TS-18-B:Sto  1 130.21000       0.00       0.00
20120124         Lxit  1 126.63000   -3680.00  -51380.00
20120221  TS-18-B:Sto  1 131.14000       0.00       0.00
20120330         Lxit  1 129.16000   -2080.00  -53460.00
20120508  TS-18-S:Sto  1 123.38000       0.00       0.00
20120705         Sxit  1 112.52000   10760.00  -42700.00
20120914  TS-18-B:Sto  1 122.20000       0.00       0.00
20120920         Lxit  1 115.90000   -6400.00  -49100.00
20121025  TS-18-S:Sto  1 109.05000       0.00       0.00
20121120         Sxit  1 112.12000   -3170.00  -52270.00
20130118  TS-18-B:Sto  1 117.70000       0.00       0.00
20130221         Lxit  1 116.22000   -1580.00  -53850.00
20130416  TS-18-S:Sto  1 108.55000       0.00       0.00
20130506         Sxit  1 116.42000   -7970.00  -61820.00
20130618  TS-18-B:Sto  1 118.44000       0.00       0.00
20130809         Lxit  1 124.28000    5740.00  -56080.00
20130828  TS-18-B:Sto  1 129.77000       0.00       0.00
20130924         Lxit  1 124.59000   -5280.00  -61360.00
20131024  TS-18-S:Sto  1 118.05000       0.00       0.00
20131204         Sxit  1 117.20000     750.00  -60610.00
20140110  TS-18-S:Sto  1 112.31000       0.00       0.00
20140207         Sxit  1 117.84000   -5630.00  -66240.00
20140219  TS-18-B:Sto  1 122.77000       0.00       0.00
20140313         Lxit  1 118.30000   -4570.00  -70810.00
20140414  TS-18-B:Sto  1 124.58000       0.00       0.00
20140709         Lxit  1 126.26000    1580.00  -69230.00
20140807  TS-18-S:Sto  1 120.88000       0.00       0.00
20141001         Sxit  1 118.60000    2180.00  -67050.00
20141003  TS-18-S:Sto  1 118.62000       0.00       0.00
20150204         Sxit  1  78.83000   39690.00  -27360.00
20150317  TS-18-S:Sto  1  70.32000       0.00       0.00
20150408         Sxit  1  77.67000   -7450.00  -34810.00
20150430  TS-18-B:Sto  1  81.64000       0.00       0.00
20150528         Lxit  1  79.76000   -1980.00  -36790.00
20150722  TS-18-S:Sto  1  72.11000       0.00       0.00
20150901         Sxit  1  68.96000    3050.00  -33740.00
20151207  TS-18-S:Sto  1  59.06000       0.00       0.00
20160307         Sxit  1  50.80000    8160.00  -25580.00
20160422  TS-18-B:Sto  1  55.21000       0.00       0.00
20160617         Lxit  1  57.13000    1820.00  -23760.00
20160802  TS-18-S:Sto  1  49.96000       0.00       0.00
20160817         Sxit  1  56.25000   -6390.00  -30150.00
20161213  TS-18-B:Sto  1  60.09000       0.00       0.00
20170111         Lxit  1  57.32000   -2870.00  -33020.00
20170323  TS-18-S:Sto  1  53.00000       0.00       0.00
20170406         Sxit  1  55.65000   -2750.00  -35770.00
20170503  TS-18-S:Sto  1  52.51000       0.00       0.00
20170522         Sxit  1  54.98000   -2570.00  -38340.00
20170619  TS-18-S:Sto  1  48.72000       0.00       0.00
20170720         Sxit  1  50.89000   -2270.00  -40610.00
20170926  TS-18-B:Sto  1  55.04000       0.00       0.00
20180208         Lxit  1  64.21000    9070.00  -31540.00
20180327  TS-18-B:Sto  1  68.15000       0.00       0.00
20180530         Lxit  1  69.40000    1150.00  -30390.00
20180628  TS-18-B:Sto  1  75.03000       0.00       0.00
20180814         Lxit  1  71.10000   -4030.00  -34420.00
20181001  TS-18-B:Sto  1  77.78000       0.00       0.00
20181018         Lxit  1  74.48000   -3400.00  -37820.00
20181102  TS-18-S:Sto  1  68.04000       0.00       0.00
20190122         Sxit  1  57.79000   10150.00  -27670.00
20190318  TS-18-B:Sto  1  61.90000       0.00       0.00
20190503         Lxit  1  64.59000    2590.00  -25080.00
20190604  TS-18-S:Sto  1  55.74000       0.00       0.00
20190702         Sxit  1  61.75000   -6110.00  -31190.00
20190808  TS-18-S:Sto  1  54.80000       0.00       0.00
20190906         Sxit  1  58.71000   -4010.00  -35200.00
20190917  TS-18-B:Sto  1  64.48000       0.00       0.00
20191002         Lxit  1  56.76000   -7820.00  -43020.00
20200106  TS-18-B:Sto  1  66.33000       0.00       0.00
20200114         Lxit  1  60.65000   -5780.00  -48800.00
20200203  TS-18-S:Sto  1  53.62000       0.00       0.00
20200515         Sxit  1  24.00000   29520.00  -19280.00
20200722  TS-18-B:Sto  1  37.11000       0.00       0.00
20200903         Lxit  1  36.92000    -290.00  -19570.00
20201030  TS-18-S:Sto  1  30.83000       0.00       0.00
20201112         Sxit  1  36.23000   -5500.00  -25070.00
20201125  TS-18-B:Sto  1  39.36000       0.00       0.00
20210319         Lxit  1  53.88000   14420.00  -10650.00
20210602  TS-18-B:Sto  1  62.16000       0.00       0.00
20210720         Lxit  1  61.31000    -950.00  -11600.00
20210929  TS-18-B:Sto  1  69.57000       0.00       0.00
20211118         Lxit  1  74.25000    4580.00   -7020.00
20220118  TS-18-B:Sto  1  81.26000       0.00       0.00
20220331   Lx-EOFData  1 100.93000   19570.00   12550.00
-----------------------------------------
Sys Name : Donch-MAX2NSect
Mkt Symb : EC Mkt Name : EuroCur
20100121  TS-18-S:Sto  1   1.55655       0.00       0.00
20100315         Sxit  1   1.52225    4187.50    4187.50
20100325  TS-18-S:Sto  1   1.47855       0.00       0.00
20100702         Sxit  1   1.39705   10087.50   14275.00
20100923  TS-18-B:Sto  1   1.48525       0.00       0.00
20101111         Lxit  1   1.52275    4587.50   18862.50
20110110  TS-18-S:Sto  1   1.43625       0.00       0.00
20110118         Sxit  1   1.47435   -4862.50   14000.00
20110307  TS-18-B:Sto  1   1.54575       0.00       0.00
20110513         Lxit  1   1.57175    3150.00   17150.00
20110713  TS-18-S:Sto  1   1.54665       0.00       0.00
20110830         Sxit  1   1.60345   -7200.00    9950.00
20110912  TS-18-S:Sto  1   1.50965       0.00       0.00
20111017         Sxit  1   1.53955   -3837.50    6112.50
20111214  TS-18-S:Sto  1   1.45605       0.00       0.00
20120126         Sxit  1   1.46165    -800.00    5312.50
20120515  TS-18-S:Sto  1   1.43315       0.00       0.00
20120807         Sxit  1   1.38885    5437.50   10750.00
20120912  TS-18-B:Sto  1   1.43395       0.00       0.00
20121105         Lxit  1   1.43015    -575.00   10175.00
20121218  TS-18-B:Sto  1   1.46365       0.00       0.00
20130222         Lxit  1   1.46555     137.50   10312.50
20130326  TS-18-S:Sto  1   1.43065       0.00       0.00
20130411         Sxit  1   1.45225   -2800.00    7512.50
20130614  TS-18-B:Sto  1   1.48255       0.00       0.00
20130703         Lxit  1   1.44305   -5037.50    2475.00
20130821  TS-18-B:Sto  1   1.48665       0.00       0.00
20130903         Lxit  1   1.46595   -2687.50    -212.50
20130919  TS-18-B:Sto  1   1.49545       0.00       0.00
20131105         Lxit  1   1.49555     -87.50    -300.00
20131219  TS-18-B:Sto  1   1.51175       0.00       0.00
20140107         Lxit  1   1.50775    -600.00    -900.00
20140310  TS-18-B:Sto  1   1.53175       0.00       0.00
20140331         Lxit  1   1.51975   -1600.00   -2500.00
20140509  TS-18-B:Sto  1   1.52855       0.00       0.00
20140512         Lxit  1   1.52015   -1150.00   -3650.00
20140606  TS-18-S:Sto  1   1.51085       0.00       0.00
20140701         Sxit  1   1.51415    -512.50   -4162.50
20140721  TS-18-S:Sto  1   1.49755       0.00       0.00
20150430         Sxit  1   1.25425   30312.50   26150.00
20150825  TS-18-B:Sto  1   1.29895       0.00       0.00
20151023         Lxit  1   1.24995   -6225.00   19925.00
20151109  TS-18-S:Sto  1   1.21215       0.00       0.00
20151204         Sxit  1   1.23195   -2575.00   17350.00
20160401  TS-18-B:Sto  1   1.27325       0.00       0.00
20160519         Lxit  1   1.25540   -2331.25   15018.75
20161020  TS-18-S:Sto  1   1.22465       0.00       0.00
20161110         Sxit  1   1.21880     631.25   15650.00
20161114  TS-18-S:Sto  1   1.20980       0.00       0.00
20170118         Sxit  1   1.19385    1893.75   17543.75
20170426  TS-18-B:Sto  1   1.21085       0.00       0.00
20170621         Lxit  1   1.22875    2137.50   19681.25
20170628  TS-18-B:Sto  1   1.24870       0.00       0.00
20170926         Lxit  1   1.29420    5587.50   25268.75
20180116  TS-18-B:Sto  1   1.32160       0.00       0.00
20180301         Lxit  1   1.31725    -643.75   24625.00
20180502  TS-18-S:Sto  1   1.29145       0.00       0.00
20180829         Sxit  1   1.25055    5012.50   29637.50
20181026  TS-18-S:Sto  1   1.21325       0.00       0.00
20181221         Sxit  1   1.21560    -393.75   29243.75
20190125  TS-18-S:Sto  1   1.19730       0.00       0.00
20190321         Sxit  1   1.20440    -987.50   28256.25
20190403  TS-18-S:Sto  1   1.18070       0.00       0.00
20190606         Sxit  1   1.17690     375.00   28631.25
20190724  TS-18-S:Sto  1   1.16545       0.00       0.00
20191018         Sxit  1   1.15490    1218.75   29850.00
20200102  TS-18-B:Sto  1   1.15770       0.00       0.00
20200113         Lxit  1   1.14715   -1418.75   28431.25
20200129  TS-18-S:Sto  1   1.13625       0.00       0.00
20200303         Sxit  1   1.14645   -1375.00   27056.25
20200309  TS-18-B:Sto  1   1.16600       0.00       0.00
20200320         Lxit  1   1.09825   -8568.75   18487.50
20200320  TS-18-S:Sto  1   1.09825       0.00       0.00
20200504         Sxit  1   1.12500   -3443.75   15043.75
20200716  TS-18-B:Sto  1   1.16720       0.00       0.00
20200918         Lxit  1   1.20885    5106.25   20150.00
20201202  TS-18-B:Sto  1   1.22980       0.00       0.00
20210115         Lxit  1   1.23580     650.00   20800.00
20210325  TS-18-S:Sto  1   1.20010       0.00       0.00
20210419         Sxit  1   1.21590   -2075.00   18725.00
20210809  TS-18-S:Sto  1   1.19125       0.00       0.00
20210903         Sxit  1   1.20220   -1468.75   17256.25
20210929  TS-18-S:Sto  1   1.18250       0.00       0.00
20211029         Sxit  1   1.18170       0.00   17256.25
20211105  TS-18-S:Sto  1   1.16855       0.00       0.00
20211230         Sxit  1   1.14645    2662.50   19918.75
20220128  TS-18-S:Sto  1   1.12535       0.00       0.00
20220211         Sxit  1   1.15350   -3618.75   16300.00
20220225  TS-18-S:Sto  1   1.12980       0.00       0.00
20220331         Sxit  1   1.12475     531.25   16831.25
-----------------------------------------
Sys Name : Donch-MAX2NSect
Mkt Symb : GC Mkt Name : Gold
20100412  TS-18-B:Sto  1 1402.70000       0.00       0.00
20100702         Lxit  1 1432.90000    2920.00    2920.00
20100915  TS-18-B:Sto  1 1501.80000       0.00       0.00
20110110         Lxit  1 1599.90000    9710.00   12630.00
20110128  TS-18-S:Sto  1 1544.10000       0.00       0.00
20110217         Sxit  1 1605.60000   -6250.00    6380.00
20110302  TS-18-B:Sto  1 1664.00000       0.00       0.00
20110627         Lxit  1 1727.90000    6290.00   12670.00
20110714  TS-18-B:Sto  1 1811.20000       0.00       0.00
20110926         Lxit  1 1884.20000    7200.00   19870.00
20111230  TS-18-S:Sto  1 1766.00000       0.00       0.00
20120113         Sxit  1 1868.50000  -10350.00    9520.00
20120509  TS-18-S:Sto  1 1818.50000       0.00       0.00
20120607         Sxit  1 1831.70000   -1420.00    8100.00
20120824  TS-18-B:Sto  1 1878.20000       0.00       0.00
20121016         Lxit  1 1943.60000    6440.00   14540.00
20121221  TS-18-S:Sto  1 1851.60000       0.00       0.00
20130118         Sxit  1 1890.50000   -3990.00   10550.00
20130219  TS-18-S:Sto  1 1810.70000       0.00       0.00
20130723         Sxit  1 1532.50000   27720.00   38270.00
20131121  TS-18-S:Sto  1 1439.60000       0.00       0.00
20140114         Sxit  1 1450.40000   -1180.00   37090.00
20140227  TS-18-B:Sto  1 1527.50000       0.00       0.00
20140325         Lxit  1 1507.70000   -2080.00   35010.00
20140602  TS-18-S:Sto  1 1448.30000       0.00       0.00
20140620         Sxit  1 1518.10000   -7080.00   27930.00
20140912  TS-18-S:Sto  1 1436.20000       0.00       0.00
20141016         Sxit  1 1437.50000    -230.00   27700.00
20141103  TS-18-S:Sto  1 1366.40000       0.00       0.00
20141202         Sxit  1 1407.20000   -4180.00   23520.00
20150116  TS-18-B:Sto  1 1458.10000       0.00       0.00
20150212         Lxit  1 1411.70000   -4740.00   18780.00
20150318  TS-18-S:Sto  1 1341.50000       0.00       0.00
20150407         Sxit  1 1407.20000   -6670.00   12110.00
20150716  TS-18-S:Sto  1 1337.80000       0.00       0.00
20150820         Sxit  1 1324.40000    1240.00   13350.00
20151015  TS-18-B:Sto  1 1375.10000       0.00       0.00
20151103         Lxit  1 1324.00000   -5210.00    8140.00
20151118  TS-18-S:Sto  1 1261.30000       0.00       0.00
20160107         Sxit  1 1285.10000   -2480.00    5660.00
20160209  TS-18-B:Sto  1 1380.50000       0.00       0.00
20160328         Lxit  1 1407.00000    2550.00    8210.00
20160502  TS-18-B:Sto  1 1482.30000       0.00       0.00
20160525         Lxit  1 1416.40000   -6690.00    1520.00
20160617  TS-18-B:Sto  1 1469.20000       0.00       0.00
20160825         Lxit  1 1506.70000    3650.00    5170.00
20161007  TS-18-S:Sto  1 1436.10000       0.00       0.00
20161102         Sxit  1 1468.30000   -3320.00    1850.00
20161114  TS-18-S:Sto  1 1407.00000       0.00       0.00
20170106         Sxit  1 1357.70000    4830.00    6680.00
20170410  TS-18-B:Sto  1 1426.40000       0.00       0.00
20170504         Lxit  1 1409.30000   -1810.00    4870.00
20170711  TS-18-S:Sto  1 1381.30000       0.00       0.00
20170725         Sxit  1 1422.70000   -4240.00     630.00
20170821  TS-18-B:Sto  1 1450.40000       0.00       0.00
20170928         Lxit  1 1446.40000    -500.00     130.00
20171206  TS-18-S:Sto  1 1425.10000       0.00       0.00
20171229         Sxit  1 1454.30000   -3020.00   -2890.00
20180111  TS-18-B:Sto  1 1474.30000       0.00       0.00
20180208         Lxit  1 1472.40000    -290.00   -3180.00
20180502  TS-18-S:Sto  1 1450.20000       0.00       0.00
20181012         Sxit  1 1358.60000    9060.00    5880.00
20181210  TS-18-B:Sto  1 1380.00000       0.00       0.00
20190304         Lxit  1 1412.60000    3160.00    9040.00
20190424  TS-18-S:Sto  1 1386.20000       0.00       0.00
20190514         Sxit  1 1412.60000   -2740.00    6300.00
20190617  TS-18-B:Sto  1 1451.90000       0.00       0.00
20190919         Lxit  1 1595.50000   14260.00   20560.00
20200106  TS-18-B:Sto  1 1649.10000       0.00       0.00
20200313         Lxit  1 1663.50000    1340.00   21900.00
20200317  TS-18-S:Sto  1 1593.60000       0.00       0.00
20200407  LiqShortPos  1 1778.80000  -18620.00    3280.00
20200407  TS-18-B:Sto  1 1778.80000       0.00       0.00
20200604         Lxit  1 1751.90000   -2790.00     490.00
20200709  TS-18-B:Sto  1 1867.90000       0.00       0.00
20200922         Lxit  1 1947.90000    7900.00    8390.00
20201124  TS-18-S:Sto  1 1865.50000       0.00       0.00
20201218         Sxit  1 1914.80000   -5030.00    3360.00
20210218  TS-18-S:Sto  1 1795.60000       0.00       0.00
20210409         Sxit  1 1773.70000    2090.00    5450.00
20210520  TS-18-B:Sto  1 1887.10000       0.00       0.00
20210617         Lxit  1 1827.00000   -6110.00    -660.00
20210810  TS-18-S:Sto  1 1742.50000       0.00       0.00
20210907         Sxit  1 1844.00000  -10250.00  -10910.00
20211111  TS-18-B:Sto  1 1862.00000       0.00       0.00
20211203         Lxit  1 1777.30000   -8570.00  -19480.00
20220218  TS-18-B:Sto  1 1907.00000       0.00       0.00
20220330         Lxit  1 1924.70000    1670.00  -17810.00
-----------------------------------------
Sys Name : Donch-MAX2NSect
Mkt Symb : KC Mkt Name : Coffee
20100201  TS-18-S:Sto  1 294.60000       0.00       0.00
20100326         Sxit  1 297.85000   -1318.75   -1318.75
20100614  TS-18-B:Sto  1 303.75000       0.00       0.00
20100722         Lxit  1 315.25000    4212.50    2893.75
20100802  TS-18-B:Sto  1 333.25000       0.00       0.00
20100826         Lxit  1 324.00000   -3568.75    -675.00
20100908  TS-18-B:Sto  1 349.00000       0.00       0.00
20101005         Lxit  1 329.25000   -7506.25   -8181.25
20101022  TS-18-B:Sto  1 356.75000       0.00       0.00
20110121         Lxit  1 386.20000   10943.75    2762.50
20110131  TS-18-B:Sto  1 398.80000       0.00       0.00
20110325         Lxit  1 418.20000    7175.00    9937.50
20110421  TS-18-B:Sto  1 447.30000       0.00       0.00
20110512         Lxit  1 421.80000   -9662.50     275.00
20110620  TS-18-S:Sto  1 397.70000       0.00       0.00
20110817         Sxit  1 395.45000     743.75    1018.75
20110902  TS-18-B:Sto  1 430.25000       0.00       0.00
20110916         Lxit  1 401.65000  -10825.00   -9806.25
20110926  TS-18-S:Sto  1 374.25000       0.00       0.00
20111024         Sxit  1 386.70000   -4768.75  -14575.00
20111213  TS-18-S:Sto  1 358.95000       0.00       0.00
20120112         Sxit  1 371.65000   -4862.50  -19437.50
20120203  TS-18-S:Sto  1 353.65000       0.00       0.00
20120628         Sxit  1 296.45000   21350.00    1912.50
20121030  TS-18-S:Sto  1 290.55000       0.00       0.00
20130114         Sxit  1 275.85000    5412.50    7325.00
20130208  TS-18-S:Sto  1 262.80000       0.00       0.00
20130422         Sxit  1 260.35000     818.75    8143.75
20130429  TS-18-S:Sto  1 251.15000       0.00       0.00
20130510         Sxit  1 264.35000   -5050.00    3093.75
20130522  TS-18-S:Sto  1 250.75000       0.00       0.00
20130717         Sxit  1 240.80000    3631.25    6725.00
20130802  TS-18-S:Sto  1 231.35000       0.00       0.00
20131205         Sxit  1 218.00000    4906.25   11631.25
20140203  TS-18-B:Sto  1 234.60000       0.00       0.00
20140324         Lxit  1 278.50000   16362.50   27993.75
20140423  TS-18-B:Sto  1 318.45000       0.00       0.00
20140512         Lxit  1 289.55000  -10937.50   17056.25
20140620  TS-18-S:Sto  1 272.55000       0.00       0.00
20140630         Sxit  1 275.40000   -1168.75   15887.50
20140708  TS-18-S:Sto  1 274.00000       0.00       0.00
20140729         Sxit  1 283.55000   -3681.25   12206.25
20141003  TS-18-B:Sto  1 307.10000       0.00       0.00
20141028         Lxit  1 289.25000   -6793.75    5412.50
20141208  TS-18-S:Sto  1 274.20000       0.00       0.00
20150108         Sxit  1 269.70000    1587.50    7000.00
20150123  TS-18-S:Sto  1 254.60000       0.00       0.00
20150407         Sxit  1 236.55000    6668.75   13668.75
20150507  TS-18-S:Sto  1 219.25000       0.00       0.00
20150811         Sxit  1 219.60000    -231.25   13437.50
20150825  TS-18-S:Sto  1 205.30000       0.00       0.00
20151005         Sxit  1 207.70000   -1000.00   12437.50
20151116  TS-18-S:Sto  1 195.75000       0.00       0.00
20151123         Sxit  1 203.75000   -3100.00    9337.50
20160112  TS-18-S:Sto  1 193.85000       0.00       0.00
20160205         Sxit  1 202.75000   -3437.50    5900.00
20160318  TS-18-B:Sto  1 209.80000       0.00       0.00
20160408         Lxit  1 197.05000   -4881.25    1018.75
20160609  TS-18-B:Sto  1 214.35000       0.00       0.00
20160805         Lxit  1 216.15000     575.00    1593.75
20160922  TS-18-B:Sto  1 226.10000       0.00       0.00
20161004         Lxit  1 217.10000   -3475.00   -1881.25
20161026  TS-18-B:Sto  1 232.95000       0.00       0.00
20161122         Lxit  1 229.75000   -1300.00   -3181.25
20161208  TS-18-S:Sto  1 208.25000       0.00       0.00
20170106         Sxit  1 209.25000    -475.00   -3656.25
20170421  TS-18-S:Sto  1 194.60000       0.00       0.00
20170714         Sxit  1 189.95000    1643.75   -2012.50
20171018  TS-18-S:Sto  1 179.40000       0.00       0.00
20171113         Sxit  1 182.80000   -1375.00   -3387.50
20171208  TS-18-S:Sto  1 174.80000       0.00       0.00
20180103         Sxit  1 181.90000   -2762.50   -6150.00
20180220  TS-18-S:Sto  1 170.25000       0.00       0.00
20180430         Sxit  1 170.20000     -81.25   -6231.25
20180618  TS-18-S:Sto  1 163.75000       0.00       0.00
20181003         Sxit  1 150.35000    4925.00   -1306.25
20181018  TS-18-B:Sto  1 165.25000       0.00       0.00
20181113         Lxit  1 153.05000   -4675.00   -5981.25
20181220  TS-18-S:Sto  1 139.95000       0.00       0.00
20190109         Sxit  1 144.05000   -1637.50   -7618.75
20190215  TS-18-S:Sto  1 137.35000       0.00       0.00
20190529         Sxit  1 130.20000    2581.25   -5037.50
20190701  TS-18-B:Sto  1 142.75000       0.00       0.00
20190724         Lxit  1 133.45000   -3587.50   -8625.00
20190821  TS-18-S:Sto  1 123.10000       0.00       0.00
20190911         Sxit  1 129.60000   -2537.50  -11162.50
20191011  TS-18-S:Sto  1 121.85000       0.00       0.00
20191104         Sxit  1 131.60000   -3756.25  -14918.75
20191122  TS-18-B:Sto  1 139.25000       0.00       0.00
20200107         Lxit  1 146.80000    2731.25  -12187.50
20200529  TS-18-S:Sto  1 120.45000       0.00       0.00
20200630         Sxit  1 119.95000      87.50  -12100.00
20200806  TS-18-B:Sto  1 141.45000       0.00       0.00
20200916         Lxit  1 138.75000   -1112.50  -13212.50
20210119  TS-18-B:Sto  1 140.05000       0.00       0.00
20210216         Lxit  1 135.35000   -1862.50  -15075.00
20210223  TS-18-B:Sto  1 146.90000       0.00       0.00
20210325         Lxit  1 139.00000   -3062.50  -18137.50
20210427  TS-18-B:Sto  1 153.55000       0.00       0.00
20210621         Lxit  1 158.85000    1887.50  -16250.00
20210722  TS-18-B:Sto  1 188.00000       0.00       0.00
20211221         Lxit  1 227.75000   14806.25   -1443.75
20220210  TS-18-B:Sto  1 261.30000       0.00       0.00
20220301         Lxit  1 237.15000   -9156.25  -10600.00
20220315  TS-18-S:Sto  1 220.35000       0.00       0.00
20220331   Sx-EOFData  1 228.55000   -3175.00  -13775.00
-----------------------------------------
Sys Name : Donch-MAX2NSect
Mkt Symb : NG Mkt Name : Nat.Gas
20100312  TS-18-S:Sto  1  11.74500       0.00       0.00
20100429         Sxit  1  11.54100    1940.00    1940.00
20100503  TS-18-S:Sto  1  11.12800       0.00       0.00
20100519         Sxit  1  11.52900   -4110.00   -2170.00
20100616  TS-18-B:Sto  1  12.28700       0.00       0.00
20100709         Lxit  1  11.50300   -7940.00  -10110.00
20100826  TS-18-S:Sto  1  11.01300       0.00       0.00
20101110         Sxit  1  10.82200    1810.00   -8300.00
20110124  TS-18-B:Sto  1  11.20800       0.00       0.00
20110131         Lxit  1  10.71200   -5060.00  -13360.00
20110218  TS-18-S:Sto  1  10.25900       0.00       0.00
20110318         Sxit  1  10.50900   -2600.00  -15960.00
20110603  TS-18-B:Sto  1  10.93800       0.00       0.00
20110624         Lxit  1  10.36500   -5830.00  -21790.00
20110805  TS-18-S:Sto  1  10.10900       0.00       0.00
20110902         Sxit  1  10.23800   -1390.00  -23180.00
20110920  TS-18-S:Sto  1  10.01800       0.00       0.00
20111101         Sxit  1   9.86500    1430.00  -21750.00
20111111  TS-18-S:Sto  1   9.56200       0.00       0.00
20120501         Sxit  1   7.67500   18770.00   -2980.00
20120628  TS-18-B:Sto  1   8.05600       0.00       0.00
20120817         Lxit  1   8.01900    -470.00   -3450.00
20121003  TS-18-B:Sto  1   8.61300       0.00       0.00
20121031         Lxit  1   8.44100   -1820.00   -5270.00
20121217  TS-18-S:Sto  1   7.90700       0.00       0.00
20130122         Sxit  1   8.20600   -3090.00   -8360.00
20130328  TS-18-B:Sto  1   8.56600       0.00       0.00
20130506         Lxit  1   8.45000   -1260.00   -9620.00
20130628  TS-18-S:Sto  1   7.96600       0.00       0.00
20130826         Sxit  1   7.87800     780.00   -8840.00
20131206  TS-18-B:Sto  1   8.25600       0.00       0.00
20140109         Lxit  1   8.24600    -200.00   -9040.00
20140123  TS-18-B:Sto  1   8.75800       0.00       0.00
20140324         Lxit  1   9.36900    6010.00   -3030.00
20140708  TS-18-S:Sto  1   9.24300       0.00       0.00
20140829         Sxit  1   9.02300    2100.00    -930.00
20140909  TS-18-S:Sto  1   8.85400       0.00       0.00
20140930         Sxit  1   9.04700   -2030.00   -2960.00
20141010  TS-18-S:Sto  1   8.77000       0.00       0.00
20141104         Sxit  1   8.87800   -1180.00   -4140.00
20141107  TS-18-B:Sto  1   9.26600       0.00       0.00
20141202         Lxit  1   8.70900   -5670.00   -9810.00
20141204  TS-18-S:Sto  1   8.47300       0.00       0.00
20150223         Sxit  1   7.63800    8250.00   -1560.00
20150402  TS-18-S:Sto  1   7.23800       0.00       0.00
20150501         Sxit  1   7.33500   -1070.00   -2630.00
20150922  TS-18-S:Sto  1   7.11400       0.00       0.00
20151230         Sxit  1   6.31600    7880.00    5250.00
20160226  TS-18-S:Sto  1   5.73600       0.00       0.00
20160318         Sxit  1   5.88300   -1570.00    3680.00
20160608  TS-18-B:Sto  1   6.06500       0.00       0.00
20160722         Lxit  1   6.24000    1650.00    5330.00
20160921  TS-18-B:Sto  1   6.62600       0.00       0.00
20161025         Lxit  1   6.34100   -2950.00    2380.00
20161027  TS-18-S:Sto  1   6.16700       0.00       0.00
20161129         Sxit  1   6.34900   -1920.00     460.00
20161229  TS-18-B:Sto  1   6.84600       0.00       0.00
20170105         Lxit  1   6.23400   -6220.00   -5760.00
20170222  TS-18-S:Sto  1   5.54400       0.00       0.00
20170322         Sxit  1   5.93300   -3990.00   -9750.00
20170620  TS-18-S:Sto  1   5.48900       0.00       0.00
20170630         Sxit  1   5.60700   -1280.00  -11030.00
20170706  TS-18-S:Sto  1   5.42700       0.00       0.00
20170905         Sxit  1   5.56700   -1500.00  -12530.00
20171010  TS-18-S:Sto  1   5.32800       0.00       0.00
20171110         Sxit  1   5.53900   -2210.00  -14740.00
20171127  TS-18-S:Sto  1   5.24500       0.00       0.00
20180112         Sxit  1   5.37800   -1430.00  -16170.00
20180124  TS-18-B:Sto  1   5.78200       0.00       0.00
20180212         Lxit  1   5.22400   -5680.00  -21850.00
20180618  TS-18-B:Sto  1   5.57100       0.00       0.00
20180703         Lxit  1   5.38100   -2000.00  -23850.00
20180925  TS-18-B:Sto  1   5.57300       0.00       0.00
20181030         Lxit  1   5.66300     800.00  -23050.00
20181106  TS-18-B:Sto  1   6.02900       0.00       0.00
20181217         Lxit  1   6.05200     130.00  -22920.00
20190204  TS-18-S:Sto  1   5.28200       0.00       0.00
20190305         Sxit  1   5.40600   -1340.00  -24260.00
20190417  TS-18-S:Sto  1   5.10800       0.00       0.00
20190515         Sxit  1   5.14300    -450.00  -24710.00
20190603  TS-18-S:Sto  1   4.92300       0.00       0.00
20190708         Sxit  1   4.95600    -430.00  -25140.00
20190730  TS-18-S:Sto  1   4.63000       0.00       0.00
20190830         Sxit  1   4.79800   -1780.00  -26920.00
20190917  TS-18-B:Sto  1   5.19600       0.00       0.00
20191002         Lxit  1   4.76900   -4370.00  -31290.00
20191106  TS-18-B:Sto  1   5.20600       0.00       0.00
20191127         Lxit  1   4.80700   -4090.00  -35380.00
20191202  TS-18-S:Sto  1   4.59300       0.00       0.00
20200219         Sxit  1   4.25500    3280.00  -32100.00
20200228  TS-18-S:Sto  1   4.02200       0.00       0.00
20200421         Sxit  1   4.14100   -1290.00  -33390.00
20200514  TS-18-S:Sto  1   3.71400       0.00       0.00
20200708         Sxit  1   3.75400    -500.00  -33890.00
20200819  TS-18-B:Sto  1   4.23300       0.00       0.00
20200914         Lxit  1   4.01900   -2240.00  -36130.00
20201120  TS-18-S:Sto  1   3.41900       0.00       0.00
20210112         Sxit  1   3.51400   -1050.00  -37180.00
20210615  TS-18-B:Sto  1   3.93000       0.00       0.00
20210818         Lxit  1   4.40400    4640.00  -32540.00
20210827  TS-18-B:Sto  1   4.79500       0.00       0.00
20211110         Lxit  1   5.27200    4670.00  -27870.00
20211203  TS-18-S:Sto  1   4.34300       0.00       0.00
20220111         Sxit  1   4.45800   -1250.00  -29120.00
20220328  TS-18-B:Sto  1   6.09500       0.00       0.00
20220331   Lx-EOFData  1   6.14200     370.00  -28750.00
-----------------------------------------
Sys Name : Donch-MAX2NSect
Mkt Symb : S_ Mkt Name : SoyBean
20100202  TS-18-S:Sto  1 621.00000       0.00       0.00
20100224         Sxit  1 662.25000   -2162.50   -2162.50
20100609  TS-18-S:Sto  1 620.75000       0.00       0.00
20100615         Sxit  1 640.75000   -1100.00   -3262.50
20100713  TS-18-B:Sto  1 702.50000       0.00       0.00
20101118         Lxit  1 934.00000   11475.00    8212.50
20101227  TS-18-B:Sto  1 1066.25000       0.00       0.00
20110217         Lxit  1 1081.25000     650.00    8862.50
20110810  TS-18-S:Sto  1 1009.25000       0.00       0.00
20110824         Sxit  1 1103.50000   -4812.50    4050.00
20110829  TS-18-B:Sto  1 1127.00000       0.00       0.00
20110920         Lxit  1 1046.50000   -4125.00     -75.00
20110923  TS-18-S:Sto  1 991.50000       0.00       0.00
20111222         Sxit  1 848.75000    7037.50    6962.50
20120216  TS-18-B:Sto  1 947.50000       0.00       0.00
20120515         Lxit  1 1068.50000    5950.00   12912.50
20120703  TS-18-B:Sto  1 1208.75000       0.00       0.00
20120919         Lxit  1 1434.00000   11162.50   24075.00
20121112  TS-18-S:Sto  1 1236.75000       0.00       0.00
20121218         Sxit  1 1284.50000   -2487.50   21587.50
20130107  TS-18-S:Sto  1 1161.50000       0.00       0.00
20130123         Sxit  1 1243.50000   -4200.00   17387.50
20130520  TS-18-B:Sto  1 1308.00000       0.00       0.00
20130702         Lxit  1 1351.50000    2075.00   19462.50
20130822  TS-18-B:Sto  1 1409.00000       0.00       0.00
20130924         Lxit  1 1415.00000     200.00   19662.50
20140211  TS-18-B:Sto  1 1448.50000       0.00       0.00
20140505         Lxit  1 1616.25000    8287.50   27950.00
20140523  TS-18-B:Sto  1 1659.75000       0.00       0.00
20140610         Lxit  1 1597.75000   -3200.00   24750.00
20140701  TS-18-S:Sto  1 1480.00000       0.00       0.00
20141023         Sxit  1 1295.25000    9137.50   33887.50
20150318  TS-18-S:Sto  1 1265.75000       0.00       0.00
20150501         Sxit  1 1289.25000   -1275.00   32612.50
20150520  TS-18-S:Sto  1 1257.50000       0.00       0.00
20150617         Sxit  1 1268.75000    -662.50   31950.00
20150629  TS-18-B:Sto  1 1316.50000       0.00       0.00
20150727         Lxit  1 1293.75000   -1237.50   30712.50
20150820  TS-18-S:Sto  1 1228.25000       0.00       0.00
20151001         Sxit  1 1225.25000      50.00   30762.50
20151111  TS-18-S:Sto  1 1190.50000       0.00       0.00
20151202         Sxit  1 1223.25000   -1737.50   29025.00
20160323  TS-18-B:Sto  1 1242.75000       0.00       0.00
20160707         Lxit  1 1427.00000    9112.50   38137.50
20160901  TS-18-S:Sto  1 1294.25000       0.00       0.00
20161021         Sxit  1 1328.25000   -1800.00   36337.50
20161123  TS-18-B:Sto  1 1371.25000       0.00       0.00
20161221         Lxit  1 1346.25000   -1350.00   34987.50
20170118  TS-18-B:Sto  1 1399.50000       0.00       0.00
20170224         Lxit  1 1343.50000   -2900.00   32087.50
20170315  TS-18-S:Sto  1 1319.25000       0.00       0.00
20170502         Sxit  1 1279.75000    1875.00   33962.50
20170526  TS-18-S:Sto  1 1249.50000       0.00       0.00
20170703         Sxit  1 1267.25000    -987.50   32975.00
20170711  TS-18-B:Sto  1 1344.75000       0.00       0.00
20170802         Lxit  1 1276.00000   -3537.50   29437.50
20171206  TS-18-B:Sto  1 1300.50000       0.00       0.00
20171215         Lxit  1 1260.50000   -2100.00   27337.50
20171229  TS-18-S:Sto  1 1236.75000       0.00       0.00
20180122         Sxit  1 1261.75000   -1350.00   25987.50
20180220  TS-18-B:Sto  1 1312.75000       0.00       0.00
20180320         Lxit  1 1292.25000   -1125.00   24862.50
20180608  TS-18-S:Sto  1 1232.50000       0.00       0.00
20180801         Sxit  1 1151.00000    3975.00   28837.50
20180913  TS-18-S:Sto  1 1076.75000       0.00       0.00
20180926         Sxit  1 1084.25000    -475.00   28362.50
20181204  TS-18-B:Sto  1 1128.50000       0.00       0.00
20181227         Lxit  1 1096.00000   -1725.00   26637.50
20190328  TS-18-S:Sto  1 1087.00000       0.00       0.00
20190530         Sxit  1 1057.00000    1400.00   28037.50
20191015  TS-18-B:Sto  1 1101.25000       0.00       0.00
20191112         Lxit  1 1064.25000   -1950.00   26087.50
20200131  TS-18-S:Sto  1 1019.00000       0.00       0.00
20200306         Sxit  1 1028.50000    -575.00   25512.50
20200310  TS-18-S:Sto  1 1004.25000       0.00       0.00
20200605         Sxit  1 990.25000     600.00   26112.50
20200707  TS-18-B:Sto  1 1030.00000       0.00       0.00
20200810         Lxit  1 990.75000   -2062.50   24050.00
20200818  TS-18-B:Sto  1 1038.00000       0.00       0.00
20210331         Lxit  1 1493.25000   22662.50   46712.50
20210421  TS-18-B:Sto  1 1599.50000       0.00       0.00
20210527         Lxit  1 1662.75000    3062.50   49775.00
20210618  TS-18-S:Sto  1 1485.50000       0.00       0.00
20211118         Sxit  1 1481.75000      87.50   49862.50
20211223  TS-18-B:Sto  1 1531.25000       0.00       0.00
20220330         Lxit  1 1844.50000   15562.50   65425.00
-----------------------------------------
Sys Name : Donch-MAX2NSect
Mkt Symb : LH Mkt Name : LHogs
20100114  TS-18-B:Sto  1 140.20000       0.00       0.00
20100202         Lxit  1 134.95000   -2200.00   -2200.00
20100305  TS-18-B:Sto  1 142.37500       0.00       0.00
20100326         Lxit  1 139.02500   -1440.00   -3640.00
20100331  TS-18-B:Sto  1 143.10000       0.00       0.00
20100507         Lxit  1 143.67500     130.00   -3510.00
20101015  TS-18-S:Sto  1 136.52500       0.00       0.00
20101124         Sxit  1 137.40000    -450.00   -3960.00
20110127  TS-18-B:Sto  1 143.57500       0.00       0.00
20110225         Lxit  1 142.40000    -570.00   -4530.00
20110502  TS-18-S:Sto  1 137.80000       0.00       0.00
20110616         Sxit  1 135.62500     770.00   -3760.00
20111006  TS-18-B:Sto  1 143.72500       0.00       0.00
20111104         Lxit  1 142.12500    -740.00   -4500.00
20120330  TS-18-S:Sto  1 133.42500       0.00       0.00
20120601         Sxit  1 133.15000      10.00   -4490.00
20120727  TS-18-B:Sto  1 138.07500       0.00       0.00
20120823         Lxit  1 129.85000   -3390.00   -7880.00
20120910  TS-18-S:Sto  1 128.00000       0.00       0.00
20120921         Sxit  1 131.92500   -1670.00   -9550.00
20121109  TS-18-B:Sto  1 139.32500       0.00       0.00
20121210         Lxit  1 138.30000    -510.00  -10060.00
20130131  TS-18-B:Sto  1 141.85000       0.00       0.00
20130207         Lxit  1 138.70000   -1360.00  -11420.00
20130220  TS-18-S:Sto  1 135.70000       0.00       0.00
20130430         Sxit  1 133.20000     900.00  -10520.00
20130610  TS-18-B:Sto  1 139.02500       0.00       0.00
20130710         Lxit  1 138.92500    -140.00  -10660.00
20130808  TS-18-B:Sto  1 142.35000       0.00       0.00
20131114         Lxit  1 147.65000    2020.00   -8640.00
20131226  TS-18-S:Sto  1 142.35000       0.00       0.00
20140206         Sxit  1 143.97500    -750.00   -9390.00
20140228  TS-18-B:Sto  1 153.47500       0.00       0.00
20140409         Lxit  1 164.12500    4160.00   -5230.00
20140725  TS-18-S:Sto  1 158.70000       0.00       0.00
20140905         Sxit  1 155.62500    1130.00   -4100.00
20141218  TS-18-S:Sto  1 145.82500       0.00       0.00
20150413         Sxit  1 127.82500    7100.00    3000.00
20150714  TS-18-S:Sto  1 124.45000       0.00       0.00
20150723         Sxit  1 128.17500   -1590.00    1410.00
20150918  TS-18-B:Sto  1 134.40000       0.00       0.00
20151026         Lxit  1 133.90000    -300.00    1110.00
20151109  TS-18-S:Sto  1 125.30000       0.00       0.00
20151202         Sxit  1 130.80000   -2300.00   -1190.00
20160219  TS-18-B:Sto  1 135.77500       0.00       0.00
20160401         Lxit  1 135.32500    -280.00   -1470.00
20160606  TS-18-B:Sto  1 140.60000       0.00       0.00
20160701         Lxit  1 137.70000   -1260.00   -2730.00
20160721  TS-18-S:Sto  1 130.47500       0.00       0.00
20160902         Sxit  1 128.57500     660.00   -2070.00
20160914  TS-18-S:Sto  1 122.47500       0.00       0.00
20161031         Sxit  1 116.52500    2280.00     210.00
20161220  TS-18-B:Sto  1 129.75000       0.00       0.00
20170224         Lxit  1 129.22500    -310.00    -100.00
20170417  TS-18-S:Sto  1 126.55000       0.00       0.00
20170503         Sxit  1 128.45000    -860.00    -960.00
20170530  TS-18-B:Sto  1 136.17500       0.00       0.00
20170802         Lxit  1 133.32500   -1240.00   -2200.00
20170817  TS-18-B:Sto  1 137.40000       0.00       0.00
20170823         Lxit  1 132.52500   -2050.00   -4250.00
20170830  TS-18-S:Sto  1 129.32500       0.00       0.00
20171017         Sxit  1 130.07500    -400.00   -4650.00
20180302  TS-18-S:Sto  1 125.85000       0.00       0.00
20180420         Sxit  1 120.32500    2110.00   -2540.00
20180711  TS-18-S:Sto  1 110.00000       0.00       0.00
20180817         Sxit  1 109.47500     110.00   -2430.00
20181101  TS-18-B:Sto  1 115.90000       0.00       0.00
20181218         Lxit  1 113.57500   -1030.00   -3460.00
20190118  TS-18-S:Sto  1 111.10000       0.00       0.00
20190312         Sxit  1 109.17500     670.00   -2790.00
20190321  TS-18-B:Sto  1 120.17500       0.00       0.00
20190508         Lxit  1 119.82500    -240.00   -3030.00
20190625  TS-18-S:Sto  1 102.37500       0.00       0.00
20190722         Sxit  1 112.00000   -3950.00   -6980.00
20190802  TS-18-S:Sto  1 102.55000       0.00       0.00
20191216         Sxit  1  91.05000    4500.00   -2480.00
20200128  TS-18-S:Sto  1  86.40000       0.00       0.00
20200325         Sxit  1  82.27500    1550.00    -930.00
20200402  TS-18-S:Sto  1  62.27500       0.00       0.00
20200504         Sxit  1  72.82500   -4320.00   -5250.00
20200903  TS-18-B:Sto  1  73.95000       0.00       0.00
20201112         Lxit  1  89.60000    6160.00     910.00
20210209  TS-18-B:Sto  1  96.12500       0.00       0.00
20210618         Lxit  1 121.20000    9930.00   10840.00
20210913  TS-18-S:Sto  1 109.82500       0.00       0.00
20210928         Sxit  1 119.32500   -3900.00    6940.00
20211208  TS-18-S:Sto  1 106.25000       0.00       0.00
20211227         Sxit  1 114.07500   -3230.00    3710.00
20220202  TS-18-B:Sto  1 119.27500       0.00       0.00
20220308         Lxit  1 122.55000    1210.00    4920.00
-----------------------------------------
Sys Name : Donch-MAX2NSect
Mkt Symb : SB Mkt Name : Sugar
20100105  TS-18-B:Sto  1  27.08000       0.00       0.00
20100208         Lxit  1  26.08000   -1220.00   -1220.00
20100310  TS-18-S:Sto  1  20.62000       0.00       0.00
20100614         Sxit  1  16.18000    4872.80    3652.80
20100723  TS-18-B:Sto  1  19.16000       0.00       0.00
20101115         Lxit  1  28.15000    9968.80   13621.60
20101221  TS-18-B:Sto  1  34.74000       0.00       0.00
20110215         Lxit  1  32.65000   -2440.80   11180.80
20110413  TS-18-S:Sto  1  30.06000       0.00       0.00
20110531         Sxit  1  29.12000     952.80   12133.60
20110705  TS-18-B:Sto  1  34.88000       0.00       0.00
20110804         Lxit  1  35.64000     751.20   12884.80
20110825  TS-18-B:Sto  1  37.63000       0.00       0.00
20110919         Lxit  1  35.33000   -2676.00   10208.80
20111118  TS-18-S:Sto  1  32.57000       0.00       0.00
20120104         Sxit  1  32.80000    -357.60    9851.20
20120227  TS-18-B:Sto  1  34.61000       0.00       0.00
20120412         Lxit  1  33.43000   -1421.60    8429.60
20120427  TS-18-S:Sto  1  31.01000       0.00       0.00
20120619         Sxit  1  30.61000     348.00    8777.60
20121025  TS-18-S:Sto  1  29.29000       0.00       0.00
20121121         Sxit  1  29.39000    -212.00    8565.60
20121213  TS-18-S:Sto  1  28.11000       0.00       0.00
20130308         Sxit  1  28.52000    -559.20    8006.40
20130401  TS-18-S:Sto  1  27.48000       0.00       0.00
20130620         Sxit  1  26.79000     672.80    8679.20
20130703  TS-18-S:Sto  1  26.17000       0.00       0.00
20130731         Sxit  1  26.53000    -503.20    8176.00
20130926  TS-18-B:Sto  1  27.26000       0.00       0.00
20131031         Lxit  1  27.43000      90.40    8266.40
20131204  TS-18-S:Sto  1  25.90000       0.00       0.00
20140205         Sxit  1  25.10000     796.00    9062.40
20140613  TS-18-S:Sto  1  24.80000       0.00       0.00
20140620         Sxit  1  26.01000   -1455.20    7607.20
20140708  TS-18-S:Sto  1  24.80000       0.00       0.00
20141007         Sxit  1  22.69000    2263.20    9870.40
20141217  TS-18-S:Sto  1  20.39000       0.00       0.00
20150116         Sxit  1  21.04000    -828.00    9042.40
20150225  TS-18-S:Sto  1  19.90000       0.00       0.00
20150415         Sxit  1  18.86000    1064.80   10107.20
20150528  TS-18-S:Sto  1  17.73000       0.00       0.00
20150715         Sxit  1  17.95000    -346.40    9760.80
20150721  TS-18-S:Sto  1  16.89000       0.00       0.00
20150904         Sxit  1  16.73000      79.20    9840.00
20151005  TS-18-B:Sto  1  18.16000       0.00       0.00
20151215         Lxit  1  19.24000    1109.60   10949.60
20160129  TS-18-S:Sto  1  17.98000       0.00       0.00
20160226         Sxit  1  18.70000    -906.40   10043.20
20160318  TS-18-B:Sto  1  20.30000       0.00       0.00
20160407         Lxit  1  19.14000   -1399.20    8644.00
20160513  TS-18-B:Sto  1  21.27000       0.00       0.00
20160728         Lxit  1  23.27000    2140.00   10784.00
20160919  TS-18-B:Sto  1  25.80000       0.00       0.00
20161031         Lxit  1  25.86000     -32.80   10751.20
20161201  TS-18-S:Sto  1  23.54000       0.00       0.00
20170104         Sxit  1  24.21000    -850.40    9900.80
20170320  TS-18-S:Sto  1  21.97000       0.00       0.00
20170523         Sxit  1  20.00000    2106.40   12007.20
20170530  TS-18-S:Sto  1  18.82000       0.00       0.00
20170720         Sxit  1  18.00000     818.40   12825.60
20171128  TS-18-B:Sto  1  18.07000       0.00       0.00
20171207         Lxit  1  17.24000   -1029.60   11796.00
20171213  TS-18-S:Sto  1  16.65000       0.00       0.00
20180103         Sxit  1  18.07000   -1690.40   10105.60
20180117  TS-18-S:Sto  1  16.36000       0.00       0.00
20180522         Sxit  1  14.74000    1714.40   11820.00
20180705  TS-18-S:Sto  1  13.73000       0.00       0.00
20180910         Sxit  1  13.33000     348.00   12168.00
20181016  TS-18-B:Sto  1  14.87000       0.00       0.00
20181109         Lxit  1  14.24000    -805.60   11362.40
20190502  TS-18-S:Sto  1  13.52000       0.00       0.00
20190604         Sxit  1  13.47000     -44.00   11318.40
20190719  TS-18-S:Sto  1  12.61000       0.00       0.00
20190925         Sxit  1  12.45000      79.20   11397.60
20191202  TS-18-B:Sto  1  13.01000       0.00       0.00
20200302         Lxit  1  14.75000    1848.80   13246.40
20200313  TS-18-S:Sto  1  12.30000       0.00       0.00
20200504         Sxit  1  11.12000    1221.60   14468.00
20200803  TS-18-B:Sto  1  12.85000       0.00       0.00
20200904         Lxit  1  12.27000    -749.60   13718.40
20201007  TS-18-B:Sto  1  13.49000       0.00       0.00
20201208         Lxit  1  14.12000     605.60   14324.00
20210105  TS-18-B:Sto  1  15.41000       0.00       0.00
20210319         Lxit  1  16.39000     997.60   15321.60
20210428  TS-18-B:Sto  1  18.21000       0.00       0.00
20210618         Lxit  1  17.23000   -1197.60   14124.00
20210727  TS-18-B:Sto  1  18.96000       0.00       0.00
20210910         Lxit  1  19.56000     572.00   14696.00
20211201  TS-18-S:Sto  1  18.43000       0.00       0.00
20220225         Sxit  1  18.11000     258.40   14954.40
-----------------------------------------
Sys Name : Donch-MAX2NSect
Mkt Symb : SI Mkt Name : Silver
20100129  TS-18-S:Sto  1  21.75600       0.00       0.00
20100303         Sxit  1  22.42900   -3465.00   -3465.00
20100512  TS-18-B:Sto  1  24.80400       0.00       0.00
20100607         Lxit  1  22.88900   -9675.00  -13140.00
20100907  TS-18-B:Sto  1  25.33300       0.00       0.00
20110118         Lxit  1  33.61300   41300.00   28160.00
20110218  TS-18-B:Sto  1  37.05800       0.00       0.00
20110505         Lxit  1  44.47200   36970.00   65130.00
20110926  TS-18-S:Sto  1  36.03700       0.00       0.00
20111026         Sxit  1  38.35700  -11700.00   53430.00
20111230  TS-18-S:Sto  1  32.56500       0.00       0.00
20120120         Sxit  1  35.70000  -15775.00   37655.00
20120227  TS-18-B:Sto  1  40.52000       0.00       0.00
20120307         Lxit  1  37.97000  -12850.00   24805.00
20120509  TS-18-S:Sto  1  34.42600       0.00       0.00
20120607         Sxit  1  34.42600    -100.00   24705.00
20120625  TS-18-S:Sto  1  31.78100       0.00       0.00
20120821         Sxit  1  33.67200   -9555.00   15150.00
20120828  TS-18-B:Sto  1  35.58700       0.00       0.00
20121016         Lxit  1  37.58400    9885.00   25035.00
20121221  TS-18-S:Sto  1  34.69100       0.00       0.00
20130118         Sxit  1  36.48100   -9050.00   15985.00
20130220  TS-18-S:Sto  1  34.14600       0.00       0.00
20130723         Sxit  1  25.12300   45015.00   61000.00
20130828  TS-18-B:Sto  1  29.10900       0.00       0.00
20130913         Lxit  1  26.43900  -13450.00   47550.00
20131203  TS-18-S:Sto  1  23.68400       0.00       0.00
20140114         Sxit  1  24.90400   -6200.00   41350.00
20140502  TS-18-S:Sto  1  23.49400       0.00       0.00
20140515         Sxit  1  24.23900   -3825.00   37525.00
20140602  TS-18-S:Sto  1  23.24400       0.00       0.00
20140617         Sxit  1  24.11400   -4450.00   33075.00
20140711  TS-18-B:Sto  1  25.85900       0.00       0.00
20140725         Lxit  1  24.81400   -5325.00   27750.00
20140912  TS-18-S:Sto  1  23.01400       0.00       0.00
20141202         Sxit  1  20.76900   11125.00   38875.00
20150121  TS-18-B:Sto  1  22.28400       0.00       0.00
20150218         Lxit  1  20.75400   -7750.00   31125.00
20150708  TS-18-S:Sto  1  19.16100       0.00       0.00
20150812         Sxit  1  19.44600   -1525.00   29600.00
20150827  TS-18-S:Sto  1  18.27100       0.00       0.00
20151006         Sxit  1  19.75100   -7500.00   22100.00
20151016  TS-18-B:Sto  1  20.25100       0.00       0.00
20151103         Lxit  1  19.53100   -3700.00   18400.00
20151124  TS-18-S:Sto  1  18.22100       0.00       0.00
20160127         Sxit  1  18.63100   -2150.00   16250.00
20160318  TS-18-B:Sto  1  20.05100       0.00       0.00
20160404         Lxit  1  19.10600   -4825.00   11425.00
20160413  TS-18-B:Sto  1  20.28100       0.00       0.00
20160519         Lxit  1  20.88700    2930.00   14355.00
20160627  TS-18-B:Sto  1  21.82200       0.00       0.00
20160822         Lxit  1  23.24000    6990.00   21345.00
20161007  TS-18-S:Sto  1  21.24100       0.00       0.00
20161102         Sxit  1  22.27100   -5250.00   16095.00
20161115  TS-18-S:Sto  1  20.81600       0.00       0.00
20170118         Sxit  1  21.04200   -1230.00   14865.00
20170413  TS-18-B:Sto  1  22.25400       0.00       0.00
20170425         Lxit  1  21.65400   -3100.00   11765.00
20170504  TS-18-S:Sto  1  20.16100       0.00       0.00
20170530         Sxit  1  21.01600   -4375.00    7390.00
20170705  TS-18-S:Sto  1  19.74800       0.00       0.00
20170801         Sxit  1  20.44800   -3600.00    3790.00
20170906  TS-18-B:Sto  1  21.50500       0.00       0.00
20170927         Lxit  1  20.39500   -5650.00   -1860.00
20171201  TS-18-S:Sto  1  19.88100       0.00       0.00
20171229         Sxit  1  20.33100   -2350.00   -4210.00
20180125  TS-18-B:Sto  1  20.98100       0.00       0.00
20180205         Lxit  1  20.03600   -4825.00   -9035.00
20180502  TS-18-S:Sto  1  19.47600       0.00       0.00
20180608         Sxit  1  20.03100   -2875.00  -11910.00
20180628  TS-18-S:Sto  1  19.33000       0.00       0.00
20181003         Sxit  1  17.81000    7500.00   -4410.00
20181113  TS-18-S:Sto  1  17.05500       0.00       0.00
20181212         Sxit  1  17.59300   -2790.00   -7200.00
20181227  TS-18-B:Sto  1  18.05800       0.00       0.00
20190304         Lxit  1  18.07000     -40.00   -7240.00
20190424  TS-18-S:Sto  1  17.63500       0.00       0.00
20190606         Sxit  1  17.55900     280.00   -6960.00
20190718  TS-18-B:Sto  1  18.68600       0.00       0.00
20190930         Lxit  1  20.12600    7100.00     140.00
20191209  TS-18-S:Sto  1  18.99300       0.00       0.00
20191224         Sxit  1  19.90800   -4675.00   -4535.00
20200225  TS-18-B:Sto  1  21.01800       0.00       0.00
20200302         Lxit  1  18.81600  -11110.00  -15645.00
20200302  TS-18-S:Sto  1  18.81600       0.00       0.00
20200413         Sxit  1  18.19100    3025.00  -12620.00
20200709  TS-18-B:Sto  1  21.17900       0.00       0.00
20200922         Lxit  1  26.65900   27300.00   14680.00
20210107  TS-18-B:Sto  1  29.17400       0.00       0.00
20210120         Lxit  1  27.05400  -10700.00    3980.00
20210202  TS-18-B:Sto  1  30.85900       0.00       0.00
20210303         Lxit  1  28.57000  -11545.00   -7565.00
20210728  TS-18-S:Sto  1  26.36100       0.00       0.00
20210907         Sxit  1  26.45000    -545.00   -8110.00
20210920  TS-18-S:Sto  1  23.91500       0.00       0.00
20211015         Sxit  1  25.15000   -6275.00  -14385.00
20211216  TS-18-S:Sto  1  23.61500       0.00       0.00
20211229         Sxit  1  24.59500   -5000.00  -19385.00
20220225  TS-18-B:Sto  1  25.83000       0.00       0.00
20220330         Lxit  1  26.42000    2850.00  -16535.00
-----------------------------------------
Sys Name : Donch-MAX2NSect
Mkt Symb : TY Mkt Name : TenYr
20100104  TS-18-S:Sto  1  87.90625       0.00       0.00
20100122         Sxit  1  90.62500   -2818.75   -2818.75
20100428  TS-18-B:Sto  1  91.82812       0.00       0.00
20100910         Lxit  1  99.40625    7478.12    4659.38
20100924  TS-18-B:Sto  1 101.35938       0.00       0.00
20101028         Lxit  1 100.87500    -584.38    4075.00
20101105  TS-18-B:Sto  1 103.51562       0.00       0.00
20101116         Lxit  1 100.29688   -3318.75     756.25
20101208  TS-18-S:Sto  1  98.32812       0.00       0.00
20110111         Sxit  1  97.70312     525.00    1281.25
20110207  TS-18-S:Sto  1  95.32812       0.00       0.00
20110311         Sxit  1  97.76562   -2537.50   -1256.25
20110506  TS-18-B:Sto  1 100.10938       0.00       0.00
20110701         Lxit  1 101.67188    1462.50     206.25
20110713  TS-18-B:Sto  1 104.21875       0.00       0.00
20111010         Lxit  1 109.15625    4837.50    5043.75
20111219  TS-18-B:Sto  1 112.21875       0.00       0.00
20120314         Lxit  1 111.31250   -1006.25    4037.50
20120316  TS-18-S:Sto  1 110.12500       0.00       0.00
20120410         Sxit  1 112.39062   -2365.62    1671.88
20120424  TS-18-B:Sto  1 113.28125       0.00       0.00
20120806         Lxit  1 116.28125    2900.00    4571.88
20121119  TS-18-B:Sto  1 117.50000       0.00       0.00
20121214         Lxit  1 116.53125   -1068.75    3503.12
20130107  TS-18-S:Sto  1 115.42188       0.00       0.00
20130226         Sxit  1 116.57812   -1256.25    2246.88
20130405  TS-18-B:Sto  1 117.82812       0.00       0.00
20130513         Lxit  1 117.00000    -928.12    1318.75
20130530  TS-18-S:Sto  1 115.57812       0.00       0.00
20130723         Sxit  1 113.20312    2275.00    3593.75
20130823  TS-18-S:Sto  1 110.39062       0.00       0.00
20130917         Sxit  1 111.20312    -912.50    2681.25
20131018  TS-18-B:Sto  1 114.06250       0.00       0.00
20131205         Lxit  1 113.07812   -1084.38    1596.88
20140304  TS-18-B:Sto  1 115.01562       0.00       0.00
20140310         Lxit  1 113.59375   -1521.88      75.00
20140515  TS-18-B:Sto  1 115.57812       0.00       0.00
20140612         Lxit  1 114.84375    -834.38    -759.38
20140808  TS-18-B:Sto  1 116.73438       0.00       0.00
20140910         Lxit  1 116.00000    -834.38   -1593.75
20141009  TS-18-B:Sto  1 117.82812       0.00       0.00
20141107         Lxit  1 117.37500    -553.12   -2146.88
20150115  TS-18-B:Sto  1 121.59375       0.00       0.00
20150210         Lxit  1 120.43750   -1256.25   -3403.12
20150605  TS-18-S:Sto  1 119.17188       0.00       0.00
20150707         Sxit  1 119.89062    -818.75   -4221.88
20150824  TS-18-B:Sto  1 122.09375       0.00       0.00
20150917         Lxit  1 120.42188   -1771.88   -5993.75
20151005  TS-18-B:Sto  1 123.14062       0.00       0.00
20151029         Lxit  1 121.98438   -1256.25   -7250.00
20160201  TS-18-B:Sto  1 124.04688       0.00       0.00
20160303         Lxit  1 124.21875      71.88   -7178.12
20160613  TS-18-B:Sto  1 126.53125       0.00       0.00
20160823         Lxit  1 127.17188     540.62   -6637.50
20161011  TS-18-S:Sto  1 125.68750       0.00       0.00
20161110         Sxit  1 123.96875    1618.75   -5018.75
20161111  TS-18-S:Sto  1 123.23438       0.00       0.00
20170106         Sxit  1 121.50000    1634.38   -3384.38
20170404  TS-18-B:Sto  1 122.31250       0.00       0.00
20170510         Lxit  1 122.00000    -412.50   -3796.88
20170519  TS-18-B:Sto  1 123.39062       0.00       0.00
20170629         Lxit  1 123.57812      87.50   -3709.38
20170830  TS-18-B:Sto  1 124.62500       0.00       0.00
20170919         Lxit  1 123.76562    -959.38   -4668.75
20171026  TS-18-S:Sto  1 122.21875       0.00       0.00
20180316         Sxit  1 118.92188    3196.88   -1471.88
20180423  TS-18-S:Sto  1 117.95312       0.00       0.00
20180529         Sxit  1 118.75000    -896.88   -2368.75
20180919  TS-18-S:Sto  1 117.64062       0.00       0.00
20181029         Sxit  1 117.92188    -381.25   -2750.00
20181207  TS-18-B:Sto  1 119.35938       0.00       0.00
20190301         Lxit  1 120.68750    1228.12   -1521.88
20190322  TS-18-B:Sto  1 122.07812       0.00       0.00
20190418         Lxit  1 121.56250    -615.62   -2137.50
20190524  TS-18-B:Sto  1 123.65625       0.00       0.00
20190712         Lxit  1 125.25000    1493.75    -643.75
20190802  TS-18-B:Sto  1 126.95312       0.00       0.00
20190911         Lxit  1 127.68750     634.38      -9.38
20191216  TS-18-S:Sto  1 126.56250       0.00       0.00
20200107         Sxit  1 126.90625    -443.75    -453.12
20200204  TS-18-B:Sto  1 129.21875       0.00       0.00
20200605         Lxit  1 135.79688    6478.12    6025.00
20200710  TS-18-B:Sto  1 137.42188       0.00       0.00
20200813         Lxit  1 137.17188    -350.00    5675.00
20201022  TS-18-S:Sto  1 136.68750       0.00       0.00
20201222         Sxit  1 136.37500     212.50    5887.50
20210108  TS-18-S:Sto  1 135.45312       0.00       0.00
20210416         Sxit  1 132.06250    3290.62    9178.12
20210707  TS-18-B:Sto  1 133.90625       0.00       0.00
20210812         Lxit  1 134.15625     150.00    9328.12
20211012  TS-18-S:Sto  1 132.00000       0.00       0.00
20211108         Sxit  1 132.87500    -975.00    8353.12
20211123  TS-18-S:Sto  1 131.12500       0.00       0.00
20211201         Sxit  1 132.65625   -1631.25    6721.88
20220107  TS-18-S:Sto  1 130.56250       0.00       0.00
20220302         Sxit  1 130.51562     -53.12    6668.75
20220315  TS-18-S:Sto  1 126.85938       0.00       0.00
20220331   Sx-EOFData  1 124.87500    1884.38    8553.12
