20100104     0.00
20100105  -515.07
20100106     0.00
20100107  -334.20
20100108 -1048.10
20100111 -1921.70
20100112 -3237.25
20100113 -3256.27
20100114 -4009.25
20100115 -5947.30
20100119 -2880.97
20100120 -4593.50
20100121 -6421.75
20100122 -9538.10
20100125 -9658.20
20100126 -9825.70
20100127 -10328.50
20100128 -8784.20
20100129 -6196.20
20100201 -11431.85
20100202 -13884.95
20100203 -10154.60
20100204 -3966.15
20100205 -1481.30
20100208 -3202.95
20100209 -8356.70
20100210 -9026.70
20100211 -10880.45
20100212 -8484.20
20100216 -18050.45
20100217 -15195.45
20100218 -16216.70
20100219 -18622.95
20100222 -16436.70
20100223 -13322.95
20100224 -14307.95
20100225 -14151.70
20100226 -17646.70
20100301 -16692.95
20100302 -20574.20
20100303 -21079.20
20100304 -18904.20
20100305 -19686.70
20100308 -20259.20
20100309 -20562.95
20100310 -20669.25
20100311 -20976.35
20100312 -21740.60
20100315 -21113.25
20100316 -20082.75
20100317 -19932.30
20100318 -19177.55
20100319 -17987.00
20100322 -16468.50
20100323 -16832.35
20100324 -17845.60
20100325 -16728.70
20100326 -17461.45
20100329 -18780.15
20100330 -18939.55
20100331 -17722.25
20100401 -20662.95
20100402 -20662.95
20100405 -18689.45
20100406 -15000.75
20100407 -14958.15
20100408 -14126.85
20100409 -18940.75
20100412 -20703.75
20100413 -23369.05
20100414 -22622.55
20100415 -18390.95
20100416 -21702.95
20100419 -23460.65
20100420 -21756.65
20100421 -19699.95
20100422 -20084.85
20100423 -20560.65
20100426 -21792.65
20100427 -19210.05
20100428 -20101.35
20100429 -20735.45
20100430 -18784.90
20100503 -17993.87
20100504 -15876.22
20100505 -13185.47
20100506 -6044.17
20100507 -7880.65
20100510 -11897.25
20100511 -7714.22
20100512 -5781.67
20100513 -7517.97
20100514 -5183.12
20100517 -6364.32
20100518 -4378.52
20100519 -12942.25
20100520 -13976.32
20100521 -16166.15
20100524 -9976.57
20100525 -8103.77
20100526 -5562.60
20100527 -10631.05
20100528 -7890.95
20100601 -4373.02
20100602 -6329.07
20100603 -10371.32
20100604 -6523.67
20100607 -2600.87
20100608 -3115.00
20100609 -8997.97
20100610 -13407.60
20100611 -11059.00
20100614 -13110.15
20100615 -12555.77
20100616 -14577.65
20100617 -11848.90
20100618 -11270.15
20100621 -13898.28
20100622 -13922.65
20100623 -13880.78
20100624 -10915.78
20100625 -9095.77
20100628 -11027.02
20100629 -12987.65
20100630 -11354.53
20100701 -15482.03
20100702 -19737.65
20100706 -21859.52
20100707 -21301.40
20100708 -23598.90
20100709 -23137.02
20100712 -23062.02
20100713 -22765.15
20100714 -22343.27
20100715 -19896.40
20100716 -19468.27
20100719 -21433.90
20100720 -23012.02
20100721 -23040.15
20100722 -23318.27
20100723 -23913.87
20100726 -24385.67
20100727 -25028.42
20100728 -23368.17
20100729 -21615.70
20100730 -19856.05
20100802 -21237.07
20100803 -23600.52
20100804 -22147.60
20100805 -22230.27
20100806 -22305.02
20100809 -22338.72
20100810 -21584.12
20100811 -21138.87
20100812 -18184.30
20100813 -16552.17
20100816 -15627.27
20100817 -16153.22
20100818 -16656.82
20100819 -16603.72
20100820 -14924.20
20100823 -15452.30
20100824 -20526.50
20100825 -21825.22
20100826 -20544.55
20100827 -18973.00
20100830 -19504.75
20100831 -19893.20
20100901 -19577.52
20100902 -19184.12
20100903 -20530.57
20100907 -17310.45
20100908 -16521.35
20100909 -18049.10
20100910 -20084.97
20100913 -18490.52
20100914 -13866.87
20100915 -14297.92
20100916 -13912.47
20100917 -12091.87
20100920 -12146.52
20100921 -15010.27
20100922 -11724.12
20100923 -10707.32
20100924 -4324.97
20100927 -1357.25
20100928     0.00
20100929  -619.45
20100930 -2752.82
20101001 -1359.72
20101004 -5553.50
20101005     0.00
20101006     0.00
20101007     0.00
20101008     0.00
20101011     0.00
20101012     0.00
20101013     0.00
20101014     0.00
20101015 -2993.10
20101018  -286.95
20101019 -9658.83
20101020 -3730.60
20101021 -10004.55
20101022 -10981.40
20101025 -4536.55
20101026 -6215.72
20101027 -10661.38
20101028 -6948.85
20101029     0.00
20101101 -1129.15
20101102     0.00
20101103 -3507.65
20101104     0.00
20101105     0.00
20101108     0.00
20101109     0.00
20101110 -12818.50
20101111 -15329.62
20101112 -39521.75
20101115 -37665.32
20101116 -53133.45
20101117 -53809.70
20101118 -42428.45
20101119 -40982.20
20101122 -40759.70
20101123 -37099.70
20101124 -39022.20
20101126 -46008.45
20101129 -43047.20
20101130 -37010.95
20101201 -34904.70
20101202 -33953.45
20101203 -28355.95
20101206 -23549.70
20101207 -25133.45
20101208 -36154.70
20101209 -32285.95
20101210 -32275.33
20101213 -22506.57
20101214 -20330.32
20101215 -23800.33
20101216 -29264.07
20101217 -24239.07
20101220 -21740.95
20101221 -17386.60
20101222 -17922.77
20101223 -14372.03
20101227 -13550.32
20101228 -2872.82
20101229 -2750.03
20101230 -10599.65
20101231  -968.97
20110103  -643.35
20110104 -19259.62
20110105 -17508.75
20110106 -23537.07
20110107 -27369.15
20110110 -25245.82
20110111 -21302.75
20110112 -18765.35
20110113 -24118.05
20110114 -31055.95
20110118 -30067.10
20110119 -31156.15
20110120 -31135.55
20110121 -29780.65
20110124 -32410.55
20110125 -35506.95
20110126 -33402.15
20110127 -33386.15
20110128 -35699.95
20110131 -34018.85
20110201 -31765.05
20110202 -29348.05
20110203 -35129.20
20110204 -34925.95
20110207 -35002.40
20110208 -38228.55
20110209 -35424.00
20110210 -33414.88
20110211 -36627.38
20110214 -35870.43
20110215 -39001.75
20110216 -39237.38
20110217 -37170.50
20110218 -32871.13
20110222 -30476.13
20110223 -28242.37
20110224 -31706.75
20110225 -32890.50
20110228 -28282.37
20110301 -21925.50
20110302 -15955.50
20110303 -17704.87
20110304 -10813.00
20110307 -4871.12
20110308 -4704.25
20110309 -1491.12
20110310 -16189.25
20110311 -14475.50
20110314 -13973.00
20110315 -33896.75
20110316 -31261.75
20110317 -26875.50
20110318 -18305.50
20110321 -10145.50
20110322 -8411.75
20110323 -4790.50
20110324 -4653.00
20110325 -8359.25
20110328 -9876.75
20110329 -10066.75
20110330 -6806.75
20110331  -496.75
20110401  -181.75
20110404     0.00
20110405     0.00
20110406     0.00
20110407     0.00
20110408     0.00
20110411 -3525.00
20110412 -10650.00
20110413 -8391.60
20110414     0.00
20110415     0.00
20110418 -2214.70
20110419     0.00
20110420     0.00
20110421     0.00
20110425     0.00
20110426 -8295.80
20110427  -157.20
20110428     0.00
20110429     0.00
20110502 -10345.65
20110503 -30926.00
20110504 -54310.75
20110505 -74148.20
20110506 -75261.40
20110509 -74616.45
20110510 -76033.15
20110511 -82144.67
20110512 -82156.48
20110513 -83372.75
20110516 -83401.15
20110517 -84562.85
20110518 -83529.50
20110519 -82507.77
20110520 -81575.45
20110523 -78639.95
20110524 -77499.82
20110525 -78254.92
20110526 -77891.55
20110527 -77208.17
20110531 -77537.55
20110601 -75904.42
20110602 -77008.17
20110603 -76418.80
20110606 -74553.17
20110607 -75411.30
20110608 -75568.17
20110609 -78011.30
20110610 -78391.30
20110613 -80853.18
20110614 -82085.67
20110615 -80999.42
20110616 -82016.30
20110617 -82200.68
20110620 -80050.67
20110621 -79856.30
20110622 -80809.42
20110623 -81199.42
20110624 -83493.80
20110627 -83578.17
20110628 -89880.05
20110629 -92919.42
20110630 -95922.55
20110701 -94811.30
20110705 -98469.30
20110706 -97483.45
20110707 -97855.15
20110708 -93576.85
20110711 -91425.90
20110712 -91497.50
20110713 -96950.62
20110714 -93593.90
20110715 -92898.02
20110718 -87685.37
20110719 -88610.82
20110720 -90735.90
20110721 -93395.55
20110722 -89806.12
20110725 -90361.25
20110726 -91739.75
20110727 -88762.57
20110728 -88315.90
20110729 -87239.10
20110801 -87664.27
20110802 -85310.22
20110803 -84550.37
20110804 -79587.60
20110805 -84009.47
20110808 -68395.72
20110809 -63326.97
20110810 -62367.60
20110811 -74208.85
20110812 -74072.60
20110815 -80466.35
20110816 -76425.72
20110817 -77579.47
20110818 -66865.10
20110819 -65359.47
20110822 -63742.60
20110823 -70390.72
20110824 -80638.22
20110825 -79602.77
20110826 -76848.70
20110829 -78443.30
20110830 -76361.32
20110831 -77829.75
20110901 -78858.05
20110902 -73615.37
20110906 -78859.67
20110907 -83395.27
20110908 -78946.87
20110909 -82688.48
20110912 -88216.70
20110913 -89203.40
20110914 -92060.48
20110915 -102131.97
20110916 -100110.20
20110919 -102016.73
20110920 -98854.85
20110921 -97831.10
20110922 -100708.60
20110923 -110127.35
20110926 -106516.10
20110927 -119647.35
20110928 -106186.72
20110929 -106550.47
20110930 -98279.85
20111003 -95865.48
20111004 -91851.73
20111005 -98066.72
20111006 -113122.98
20111007 -103344.22
20111010 -117222.35
20111011 -120652.35
20111012 -126871.10
20111013 -124011.10
20111014 -132561.10
20111017 -127162.35
20111018 -124632.35
20111019 -122998.60
20111020 -116811.10
20111021 -125803.60
20111024 -129188.60
20111025 -137096.10
20111026 -136596.10
20111027 -137861.10
20111028 -138541.10
20111031 -137893.60
20111101 -137226.10
20111102 -137508.60
20111103 -138843.60
20111104 -138551.10
20111107 -137588.60
20111108 -137751.10
20111109 -136776.10
20111110 -135876.10
20111111 -135806.10
20111114 -134683.60
20111115 -135243.60
20111116 -134018.60
20111117 -136513.60
20111118 -136542.40
20111121 -137244.30
20111122 -135836.30
20111123 -136209.30
20111125 -135226.50
20111128 -133357.90
20111129 -133472.30
20111130 -132608.80
20111201 -133474.30
20111202 -132305.00
20111205 -131275.60
20111206 -131520.10
20111207 -130459.50
20111208 -134254.10
20111209 -129691.50
20111212 -130828.30
20111213 -129895.05
20111214 -129494.50
20111215 -130389.75
20111216 -130828.10
20111219 -132216.80
20111220 -136044.17
20111221 -135364.40
20111222 -136207.55
20111223 -135925.55
20111227 -137184.20
20111228 -135444.10
20111229 -133776.58
20111230 -138242.62
20120103 -153214.70
20120104 -151614.95
20120105 -148979.33
20120106 -146441.83
20120109 -146134.95
20120110 -154113.08
20120111 -156682.45
20120112 -161234.32
20120113 -156086.20
20120117 -155924.33
20120118 -159702.45
20120119 -160027.45
20120120 -163339.95
20120123 -165378.70
20120124 -165421.83
20120125 -167274.95
20120126 -165753.08
20120127 -166491.83
20120130 -165749.33
20120131 -163430.58
20120201 -162486.20
20120202 -164018.70
20120203 -164368.70
20120206 -165603.70
20120207 -166145.58
20120208 -165630.58
20120209 -164714.33
20120210 -163842.45
20120213 -162598.08
20120214 -160033.08
20120215 -157566.20
20120216 -159186.20
20120217 -160387.45
20120221 -159801.20
20120222 -157897.45
20120223 -155821.20
20120224 -153705.58
20120227 -152355.98
20120228 -145689.25
20120229 -158250.15
20120301 -150649.98
20120302 -156606.78
20120305 -160341.62
20120306 -163334.10
20120307 -159729.08
20120308 -158989.27
20120309 -158050.28
20120312 -158062.08
20120313 -157988.88
20120314 -157981.05
20120315 -156763.85
20120316 -153840.90
20120319 -152980.90
20120320 -156448.15
20120321 -156364.88
20120322 -154265.90
20120323 -153294.50
20120326 -152943.38
20120327 -157155.98
20120328 -157091.40
20120329 -156857.48
20120330 -155657.40
20120402 -157518.00
20120403 -157140.10
20120404 -156720.33
20120405 -155843.62
20120406 -156921.75
20120409 -155687.25
20120410 -155763.83
20120411 -155949.23
20120412 -155818.43
20120413 -153292.17
20120416 -152248.43
20120417 -151299.67
20120418 -151342.18
20120419 -151315.93
20120420 -150653.42
20120423 -152088.43
20120424 -151946.55
20120425 -150376.55
20120426 -148917.18
20120427 -148376.75
20120430 -149574.70
20120501 -151431.80
20120502 -150605.05
20120503 -148875.80
20120504 -147434.38
20120507 -148823.17
20120508 -148071.58
20120509 -146265.90
20120510 -146514.30
20120511 -144639.83
20120514 -139297.07
20120515 -136538.30
20120516 -128961.02
20120517 -137507.88
20120518 -141062.95
20120521 -138767.15
20120522 -134031.30
20120523 -119917.13
20120524 -124415.53
20120525 -127364.08
20120529 -121553.28
20120530 -118628.53
20120531 -115030.70
20120601 -119687.98
20120604 -118877.05
20120605 -120381.25
20120606 -130975.18
20120607 -130292.13
20120608 -128162.28
20120611 -126564.20
20120612 -127154.75
20120613 -126118.20
20120614 -126636.08
20120615 -128271.10
20120618 -126692.88
20120619 -131869.18
20120620 -126562.93
20120621 -124144.18
20120622 -125088.55
20120625 -127719.80
20120626 -128209.80
20120627 -127657.93
20120628 -121399.18
20120629 -137701.05
20120702 -134347.92
20120703 -140975.43
20120705 -131915.42
20120706 -128751.68
20120709 -128614.18
20120710 -127273.55
20120711 -127412.30
20120712 -127454.80
20120713 -128054.18
20120716 -126766.05
20120717 -126931.68
20120718 -121316.05
20120719 -119622.30
20120720 -116114.80
20120723 -116836.05
20120724 -116440.43
20120725 -119866.68
20120726 -123089.80
20120727 -123613.55
20120730 -120913.55
20120731 -121619.80
20120801 -120559.80
20120802 -120338.55
20120803 -128379.80
20120806 -131121.68
20120807 -132826.68
20120808 -132026.67
20120809 -129386.68
20120810 -130506.67
20120813 -130981.67
20120814 -129899.17
20120815 -129909.17
20120816 -132601.67
20120817 -130536.67
20120820 -131724.17
20120821 -130224.17
20120822 -131511.67
20120823 -132259.17
20120824 -131404.17
20120827 -131771.67
20120828 -131161.68
20120829 -130499.18
20120830 -132944.18
20120831 -125264.18
20120903 -121069.18
20120904 -118991.68
20120905 -120639.18
20120906 -117779.18
20120907 -109734.18
20120910 -112286.67
20120911 -113234.18
20120912 -112279.18
20120913 -99859.18
20120914 -98389.18
20120917 -105814.18
20120918 -107919.18
20120919 -111724.18
20120920 -112936.68
20120921 -112376.68
20120924 -117661.68
20120925 -117774.18
20120926 -119931.68
20120927 -112911.68
20120928 -114829.18
20121001 -111589.18
20121002 -113411.68
20121003 -114336.68
20121004 -109014.18
20121005 -113154.17
20121008 -117094.18
20121009 -118834.18
20121010 -117961.67
20121011 -115844.18
20121012 -118591.68
20121015 -126881.67
20121016 -126209.18
20121017 -124854.18
20121018 -124459.18
20121019 -124659.18
20121022 -126034.18
20121023 -126116.68
20121024 -126954.18
20121025 -127602.68
20121026 -128401.08
20121029 -127300.78
20121030 -126191.28
20121031 -125768.02
20121101 -126390.92
20121102 -126095.58
20121105 -125488.68
20121106 -128727.38
20121107 -123965.58
20121108 -124567.38
20121109 -124981.27
20121112 -123818.53
20121113 -121091.07
20121114 -123180.38
20121115 -121705.12
20121116 -121278.32
20121119 -126704.38
20121120 -125890.20
20121121 -126240.55
20121123 -125544.30
20121126 -124913.05
20121127 -126139.93
20121128 -127521.80
20121129 -128323.68
20121130 -125656.80
20121203 -127116.18
20121204 -126273.05
20121205 -127473.05
20121206 -129168.68
20121207 -130008.68
20121210 -127572.42
20121211 -128591.17
20121212 -127884.92
20121213 -127264.35
20121214 -128775.12
20121217 -130875.62
20121218 -130096.97
20121219 -128925.27
20121220 -129723.93
20121221 -134195.17
20121224 -131282.57
20121226 -132696.17
20121227 -133976.67
20121228 -132239.32
20121231 -133553.88
20130102 -140175.48
20130103 -136659.68
20130104 -131010.92
20130107 -132982.12
20130108 -135494.33
20130109 -133172.20
20130110 -137398.50
20130111 -134846.20
20130114 -141218.80
20130115 -146292.07
20130116 -147177.92
20130117 -147899.95
20130118 -148762.08
20130122 -149834.57
20130123 -151691.42
20130124 -150235.22
20130125 -148216.40
20130128 -147973.40
20130129 -146063.90
20130130 -145044.75
20130131 -145506.90
20130201 -144346.35
20130204 -148077.15
20130205 -146583.00
20130206 -147896.73
20130207 -150498.75
20130208 -151514.48
20130211 -149699.85
20130212 -148004.15
20130213 -147709.65
20130214 -148434.85
20130215 -149614.55
20130219 -147345.95
20130220 -145415.30
20130221 -147775.83
20130222 -146706.45
20130225 -151085.50
20130226 -155618.83
20130227 -151748.68
20130228 -147477.12
20130301 -146755.77
20130304 -147893.67
20130305 -146324.38
20130306 -147368.08
20130307 -149765.23
20130308 -151157.88
20130311 -150330.38
20130312 -152885.38
20130313 -150514.13
20130314 -149722.88
20130315 -148846.62
20130318 -148870.38
20130319 -148446.62
20130320 -147984.13
20130321 -150835.38
20130322 -147956.62
20130325 -148664.12
20130326 -148311.62
20130327 -147394.12
20130328 -146347.88
20130329 -146347.88
20130401 -146132.93
20130402 -139342.18
20130403 -137311.38
20130404 -137748.03
20130405 -140468.13
20130408 -139122.25
20130409 -145709.03
20130410 -141282.50
20130411 -141885.30
20130412 -127080.60
20130415 -97805.55
20130416 -103781.95
20130417 -99218.38
20130418 -100372.30
20130419 -100651.53
20130422 -106843.28
20130423 -103335.50
20130424 -108078.25
20130425 -121071.33
20130426 -117341.13
20130429 -120307.85
20130430 -121180.85
20130501 -111418.45
20130502 -124015.85
20130503 -127302.45
20130506 -128667.30
20130507 -126215.03
20130508 -129507.13
20130509 -130385.88
20130510 -126241.70
20130513 -126193.85
20130514 -123371.25
20130515 -116857.85
20130516 -115798.45
20130517 -112110.65
20130520 -114198.55
20130521 -112282.05
20130522 -108493.10
20130523 -111573.80
20130524 -111195.90
20130528 -106826.50
20130529 -110086.75
20130530 -112819.35
20130531 -108044.23
20130603 -111967.95
20130604 -108485.08
20130605 -108926.95
20130606 -113165.83
20130607 -103319.20
20130610 -105359.45
20130611 -100906.78
20130612 -100504.68
20130613 -100445.15
20130614 -104173.70
20130617 -102636.08
20130618 -98966.30
20130619 -99479.63
20130620 -84216.33
20130621 -87684.45
20130624 -81413.20
20130625 -81030.70
20130626 -72536.33
20130627 -69431.95
20130628 -77071.33
20130701 -80037.58
20130702 -79019.45
20130703 -79038.80
20130705 -65290.23
20130708 -72748.63
20130709 -73048.58
20130710 -70129.03
20130711 -79793.53
20130712 -76249.98
20130715 -78966.98
20130716 -81414.03
20130717 -77013.00
20130718 -77744.38
20130719 -79146.33
20130722 -88650.15
20130723 -89206.70
20130724 -90372.70
20130725 -90012.70
20130726 -90052.30
20130729 -89796.30
20130730 -90877.50
20130731 -89133.90
20130801 -85683.90
20130802 -87077.65
20130805 -87702.65
20130806 -88296.40
20130807 -89697.65
20130808 -91722.65
20130809 -91111.40
20130812 -91608.90
20130813 -90066.40
20130814 -90848.90
20130815 -91733.90
20130816 -91060.15
20130819 -91772.65
20130820 -89911.40
20130821 -90440.15
20130822 -92785.15
20130823 -89936.40
20130826 -87426.40
20130827 -88318.90
20130828 -88847.65
20130829 -92526.40
20130830 -97078.90
20130903 -89665.15
20130904 -96707.65
20130905 -94820.15
20130906 -89773.90
20130909 -92723.28
20130910 -97496.40
20130911 -98613.28
20130912 -100797.03
20130913 -103057.03
20130916 -105910.15
20130917 -106377.65
20130918 -103336.40
20130919 -105523.90
20130920 -107930.15
20130923 -110640.15
20130924 -110660.15
20130925 -109380.15
20130926 -109577.65
20130927 -108912.90
20130930 -108989.90
20131001 -109153.30
20131002 -108311.75
20131003 -107910.55
20131004 -108084.10
20131007 -107623.40
20131008 -107803.55
20131009 -109132.15
20131010 -108455.30
20131011 -108905.10
20131014 -108655.70
20131015 -108973.95
20131016 -107851.75
20131017 -105771.70
20131018 -105367.95
20131021 -105069.43
20131022 -102252.08
20131023 -101981.23
20131024 -101627.18
20131025 -101279.35
20131028 -101099.38
20131029 -101718.33
20131030 -101242.05
20131031 -102709.75
20131101 -103141.63
20131104 -101952.25
20131105 -101210.38
20131106 -101909.75
20131107 -101929.75
20131108 -103168.50
20131111 -103516.63
20131112 -102819.13
20131113 -102467.25
20131114 -101920.38
20131115 -103372.25
20131118 -102412.25
20131119 -102597.25
20131120 -103551.00
20131121 -105771.00
20131122 -103539.75
20131125 -102799.75
20131126 -102094.13
20131127 -100422.88
20131129 -103233.50
20131202 -101642.88
20131203 -103106.00
20131204 -110172.38
20131205 -107522.33
20131206 -107185.33
20131209 -107370.53
20131210 -113158.93
20131211 -111850.73
20131212 -103150.53
20131213 -105421.93
20131216 -109606.93
20131217 -106444.73
20131218 -108311.33
20131219 -98245.03
20131220 -101133.53
20131223 -99354.63
20131224 -100912.23
20131226 -103691.83
20131227 -105378.63
20131230 -100410.13
20131231 -101393.73
20140102 -108789.33
20140103 -110994.13
20140106 -109891.63
20140107 -107191.73
20140108 -106033.33
20140109 -107112.13
20140110 -112312.93
20140113 -112476.53
20140114 -113778.33
20140115 -115307.13
20140116 -115453.53
20140117 -115405.93
20140121 -115705.93
20140122 -117083.13
20140123 -117384.33
20140124 -112582.73
20140127 -114755.53
20140128 -113731.93
20140129 -108218.33
20140130 -113838.33
20140131 -114875.53
20140203 -109522.08
20140204 -105937.98
20140205 -107825.63
20140206 -112131.88
20140207 -113940.63
20140210 -115713.13
20140211 -112313.13
20140212 -111533.13
20140213 -106910.63
20140214 -107206.88
20140218 -97955.63
20140219 -85386.88
20140220 -87308.13
20140221 -86504.38
20140224 -89428.13
20140225 -89120.63
20140226 -88829.38
20140227 -88839.38
20140228 -86174.38
20140303 -76720.63
20140304 -79600.63
20140305 -76829.38
20140306 -75515.63
20140307 -75049.38
20140310 -74233.75
20140311 -74255.00
20140312 -76553.75
20140313 -76067.50
20140314 -77493.75
20140317 -78296.25
20140318 -78382.50
20140319 -82371.25
20140320 -89085.00
20140321 -90957.50
20140324 -92657.50
20140325 -94132.50
20140326 -93652.50
20140327 -93115.00
20140328 -92955.00
20140331 -92627.50
20140401 -91432.50
20140402 -93665.00
20140403 -93515.00
20140404 -94790.00
20140407 -94815.00
20140408 -95072.50
20140409 -94495.00
20140410 -95145.00
20140411 -96107.50
20140414 -94955.00
20140415 -94005.00
20140416 -93120.00
20140417 -92817.50
20140421 -93300.00
20140422 -96150.00
20140423 -96816.25
20140424 -95822.50
20140425 -98787.50
20140428 -100453.75
20140429 -95120.00
20140430 -99153.75
20140501 -102698.75
20140502 -104732.50
20140505 -104231.25
20140506 -105706.25
20140507 -103390.00
20140508 -104942.50
20140509 -110652.50
20140512 -112012.50
20140513 -110922.50
20140514 -111392.50
20140515 -112093.75
20140516 -111784.38
20140519 -111301.25
20140520 -110815.63
20140521 -109263.13
20140522 -109780.63
20140523 -109173.75
20140527 -110641.88
20140528 -111003.75
20140529 -110159.38
20140530 -111426.25
20140602 -110998.75
20140603 -112410.00
20140604 -112601.88
20140605 -116013.75
20140606 -115437.50
20140609 -113624.38
20140610 -114536.25
20140611 -114366.25
20140612 -115911.88
20140613 -116135.28
20140616 -117057.48
20140617 -116760.18
20140618 -117836.58
20140619 -122575.78
20140620 -124423.33
20140623 -125933.33
20140624 -125629.58
20140625 -127647.08
20140626 -127607.08
20140627 -125069.58
20140630 -126320.83
20140701 -126188.33
20140702 -126748.33
20140703 -126768.33
20140707 -126898.33
20140708 -126977.68
20140709 -125752.73
20140710 -120857.13
20140711 -119390.73
20140714 -123938.88
20140715 -122686.28
20140716 -124313.23
20140717 -120806.48
20140718 -124841.23
20140721 -122963.43
20140722 -118954.03
20140723 -122632.53
20140724 -127608.33
20140725 -127060.38
20140728 -128425.13
20140729 -127617.98
20140730 -125386.68
20140731 -125561.28
20140801 -124218.08
20140804 -125751.98
20140805 -124114.18
20140806 -125671.98
20140807 -124132.08
20140808 -126017.25
20140811 -126038.63
20140812 -123224.58
20140813 -121133.48
20140814 -119171.53
20140815 -119388.98
20140818 -117876.43
20140819 -116856.85
20140820 -115093.83
20140821 -117169.88
20140822 -115502.88
20140825 -114776.78
20140826 -115648.15
20140827 -116664.43
20140828 -117426.40
20140829 -118863.00
20140902 -118074.48
20140903 -120625.48
20140904 -116419.18
20140905 -116375.45
20140908 -114837.63
20140909 -115452.30
20140910 -113675.35
20140911 -112971.15
20140912 -111291.55
20140915 -113075.85
20140916 -116093.95
20140917 -115693.55
20140918 -110782.75
20140919 -103290.45
20140922 -102082.55
20140923 -103143.35
20140924 -103988.75
20140925 -102242.85
20140926 -102322.95
20140929 -106174.25
20140930 -97639.75
20141001 -98805.55
20141002 -98954.25
20141003 -92626.05
20141006 -94878.35
20141007 -96164.50
20141008 -94379.50
20141009 -93617.63
20141010 -91212.00
20141013 -94782.63
20141014 -89683.88
20141015 -92881.38
20141016 -94532.00
20141017 -95574.50
20141020 -98288.88
20141021 -100297.63
20141022 -98539.50
20141023 -99368.25
20141024 -99265.13
20141027 -99195.75
20141028 -101449.50
20141029 -102364.50
20141030 -96870.13
20141031 -94370.75
20141103 -94329.50
20141104 -92148.88
20141105 -87906.38
20141106 -85752.63
20141107 -91725.13
20141110 -90592.63
20141111 -92092.63
20141112 -90887.63
20141113 -90915.13
20141114 -98445.13
20141117 -92635.13
20141118 -95567.63
20141119 -94562.63
20141120 -93710.13
20141121 -96532.63
20141124 -97225.13
20141125 -96032.63
20141126 -96610.13
20141128 -83290.13
20141201 -97427.63
20141202 -92687.63
20141203 -92312.63
20141204 -91075.13
20141205 -90647.63
20141208 -85406.38
20141209 -88283.88
20141210 -86018.88
20141211 -82790.13
20141212 -82197.63
20141215 -81093.88
20141216 -80395.13
20141217 -77608.78
20141218 -75826.18
20141219 -76233.73
20141222 -69350.58
20141223 -71013.23
20141224 -68381.08
20141226 -65737.63
20141229 -64721.88
20141230 -63774.33
20141231 -60771.03
20150102 -57722.78
20150105 -55232.33
20150106 -56050.53
20150107 -55555.98
20150108 -55451.73
20150109 -56310.33
20150112 -51379.83
20150113 -51263.03
20150114 -57297.73
20150115 -51878.13
20150116 -52362.50
20150120 -43472.50
20150121 -46536.88
20150122 -39479.38
20150123 -38918.75
20150126 -41153.13
20150127 -44363.13
20150128 -41728.13
20150129 -47014.38
20150130 -45321.88
20150202 -46861.25
20150203 -54355.63
20150204 -51034.38
20150205 -51633.75
20150206 -57921.88
20150209 -55137.50
20150210 -54679.38
20150211 -56493.13
20150212 -59306.88
20150213 -57683.13
20150217 -58409.38
20150218 -57684.38
20150219 -57031.88
20150220 -58823.13
20150223 -56881.88
20150224 -57263.13
20150225 -55381.28
20150226 -51610.28
20150227 -51425.13
20150302 -50465.78
20150303 -46097.98
20150304 -48547.28
20150305 -46664.28
20150306 -46090.53
20150309 -44892.63
20150310 -41803.88
20150311 -37910.78
20150312 -38227.93
20150313 -35101.73
20150316 -39846.98
20150317 -39444.88
20150318 -43446.58
20150319 -43068.38
20150320 -48290.58
20150323 -51430.28
20150324 -49181.73
20150325 -53378.88
20150326 -55412.28
20150327 -51470.83
20150330 -46700.28
20150331 -44924.33
20150401 -52349.88
20150402 -55746.53
20150403 -56934.03
20150406 -62660.03
20150407 -62280.13
20150408 -61131.63
20150409 -57011.23
20150410 -56877.33
20150413 -56643.93
20150414 -58735.53
20150415 -60118.33
20150416 -62320.83
20150417 -61883.33
20150420 -60640.83
20150421 -60893.33
20150422 -61028.33
20150423 -61728.33
20150424 -61840.83
20150427 -61593.33
20150428 -63260.83
20150429 -66150.83
20150430 -66095.83
20150501 -66735.83
20150504 -66955.83
20150505 -65485.83
20150506 -64955.83
20150507 -67227.08
20150508 -67883.33
20150511 -67910.83
20150512 -66842.08
20150513 -67054.58
20150514 -68462.08
20150515 -69043.33
20150518 -71180.83
20150519 -72193.33
20150520 -69509.58
20150521 -64800.83
20150522 -64525.83
20150526 -65040.83
20150527 -65954.58
20150528 -66139.53
20150529 -66959.33
20150601 -68230.48
20150602 -70133.88
20150603 -70156.48
20150604 -71322.38
20150605 -69768.98
20150608 -70995.30
20150609 -71322.63
20150610 -70364.80
20150611 -68509.78
20150612 -68533.75
20150615 -66873.80
20150616 -68643.30
20150617 -68078.73
20150618 -68610.48
20150619 -68489.88
20150622 -69043.08
20150623 -67427.68
20150624 -70013.93
20150625 -69689.68
20150626 -68598.03
20150629 -69663.68
20150630 -67217.93
20150701 -64843.70
20150702 -65205.65
20150706 -66229.13
20150707 -67317.38
20150708 -68053.73
20150709 -67322.03
20150710 -68543.23
20150713 -69234.98
20150714 -70649.58
20150715 -68737.23
20150716 -68379.73
20150717 -66343.48
20150720 -63149.73
20150721 -62374.13
20150722 -60519.33
20150723 -59367.43
20150724 -57867.53
20150727 -58448.78
20150728 -59069.13
20150729 -61081.43
20150730 -60934.88
20150731 -60405.53
20150803 -55968.03
20150804 -57368.68
20150805 -56343.68
20150806 -56237.73
20150807 -57854.18
20150810 -64335.88
20150811 -63025.63
20150812 -64876.03
20150813 -62950.03
20150814 -63142.83
20150817 -63026.83
20150818 -63698.83
20150819 -62792.03
20150820 -64153.13
20150821 -62194.03
20150824 -58793.65
20150825 -62608.23
20150826 -62888.58
20150827 -71542.80
20150828 -75993.25
20150831 -79504.03
20150901 -75746.43
20150902 -75941.33
20150903 -78352.65
20150904 -76646.78
20150908 -79039.28
20150909 -77538.03
20150910 -75389.28
20150911 -73745.53
20150914 -75151.15
20150915 -76009.90
20150916 -78629.90
20150917 -77706.15
20150918 -77976.15
20150921 -79998.65
20150922 -77371.15
20150923 -77079.90
20150924 -79414.90
20150925 -81899.90
20150928 -76886.15
20150929 -76363.65
20150930 -77336.15
20151001 -76908.65
20151002 -81277.40
20151005 -85050.55
20151006 -82768.63
20151007 -83197.88
20151008 -83415.53
20151009 -81917.80
20151012 -81791.05
20151013 -81269.00
20151014 -79615.30
20151015 -80179.88
20151016 -80956.83
20151019 -84010.53
20151020 -83255.78
20151021 -84493.88
20151022 -86338.48
20151023 -87882.50
20151026 -84427.43
20151027 -84685.70
20151028 -81336.85
20151029 -87785.15
20151030 -88974.95
20151102 -89009.15
20151103 -89093.55
20151104 -90135.55
20151105 -91021.15
20151106 -91427.15
20151109 -91061.05
20151110 -89747.15
20151111 -90762.05
20151112 -91300.95
20151113 -90612.55
20151116 -89633.25
20151117 -90772.50
20151118 -89534.70
20151119 -93223.35
20151120 -91881.35
20151123 -91533.15
20151124 -93252.35
20151125 -93328.15
20151127 -90015.95
20151130 -91115.75
20151201 -92637.05
20151202 -90769.05
20151203 -96177.75
20151204 -100472.25
20151207 -95163.85
20151208 -94319.85
20151209 -94274.05
20151210 -93163.85
20151211 -90980.25
20151214 -88613.65
20151215 -89139.05
20151216 -90899.05
20151217 -84624.05
20151218 -88039.05
20151221 -91884.05
20151222 -91329.05
20151223 -92924.05
20151224 -95204.05
20151228 -92449.05
20151229 -94839.05
20151230 -91939.05
20151231 -92224.05
20160104 -93634.05
20160105 -93814.05
20160106 -93189.05
20160107 -94609.05
20160108 -92369.05
20160111 -90359.05
20160112 -88757.80
20160113 -90991.55
20160114 -90084.05
20160115 -88669.05
20160119 -89255.30
20160120 -86711.55
20160121 -88611.55
20160122 -91686.55
20160125 -90990.30
20160126 -93744.05
20160127 -95011.55
20160128 -96287.80
20160129 -95425.00
20160201 -94024.68
20160202 -92329.50
20160203 -95333.13
20160204 -95141.88
20160205 -94818.73
20160208 -92882.83
20160209 -90140.00
20160210 -89851.30
20160211 -82412.85
20160212 -87541.20
20160216 -90495.85
20160217 -92197.40
20160218 -89907.43
20160219 -88471.85
20160222 -92267.65
20160223 -90338.20
20160224 -88273.30
20160225 -89268.58
20160226 -91797.33
20160229 -90776.70
20160301 -92848.58
20160302 -91758.58
20160303 -89556.08
20160304 -89746.08
20160307 -91336.08
20160308 -91776.08
20160309 -91796.08
20160310 -90586.08
20160311 -92406.08
20160314 -94226.08
20160315 -95976.08
20160316 -96036.08
20160317 -93196.08
20160318 -94224.43
20160321 -96567.28
20160322 -94129.98
20160323 -101243.13
20160324 -103877.68
20160328 -103564.28
20160329 -103311.38
20160330 -104478.93
20160331 -103820.08
20160401 -105750.48
20160404 -108429.03
20160405 -109716.53
20160406 -109095.18
20160407 -110341.53
20160408 -109597.78
20160411 -108847.78
20160412 -108641.53
20160413 -108466.53
20160414 -109839.03
20160415 -108501.53
20160418 -108545.28
20160419 -102625.28
20160420 -101522.78
20160421 -101391.53
20160422 -104456.53
20160425 -103970.28
20160426 -100796.53
20160427 -98120.28
20160428 -95917.78
20160429 -93497.78
20160502 -93462.78
20160503 -96801.53
20160504 -99276.53
20160505 -101197.78
20160506 -96575.28
20160509 -103269.03
20160510 -99576.53
20160511 -95389.03
20160512 -97391.53
20160513 -99055.33
20160516 -97011.08
20160517 -94974.48
20160518 -97391.93
20160519 -101501.38
20160520 -101399.48
20160523 -102959.38
20160524 -105049.68
20160525 -102246.18
20160526 -102322.48
20160527 -102022.98
20160531 -102686.58
20160601 -101803.68
20160602 -98668.28
20160603 -99080.38
20160606 -97734.28
20160607 -96657.88
20160608 -92949.68
20160609 -94380.33
20160610 -95227.63
20160613 -94979.95
20160614 -95607.08
20160615 -95151.05
20160616 -97276.28
20160617 -94583.55
20160620 -95569.45
20160621 -98860.33
20160622 -101456.83
20160623 -102055.68
20160624 -98378.03
20160627 -95966.68
20160628 -91665.68
20160629 -86638.53
20160630 -83950.75
20160701 -76604.25
20160705 -77687.20
20160706 -76745.70
20160707 -80660.88
20160708 -78693.20
20160711 -76733.63
20160712 -81188.95
20160713 -78981.50
20160714 -78944.90
20160715 -82832.53
20160718 -82496.58
20160719 -83372.15
20160720 -87513.00
20160721 -83785.65
20160722 -87577.68
20160725 -88364.18
20160726 -87788.58
20160727 -84777.10
20160728 -82099.03
20160729 -77630.90
20160801 -78557.15
20160802 -76727.15
20160803 -79864.65
20160804 -79422.15
20160805 -85254.65
20160808 -87158.40
20160809 -85586.53
20160810 -82325.90
20160811 -85513.40
20160812 -88924.03
20160815 -90305.28
20160816 -89260.28
20160817 -91440.90
20160818 -89755.28
20160819 -93882.15
20160822 -93959.03
20160823 -93554.65
20160824 -95114.65
20160825 -94794.65
20160826 -95844.65
20160829 -95864.65
20160830 -96134.65
20160831 -96454.65
20160901 -96719.65
20160902 -97257.15
20160906 -97619.65
20160907 -98407.15
20160908 -98469.65
20160909 -98644.65
20160912 -97844.65
20160913 -96832.15
20160914 -95849.65
20160915 -96327.15
20160916 -97232.15
20160919 -96821.95
20160920 -97900.85
20160921 -96869.95
20160922 -98021.05
20160923 -98626.20
20160926 -96062.05
20160927 -95199.90
20160928 -95274.10
20160929 -97639.45
20160930 -97023.95
20161003 -99753.55
20161004 -98037.75
20161005 -95494.25
20161006 -96975.75
20161007 -94556.05
20161010 -96103.35
20161011 -95329.78
20161012 -95520.95
20161013 -95576.05
20161014 -95056.63
20161017 -96264.75
20161018 -97375.93
20161019 -99648.08
20161020 -98589.55
20161021 -99552.50
20161024 -101184.33
20161025 -103976.73
20161026 -102506.05
20161027 -102665.03
20161028 -106339.13
20161031 -105734.95
20161101 -111466.83
20161102 -110561.20
20161103 -109406.20
20161104 -107642.45
20161107 -105582.45
20161108 -105858.70
20161109 -102722.45
20161110 -105423.70
20161111 -106062.45
20161114 -103978.08
20161115 -104182.45
20161116 -104033.08
20161117 -101401.20
20161118 -100700.58
20161121 -101012.45
20161122 -102202.45
20161123 -97747.45
20161125 -97396.83
20161128 -100418.08
20161129 -102376.83
20161130 -98671.83
20161201 -97965.68
20161202 -100901.25
20161205 -101479.65
20161206 -100158.05
20161207 -104163.70
20161208 -101132.10
20161209 -96658.15
20161212 -100396.85
20161213 -97734.48
20161214 -100697.95
20161215 -87998.43
20161216 -88382.63
20161219 -89690.08
20161220 -89795.60
20161221 -90443.98
20161222 -87237.93
20161223 -86634.23
20161227 -86484.78
20161228 -86775.03
20161229 -92940.65
20161230 -93014.30
20170103 -102037.43
20170104 -104769.73
20170105 -109348.48
20170106 -108427.23
20170109 -111935.98
20170110 -113130.98
20170111 -113133.48
20170112 -113572.23
20170113 -113624.73
20170117 -116284.73
20170118 -116809.73
20170119 -116957.23
20170120 -117144.73
20170123 -117752.23
20170124 -117624.73
20170125 -116867.23
20170126 -117824.73
20170127 -117407.23
20170130 -118762.23
20170131 -118264.73
20170201 -117712.23
20170202 -117497.23
20170203 -117739.73
20170206 -116899.73
20170207 -116182.23
20170208 -115562.23
20170209 -116354.73
20170210 -115809.73
20170213 -116597.23
20170214 -116419.73
20170215 -115817.23
20170216 -117072.23
20170217 -117254.73
20170221 -117737.23
20170222 -120122.23
20170223 -119224.73
20170224 -121049.73
20170227 -120109.73
20170228 -120919.73
20170301 -121169.73
20170302 -121219.73
20170303 -121449.73
20170306 -122189.73
20170307 -121419.73
20170308 -122189.73
20170309 -122919.73
20170310 -123259.73
20170313 -123609.73
20170314 -122559.73
20170315 -122952.23
20170316 -122337.23
20170317 -122722.23
20170320 -122988.83
20170321 -123149.63
20170322 -123063.33
20170323 -122511.83
20170324 -122142.53
20170327 -121678.83
20170328 -122187.03
20170329 -122684.23
20170330 -122877.03
20170331 -122221.03
20170403 -121227.13
20170404 -121738.40
20170405 -122100.58
20170406 -122026.95
20170407 -122722.85
20170410 -122629.80
20170411 -119997.48
20170412 -120025.70
20170413 -118651.83
20170417 -118145.60
20170418 -118081.33
20170419 -119214.60
20170420 -119436.93
20170421 -119548.30
20170424 -121368.63
20170425 -123354.45
20170426 -121585.50
20170427 -121810.58
20170428 -124002.70
20170501 -126792.45
20170502 -126384.58
20170503 -127917.63
20170504 -123897.13
20170505 -124481.80
20170508 -126008.95
20170509 -124961.78
20170510 -128253.53
20170511 -127864.58
20170512 -127975.18
20170515 -128870.93
20170516 -127490.83
20170517 -129603.73
20170518 -127165.08
20170519 -128953.33
20170522 -130552.68
20170523 -131037.70
20170524 -129918.33
20170525 -130420.20
20170526 -131448.33
20170530 -130937.35
20170531 -128577.48
20170601 -127640.05
20170602 -125626.88
20170605 -127944.25
20170606 -126218.18
20170607 -127436.75
20170608 -128352.63
20170609 -128730.48
20170612 -129082.98
20170613 -128282.25
20170614 -127049.98
20170615 -128828.23
20170616 -127530.25
20170619 -127199.53
20170620 -125180.65
20170621 -121911.53
20170622 -120006.38
20170623 -123639.58
20170626 -125249.30
20170627 -127379.10
20170628 -127097.88
20170629 -127480.43
20170630 -129200.13
20170703 -132199.58
20170705 -129833.08
20170706 -130637.08
20170707 -126519.68
20170710 -128076.38
20170711 -128663.23
20170712 -131061.73
20170713 -134838.48
20170714 -137591.43
20170717 -138361.23
20170718 -139968.68
20170719 -140257.93
20170720 -139444.93
20170721 -139777.43
20170724 -140289.93
20170725 -141816.18
20170726 -139979.93
20170727 -140976.18
20170728 -140558.68
20170731 -139158.68
20170801 -142541.18
20170802 -141911.18
20170803 -141744.93
20170804 -142778.68
20170807 -142679.93
20170808 -143421.18
20170809 -144037.43
20170810 -144869.93
20170811 -144181.18
20170814 -144447.43
20170815 -144838.68
20170816 -143963.68
20170817 -145342.43
20170818 -145083.68
20170821 -144956.18
20170822 -146359.93
20170823 -145246.18
20170824 -145944.93
20170825 -143849.93
20170828 -141217.43
20170829 -140952.43
20170830 -142769.30
20170831 -142698.68
20170901 -142967.43
20170905 -140579.93
20170906 -141868.05
20170907 -137296.18
20170908 -137191.80
20170911 -140935.55
20170912 -140729.93
20170913 -142764.93
20170914 -142376.80
20170915 -143775.55
20170918 -147634.93
20170919 -146605.55
20170920 -146516.80
20170921 -149233.05
20170922 -148339.30
20170925 -147593.05
20170926 -149790.55
20170927 -151705.55
20170928 -152105.55
20170929 -152665.55
20171002 -154565.55
20171003 -154765.55
20171004 -155135.55
20171005 -154685.55
20171006 -155435.55
20171009 -155155.55
20171010 -154605.55
20171011 -154585.55
20171012 -155935.55
20171013 -155425.55
20171016 -155065.55
20171017 -155435.55
20171018 -154261.80
20171019 -156158.05
20171020 -155648.05
20171023 -156010.55
20171024 -154839.30
20171025 -154936.80
20171026 -154163.68
20171027 -153021.18
20171030 -152950.55
20171031 -151642.43
20171101 -150854.93
20171102 -152563.05
20171103 -151049.93
20171106 -151643.05
20171107 -151716.80
20171108 -152558.68
20171109 -152629.93
20171110 -153186.80
20171113 -153188.68
20171114 -154358.05
20171115 -155040.55
20171116 -155023.05
20171117 -153709.93
20171120 -153781.18
20171121 -153371.18
20171122 -152603.05
20171124 -151532.43
20171127 -152568.68
20171128 -153989.63
20171129 -154890.40
20171130 -152817.33
20171201 -152369.33
20171204 -152162.85
20171205 -150050.80
20171206 -152022.30
20171207 -147883.90
20171208 -146923.28
20171211 -145900.78
20171212 -143761.40
20171213 -147204.93
20171214 -148143.45
20171215 -147850.88
20171218 -151156.63
20171219 -150021.50
20171220 -150561.33
20171221 -149770.33
20171222 -151264.30
20171226 -152337.55
20171227 -156077.03
20171228 -159162.30
20171229 -160332.13
20180102 -162893.15
20180103 -161594.30
20180104 -159774.93
20180105 -159488.68
20180108 -159367.43
20180109 -158429.93
20180110 -157165.55
20180111 -158090.55
20180112 -157318.05
20180116 -157252.43
20180117 -156677.90
20180118 -157505.23
20180119 -157863.75
20180122 -157402.90
20180123 -155923.43
20180124 -151528.58
20180125 -151008.80
20180126 -150928.20
20180129 -154884.15
20180130 -156222.03
20180131 -156074.48
20180201 -155016.90
20180202 -159213.73
20180205 -163687.38
20180206 -165272.68
20180207 -170108.75
20180208 -169440.23
20180209 -171346.03
20180212 -170919.48
20180213 -169848.85
20180214 -168062.38
20180215 -167590.03
20180216 -168577.48
20180220 -169523.83
20180221 -169014.98
20180222 -170099.68
20180223 -170546.53
20180226 -170844.18
20180227 -170204.48
20180228 -171513.18
20180301 -172789.03
20180302 -171286.10
20180305 -171039.15
20180306 -170869.70
20180307 -170258.00
20180308 -170514.38
20180309 -171409.00
20180312 -171261.68
20180313 -171459.48
20180314 -172132.53
20180315 -170315.75
20180316 -169458.08
20180319 -170644.38
20180320 -170277.28
20180321 -170092.98
20180322 -169761.23
20180323 -167702.23
20180326 -167730.48
20180327 -168414.88
20180328 -169505.28
20180329 -169222.08
20180402 -169486.23
20180403 -168245.23
20180404 -168923.73
20180405 -169307.08
20180406 -170518.38
20180409 -170670.78
20180410 -167599.43
20180411 -166763.53
20180412 -166998.58
20180413 -166684.68
20180416 -166296.43
20180417 -165344.33
20180418 -164682.63
20180419 -164316.33
20180420 -164736.88
20180423 -164327.78
20180424 -165807.88
20180425 -164297.93
20180426 -165002.25
20180427 -166467.80
20180430 -166405.40
20180501 -167408.20
20180502 -167874.78
20180503 -168599.45
20180504 -167302.23
20180507 -165383.80
20180508 -166139.48
20180509 -163822.08
20180510 -166515.93
20180511 -167140.55
20180514 -165971.60
20180515 -159402.18
20180516 -159296.73
20180517 -159480.73
20180518 -159862.10
20180521 -159634.90
20180522 -160363.65
20180523 -159136.78
20180524 -163597.40
20180525 -165388.65
20180529 -163859.90
20180530 -166434.90
20180531 -166231.15
20180601 -165287.40
20180604 -165462.40
20180605 -166699.90
20180606 -168043.65
20180607 -169271.15
20180608 -168266.15
20180611 -167741.15
20180612 -166873.65
20180613 -166444.90
20180614 -164382.40
20180615 -160483.65
20180618 -161424.90
20180619 -160166.15
20180620 -159359.90
20180621 -158687.40
20180622 -160463.65
20180625 -160123.65
20180626 -158261.15
20180627 -156174.90
20180628 -153506.15
20180629 -155094.90
20180702 -150236.15
20180703 -152697.40
20180705 -153606.00
20180706 -156933.35
20180709 -156771.40
20180710 -155661.35
20180711 -153388.20
20180712 -154679.25
20180713 -151104.85
20180716 -154886.45
20180717 -151564.00
20180718 -149989.25
20180719 -148502.30
20180720 -151631.55
20180723 -150595.50
20180724 -150378.70
20180725 -151263.70
20180726 -147838.25
20180727 -148701.50
20180730 -148728.05
20180731 -150584.40
20180801 -149159.75
20180802 -144947.95
20180803 -147129.15
20180806 -145508.50
20180807 -145896.50
20180808 -147833.10
20180809 -148167.95
20180810 -143959.45
20180813 -140373.15
20180814 -139906.70
20180815 -134612.25
20180816 -137054.40
20180817 -137721.25
20180820 -137730.45
20180821 -140465.05
20180822 -140576.25
20180823 -138089.05
20180824 -143702.25
20180827 -145660.85
20180828 -144026.85
20180829 -143365.30
20180830 -141765.55
20180831 -141465.40
20180904 -138733.95
20180905 -140315.20
20180906 -139719.40
20180907 -139603.35
20180910 -139293.15
20180911 -139093.15
20180912 -141281.90
20180913 -139948.15
20180914 -138234.40
20180917 -137859.40
20180918 -136360.65
20180919 -138322.53
20180920 -140935.03
20180921 -140189.40
20180924 -139525.03
20180925 -139645.65
20180926 -140015.65
20180927 -138127.53
20180928 -142810.03
20181001 -138261.90
20181002 -142256.28
20181003 -139723.78
20181004 -142058.15
20181005 -142480.65
20181008 -139621.90
20181009 -139361.28
20181010 -141098.78
20181011 -147979.40
20181012 -148282.53
20181015 -146845.03
20181016 -146999.13
20181017 -147649.65
20181018 -148854.10
20181019 -148105.45
20181022 -151019.48
20181023 -149262.55
20181024 -150176.68
20181025 -149500.23
20181026 -151487.08
20181029 -153997.25
20181030 -154507.60
20181031 -154178.20
20181101 -153259.45
20181102 -151499.45
20181105 -153713.00
20181106 -155542.05
20181107 -154019.80
20181108 -151615.20
20181109 -150237.50
20181112 -149100.00
20181113 -141877.50
20181114 -136568.75
20181115 -145815.00
20181116 -143632.50
20181119 -140103.75
20181120 -137153.75
20181121 -140775.00
20181123 -135673.75
20181126 -137830.00
20181127 -136987.50
20181128 -134037.50
20181129 -134472.50
20181130 -132262.50
20181203 -139088.75
20181204 -138810.00
20181205 -137247.50
20181206 -137817.50
20181207 -137710.00
20181210 -135640.00
20181211 -138283.13
20181212 -140641.88
20181213 -143383.13
20181214 -145090.63
20181217 -145317.50
20181218 -141404.38
20181219 -142988.13
20181220 -141763.75
20181221 -141685.00
20181224 -137855.00
20181226 -143137.50
20181227 -138498.75
20181228 -138005.00
20181231 -137681.88
20190102 -136933.75
20190103 -135698.75
20190104 -138176.88
20190107 -139158.13
20190108 -142192.50
20190109 -144165.00
20190110 -145315.00
20190111 -143805.63
20190114 -142442.50
20190115 -144662.50
20190116 -144420.00
20190117 -145043.13
20190118 -148791.88
20190122 -148785.63
20190123 -148358.13
20190124 -148438.75
20190125 -145758.75
20190128 -145083.75
20190129 -143920.00
20190130 -143882.50
20190131 -140281.25
20190201 -141975.00
20190204 -143050.00
20190205 -142300.00
20190206 -142578.13
20190207 -140311.25
20190208 -138795.00
20190211 -140550.00
20190212 -142165.63
20190213 -140311.25
20190214 -140523.13
20190215 -139653.13
20190219 -135505.00
20190220 -132852.50
20190221 -137842.50
20190222 -136718.13
20190225 -137980.00
20190226 -137561.25
20190227 -139986.88
20190228 -141496.88
20190301 -146269.38
20190304 -146035.63
20190305 -146855.63
20190306 -146213.13
20190307 -144191.88
20190308 -146678.13
20190311 -147060.63
20190312 -147464.38
20190313 -148495.63
20190314 -147901.88
20190315 -148389.38
20190318 -147603.13
20190319 -147805.63
20190320 -147321.88
20190321 -145673.13
20190322 -145603.75
20190325 -145528.13
20190326 -144312.50
20190327 -144208.75
20190328 -145837.50
20190329 -146503.75
20190401 -145345.63
20190402 -143055.63
20190403 -143901.25
20190404 -143108.13
20190405 -140425.00
20190408 -140019.38
20190409 -141764.38
20190410 -140883.13
20190411 -139560.00
20190412 -139992.50
20190415 -141112.50
20190416 -140160.63
20190417 -138663.13
20190418 -138471.25
20190422 -138696.25
20190423 -136660.00
20190424 -136437.50
20190425 -139011.25
20190426 -143501.25
20190429 -141700.00
20190430 -142033.75
20190501 -138962.50
20190502 -137461.35
20190503 -139927.45
20190506 -139884.35
20190507 -139392.75
20190508 -139290.50
20190509 -139733.60
20190510 -140092.65
20190513 -140822.05
20190514 -143132.80
20190515 -143327.00
20190516 -141771.10
20190517 -138721.00
20190520 -140009.40
20190521 -140553.45
20190522 -140441.90
20190523 -141755.90
20190524 -142232.33
20190528 -142470.63
20190529 -143544.40
20190530 -143814.95
20190531 -144310.13
20190603 -145384.68
20190604 -146689.00
20190605 -144169.00
20190606 -144762.13
20190607 -146010.88
20190610 -145949.63
20190611 -146332.75
20190612 -143885.25
20190613 -144040.25
20190614 -144952.75
20190617 -144591.50
20190618 -144999.63
20190619 -144170.25
20190620 -141347.13
20190621 -141944.00
20190624 -141332.13
20190625 -141644.63
20190626 -143595.88
20190627 -144882.13
20190628 -143090.88
20190701 -147252.13
20190702 -145556.50
20190703 -142917.13
20190705 -147484.63
20190708 -149355.88
20190709 -150315.25
20190710 -150615.88
20190711 -150235.25
20190712 -150612.75
20190715 -148912.75
20190716 -150485.25
20190717 -149761.50
20190718 -148176.50
20190719 -149259.00
20190722 -149220.40
20190723 -150935.80
20190724 -149904.15
20190725 -151876.95
20190726 -151265.60
20190729 -151246.60
20190730 -150218.70
20190731 -151517.15
20190801 -152715.10
20190802 -147994.98
20190805 -145572.85
20190806 -143762.68
20190807 -136422.75
20190808 -139744.18
20190809 -142345.15
20190812 -140256.65
20190813 -142725.23
20190814 -137577.03
20190815 -136140.68
20190816 -136141.88
20190819 -140579.60
20190820 -139417.88
20190821 -138231.25
20190822 -139325.93
20190823 -131602.73
20190826 -132601.05
20190827 -128452.63
20190828 -129088.23
20190829 -132170.90
20190830 -130170.00
20190903 -122103.50
20190904 -123499.40
20190905 -130901.48
20190906 -134733.10
20190909 -135695.48
20190910 -138673.80
20190911 -137289.78
20190912 -138772.53
20190913 -143974.38
20190916 -138817.13
20190917 -140816.63
20190918 -142992.58
20190919 -145116.38
20190920 -144604.63
20190923 -139967.68
20190924 -142964.18
20190925 -146764.18
20190926 -148065.43
20190927 -150157.93
20190930 -153766.68
20191001 -154035.43
20191002 -153741.68
20191003 -153497.93
20191004 -153257.93
20191007 -151920.43
20191008 -152955.43
20191009 -153991.68
20191010 -153979.18
20191011 -154654.18
20191014 -154732.93
20191015 -156070.43
20191016 -155901.68
20191017 -155099.18
20191018 -156094.18
20191021 -156325.43
20191022 -156314.18
20191023 -156025.43
20191024 -155052.93
20191025 -156977.93
20191028 -157636.68
20191029 -156625.43
20191030 -157505.43
20191031 -158482.93
20191101 -158406.68
20191104 -158474.18
20191105 -159761.68
20191106 -159549.18
20191107 -159469.18
20191108 -159504.18
20191111 -161394.18
20191112 -162249.18
20191113 -161819.18
20191114 -161199.18
20191115 -160969.18
20191118 -162009.18
20191119 -162329.18
20191120 -161159.18
20191121 -161159.18
20191122 -160284.18
20191125 -160245.43
20191126 -161444.18
20191127 -160714.18
20191129 -160899.18
20191202 -159369.33
20191203 -160581.13
20191204 -160913.38
20191205 -159480.98
20191206 -158447.73
20191209 -155723.73
20191210 -154926.63
20191211 -154683.93
20191212 -155523.18
20191213 -158261.83
20191216 -156074.53
20191217 -157671.93
20191218 -156953.98
20191219 -159605.20
20191220 -159141.40
20191223 -161345.95
20191224 -159876.80
20191226 -161628.40
20191227 -159307.65
20191230 -158875.10
20191231 -159837.68
20200102 -161295.60
20200103 -162220.88
20200106 -162771.10
20200107 -163833.53
20200108 -168689.18
20200109 -169391.63
20200110 -169107.18
20200113 -170872.63
20200114 -171493.43
20200115 -169659.43
20200116 -169680.23
20200117 -167937.83
20200121 -166985.83
20200122 -167082.63
20200123 -166523.43
20200124 -165745.03
20200127 -165476.63
20200128 -166247.03
20200129 -164804.28
20200130 -161912.28
20200131 -160818.63
20200203 -160285.03
20200204 -163546.63
20200205 -163425.48
20200206 -163869.90
20200207 -162348.93
20200210 -158889.53
20200211 -160137.00
20200212 -161182.60
20200213 -161131.38
20200214 -160925.88
20200218 -159961.98
20200219 -161215.98
20200220 -159960.70
20200221 -156798.48
20200224 -149742.15
20200225 -153288.45
20200226 -155195.58
20200227 -154973.25
20200228 -164914.83
20200302 -167803.50
20200303 -165611.63
20200304 -166149.13
20200305 -162340.38
20200306 -155007.25
20200309 -140012.25
20200310 -150701.63
20200311 -149481.00
20200312 -148572.88
20200313 -142080.88
20200316 -124128.93
20200317 -127211.80
20200318 -114092.90
20200319 -125073.93
20200320 -122935.45
20200323 -138277.30
20200324 -155972.40
20200325 -158328.58
20200326 -158584.60
20200327 -156220.75
20200330 -149782.60
20200331 -144938.53
20200401 -139817.30
20200402 -151581.05
20200403 -152550.95
20200406 -160900.88
20200407 -167897.48
20200408 -166235.03
20200409 -160702.23
20200413 -156367.90
20200414 -152262.88
20200415 -152822.33
20200416 -152662.95
20200417 -156984.40
20200420 -152910.95
20200421 -146880.00
20200422 -144168.35
20200423 -147487.10
20200424 -148361.85
20200427 -147103.38
20200428 -146809.55
20200429 -151328.18
20200430 -160714.68
20200501 -163362.93
20200504 -162306.28
20200505 -167005.65
20200506 -168608.15
20200507 -164275.65
20200508 -167311.90
20200511 -168855.03
20200512 -169136.90
20200513 -166796.28
20200514 -166668.15
20200515 -165186.90
20200518 -169806.28
20200519 -168765.65
20200520 -167519.40
20200521 -169357.53
20200522 -168106.28
20200526 -172626.90
20200527 -172095.65
20200528 -171468.15
20200529 -167541.90
20200601 -167716.28
20200602 -169995.03
20200603 -174714.40
20200604 -175571.28
20200605 -175711.90
20200608 -175781.90
20200609 -175149.40
20200610 -174885.65
20200611 -174896.90
20200612 -173814.40
20200615 -172781.90
20200616 -172119.40
20200617 -173315.65
20200618 -172790.65
20200619 -172781.90
20200622 -173519.40
20200623 -173324.40
20200624 -172874.40
20200625 -170974.40
20200626 -171273.15
20200629 -174216.90
20200630 -174886.90
20200701 -174086.90
20200702 -174716.90
20200706 -175676.90
20200707 -176349.40
20200708 -176741.90
20200709 -178969.40
20200710 -179398.15
20200713 -175278.15
20200714 -176322.53
20200715 -174943.15
20200716 -177111.28
20200717 -174367.53
20200720 -171162.53
20200721 -160800.03
20200722 -149731.90
20200723 -148076.90
20200724 -147531.28
20200727 -134281.90
20200728 -135208.78
20200729 -133140.65
20200730 -138985.03
20200731 -132780.03
20200803 -131254.65
20200804 -119038.08
20200805 -111095.63
20200806 -102993.25
20200807 -114937.53
20200810 -106305.05
20200811 -133066.00
20200812 -131311.50
20200813 -119147.85
20200814 -129731.55
20200817 -115397.60
20200818 -109951.75
20200819 -119097.25
20200820 -124367.35
20200821 -126626.45
20200824 -127004.60
20200825 -127417.35
20200826 -119328.95
20200827 -121038.65
20200828 -111882.80
20200831 -106330.60
20200901 -106380.30
20200902 -118627.00
20200903 -120977.65
20200904 -119892.75
20200908 -120795.25
20200909 -119115.25
20200910 -115546.50
20200911 -117747.75
20200914 -117112.75
20200915 -116912.75
20200916 -116344.00
20200917 -118401.50
20200918 -116327.75
20200921 -136597.75
20200922 -133105.25
20200923 -132897.75
20200924 -133632.75
20200925 -132597.75
20200928 -133070.25
20200929 -134052.75
20200930 -132077.75
20201001 -132177.75
20201002 -132455.25
20201005 -132357.75
20201006 -130742.75
20201007 -129765.55
20201008 -128871.95
20201009 -127919.75
20201012 -130144.05
20201013 -129631.15
20201014 -127895.85
20201015 -127038.25
20201016 -127400.75
20201019 -126213.45
20201020 -126797.55
20201021 -126462.35
20201022 -127089.38
20201023 -126357.83
20201026 -126093.08
20201027 -126544.00
20201028 -128027.43
20201029 -128698.10
20201030 -128007.90
20201102 -128472.83
20201103 -129019.70
20201104 -129998.73
20201105 -128414.75
20201106 -127077.53
20201109 -128562.38
20201110 -128130.75
20201111 -128410.43
20201112 -128715.70
20201113 -128499.03
20201116 -127574.70
20201117 -127207.03
20201118 -126640.85
20201119 -126915.63
20201120 -127469.65
20201123 -127354.35
20201124 -125087.55
20201125 -125533.70
20201127 -122077.08
20201130 -123431.15
20201201 -127591.78
20201202 -127000.35
20201203 -123817.78
20201204 -124113.93
20201207 -126306.48
20201208 -128281.53
20201209 -124751.53
20201210 -124294.65
20201211 -125582.78
20201214 -124038.40
20201215 -124634.65
20201216 -124733.40
20201217 -124793.40
20201218 -124145.28
20201221 -124218.40
20201222 -126924.65
20201223 -123348.40
20201224 -122209.65
20201228 -121103.40
20201229 -119409.65
20201230 -118170.90
20201231 -119477.15
20210104 -120384.65
20210105 -116532.75
20210106 -115045.90
20210107 -117280.15
20210108 -128162.65
20210111 -125856.13
20210112 -122152.58
20210113 -122898.23
20210114 -118743.00
20210115 -126010.03
20210119 -124768.90
20210120 -126073.50
20210121 -125915.53
20210122 -130942.75
20210125 -129644.60
20210126 -127998.35
20210127 -127247.40
20210128 -129348.85
20210129 -128557.55
20210201 -126342.90
20210202 -139447.35
20210203 -135190.48
20210204 -137814.28
20210205 -132864.25
20210208 -128227.25
20210209 -128189.35
20210210 -131891.33
20210211 -130995.53
20210212 -127633.43
20210216 -124870.80
20210217 -124101.95
20210218 -125737.83
20210219 -125683.08
20210222 -120872.08
20210223 -120304.93
20210224 -114926.98
20210225 -112184.08
20210226 -118515.25
20210301 -119400.30
20210302 -121077.03
20210303 -117400.58
20210304 -112893.68
20210305 -110522.50
20210308 -108917.75
20210309 -113404.38
20210310 -114805.30
20210311 -111095.43
20210312 -110463.65
20210315 -112171.73
20210316 -110702.63
20210317 -111331.70
20210318 -118100.58
20210319 -118849.55
20210322 -118022.68
20210323 -117177.68
20210324 -117577.05
20210325 -116422.68
20210326 -117173.93
20210329 -114951.43
20210330 -112324.55
20210331 -115399.55
20210401 -117335.18
20210405 -117858.93
20210406 -120578.30
20210407 -119606.43
20210408 -121749.55
20210409 -121132.68
20210412 -122168.30
20210413 -123123.93
20210414 -122663.93
20210415 -124635.80
20210416 -125713.93
20210419 -124751.43
20210420 -123941.43
20210421 -123558.93
20210422 -122148.93
20210423 -120953.93
20210426 -119041.43
20210427 -119155.18
20210428 -118985.43
20210429 -121824.38
20210430 -119549.63
20210503 -119622.13
20210504 -118075.33
20210505 -113503.63
20210506 -110429.98
20210507 -110659.68
20210510 -112890.93
20210511 -110446.48
20210512 -110360.18
20210513 -114910.28
20210514 -116040.78
20210517 -115693.43
20210518 -112665.78
20210519 -115330.73
20210520 -113759.93
20210521 -114573.08
20210524 -114551.38
20210525 -112193.68
20210526 -110607.38
20210527 -110672.83
20210528 -106139.03
20210601 -105746.93
20210602 -104700.63
20210603 -109911.88
20210604 -105169.53
20210607 -105281.63
20210608 -105540.78
20210609 -105655.88
20210610 -104771.78
20210611 -107106.18
20210614 -110931.18
20210615 -113166.23
20210616 -112912.43
20210617 -122804.98
20210618 -125479.03
20210621 -125351.53
20210622 -123926.53
20210623 -122471.53
20210624 -120714.03
20210625 -117059.03
20210628 -119606.53
20210629 -119166.53
20210630 -122801.53
20210701 -120756.53
20210702 -120611.53
20210706 -118331.53
20210707 -120820.90
20210708 -118429.65
20210709 -117905.90
20210712 -118681.53
20210713 -118558.40
20210714 -122144.65
20210715 -123578.40
20210716 -123401.53
20210719 -125705.28
20210720 -125378.40
20210721 -125173.40
20210722 -118099.03
20210723 -118857.15
20210726 -111644.65
20210727 -115471.28
20210728 -116430.70
20210729 -122748.53
20210730 -128157.20
20210802 -130239.28
20210803 -126864.43
20210804 -125177.30
20210805 -123736.38
20210806 -120089.18
20210809 -114226.88
20210810 -112620.60
20210811 -115313.75
20210812 -113532.23
20210813 -123204.28
20210816 -123209.68
20210817 -123894.63
20210818 -121699.13
20210819 -119484.73
20210820 -117944.93
20210823 -123507.43
20210824 -125486.18
20210825 -122998.18
20210826 -121149.18
20210827 -123048.48
20210830 -118651.88
20210831 -120016.23
20210901 -118466.63
20210902 -117090.28
20210903 -124371.38
20210907 -125356.93
20210908 -123416.98
20210909 -123108.23
20210910 -124702.03
20210913 -121393.28
20210914 -121337.03
20210915 -119984.53
20210916 -122289.53
20210917 -124745.78
20210920 -125365.78
20210921 -129254.53
20210922 -130399.53
20210923 -125828.28
20210924 -122629.53
20210927 -120952.03
20210928 -116105.78
20210929 -116032.03
20210930 -112910.78
20211001 -112904.53
20211004 -111422.03
20211005 -108034.53
20211006 -113924.53
20211007 -112270.78
20211008 -111382.03
20211011 -110168.28
20211012 -102777.65
20211013 -107767.03
20211014 -108180.78
20211015 -112839.53
20211018 -117805.15
20211019 -115549.53
20211020 -114421.40
20211021 -114788.28
20211022 -113315.78
20211025 -107109.53
20211026 -104552.65
20211027 -107948.90
20211028 -112812.03
20211029 -114308.90
20211101 -114350.78
20211102 -111874.53
20211103 -112372.65
20211104 -113697.03
20211105 -114752.65
20211108 -116073.28
20211109 -117220.78
20211110 -119863.28
20211111 -115648.28
20211112 -113863.28
20211115 -112732.03
20211116 -113127.03
20211117 -111125.78
20211118 -115034.53
20211119 -113395.78
20211122 -117994.53
20211123 -116250.78
20211124 -114341.40
20211126 -117830.78
20211129 -121320.78
20211130 -123615.78
20211201 -122119.58
20211202 -122776.98
20211203 -120272.58
20211206 -113144.28
20211207 -116243.93
20211208 -118278.48
20211209 -119551.63
20211210 -125114.03
20211213 -121796.88
20211214 -120493.08
20211215 -120464.88
20211216 -123538.08
20211217 -122742.03
20211220 -126109.63
20211221 -128616.38
20211222 -132732.53
20211223 -130558.88
20211227 -132735.28
20211228 -132414.03
20211229 -132440.83
20211230 -130848.68
20211231 -132613.18
20220103 -132493.88
20220104 -129812.58
20220105 -130753.38
20220106 -130260.38
20220107 -129665.45
20220110 -132167.80
20220111 -133143.90
20220112 -132951.50
20220113 -133912.13
20220114 -134002.28
20220118 -132946.78
20220119 -131232.85
20220120 -129632.30
20220121 -131193.08
20220124 -133687.90
20220125 -130761.18
20220126 -126439.50
20220127 -126818.03
20220128 -125569.70
20220131 -124490.23
20220201 -122843.93
20220202 -121802.93
20220203 -121263.25
20220204 -117655.80
20220207 -116636.08
20220208 -117554.05
20220209 -116421.43
20220210 -118286.70
20220211 -116708.15
20220214 -115951.35
20220215 -117799.10
20220216 -113618.48
20220217 -115926.80
20220218 -116615.95
20220222 -111041.48
20220223 -109860.28
20220224 -113250.13
20220225 -124604.25
20220228 -117786.13
20220301 -95528.00
20220302 -93428.00
20220303 -94265.50
20220304 -80725.50
20220307 -73740.50
20220308 -57784.25
20220309 -86714.25
20220310 -84099.25
20220311 -82328.00
20220314 -96296.75
20220315 -104198.63
20220316 -113098.00
20220317 -97028.00
20220318 -100791.75
20220321 -91452.38
20220322 -94516.13
20220323 -85054.25
20220324 -80761.75
20220325 -79526.75
20220328 -91328.00
20220329 -103441.75
20220330 -99338.63
20220331 -108502.38
