Testing from : 20100104 to: 20220331
-----------------------------------------------------------------------------------------------------------
                                                                                      Avg.   Monthly    Avg.
SysName         Market     TotProfit  MaxDD ClsTrdDD AvgWin  AvgLoss PerWins #Trds  MonthRet.  StdDev  YearlyRet.
PythonTurtFu... Crude-CL      145579 189920  179140    8666    -5126    0.42    203      990   19824     7473
PythonTurtFu... EuroCur-EC     99031  99950   81431    5006    -2559    0.41    183      673   12719    10046
PythonTurtFu... Gold-GC      -127979 298729  190589    5376    -5273    0.44    204     -870   20046   -12704
PythonTurtFu... Coffee-KC     -70237 255487  181200    5752    -4146    0.38    196     -477   16865    -2704
PythonTurtFu... Nat.Gas-NG    -32099 137460  113880    4045    -2823    0.39    206     -218   12137    -1775
PythonTurtFu... SoyBean-S_    221950  98412   70337    6248    -2879    0.46    167     1509   10512    13454
PythonTurtFu... LHogs-LH       27339  60170   51090    2385    -2053    0.49    205      185    7287     1903
PythonTurtFu... Sugar-SB       78948  69977   37083    1636    -1105    0.55    194      537    5338     6637
PythonTurtFu... Silver-SI     128810 520915  304635   13785    -6209    0.34    196      876   36888    12595
PythonTurtFu... TenYr-TY       46895  57915   45476    2289    -1275    0.43    184      319    4993     3519
-------------------------------------------------------------------------------------------------------------------
Totals                        518237 775713 or 108.2 % Avg. DD  222319        1938
-----------------------------------------------------------------------------------------------------------
Combined Monthly Return
Date         Profit Cum.Profit
-------------------------------------------------------------------
20100129     -27146     -27146
20100226     -36198     -63344
20100331      13949     -49395
20100430     -13434     -62829
20100528      44693     -18136
20100630      20655       2519
20100730     -38308     -35789
20100831      -7181     -42970
20100930     126586      83616
20101029     146667     230282
20101130       -272     230011
20101231     164180     394191     394191
20110131    -117337     276853
20110228       4113     280967
20110331      74966     355932
20110429     339376     695308
20110531    -312871     382437
20110630     -60322     322115
20110729       -364     321751
20110831     -11673     310078
20110930    -115462     194616
20111031    -175715      18901
20111130      69234      88135
20111230     -25165      62970    -331221
20120131     -90733     -27763
20120229     -13863     -41626
20120330       1323     -40304
20120430     -34298     -74602
20120531     176575     101974
20120629     -46242      55732
20120731      40181      95912
20120831     -21088      74825
20120928      57220     132045
20121031     -60116      71929
20121130      -3966      67963
20121231      -6949      61013      -1957
20130131     -39483      21531
20130228      27629      49159
20130329      -7173      41987
20130430      75905     117891
20130531      90640     208531
20130628     115192     323723
20130731     -71181     252542
20130830     -28145     224397
20130930     -43488     180909
20131031      -8857     172052
20131129      -7338     164714
20131231      11300     176014     115001
20140131     -46024     129990
20140228      92584     222574
20140331     -27686     194888
20140430      19172     214060
20140530     -42043     172017
20140630     -49768     122249
20140731     -34528      87721
20140829      17626     105346
20140930      80926     186273
20141031      20316     206589
20141128      48435     255024
20141231      54756     309780     133766
20150130      68066     377846
20150227     -31864     345982
20150331       -158     345824
20150430     -49651     296172
20150529     -58766     237406
20150630     -16819     220587
20150731      36039     256626
20150831     -60355     196271
20150930       -271     196000
20151030      -3858     192142
20151130      -2494     189648
20151231     -15154     174494    -135286
20160129       -790     173704
20160229      42512     216217
20160331     -25931     190286
20160429      50150     240436
20160531     -17893     222543
20160630      45968     268511
20160729      39824     308336
20160831     -80685     227651
20160930       2971     230622
20161031     -24594     206028
20161130      11672     217700
20161230       6770     224470      49976
20170131     -54516     169954
20170228      11069     181023
20170331     -16977     164045
20170428      -9467     154578
20170531     -23236     131342
20170630      33802     165144
20170731     -26206     138938
20170831     -36382     102556
20170929     -23080      79476
20171031     -12892      66584
20171130       1279      67863
20171229     -10065      57798    -166672
20180131      38330      96128
20180228     -51253      44874
20180329      -5323      39551
20180430      12199      51750
20180531      11997      63748
20180629      46553     110300
20180731      24296     134597
20180831      51619     186216
20180928       4710     190925
20181031     -31815     159111
20181130      88778     247889
20181231       3754     251643     193845
20190131     -10008     241635
20190228      -7331     234304
20190329       1686     235989
20190430      24469     260458
20190531       1376     261834
20190628      35699     297533
20190731     -15627     281907
20190830      43973     325879
20190930     -76944     248935
20191031      -5874     243061
20191129      13657     256718
20191231      11063     267781      16138
20200131       4154     271935
20200228      -8886     263049
20200331      71500     334549
20200430     -82778     251771
20200529       8508     260279
20200630     -45318     214961
20200731     170844     385804
20200831     122077     507881
20200930     -84952     422929
20201030      18041     440970
20201130     -17938     423033
20201231      22724     445757     177976
20210129      24700     470456
20210226     132674     603131
20210331      10622     613753
20210430     -43304     570449
20210528      50080     620530
20210630     -53480     567050
20210730     -40310     526739
20210831     -30345     496395
20210930      41632     538027
20211029      -6077     531950
20211130     -54230     477720
20211231     -16370     461350      15593
20220131      -8358     452992
20220228      59100     512092
20220331       6146     518238      56888
Average Monthly Return:     3525 StdDev: 66634  Sharpe: 0.05
Average  Yearly Return:    39864 StdDev: 181917  Sharpe: 0.22
