Date,GC,HG,SI,
20100104,0,1,0,1001088.0
20100105,0,1,0,1001275.0
20100106,0,1,0,1003300.0
20100107,0,1,0,1001612.0
20100108,0,1,1,1001350.0
20100111,1,1,1,1003778.0
20100112,1,1,1,997090.0
20100113,1,1,1,1000568.0
20100114,1,1,1,1001400.0
20100115,1,1,1,998472.0
20100119,1,1,1,1003312.0
20100120,1,1,1,993672.0
20100121,0,0,0,990515.0
20100122,0,0,0,990515.0
20100125,0,0,0,990515.0
20100126,0,0,1,990015.0
20100127,0,1,1,991340.0
20100128,1,1,1,995412.0
20100129,1,1,1,996760.0
20100201,1,1,1,991515.0
20100202,1,1,1,989650.0
20100203,1,1,1,995280.0
20100204,1,1,1,1007378.0
20100205,1,1,1,1011535.0
20100208,1,1,1,1007532.0
20100209,1,1,1,1002832.0
20100210,1,1,1,1003548.0
20100211,1,1,1,996645.0
20100212,1,1,1,999105.0
20100216,1,0,1,990820.0
20100217,0,0,1,990400.0
20100218,0,0,1,990590.0
20100219,0,0,1,988825.0
20100222,1,0,0,987220.0
20100223,1,0,0,986230.0
20100224,1,0,0,985630.0
20100225,1,0,0,986760.0
20100226,1,0,0,987800.0
20100301,1,0,0,987740.0
20100302,1,0,0,989650.0
20100303,1,0,0,990240.0
20100304,1,0,0,989220.0
20100305,1,0,0,989430.0
20100308,1,0,0,988310.0
20100309,1,0,0,988140.0
20100310,1,0,0,986720.0
20100311,1,0,0,986730.0
20100312,1,0,0,986080.0
20100315,1,0,0,986450.0
20100316,1,0,0,988160.0
20100317,1,0,0,988330.0
20100318,1,0,0,988660.0
20100319,1,0,0,986670.0
20100322,0,0,0,985630.0
20100323,0,0,0,985630.0
20100324,1,0,0,985590.0
20100325,1,0,0,985180.0
20100326,1,0,0,984040.0
20100329,1,0,0,983440.0
20100330,1,1,0,984058.0
20100331,1,1,0,982928.0
20100401,1,1,1,983630.0
20100405,0,1,1,985628.0
20100406,0,1,1,984330.0
20100407,1,1,1,986553.0
20100408,1,1,1,985908.0
20100409,1,1,1,988015.0
20100412,1,1,1,987723.0
20100413,1,1,1,986918.0
20100414,1,1,1,988618.0
20100415,1,1,1,988528.0
20100416,1,1,1,980248.0
20100419,1,1,1,979980.0
20100420,1,1,1,981183.0
20100421,1,1,1,983965.0
20100422,1,1,1,981818.0
20100423,1,1,1,984475.0
20100426,1,1,1,985605.0
20100427,1,0,1,981535.0
20100428,1,0,1,982435.0
20100429,1,0,1,984345.0
20100430,1,0,1,985835.0
20100503,1,0,1,987100.0
20100504,1,0,1,980700.0
20100505,1,1,0,978658.0
20100506,1,1,0,981750.0
20100507,1,1,0,982373.0
20100510,1,0,0,979075.0
20100511,1,0,1,983020.0
20100512,1,0,1,987145.0
20100513,1,0,1,984935.0
20100514,1,0,1,983425.0
20100517,1,1,1,983450.0
20100518,1,1,1,979725.0
20100519,1,1,1,975543.0
20100520,1,1,0,974373.0
20100521,0,1,0,969890.0
20100524,0,1,0,967728.0
20100525,0,1,0,970365.0
20100526,0,1,0,969403.0
20100527,0,1,0,967453.0
20100528,0,1,0,968803.0
20100601,0,1,0,969840.0
20100602,0,1,0,970403.0
20100603,0,1,0,972753.0
20100604,0,1,0,975928.0
20100607,0,1,1,971155.0
20100608,1,1,0,970553.0
20100609,1,1,0,967220.0
20100610,1,1,0,966138.0
20100611,1,1,0,965900.0
20100614,1,1,0,963130.0
20100615,1,1,0,963808.0
20100616,1,1,0,963643.0
20100617,1,1,1,968420.0
20100618,1,1,1,969380.0
20100621,1,1,1,964100.0
20100622,1,1,1,963868.0
20100623,1,1,1,962395.0
20100624,1,1,1,962483.0
20100625,1,1,1,963465.0
20100628,1,1,1,960290.0
20100629,1,1,1,963570.0
20100630,1,1,1,964223.0
20100701,1,1,0,958770.0
20100702,1,1,0,957170.0
20100706,1,1,0,957768.0
20100707,1,1,0,955350.0
20100708,1,1,0,955955.0
20100709,1,1,0,953660.0
20100712,1,1,0,955945.0
20100713,1,1,0,954015.0
20100714,1,1,0,955815.0
20100715,1,1,0,954985.0
20100716,1,1,0,959108.0
20100719,1,1,1,959563.0
20100720,1,1,1,955933.0
20100721,1,1,1,954798.0
20100722,1,0,1,951018.0
20100723,1,0,1,951748.0
20100726,1,0,1,952043.0
20100727,1,0,1,957128.0
20100728,1,0,1,957688.0
20100729,1,1,1,955795.0
20100730,1,1,1,953693.0
20100802,1,1,0,953530.0
20100803,1,1,1,951720.0
20100804,1,1,1,951505.0
20100805,1,1,1,949903.0
20100806,0,1,1,950328.0
20100809,0,1,1,949678.0
20100810,0,1,1,948715.0
20100811,0,1,1,944515.0
20100812,0,1,1,946378.0
20100813,1,1,1,945830.0
20100816,1,1,1,948740.0
20100817,1,1,1,950863.0
20100818,1,1,1,950560.0
20100819,1,1,1,950223.0
20100820,1,1,1,947168.0
20100823,1,1,1,947155.0
20100824,1,1,0,945373.0
20100825,1,1,1,947018.0
20100826,1,1,1,948775.0
20100827,1,1,1,950543.0
20100830,1,1,1,951918.0
20100831,1,1,1,953330.0
20100901,1,1,1,955603.0
20100902,1,1,1,957978.0
20100903,1,1,1,959245.0
20100907,1,1,1,959153.0
20100908,1,1,1,960198.0
20100909,1,1,1,957343.0
20100910,1,1,1,955928.0
20100913,1,1,1,959330.0
20100914,1,1,1,962933.0
20100915,1,1,1,963278.0
20100916,1,1,1,965463.0
20100917,1,1,1,966770.0
20100920,1,1,1,966598.0
20100921,1,1,1,964545.0
20100922,1,1,1,970500.0
20100923,1,1,1,972348.0
20100924,1,1,1,974145.0
20100927,1,1,1,974030.0
20100928,1,1,1,977180.0
20100929,1,1,1,979218.0
20100930,1,1,1,978243.0
20101001,1,1,1,981233.0
20101004,1,1,1,980350.0
20101005,1,1,1,987768.0
20101006,1,1,1,990700.0
20101007,1,1,1,985298.0
20101008,1,1,1,991308.0
20101011,1,1,1,993813.0
20101012,1,1,1,992033.0
20101013,1,1,1,999113.0
20101014,1,1,1,1002213.0
20101015,1,1,1,1001505.0
20101018,1,1,1,1002540.0
20101019,1,1,1,993328.0
20101020,1,1,1,995468.0
20101021,0,1,1,989673.0
20101022,0,1,1,989955.0
20101025,0,1,1,993735.0
20101026,0,1,1,995315.0
20101027,0,1,1,990848.0
20101028,0,1,1,993503.0
20101029,0,1,1,995598.0
20101101,0,1,1,996825.0
20101102,0,1,1,999595.0
20101103,0,1,1,996245.0
20101104,1,1,1,1006945.0
20101105,1,1,1,1012843.0
20101108,1,1,1,1017013.0
20101109,1,1,1,1027235.0
20101110,1,1,1,1014100.0
20101111,1,1,1,1018538.0
20101112,1,1,1,1004218.0
20101115,1,1,1,1006055.0
20101116,0,1,1,993468.0
20101117,0,1,1,994808.0
20101118,0,1,1,998885.0
20101119,0,1,1,1000548.0
20101122,0,1,1,1004008.0
20101123,0,1,1,1005788.0
20101124,0,1,1,1004243.0
20101126,0,1,1,1000210.0
20101129,0,1,1,1002268.0
20101130,0,1,1,1005925.0
20101201,0,0,1,1005093.0
20101202,0,0,1,1005888.0
20101203,0,0,1,1009383.0
20101206,1,0,1,1010723.0
20101207,1,1,1,1009123.0
20101208,0,1,1,999763.0
20101209,0,1,1,1002250.0
20101210,0,1,1,1001815.0
20101213,0,1,1,1009285.0
20101214,0,1,1,1010155.0
20101215,0,1,1,1005568.0
20101216,0,1,1,1002800.0
20101217,0,1,1,1005630.0
20101220,0,1,1,1007915.0
20101221,0,1,1,1009860.0
20101222,0,1,1,1009790.0
20101223,0,1,1,1009093.0
20101227,0,1,1,1009265.0
20101228,0,1,1,1015805.0
20101229,0,1,1,1017298.0
20101230,0,1,1,1017618.0
20101231,0,1,1,1021850.0
20110103,0,1,1,1023053.0
20110104,0,1,1,1012755.0
20110105,0,1,0,1010215.0
20110106,0,1,0,1008253.0
20110107,1,1,0,1006338.0
20110110,1,1,0,1005368.0
20110111,1,1,0,1006460.0
20110112,1,1,0,1007873.0
20110113,1,1,0,1006890.0
20110114,1,1,0,1010415.0
20110118,1,1,0,1010045.0
20110119,1,1,0,1008395.0
20110120,1,0,0,1007765.0
20110121,1,0,0,1008315.0
20110124,1,0,0,1007965.0
20110125,1,0,0,1009185.0
20110126,1,0,0,1009115.0
20110127,1,0,0,1010575.0
20110128,1,0,0,1008345.0
20110131,1,0,0,1009065.0
20110201,1,1,0,1009698.0
20110202,1,1,0,1010443.0
20110203,1,1,0,1008365.0
20110204,1,1,0,1009640.0
20110207,1,1,0,1009608.0
20110208,0,1,1,1010398.0
20110209,0,1,1,1009173.0
20110210,0,1,1,1008750.0
20110211,0,1,1,1008068.0
20110214,0,1,1,1013075.0
20110215,0,1,1,1011573.0
20110216,0,1,1,1009588.0
20110217,0,1,1,1014643.0
20110218,0,1,1,1018223.0
20110222,0,1,1,1017678.0
20110223,0,0,1,1018683.0
20110224,0,0,1,1018023.0
20110225,0,0,1,1016683.0
20110228,0,0,1,1021168.0
20110301,1,0,1,1024773.0
20110302,1,0,1,1027463.0
20110303,1,0,1,1022793.0
20110304,1,0,1,1029013.0
20110307,1,0,1,1032293.0
20110308,1,0,1,1030528.0
20110309,1,1,1,1033500.0
20110310,1,1,1,1027260.0
20110311,1,1,1,1032285.0
20110314,1,1,1,1032645.0
20110315,0,1,1,1021578.0
20110316,0,1,1,1021840.0
20110317,0,1,1,1017108.0
20110318,0,1,1,1021233.0
20110321,0,1,1,1027273.0
20110322,0,1,1,1027938.0
20110323,0,0,1,1030920.0
20110324,1,0,1,1030715.0
20110325,1,0,1,1028215.0
20110328,1,0,1,1027780.0
20110329,1,0,1,1026905.0
20110330,1,0,1,1030285.0
20110331,1,0,1,1033670.0
20110401,1,0,1,1031790.0
20110404,1,0,1,1036010.0
20110405,1,0,1,1041405.0
20110406,1,0,1,1043025.0
20110407,1,0,1,1043930.0
20110408,1,1,1,1051853.0
20110411,1,1,1,1050235.0
20110412,1,1,1,1044143.0
20110413,1,1,1,1042973.0
20110414,1,0,1,1050613.0
20110415,1,0,1,1056508.0
20110418,1,1,1,1059460.0
20110419,1,1,1,1063678.0
20110420,1,1,1,1064048.0
20110421,1,1,1,1071015.0
20110425,1,1,1,1079420.0
20110426,1,1,1,1067965.0
20110427,1,1,1,1076140.0
20110428,1,1,1,1084935.0
20110429,1,1,1,1094808.0
20110502,1,1,1,1081878.0
20110503,1,1,0,1057518.0
20110504,1,1,0,1057983.0
20110505,1,1,0,1057993.0
20110506,1,1,0,1059575.0
20110509,1,1,0,1059710.0
20110510,1,1,0,1060443.0
20110511,1,1,0,1062105.0
20110512,1,1,0,1061220.0
20110513,1,1,0,1059575.0
20110516,1,1,0,1059100.0
20110517,1,1,0,1057840.0
20110518,1,1,0,1056758.0
20110519,1,1,0,1057730.0
20110520,1,0,0,1057130.0
20110523,1,0,0,1057780.0
20110524,1,0,0,1058570.0
20110525,1,0,0,1058910.0
20110526,1,0,0,1058520.0
20110527,1,0,0,1059870.0
20110531,1,0,0,1059820.0
20110601,1,0,0,1060460.0
20110602,1,0,0,1059410.0
20110603,1,0,0,1060380.0
20110606,1,0,0,1060860.0
20110607,1,0,0,1060540.0
20110608,1,0,0,1060010.0
20110609,1,0,0,1060410.0
20110610,1,0,0,1059060.0
20110613,1,0,0,1057700.0
20110614,1,0,0,1058580.0
20110615,1,0,0,1058760.0
20110616,1,0,0,1059130.0
20110617,1,0,0,1060050.0
20110620,1,0,0,1060340.0
20110621,1,0,0,1060780.0
20110622,1,0,0,1061480.0
20110623,1,0,0,1058190.0
20110624,1,0,0,1058310.0
20110627,1,0,0,1058760.0
20110628,1,0,0,1058380.0
20110629,1,0,0,1057360.0
20110630,1,0,0,1058120.0
20110701,1,0,0,1060140.0
20110705,1,0,0,1057130.0
20110706,1,0,0,1055480.0
20110707,1,1,0,1055528.0
20110708,1,1,0,1053678.0
20110711,0,1,0,1051768.0
20110712,1,1,0,1052645.0
20110713,1,1,1,1061245.0
20110714,1,1,1,1063753.0
20110715,1,1,1,1066543.0
20110718,1,1,1,1073878.0
20110719,1,1,1,1074768.0
20110720,1,1,1,1070233.0
20110721,1,1,1,1064875.0
20110722,1,1,1,1072863.0
20110725,1,1,1,1075040.0
20110726,1,1,1,1078973.0
20110727,1,1,1,1077365.0
20110728,1,1,1,1073900.0
20110729,1,1,1,1077210.0
20110801,1,1,1,1070538.0
20110802,1,1,1,1076358.0
20110803,1,1,1,1085143.0
20110804,1,0,1,1073040.0
20110805,1,0,0,1069115.0
20110808,1,1,0,1075330.0
20110809,1,1,0,1078098.0
20110810,1,1,0,1084265.0
20110811,1,1,0,1077985.0
20110812,1,1,0,1077008.0
20110815,1,1,0,1078048.0
20110816,1,1,0,1081698.0
20110817,1,1,0,1081628.0
20110818,1,1,0,1086098.0
20110819,1,1,1,1089340.0
20110822,1,1,1,1098475.0
20110823,1,1,1,1089233.0
20110824,1,1,0,1063163.0
20110825,0,1,0,1057978.0
20110826,0,1,0,1057478.0
20110829,0,1,0,1057728.0
20110830,0,0,0,1056353.0
20110831,0,0,0,1056353.0
20110901,0,0,0,1056353.0
20110902,0,0,0,1056353.0
20110906,1,0,0,1051883.0
20110907,0,0,0,1047353.0
20110908,0,0,0,1047353.0
20110909,0,0,0,1047353.0
20110912,0,0,0,1047353.0
20110913,0,0,0,1047353.0
20110914,0,0,0,1047353.0
20110915,0,0,0,1047353.0
20110916,0,0,0,1047353.0
20110919,0,1,0,1048690.0
20110920,0,1,0,1050115.0
20110921,0,1,0,1049153.0
20110922,0,1,1,1067255.0
20110923,1,1,1,1111403.0
20110926,1,1,1,1116453.0
20110927,1,1,1,1098970.0
20110928,1,1,1,1114245.0
20110929,1,1,1,1112398.0
20110930,1,1,1,1116443.0
20111003,1,1,1,1109380.0
20111004,1,1,1,1119505.0
20111005,1,1,1,1114318.0
20111006,1,1,1,1101380.0
20111007,1,1,1,1107505.0
20111010,1,1,1,1096708.0
20111011,0,1,1,1097475.0
20111012,0,1,1,1090945.0
20111013,0,1,1,1098718.0
20111014,0,1,1,1093650.0
20111017,0,1,1,1096173.0
20111018,0,1,1,1096573.0
20111019,0,1,1,1101893.0
20111020,0,1,1,1111885.0
20111021,0,1,1,1103188.0
20111024,0,1,1,1095283.0
20111025,0,0,0,1087103.0
20111026,0,0,0,1087103.0
20111027,0,0,0,1087103.0
20111028,0,0,0,1087103.0
20111031,0,0,0,1087103.0
20111101,0,0,0,1087103.0
20111102,0,0,0,1087103.0
20111103,0,0,0,1087103.0
20111104,0,0,0,1087103.0
20111107,0,0,0,1087103.0
20111108,0,0,0,1087103.0
20111109,0,0,0,1087103.0
20111110,0,0,0,1087103.0
20111111,0,0,0,1087103.0
20111114,0,0,0,1087103.0
20111115,0,0,0,1087103.0
20111116,0,0,0,1087103.0
20111117,0,0,0,1087103.0
20111118,0,0,0,1087103.0
20111121,0,0,0,1087103.0
20111122,0,0,0,1087103.0
20111123,0,1,0,1086915.0
20111125,0,1,0,1087140.0
20111128,0,1,0,1084878.0
20111129,0,1,0,1084490.0
20111130,0,0,0,1079978.0
20111201,0,0,0,1079978.0
20111202,0,0,0,1079978.0
20111205,0,0,0,1079978.0
20111206,0,0,0,1079978.0
20111207,0,0,0,1079978.0
20111208,0,0,0,1079978.0
20111209,0,0,0,1079978.0
20111212,0,0,0,1079978.0
20111213,0,0,1,1077388.0
20111214,0,0,1,1089013.0
20111215,1,0,1,1087598.0
20111216,1,0,1,1083543.0
20111219,1,0,1,1087648.0
20111220,1,0,1,1082248.0
20111221,1,0,1,1084083.0
20111222,1,0,1,1085393.0
20111223,1,0,1,1085668.0
20111227,1,0,1,1088438.0
20111228,1,0,1,1099108.0
20111229,1,0,1,1101023.0
20111230,1,0,1,1095433.0
20120103,1,0,1,1083778.0
20120104,1,0,1,1084933.0
20120105,1,0,1,1083198.0
20120106,1,0,1,1086593.0
20120109,1,0,1,1086968.0
20120110,1,0,0,1079813.0
20120111,1,0,0,1079003.0
20120112,1,1,0,1080118.0
20120113,1,1,0,1081508.0
20120117,0,1,0,1080600.0
20120118,0,1,0,1081175.0
20120119,0,1,0,1082375.0
20120120,0,1,0,1080988.0
20120123,0,1,0,1082325.0
20120124,0,1,0,1082550.0
20120125,0,1,0,1083100.0
20120126,0,1,0,1084900.0
20120127,0,1,0,1084588.0
20120130,0,1,0,1083025.0
20120131,0,1,0,1082113.0
20120201,0,1,0,1083413.0
20120202,0,1,0,1081888.0
20120203,0,1,0,1084900.0
20120206,0,1,0,1083975.0
20120207,0,1,0,1084263.0
20120208,0,1,0,1085100.0
20120209,0,1,1,1084335.0
20120210,0,1,1,1079858.0
20120213,0,1,1,1079885.0
20120214,0,1,1,1077390.0
20120215,0,1,1,1077365.0
20120216,0,0,1,1076200.0
20120217,0,0,1,1075430.0
20120221,0,0,1,1081495.0
20120222,1,0,1,1080690.0
20120223,1,0,1,1088700.0
20120224,1,0,1,1086620.0
20120227,1,0,1,1087400.0
20120228,1,0,1,1096830.0
20120229,0,0,1,1076525.0
20120301,0,0,1,1081620.0
20120302,0,0,1,1075940.0
20120305,0,0,1,1071790.0
20120306,0,0,1,1066400.0
20120307,0,0,1,1062390.0
20120308,0,0,1,1061160.0
20120309,0,0,1,1059255.0
20120312,0,0,1,1063250.0
20120313,0,0,1,1062410.0
20120314,0,0,1,1069410.0
20120315,0,0,1,1066685.0
20120316,0,0,1,1067295.0
20120319,0,0,1,1065540.0
20120320,0,0,1,1071145.0
20120321,0,0,1,1069180.0
20120322,0,0,1,1073590.0
20120323,0,0,1,1068955.0
20120326,0,0,1,1066565.0
20120327,0,0,1,1067235.0
20120328,0,0,1,1071160.0
20120329,0,0,1,1070355.0
20120330,0,0,1,1067895.0
20120402,0,0,0,1064340.0
20120403,0,1,0,1063803.0
20120404,1,1,1,1062395.0
20120405,1,1,1,1057490.0
20120409,1,1,1,1056853.0
20120410,1,1,1,1056148.0
20120411,1,1,1,1057240.0
20120412,1,1,1,1048165.0
20120413,1,1,1,1058218.0
20120416,1,1,1,1059328.0
20120417,1,1,1,1057208.0
20120418,1,1,1,1059693.0
20120419,1,1,1,1058140.0
20120420,1,1,1,1056878.0
20120423,1,1,1,1065298.0
20120424,1,1,1,1061940.0
20120425,1,1,1,1063353.0
20120426,1,0,1,1056490.0
20120427,1,0,1,1055360.0
20120430,1,0,1,1057395.0
20120501,1,0,1,1058005.0
20120502,1,0,1,1060270.0
20120503,1,0,1,1065365.0
20120504,1,0,1,1062215.0
20120507,1,0,1,1064375.0
20120508,1,0,1,1071150.0
20120509,1,0,1,1073270.0
20120510,1,0,1,1073455.0
20120511,1,0,1,1076045.0
20120514,1,1,1,1081518.0
20120515,1,1,1,1084185.0
20120516,1,1,1,1091643.0
20120517,1,1,1,1083668.0
20120518,1,1,1,1078755.0
20120521,1,1,1,1080208.0
20120522,1,1,1,1082503.0
20120523,1,1,1,1090898.0
20120524,1,1,1,1085985.0
20120525,1,1,1,1083213.0
20120529,1,1,1,1087858.0
20120530,1,1,1,1087228.0
20120531,1,1,1,1089120.0
20120601,1,1,1,1080855.0
20120604,1,1,1,1084363.0
20120605,1,1,1,1082523.0
20120606,1,1,0,1076268.0
20120607,1,1,0,1081100.0
20120608,1,1,0,1082898.0
20120611,1,1,0,1080908.0
20120612,1,1,0,1079395.0
20120613,1,1,0,1078735.0
20120614,1,1,0,1078340.0
20120615,1,1,0,1076765.0
20120618,1,1,0,1076575.0
20120619,1,1,0,1076005.0
20120620,1,1,0,1077895.0
20120621,1,1,0,1085163.0
20120622,1,1,1,1085143.0
20120625,1,1,1,1078448.0
20120626,1,1,1,1082283.0
20120627,1,1,1,1081500.0
20120628,1,1,1,1088363.0
20120629,1,0,1,1072578.0
20120702,1,0,1,1073793.0
20120703,1,0,1,1067478.0
20120705,1,0,1,1071758.0
20120706,1,0,1,1078568.0
20120709,1,0,1,1074928.0
20120710,1,0,1,1078668.0
20120711,1,0,1,1078373.0
20120712,1,0,1,1078723.0
20120713,1,0,1,1075013.0
20120716,1,0,1,1075293.0
20120717,1,0,1,1075528.0
20120718,1,0,1,1078503.0
20120719,1,0,1,1076933.0
20120720,1,0,1,1076268.0
20120723,1,0,1,1078108.0
20120724,1,0,1,1079383.0
20120725,1,0,1,1072918.0
20120726,1,0,1,1072318.0
20120727,0,0,1,1070988.0
20120730,0,0,1,1068313.0
20120731,0,0,1,1068908.0
20120801,0,0,1,1070803.0
20120802,0,1,1,1074528.0
20120803,0,1,1,1068573.0
20120806,0,1,1,1067725.0
20120807,0,1,1,1065323.0
20120808,0,1,1,1065853.0
20120809,0,1,1,1065655.0
20120810,0,1,1,1066643.0
20120813,0,1,1,1069093.0
20120814,0,1,1,1068975.0
20120815,0,1,1,1068968.0
20120816,0,1,1,1066143.0
20120817,0,1,1,1066268.0
20120820,0,1,1,1067055.0
20120821,0,1,1,1068955.0
20120822,1,1,1,1068963.0
20120823,1,1,1,1077643.0
20120824,1,1,1,1078253.0
20120827,1,1,1,1080483.0
20120828,1,1,1,1078678.0
20120829,1,1,1,1077303.0
20120830,1,1,1,1074283.0
20120831,1,1,1,1082563.0
20120903,1,1,1,1087345.0
20120904,1,1,1,1088548.0
20120905,1,1,1,1089438.0
20120906,1,1,1,1092010.0
20120907,1,1,1,1103793.0
20120910,1,1,1,1103725.0
20120911,1,1,1,1103913.0
20120912,1,1,1,1102310.0
20120913,1,1,1,1114018.0
20120914,1,1,1,1116530.0
20120917,1,1,1,1113863.0
20120918,1,1,1,1115553.0
20120919,1,1,1,1115628.0
20120920,1,1,1,1114573.0
20120921,1,1,1,1115883.0
20120924,1,1,1,1109835.0
20120925,1,1,1,1110510.0
20120926,1,1,1,1107978.0
20120927,1,1,1,1115148.0
20120928,1,1,1,1114393.0
20121001,1,1,1,1117895.0
20121002,1,1,1,1116098.0
20121003,1,1,1,1116198.0
20121004,1,1,1,1119973.0
20121005,1,1,1,1115558.0
20121008,1,1,1,1110773.0
20121009,1,1,1,1109543.0
20121010,1,1,1,1110173.0
20121011,1,1,1,1111425.0
20121012,1,0,0,1106288.0
20121015,0,0,0,1105838.0
20121016,0,0,0,1105838.0
20121017,0,0,0,1105838.0
20121018,0,0,0,1105838.0
20121019,0,0,0,1105838.0
20121022,0,0,0,1105838.0
20121023,0,0,0,1105838.0
20121024,0,0,0,1105838.0
20121025,0,0,0,1105838.0
20121026,0,0,0,1105838.0
20121029,0,0,0,1105838.0
20121030,0,0,0,1105838.0
20121031,0,0,0,1105838.0
20121101,0,0,0,1105838.0
20121102,0,0,0,1105838.0
20121105,0,0,0,1105838.0
20121106,0,0,0,1105838.0
20121107,0,0,0,1105838.0
20121108,0,0,0,1105838.0
20121109,0,1,0,1104875.0
20121112,0,1,0,1104313.0
20121113,0,1,0,1104238.0
20121114,0,1,0,1104675.0
20121115,0,1,0,1104450.0
20121116,0,1,0,1104725.0
20121119,0,0,0,1102650.0
20121120,0,0,0,1102650.0
20121121,0,0,0,1102650.0
20121123,0,0,0,1102650.0
20121126,0,0,0,1102650.0
20121127,0,0,0,1102650.0
20121128,0,0,0,1102650.0
20121129,0,0,0,1102650.0
20121130,0,0,0,1102650.0
20121203,0,0,0,1102650.0
20121204,0,0,0,1102650.0
20121205,0,0,0,1102650.0
20121206,0,0,0,1102650.0
20121207,1,0,0,1100690.0
20121210,1,0,0,1099800.0
20121211,1,0,0,1100280.0
20121212,0,0,0,1098750.0
20121213,0,0,0,1098750.0
20121214,0,0,0,1098750.0
20121217,0,0,1,1097865.0
20121218,1,0,1,1102250.0
20121219,1,0,1,1105315.0
20121220,1,0,1,1114685.0
20121221,1,0,1,1110640.0
20121224,1,0,1,1112230.0
20121226,1,0,1,1111420.0
20121227,1,0,1,1110095.0
20121228,1,0,1,1112200.0
20121231,1,0,1,1108950.0
20130102,1,0,1,1103750.0
20130103,1,0,1,1106605.0
20130104,1,0,1,1113045.0
20130107,1,0,1,1112625.0
20130108,1,0,1,1109120.0
20130109,1,0,1,1110870.0
20130110,1,0,1,1105275.0
20130111,1,0,1,1109565.0
20130114,1,0,1,1105175.0
20130115,1,0,0,1101575.0
20130116,1,0,0,1101645.0
20130117,0,0,0,1100415.0
20130118,0,0,0,1100415.0
20130122,0,0,0,1100415.0
20130123,0,0,0,1100415.0
20130124,0,0,0,1100415.0
20130125,0,0,0,1100415.0
20130128,0,0,0,1100415.0
20130129,0,0,0,1100415.0
20130130,0,0,0,1100415.0
20130131,0,1,0,1099728.0
20130201,0,1,0,1101040.0
20130204,0,1,0,1100640.0
20130205,0,1,0,1100678.0
20130206,0,1,0,1099940.0
20130207,0,1,0,1099603.0
20130208,0,1,0,1100415.0
20130211,1,1,0,1099880.0
20130212,1,1,0,1100368.0
20130213,1,1,0,1100780.0
20130214,1,1,1,1102725.0
20130215,1,1,1,1107833.0
20130219,1,0,1,1109760.0
20130220,1,1,1,1117180.0
20130221,1,1,1,1118110.0
20130222,1,1,1,1120385.0
20130225,1,1,1,1116120.0
20130226,1,1,1,1111315.0
20130227,1,1,1,1115370.0
20130228,1,1,1,1120383.0
20130301,1,1,1,1121835.0
20130304,1,1,1,1121783.0
20130305,1,1,1,1120655.0
20130306,1,1,1,1120210.0
20130307,1,1,1,1119478.0
20130308,1,1,1,1118885.0
20130311,1,1,1,1119050.0
20130312,1,1,1,1115153.0
20130313,1,1,1,1117285.0
20130314,1,1,1,1117523.0
20130315,1,1,1,1117513.0
20130318,0,1,1,1119080.0
20130319,0,1,1,1119798.0
20130320,0,1,1,1118903.0
20130321,0,1,1,1117215.0
20130322,0,1,1,1119010.0
20130325,0,1,1,1118950.0
20130326,0,1,1,1119693.0
20130327,0,1,1,1120003.0
20130328,0,1,1,1122485.0
20130329,0,1,1,1122485.0
20130401,0,1,1,1125068.0
20130402,0,1,1,1128448.0
20130403,1,1,1,1132110.0
20130404,1,1,1,1131908.0
20130405,1,1,1,1127480.0
20130408,1,1,1,1127555.0
20130409,1,1,1,1120658.0
20130410,1,1,1,1125175.0
20130411,1,1,1,1123958.0
20130412,1,1,1,1139225.0
20130415,1,1,1,1170030.0
20130416,1,1,1,1165253.0
20130417,1,1,1,1170278.0
20130418,1,1,1,1169183.0
20130419,1,1,1,1171698.0
20130422,1,1,1,1167755.0
20130423,1,1,1,1172480.0
20130424,1,1,1,1169310.0
20130425,1,1,1,1156945.0
20130426,1,1,1,1161168.0
20130429,1,1,1,1156885.0
20130430,1,1,1,1157295.0
20130501,1,1,1,1166783.0
20130502,1,1,1,1161595.0
20130503,1,0,1,1156390.0
20130506,1,0,1,1156305.0
20130507,1,0,1,1158970.0
20130508,1,0,1,1155875.0
20130509,1,0,1,1156465.0
20130510,1,0,1,1160930.0
20130513,1,0,1,1160970.0
20130514,1,0,1,1163535.0
20130515,1,0,1,1169970.0
20130516,1,0,1,1170895.0
20130517,1,0,1,1174650.0
20130520,1,0,1,1171560.0
20130521,1,0,1,1172845.0
20130522,1,0,1,1173780.0
20130523,1,0,1,1171160.0
20130524,1,0,1,1171740.0
20130528,1,0,1,1174025.0
20130529,1,0,1,1171515.0
20130530,1,0,1,1168310.0
20130531,1,0,1,1172445.0
20130603,1,0,1,1168165.0
20130604,1,0,1,1171195.0
20130605,1,0,1,1170750.0
20130606,1,0,1,1167845.0
20130607,1,0,1,1175945.0
20130610,1,1,1,1174298.0
20130611,1,1,1,1177743.0
20130612,1,1,1,1174730.0
20130613,1,1,1,1178228.0
20130614,1,1,1,1174980.0
20130617,1,1,1,1176510.0
20130618,1,1,1,1179598.0
20130619,1,1,1,1179508.0
20130620,1,1,1,1199263.0
20130621,1,1,1,1197165.0
20130624,1,1,1,1202760.0
20130625,1,1,1,1201595.0
20130626,1,1,1,1211708.0
20130627,1,1,1,1213353.0
20130628,1,1,1,1207608.0
20130701,1,1,1,1201380.0
20130702,1,1,1,1204305.0
20130703,1,1,1,1200713.0
20130705,1,0,1,1209365.0
20130708,1,0,1,1205635.0
20130709,1,0,1,1204035.0
20130710,1,0,1,1203750.0
20130711,1,0,0,1195925.0
20130712,1,0,0,1196155.0
20130715,1,0,0,1195565.0
20130716,1,0,0,1194875.0
20130717,1,0,0,1196165.0
20130718,1,0,0,1195495.0
20130719,1,0,0,1194625.0
20130722,1,0,0,1190315.0
20130723,0,0,0,1190485.0
20130724,0,0,0,1190485.0
20130725,0,0,0,1190485.0
20130726,0,0,0,1190485.0
20130729,0,0,0,1190485.0
20130730,0,0,0,1190485.0
20130731,0,0,0,1190485.0
20130801,0,0,0,1190485.0
20130802,0,0,0,1190485.0
20130805,0,0,0,1190485.0
20130806,0,0,0,1190485.0
20130807,0,0,0,1190485.0
20130808,0,1,0,1191385.0
20130809,0,1,0,1192285.0
20130812,0,1,1,1195493.0
20130813,0,1,1,1195863.0
20130814,0,1,1,1198658.0
20130815,1,1,1,1205505.0
20130816,1,1,1,1209088.0
20130819,1,1,1,1207003.0
20130820,1,1,1,1207368.0
20130821,1,1,1,1205790.0
20130822,1,1,1,1206808.0
20130823,1,1,1,1213285.0
20130826,1,1,1,1213650.0
20130827,1,1,1,1219790.0
20130828,1,1,1,1217733.0
20130829,1,0,1,1215210.0
20130830,1,0,1,1210395.0
20130903,1,0,1,1216565.0
20130904,1,0,1,1209295.0
20130905,1,0,1,1206795.0
20130906,1,0,1,1211325.0
20130909,1,0,1,1210475.0
20130910,0,0,0,1203735.0
20130911,0,0,0,1203735.0
20130912,0,0,0,1203735.0
20130913,0,0,0,1203735.0
20130916,0,0,0,1203735.0
20130917,0,0,0,1203735.0
20130918,0,0,0,1203735.0
20130919,0,0,0,1203735.0
20130920,0,0,0,1203735.0
20130923,0,0,0,1203735.0
20130924,0,0,0,1203735.0
20130925,0,0,0,1203735.0
20130926,0,0,0,1203735.0
20130927,0,0,0,1203735.0
20130930,0,0,0,1203735.0
20131001,1,0,1,1204490.0
20131002,1,0,1,1197420.0
20131003,1,0,1,1198285.0
20131004,1,0,1,1199225.0
20131007,1,0,1,1194535.0
20131008,1,0,0,1194590.0
20131009,1,0,0,1196330.0
20131010,1,0,0,1197360.0
20131011,1,0,0,1200230.0
20131014,1,0,0,1199390.0
20131015,1,0,1,1196900.0
20131016,1,0,1,1195120.0
20131017,1,0,1,1188140.0
20131018,1,0,1,1189150.0
20131021,1,0,0,1187340.0
20131022,0,1,1,1187018.0
20131023,0,1,1,1184453.0
20131024,0,1,1,1185378.0
20131025,1,1,1,1184460.0
20131028,1,1,1,1183925.0
20131029,1,1,1,1183250.0
20131030,1,1,1,1187273.0
20131031,1,1,1,1178508.0
20131101,1,1,1,1177258.0
20131104,1,1,0,1175710.0
20131105,0,1,0,1174928.0
20131106,0,0,0,1174303.0
20131107,0,0,0,1174303.0
20131108,0,0,0,1174303.0
20131111,0,0,0,1174303.0
20131112,0,1,0,1173990.0
20131113,0,1,1,1176093.0
20131114,0,1,1,1174668.0
20131115,0,1,1,1174380.0
20131118,0,1,1,1176768.0
20131119,0,1,1,1176683.0
20131120,1,1,1,1178253.0
20131121,1,1,1,1179513.0
20131122,1,1,1,1179260.0
20131125,1,1,1,1179175.0
20131126,1,1,1,1179600.0
20131127,1,1,1,1181728.0
20131129,1,1,1,1178360.0
20131202,1,1,1,1185493.0
20131203,1,1,1,1187098.0
20131204,1,1,1,1178595.0
20131205,1,1,1,1181913.0
20131206,1,1,1,1181963.0
20131209,1,1,1,1180315.0
20131210,0,0,0,1174428.0
20131211,0,1,0,1174765.0
20131212,0,1,0,1174778.0
20131213,0,1,0,1175190.0
20131216,0,1,0,1175628.0
20131217,0,1,0,1175428.0
20131218,0,1,0,1175365.0
20131219,1,1,0,1176418.0
20131220,1,1,0,1175720.0
20131223,1,1,0,1176378.0
20131224,1,1,0,1177410.0
20131226,1,1,0,1177123.0
20131227,1,1,0,1176615.0
20131230,1,1,0,1177573.0
20131231,1,1,1,1175648.0
20140102,1,1,0,1169603.0
20140103,1,1,0,1167600.0
20140106,1,1,0,1167773.0
20140107,1,1,0,1168613.0
20140108,1,1,0,1168598.0
20140109,1,0,0,1167108.0
20140110,1,0,0,1165358.0
20140113,1,0,0,1164938.0
20140114,1,0,1,1164693.0
20140115,1,0,1,1164663.0
20140116,1,0,1,1164073.0
20140117,1,0,1,1164153.0
20140121,1,0,1,1160273.0
20140122,1,0,1,1159798.0
20140123,1,0,1,1163023.0
20140124,1,0,1,1161998.0
20140127,1,0,1,1162048.0
20140128,1,0,0,1159523.0
20140129,1,0,0,1160693.0
20140130,1,0,0,1158723.0
20140131,1,0,0,1158453.0
20140203,1,0,0,1160463.0
20140204,1,0,0,1159593.0
20140205,1,0,0,1160163.0
20140206,1,0,0,1160193.0
20140207,1,0,0,1160763.0
20140210,1,0,0,1161943.0
20140211,1,0,0,1163453.0
20140212,1,0,0,1163973.0
20140213,1,0,0,1164483.0
20140214,1,0,1,1171038.0
20140218,1,0,1,1174003.0
20140219,1,0,1,1173363.0
20140220,1,0,1,1172183.0
20140221,1,0,1,1173343.0
20140224,1,0,1,1176128.0
20140225,1,0,1,1176158.0
20140226,1,0,1,1171128.0
20140227,1,0,1,1171823.0
20140228,1,0,1,1170248.0
20140303,1,0,1,1174338.0
20140304,1,0,1,1171783.0
20140305,1,0,1,1172268.0
20140306,1,0,1,1174933.0
20140307,1,1,0,1172315.0
20140310,1,1,0,1173920.0
20140311,1,1,0,1176428.0
20140312,1,1,0,1178558.0
20140313,1,1,0,1179723.0
20140314,1,1,0,1179695.0
20140317,1,1,0,1179048.0
20140318,1,1,0,1177670.0
20140319,1,1,0,1175013.0
20140320,0,1,0,1174995.0
20140321,0,1,0,1174445.0
20140324,0,1,0,1174570.0
20140325,0,1,0,1173070.0
20140326,0,1,0,1174070.0
20140327,0,1,0,1173383.0
20140328,0,1,0,1172170.0
20140331,0,1,0,1172570.0
20140401,0,1,0,1172345.0
20140402,0,1,0,1172070.0
20140403,0,1,0,1172533.0
20140404,0,1,0,1172645.0
20140407,0,1,0,1172220.0
20140408,0,1,0,1171933.0
20140409,0,1,0,1172283.0
20140410,0,1,0,1172083.0
20140411,0,0,0,1171345.0
20140414,0,0,0,1171345.0
20140415,0,0,0,1171345.0
20140416,0,0,0,1171345.0
20140417,0,0,0,1171345.0
20140421,0,0,0,1171345.0
20140422,1,0,0,1170965.0
20140423,1,0,0,1170615.0
20140424,1,1,1,1168040.0
20140425,1,1,1,1167105.0
20140428,1,1,1,1167780.0
20140429,1,1,1,1167955.0
20140430,1,1,1,1168678.0
20140501,1,1,1,1170433.0
20140502,1,1,1,1167180.0
20140505,0,1,1,1166263.0
20140506,0,1,1,1165980.0
20140507,0,1,1,1166883.0
20140508,0,1,1,1168653.0
20140509,0,1,1,1169250.0
20140512,0,1,1,1168803.0
20140513,0,1,1,1168433.0
20140514,0,1,0,1166850.0
20140515,0,1,0,1166463.0
20140516,0,1,0,1166525.0
20140519,0,1,0,1167025.0
20140520,0,1,0,1166475.0
20140521,0,1,0,1165925.0
20140522,0,1,0,1166400.0
20140523,0,1,0,1167038.0
20140527,1,1,0,1167928.0
20140528,1,1,0,1168428.0
20140529,1,1,0,1167963.0
20140530,1,1,1,1168538.0
20140602,1,1,1,1169628.0
20140603,1,1,1,1168620.0
20140604,1,0,1,1167520.0
20140605,1,0,1,1165165.0
20140606,1,0,1,1165705.0
20140609,1,0,1,1165190.0
20140610,1,0,1,1164060.0
20140611,1,0,1,1163930.0
20140612,0,0,0,1162900.0
20140613,0,0,0,1162900.0
20140616,0,0,1,1162275.0
20140617,0,0,1,1162360.0
20140618,0,0,1,1162590.0
20140619,0,0,1,1166940.0
20140620,0,0,1,1168445.0
20140623,0,0,1,1168280.0
20140624,0,0,1,1168915.0
20140625,0,0,1,1169280.0
20140626,0,0,1,1169235.0
20140627,0,1,1,1168895.0
20140630,0,1,1,1169393.0
20140701,1,1,1,1169200.0
20140702,1,1,1,1172080.0
20140703,1,1,1,1170588.0
20140707,1,1,1,1169150.0
20140708,1,1,1,1168995.0
20140709,1,1,1,1169825.0
20140710,1,1,1,1173990.0
20140711,1,1,1,1173625.0
20140714,1,1,1,1167320.0
20140715,0,1,0,1166163.0
20140716,0,1,0,1165288.0
20140717,0,1,0,1165438.0
20140718,0,0,0,1164488.0
20140721,0,0,0,1164488.0
20140722,0,0,0,1164488.0
20140723,0,0,0,1164488.0
20140724,0,0,0,1164488.0
20140725,0,0,0,1164488.0
20140728,0,0,0,1164488.0
20140729,0,0,0,1164488.0
20140730,0,0,0,1164488.0
20140731,0,0,0,1164488.0
20140801,0,0,0,1164488.0
20140804,0,0,0,1164488.0
20140805,0,0,0,1164488.0
20140806,0,0,0,1164488.0
20140807,0,0,0,1164488.0
20140808,0,0,0,1164488.0
20140811,0,0,0,1164488.0
20140812,0,0,0,1164488.0
20140813,0,0,0,1164488.0
20140814,0,0,0,1164488.0
20140815,0,0,0,1164488.0
20140818,0,0,0,1164488.0
20140819,0,0,0,1164488.0
20140820,0,0,0,1164488.0
20140821,1,0,0,1165038.0
20140822,1,0,0,1164558.0
20140825,1,0,0,1164688.0
20140826,1,0,0,1164058.0
20140827,1,0,0,1164238.0
20140828,1,0,0,1163538.0
20140829,1,0,0,1163838.0
20140902,1,0,1,1166643.0
20140903,1,0,1,1165928.0
20140904,1,0,1,1166563.0
20140905,1,0,1,1166393.0
20140908,1,0,1,1168668.0
20140909,1,0,1,1169453.0
20140910,1,1,1,1169393.0
20140911,1,1,1,1172108.0
20140912,1,1,1,1172473.0
20140915,1,1,1,1172568.0
20140916,1,0,1,1169390.0
20140917,1,0,1,1169405.0
20140918,1,0,1,1171390.0
20140919,1,0,1,1175785.0
20140922,1,1,1,1176593.0
20140923,1,1,1,1176245.0
20140924,1,1,1,1176418.0
20140925,1,1,1,1178085.0
20140926,1,1,1,1178103.0
20140929,1,1,1,1177088.0
20140930,1,1,1,1181583.0
20141001,1,1,1,1179470.0
20141002,1,1,1,1181508.0
20141003,1,1,1,1184833.0
20141006,1,1,1,1180473.0
20141007,1,1,1,1179800.0
20141008,1,1,1,1182208.0
20141009,0,1,1,1177095.0
20141010,0,1,1,1177545.0
20141013,0,1,1,1177198.0
20141014,0,0,1,1176220.0
20141015,0,0,1,1175915.0
20141016,0,1,1,1176138.0
20141017,0,1,1,1176118.0
20141020,0,1,1,1176390.0
20141021,0,1,1,1174415.0
20141022,0,1,1,1176268.0
20141023,0,1,1,1176070.0
20141024,0,1,1,1175925.0
20141027,0,1,1,1175455.0
20141028,0,0,1,1174605.0
20141029,0,1,1,1174403.0
20141030,0,1,1,1177573.0
20141031,1,1,1,1179915.0
20141103,1,1,1,1180070.0
20141104,1,0,1,1180083.0
20141105,1,0,1,1184853.0
20141106,1,0,1,1185293.0
20141107,1,0,1,1181068.0
20141110,1,0,1,1182283.0
20141111,1,0,1,1181928.0
20141112,1,0,1,1182593.0
20141113,1,0,1,1182363.0
20141114,1,0,1,1176488.0
20141117,1,0,1,1177983.0
20141118,0,0,1,1176448.0
20141119,0,0,1,1175848.0
20141120,0,0,1,1176633.0
20141121,0,0,1,1175343.0
20141124,0,0,1,1175438.0
20141125,0,1,1,1174715.0
20141126,0,1,1,1175250.0
20141128,0,1,1,1183263.0
20141201,1,1,1,1176363.0
20141202,1,1,1,1175835.0
20141203,1,1,1,1177473.0
20141204,1,1,1,1175495.0
20141205,1,1,1,1175650.0
20141208,1,1,1,1176435.0
20141209,1,1,1,1177995.0
20141210,1,1,1,1178863.0
20141211,1,1,1,1177408.0
20141212,1,1,1,1176498.0
20141215,1,1,1,1173935.0
20141216,1,1,0,1169010.0
20141217,0,1,0,1167910.0
20141218,0,1,0,1168335.0
20141219,0,1,0,1167560.0
20141222,0,1,0,1167860.0
20141223,0,1,0,1168023.0
20141224,0,1,0,1168335.0
20141226,0,1,0,1169323.0
20141229,0,1,0,1169123.0
20141230,0,1,0,1168323.0
20141231,0,1,0,1169035.0
20150102,1,1,1,1166460.0
20150105,1,1,1,1163743.0
20150106,0,1,0,1161358.0
20150107,0,1,0,1161570.0
20150108,0,1,0,1161295.0
20150109,0,1,0,1161670.0
20150112,0,1,0,1162395.0
20150113,1,1,0,1164523.0
20150114,1,1,0,1167995.0
20150115,1,1,1,1169123.0
20150116,1,1,1,1172098.0
20150120,1,1,1,1175433.0
20150121,1,1,1,1176105.0
20150122,1,1,1,1178490.0
20150123,1,1,1,1179305.0
20150126,1,1,1,1175363.0
20150127,1,1,1,1179110.0
20150128,1,1,1,1178135.0
20150129,1,1,1,1169130.0
20150130,1,1,1,1172560.0
20150202,1,1,1,1172658.0
20150203,1,1,1,1169060.0
20150204,1,1,1,1169613.0
20150205,1,1,1,1168338.0
20150206,0,1,0,1165200.0
20150209,0,1,0,1165325.0
20150210,0,1,0,1166050.0
20150211,0,1,0,1166313.0
20150212,0,0,0,1164363.0
20150213,0,0,0,1164363.0
20150217,0,0,1,1165173.0
20150218,0,0,1,1165738.0
20150219,0,0,1,1165158.0
20150220,0,0,1,1165698.0
20150223,0,0,1,1165793.0
20150224,0,0,1,1166123.0
20150225,0,0,1,1164893.0
20150226,0,0,1,1164143.0
20150227,0,0,1,1164473.0
20150302,0,0,1,1165008.0
20150303,0,0,1,1165783.0
20150304,0,0,1,1166473.0
20150305,0,0,1,1166473.0
20150306,1,0,1,1168638.0
20150309,1,0,1,1168573.0
20150310,1,0,1,1169928.0
20150311,1,0,1,1172218.0
20150312,1,0,1,1171333.0
20150313,1,0,1,1171393.0
20150316,1,0,1,1170698.0
20150317,1,0,1,1171393.0
20150318,1,0,1,1171268.0
20150319,1,0,1,1166633.0
20150320,1,1,0,1164905.0
20150323,1,1,0,1165308.0
20150324,1,1,0,1165275.0
20150325,1,1,0,1164440.0
20150326,0,1,0,1163835.0
20150327,0,1,0,1162748.0
20150330,0,1,0,1163098.0
20150331,0,1,0,1162060.0
20150401,0,1,0,1162273.0
20150402,0,1,0,1161910.0
20150406,0,1,0,1161485.0
20150407,0,1,0,1162635.0
20150408,0,1,0,1161848.0
20150409,0,1,0,1161785.0
20150410,0,1,0,1161910.0
20150413,0,1,0,1161535.0
20150414,0,0,0,1160885.0
20150415,0,0,0,1160885.0
20150416,0,0,0,1160885.0
20150417,0,0,0,1160885.0
20150420,0,0,0,1160885.0
20150421,0,0,1,1160445.0
20150422,0,1,1,1161568.0
20150423,0,1,1,1160690.0
20150424,1,1,1,1160615.0
20150427,1,1,1,1153455.0
20150428,0,1,0,1151993.0
20150429,0,1,0,1151680.0
20150430,0,1,0,1151893.0
20150501,1,1,0,1152918.0
20150504,1,1,0,1151463.0
20150505,1,1,0,1151185.0
20150506,1,1,0,1151250.0
20150507,1,1,0,1151860.0
20150508,1,1,0,1151253.0
20150511,1,1,0,1151405.0
20150512,1,1,0,1151178.0
20150513,1,1,1,1151430.0
20150514,1,1,1,1153213.0
20150515,1,1,1,1153738.0
20150518,1,1,1,1154363.0
20150519,1,0,1,1148493.0
20150520,1,0,1,1148903.0
20150521,1,0,1,1148538.0
20150522,1,0,1,1148123.0
20150526,1,0,1,1144888.0
20150527,1,0,1,1144263.0
20150528,0,0,1,1143933.0
20150529,0,0,1,1144093.0
20150601,0,0,1,1143988.0
20150602,0,0,1,1144583.0
20150603,0,0,0,1143263.0
20150604,1,0,1,1143673.0
20150605,1,0,1,1144978.0
20150608,1,0,1,1144553.0
20150609,1,0,1,1144163.0
20150610,1,0,1,1143253.0
20150611,1,0,1,1143868.0
20150612,1,0,1,1144663.0
20150615,1,1,1,1142888.0
20150616,1,1,1,1144755.0
20150617,1,1,1,1145543.0
20150618,0,1,1,1142573.0
20150619,0,1,1,1143718.0
20150622,0,1,1,1143603.0
20150623,0,1,1,1144478.0
20150624,0,1,1,1143610.0
20150625,0,1,1,1143873.0
20150626,0,1,1,1143838.0
20150629,0,1,1,1144253.0
20150630,0,1,1,1145285.0
20150701,0,1,1,1144918.0
20150702,1,1,1,1144830.0
20150706,1,1,1,1145230.0
20150707,1,1,1,1153498.0
20150708,1,1,1,1150175.0
20150709,1,1,1,1148253.0
20150710,1,1,1,1148133.0
20150713,1,1,1,1148328.0
20150714,1,1,1,1149465.0
20150715,1,1,1,1151748.0
20150716,1,1,1,1152380.0
20150717,1,1,1,1155005.0
20150720,1,1,1,1158258.0
20150721,1,1,1,1158628.0
20150722,1,1,1,1161265.0
20150723,1,1,1,1162213.0
20150724,1,1,1,1164213.0
20150727,1,1,1,1163263.0
20150728,1,1,1,1161873.0
20150729,1,1,1,1161583.0
20150730,1,1,1,1163040.0
20150731,1,1,1,1162493.0
20150803,1,1,1,1164650.0
20150804,1,1,1,1163910.0
20150805,1,1,1,1164778.0
20150806,1,1,1,1163895.0
20150807,1,1,0,1162218.0
20150810,0,1,0,1159440.0
20150811,0,1,0,1161153.0
20150812,0,1,0,1160690.0
20150813,0,1,0,1160615.0
20150814,0,1,0,1160653.0
20150817,0,1,0,1161415.0
20150818,0,1,0,1162265.0
20150819,0,1,0,1162540.0
20150820,0,1,0,1161453.0
20150821,0,1,1,1160408.0
20150824,0,1,0,1159160.0
20150825,0,1,0,1157798.0
20150826,0,1,1,1160930.0
20150827,0,1,1,1156738.0
20150828,0,1,1,1155740.0
20150831,0,1,1,1155768.0
20150901,0,1,1,1156498.0
20150902,0,1,1,1155563.0
20150903,0,0,1,1153188.0
20150904,0,0,1,1153978.0
20150908,0,0,1,1152948.0
20150909,0,0,1,1153843.0
20150910,0,0,1,1153498.0
20150911,1,0,1,1153868.0
20150914,1,0,1,1154138.0
20150915,1,0,1,1154833.0
20150916,1,0,0,1150048.0
20150917,0,0,0,1148648.0
20150918,0,0,0,1148648.0
20150921,0,0,0,1148648.0
20150922,0,0,0,1148648.0
20150923,0,0,0,1148648.0
20150924,1,0,0,1148388.0
20150925,1,0,0,1147568.0
20150928,1,1,0,1146040.0
20150929,0,1,0,1145320.0
20150930,0,1,0,1143083.0
20151001,0,0,0,1142345.0
20151002,0,0,0,1142345.0
20151005,0,0,1,1143685.0
20151006,0,0,1,1145065.0
20151007,0,0,1,1145615.0
20151008,0,0,1,1143975.0
20151009,1,0,1,1144175.0
20151012,1,0,1,1145265.0
20151013,1,0,1,1145570.0
20151014,1,0,1,1148060.0
20151015,1,0,1,1149065.0
20151016,1,0,1,1148375.0
20151019,1,0,1,1145980.0
20151020,1,0,1,1146830.0
20151021,1,0,1,1144755.0
20151022,1,0,1,1145290.0
20151023,1,0,1,1144910.0
20151026,1,0,1,1145640.0
20151027,1,0,1,1145390.0
20151028,1,0,1,1148570.0
20151029,0,0,0,1143130.0
20151030,0,0,0,1143130.0
20151102,0,0,0,1143130.0
20151103,1,1,0,1144120.0
20151104,1,1,0,1145110.0
20151105,1,1,0,1146998.0
20151106,1,1,0,1148973.0
20151109,1,1,0,1149233.0
20151110,1,1,0,1149505.0
20151111,1,1,0,1149853.0
20151112,1,1,0,1151380.0
20151113,1,1,0,1151503.0
20151116,1,1,0,1152545.0
20151117,1,1,1,1154153.0
20151118,1,1,1,1155243.0
20151119,1,1,1,1153655.0
20151120,1,1,1,1154983.0
20151123,1,1,1,1157103.0
20151124,1,1,1,1154930.0
20151125,1,1,1,1155578.0
20151127,1,1,1,1157440.0
20151130,1,1,1,1156565.0
20151201,1,1,1,1156185.0
20151202,1,1,1,1158488.0
20151203,1,1,1,1156708.0
20151204,0,1,1,1151423.0
20151207,0,1,1,1153103.0
20151208,0,1,1,1154108.0
20151209,0,1,1,1153443.0
20151210,0,1,1,1153675.0
20151211,0,0,1,1153243.0
20151214,0,0,1,1154188.0
20151215,0,0,1,1153813.0
20151216,0,0,1,1151423.0
20151217,0,0,1,1154148.0
20151218,0,0,1,1152183.0
20151221,0,0,1,1151088.0
20151222,0,0,1,1151093.0
20151223,0,0,1,1151228.0
20151224,0,0,1,1150768.0
20151228,0,0,1,1153243.0
20151229,0,0,1,1153023.0
20151230,0,0,1,1153453.0
20151231,0,0,1,1153648.0
20160104,0,0,1,1153458.0
20160105,0,0,1,1152808.0
20160106,0,0,1,1152783.0
20160107,0,1,1,1151230.0
20160108,0,1,1,1153360.0
20160111,0,1,1,1154858.0
20160112,0,1,1,1155770.0
20160113,0,1,1,1153820.0
20160114,0,1,1,1155360.0
20160115,0,1,1,1155433.0
20160119,0,1,1,1153458.0
20160120,0,1,1,1153713.0
20160121,0,1,1,1153118.0
20160122,0,1,1,1153153.0
20160125,0,1,1,1152280.0
20160126,0,1,1,1151083.0
20160127,1,0,1,1149925.0
20160128,1,0,1,1148770.0
20160129,1,0,1,1148855.0
20160201,1,0,1,1150515.0
20160202,1,0,1,1150165.0
20160203,1,0,1,1153800.0
20160204,1,1,1,1156488.0
20160205,1,1,1,1155435.0
20160208,1,1,1,1162383.0
20160209,1,0,1,1160805.0
20160210,1,0,1,1159570.0
20160211,1,0,1,1167450.0
20160212,1,0,1,1166590.0
20160216,1,0,1,1161190.0
20160217,1,0,1,1161725.0
20160218,1,0,1,1163490.0
20160219,1,0,1,1163645.0
20160222,1,0,1,1160630.0
20160223,1,0,1,1162160.0
20160224,1,0,1,1164095.0
20160225,1,0,1,1163400.0
20160226,1,1,0,1159978.0
20160229,1,1,0,1161565.0
20160301,1,1,0,1161530.0
20160302,1,1,0,1163518.0
20160303,1,1,0,1165845.0
20160304,1,1,0,1168745.0
20160307,1,1,0,1168300.0
20160308,1,1,0,1166653.0
20160309,1,1,0,1166365.0
20160310,1,1,0,1167593.0
20160311,1,1,0,1166778.0
20160314,1,1,0,1165310.0
20160315,1,1,0,1163750.0
20160316,1,1,0,1163643.0
20160317,1,1,1,1168640.0
20160318,1,1,1,1166210.0
20160321,1,1,1,1165630.0
20160322,1,1,1,1166185.0
20160323,1,1,0,1159320.0
20160324,0,1,0,1158828.0
20160328,0,1,0,1159253.0
20160329,0,0,0,1158228.0
20160330,0,0,0,1158228.0
20160331,0,0,0,1158228.0
20160401,0,0,0,1158228.0
20160404,0,0,0,1158228.0
20160405,0,0,0,1158228.0
20160406,0,0,0,1158228.0
20160407,0,0,0,1158228.0
20160408,0,0,0,1158228.0
20160411,0,0,0,1158228.0
20160412,0,0,1,1158463.0
20160413,0,0,1,1158978.0
20160414,0,0,1,1158218.0
20160415,0,0,1,1158918.0
20160418,0,0,1,1158618.0
20160419,0,0,1,1162213.0
20160420,0,0,1,1163028.0
20160421,1,0,1,1161353.0
20160422,1,1,1,1157560.0
20160425,1,1,1,1158825.0
20160426,1,1,1,1159388.0
20160427,1,0,1,1159943.0
20160428,1,0,1,1162808.0
20160429,1,0,1,1166373.0
20160502,1,0,1,1166218.0
20160503,1,0,1,1164903.0
20160504,1,0,1,1162173.0
20160505,1,0,1,1162093.0
20160506,1,0,1,1165263.0
20160509,1,0,1,1160333.0
20160510,1,0,1,1160168.0
20160511,1,0,1,1162373.0
20160512,1,1,1,1161250.0
20160513,1,1,0,1160498.0
20160516,1,1,0,1160273.0
20160517,1,1,0,1160543.0
20160518,0,1,0,1158935.0
20160519,0,1,0,1159373.0
20160520,0,1,0,1159510.0
20160523,0,1,0,1159523.0
20160524,1,1,0,1159435.0
20160525,1,1,0,1159100.0
20160526,1,1,0,1159415.0
20160527,1,1,0,1159728.0
20160531,1,1,0,1160110.0
20160601,1,1,0,1160953.0
20160602,1,1,0,1161238.0
20160603,1,0,0,1156695.0
20160606,1,0,0,1156245.0
20160607,1,0,0,1156285.0
20160608,0,0,0,1155065.0
20160609,0,1,0,1155028.0
20160610,0,1,0,1155240.0
20160613,0,1,0,1154665.0
20160614,1,1,0,1154520.0
20160615,1,1,0,1153278.0
20160616,1,1,0,1155363.0
20160617,1,1,0,1154928.0
20160620,1,1,0,1153608.0
20160621,1,0,0,1150823.0
20160622,1,0,0,1150573.0
20160623,1,1,0,1150308.0
20160624,0,1,1,1146748.0
20160627,1,1,1,1147050.0
20160628,1,1,1,1148135.0
20160629,1,1,1,1151888.0
20160630,1,1,1,1152575.0
20160701,1,1,1,1159778.0
20160705,1,1,1,1162505.0
20160706,1,1,1,1164075.0
20160707,1,1,1,1161000.0
20160708,1,1,1,1161823.0
20160711,1,1,1,1163380.0
20160712,1,1,1,1162223.0
20160713,1,1,1,1164938.0
20160714,1,1,1,1163418.0
20160715,1,1,1,1161915.0
20160718,1,1,1,1161743.0
20160719,1,1,1,1162353.0
20160720,0,1,1,1158958.0
20160721,0,1,1,1160080.0
20160722,0,1,1,1158875.0
20160725,0,1,1,1158203.0
20160726,0,1,1,1158595.0
20160727,0,1,1,1159143.0
20160728,0,0,1,1160203.0
20160729,0,0,1,1160978.0
20160801,0,0,1,1161743.0
20160802,0,0,1,1162748.0
20160803,0,0,1,1161598.0
20160804,0,0,1,1161458.0
20160805,0,0,1,1158328.0
20160808,0,0,1,1158268.0
20160809,0,0,1,1158493.0
20160810,0,0,1,1160093.0
20160811,0,0,1,1159343.0
20160812,0,0,1,1157758.0
20160815,0,0,1,1158478.0
20160816,0,0,1,1158613.0
20160817,0,0,1,1157483.0
20160818,0,0,1,1157943.0
20160819,0,0,0,1156093.0
20160822,0,0,0,1156093.0
20160823,0,0,0,1156093.0
20160824,0,0,0,1156093.0
20160825,0,0,0,1156093.0
20160826,0,0,0,1156093.0
20160829,0,0,0,1156093.0
20160830,0,0,0,1156093.0
20160831,0,0,0,1156093.0
20160901,0,0,0,1156093.0
20160902,0,0,0,1156093.0
20160906,0,0,0,1156093.0
20160907,0,0,0,1156093.0
20160908,0,0,0,1156093.0
20160909,0,0,0,1156093.0
20160912,0,1,0,1155318.0
20160913,0,1,0,1155280.0
20160914,0,0,0,1154455.0
20160915,0,0,0,1154455.0
20160916,0,0,0,1154455.0
20160919,0,0,0,1154455.0
20160920,0,0,0,1154455.0
20160921,0,0,0,1154455.0
20160922,0,0,0,1154455.0
20160923,0,0,0,1154455.0
20160926,0,0,0,1154455.0
20160927,0,0,0,1154455.0
20160928,0,0,0,1154455.0
20160929,0,0,0,1154455.0
20160930,0,0,0,1154455.0
20161003,0,0,0,1154455.0
20161004,1,0,1,1162890.0
20161005,1,0,1,1163400.0
20161006,1,0,1,1166710.0
20161007,1,0,1,1166645.0
20161010,1,0,1,1164400.0
20161011,1,0,1,1165600.0
20161012,1,0,1,1165830.0
20161013,1,0,1,1165685.0
20161014,1,1,1,1166368.0
20161017,1,1,1,1166180.0
20161018,1,1,1,1164768.0
20161019,1,1,1,1163993.0
20161020,1,1,1,1164990.0
20161021,1,1,1,1165438.0
20161024,1,1,0,1163890.0
20161025,0,1,0,1161523.0
20161026,0,1,0,1161348.0
20161027,0,1,0,1160898.0
20161028,0,0,0,1160473.0
20161031,0,0,0,1160473.0
20161101,0,1,0,1160785.0
20161102,0,1,0,1160823.0
20161103,0,1,0,1161285.0
20161104,0,1,0,1161685.0
20161107,0,1,0,1162798.0
20161108,0,1,0,1164560.0
20161109,1,1,0,1162958.0
20161110,0,1,0,1165695.0
20161111,1,1,1,1166535.0
20161114,1,1,1,1169540.0
20161115,1,1,1,1168110.0
20161116,1,1,1,1167813.0
20161117,1,1,1,1169875.0
20161118,1,1,1,1170848.0
20161121,1,1,1,1172440.0
20161122,1,1,1,1172483.0
20161123,1,1,1,1177453.0
20161125,1,1,1,1179660.0
20161128,1,1,1,1177500.0
20161129,1,1,1,1175963.0
20161130,1,1,1,1179518.0
20161201,1,1,1,1180098.0
20161202,1,1,1,1177178.0
20161205,1,1,1,1178798.0
20161206,1,1,1,1179433.0
20161207,1,1,0,1176568.0
20161208,1,1,0,1176628.0
20161209,1,1,0,1178215.0
20161212,1,1,0,1177113.0
20161213,1,1,0,1177280.0
20161214,1,1,0,1176960.0
20161215,1,1,1,1181605.0
20161216,1,0,1,1178698.0
20161219,1,0,1,1178798.0
20161220,1,0,1,1179568.0
20161221,1,0,1,1180298.0
20161222,1,0,1,1181088.0
20161223,1,0,1,1181358.0
20161227,1,0,1,1179688.0
20161228,1,0,1,1179233.0
20161229,1,0,1,1176613.0
20161230,1,0,1,1178398.0
20170103,0,0,1,1175398.0
20170104,0,0,1,1174683.0
20170105,0,0,1,1174258.0
20170106,0,0,1,1174848.0
20170109,0,0,1,1174028.0
20170110,0,0,1,1173203.0
20170111,0,0,1,1173303.0
20170112,0,0,1,1173318.0
20170113,0,1,1,1174193.0
20170117,0,1,0,1170728.0
20170118,0,1,1,1170735.0
20170119,0,1,1,1169225.0
20170120,0,1,1,1169738.0
20170123,0,1,1,1171070.0
20170124,0,1,1,1172590.0
20170125,0,1,1,1171603.0
20170126,0,1,1,1170028.0
20170127,0,1,1,1171870.0
20170130,0,1,1,1171088.0
20170131,0,1,1,1174855.0
20170201,0,1,1,1173990.0
20170202,0,1,1,1173235.0
20170203,0,1,1,1171748.0
20170206,0,1,1,1173705.0
20170207,0,1,1,1173533.0
20170208,1,1,1,1174240.0
20170209,1,1,1,1173825.0
20170210,1,1,1,1177558.0
20170213,1,1,1,1176363.0
20170214,1,1,1,1175513.0
20170215,1,1,1,1176740.0
20170216,1,1,1,1177595.0
20170217,1,1,1,1176838.0
20170221,1,1,1,1177635.0
20170222,1,1,1,1176508.0
20170223,1,1,1,1176915.0
20170224,1,1,1,1179635.0
20170227,1,1,1,1179790.0
20170228,1,1,1,1179960.0
20170301,1,1,1,1180220.0
20170302,1,1,0,1173893.0
20170303,1,1,0,1173403.0
20170306,1,0,0,1172190.0
20170307,1,1,0,1171463.0
20170308,0,1,0,1171863.0
20170309,0,1,0,1172375.0
20170310,0,1,0,1172000.0
20170313,0,1,0,1171238.0
20170314,0,1,0,1171000.0
20170315,0,1,0,1170463.0
20170316,0,1,0,1169938.0
20170317,0,1,0,1169588.0
20170320,0,1,0,1170200.0
20170321,0,1,0,1171413.0
20170322,0,1,0,1171113.0
20170323,0,1,0,1170763.0
20170324,0,1,0,1171100.0
20170327,0,1,0,1171075.0
20170328,0,1,0,1169975.0
20170329,0,1,0,1169938.0
20170330,0,0,0,1169363.0
20170331,0,0,0,1169363.0
20170403,0,0,0,1169363.0
20170404,0,0,1,1169378.0
20170405,0,0,1,1168698.0
20170406,0,0,1,1168993.0
20170407,1,0,1,1167818.0
20170410,1,0,0,1165428.0
20170411,1,0,0,1167458.0
20170412,1,1,1,1167398.0
20170413,1,1,1,1168850.0
20170417,1,1,1,1168573.0
20170418,1,1,1,1169258.0
20170419,1,1,1,1167500.0
20170420,1,1,0,1165948.0
20170421,1,1,0,1166590.0
20170424,1,1,0,1165055.0
20170425,1,1,1,1163095.0
20170426,1,1,1,1163698.0
20170427,1,1,1,1164540.0
20170428,1,1,1,1164778.0
20170501,0,0,1,1165683.0
20170502,0,0,1,1165738.0
20170503,1,0,1,1166843.0
20170504,1,1,1,1169910.0
20170505,1,1,1,1169800.0
20170508,1,1,1,1170735.0
20170509,1,1,1,1172678.0
20170510,1,1,1,1171785.0
20170511,1,1,1,1170628.0
20170512,1,1,1,1169193.0
20170515,1,1,1,1167583.0
20170516,1,1,1,1165935.0
20170517,0,1,0,1162420.0
20170518,0,1,0,1162795.0
20170519,0,0,0,1162083.0
20170522,0,0,0,1162083.0
20170523,0,0,0,1162083.0
20170524,0,0,0,1162083.0
20170525,0,0,0,1162083.0
20170526,0,0,0,1162083.0
20170530,0,0,0,1162083.0
20170531,1,0,0,1162043.0
20170601,1,0,0,1161513.0
20170602,1,0,0,1162523.0
20170605,1,0,0,1162773.0
20170606,1,0,0,1164253.0
20170607,1,0,0,1163823.0
20170608,1,0,0,1162453.0
20170609,1,1,0,1162380.0
20170612,1,1,0,1161280.0
20170613,1,1,0,1160775.0
20170614,0,1,0,1159460.0
20170615,0,1,0,1159260.0
20170616,0,1,0,1159223.0
20170619,1,1,0,1160080.0
20170620,1,1,1,1159765.0
20170621,1,1,1,1160938.0
20170622,1,1,1,1159828.0
20170623,1,1,1,1159063.0
20170626,1,1,1,1160475.0
20170627,1,1,1,1160883.0
20170628,1,1,1,1160325.0
20170629,1,1,1,1161828.0
20170630,1,1,1,1162700.0
20170703,1,1,1,1167235.0
20170705,1,1,1,1167140.0
20170706,1,1,1,1166583.0
20170707,1,1,1,1170370.0
20170710,1,1,1,1169013.0
20170711,1,1,1,1168895.0
20170712,1,1,1,1168045.0
20170713,1,1,1,1168643.0
20170714,1,1,1,1167150.0
20170717,1,1,1,1166525.0
20170718,1,1,1,1165023.0
20170719,0,1,1,1164298.0
20170720,0,1,0,1164345.0
20170721,0,1,0,1164508.0
20170724,0,1,0,1164858.0
20170725,0,1,0,1167608.0
20170726,0,1,0,1168245.0
20170727,0,1,0,1168383.0
20170728,0,1,0,1168320.0
20170731,0,1,0,1168733.0
20170801,0,1,0,1168470.0
20170802,0,1,0,1168558.0
20170803,0,1,0,1168395.0
20170804,0,1,0,1168570.0
20170807,0,1,0,1169120.0
20170808,0,1,0,1170008.0
20170809,0,1,0,1169620.0
20170810,0,1,1,1169520.0
20170811,0,1,1,1169770.0
20170814,0,1,1,1169843.0
20170815,0,1,1,1167265.0
20170816,0,1,1,1170158.0
20170817,0,1,1,1170335.0
20170818,1,1,1,1168758.0
20170821,1,1,1,1170368.0
20170822,1,1,1,1169795.0
20170823,1,1,1,1170323.0
20170824,1,1,1,1170975.0
20170825,1,1,1,1171983.0
20170828,1,1,1,1176420.0
20170829,1,1,1,1177178.0
20170830,1,1,1,1176195.0
20170831,1,1,1,1177653.0
20170901,1,1,1,1180165.0
20170905,1,1,1,1182490.0
20170906,1,1,1,1182333.0
20170907,1,1,1,1184293.0
20170908,1,1,1,1181868.0
20170911,1,1,1,1179825.0
20170912,1,0,1,1178653.0
20170913,1,0,1,1178068.0
20170914,1,0,1,1177808.0
20170915,1,0,1,1176958.0
20170918,1,0,0,1173688.0
20170919,1,0,0,1173668.0
20170920,1,0,0,1174248.0
20170921,1,0,0,1172088.0
20170922,1,0,0,1172358.0
20170925,1,0,0,1173758.0
20170926,1,0,0,1172778.0
20170927,0,0,0,1171718.0
20170928,0,0,0,1171718.0
20170929,0,0,0,1171718.0
20171002,0,0,0,1171718.0
20171003,0,0,0,1171718.0
20171004,0,0,0,1171718.0
20171005,0,0,0,1171718.0
20171006,0,0,0,1171718.0
20171009,0,0,0,1171718.0
20171010,0,0,0,1171718.0
20171011,0,1,0,1172218.0
20171012,0,1,0,1172830.0
20171013,0,1,0,1173168.0
20171016,0,1,0,1175805.0
20171017,0,1,0,1174718.0
20171018,0,1,0,1174280.0
20171019,0,1,0,1174018.0
20171020,0,1,0,1173968.0
20171023,0,1,0,1174530.0
20171024,0,1,0,1174780.0
20171025,0,1,0,1174405.0
20171026,0,1,0,1174268.0
20171027,0,0,0,1171905.0
20171030,0,0,0,1171905.0
20171031,0,0,0,1171905.0
20171101,0,0,0,1171905.0
20171102,0,0,0,1171905.0
20171103,0,0,0,1171905.0
20171106,0,0,0,1171905.0
20171107,0,0,0,1171905.0
20171108,0,0,0,1171905.0
20171109,0,0,0,1171905.0
20171110,0,0,0,1171905.0
20171113,0,0,0,1171905.0
20171114,0,0,0,1171905.0
20171115,0,0,0,1171905.0
20171116,0,0,0,1171905.0
20171117,1,0,1,1172520.0
20171120,1,0,1,1167745.0
20171121,1,0,1,1168975.0
20171122,1,0,1,1170785.0
20171124,1,0,1,1169695.0
20171127,1,0,1,1170545.0
20171128,1,0,0,1169375.0
20171129,1,0,1,1168965.0
20171130,0,1,1,1167940.0
20171201,0,1,1,1167658.0
20171204,0,1,1,1167795.0
20171205,1,1,1,1173460.0
20171206,1,1,1,1173518.0
20171207,1,1,1,1175508.0
20171208,1,1,1,1175523.0
20171211,1,1,1,1175038.0
20171212,1,1,1,1175855.0
20171213,1,1,1,1173398.0
20171214,1,1,1,1171748.0
20171215,1,0,1,1169725.0
20171218,1,0,1,1168215.0
20171219,1,0,1,1168605.0
20171220,1,1,1,1167368.0
20171221,0,1,0,1167775.0
20171222,0,1,0,1168250.0
20171226,0,1,0,1169300.0
20171227,0,1,0,1169388.0
20171228,0,1,0,1170000.0
20171229,1,1,0,1170680.0
20180102,1,1,0,1170798.0
20180103,1,1,0,1170525.0
20180104,1,1,0,1170973.0
20180105,1,1,0,1170205.0
20180108,1,1,0,1169878.0
20180109,1,1,0,1169008.0
20180110,1,1,0,1170055.0
20180111,1,0,0,1169788.0
20180112,1,0,0,1171028.0
20180116,1,0,0,1171248.0
20180117,1,0,0,1171458.0
20180118,1,0,0,1170258.0
20180119,1,0,0,1170848.0
20180122,1,0,0,1170728.0
20180123,1,0,0,1171208.0
20180124,1,1,1,1170588.0
20180125,1,0,1,1171840.0
20180126,1,0,1,1169890.0
20180129,1,0,1,1167110.0
20180130,1,0,1,1166255.0
20180131,1,0,1,1167480.0
20180201,1,0,1,1167530.0
20180202,1,0,1,1164450.0
20180205,0,0,1,1164070.0
20180206,0,0,1,1164525.0
20180207,0,1,1,1166735.0
20180208,0,1,1,1166358.0
20180209,0,1,1,1168580.0
20180212,0,1,1,1165100.0
20180213,0,1,1,1163410.0
20180214,0,0,1,1160110.0
20180215,0,0,1,1160520.0
20180216,0,1,1,1160690.0
20180220,0,1,1,1160610.0
20180221,0,1,1,1160353.0
20180222,0,1,1,1161140.0
20180223,0,1,1,1160930.0
20180226,0,1,1,1160353.0
20180227,0,1,1,1160343.0
20180228,0,0,1,1159603.0
20180301,1,0,1,1160628.0
20180302,1,0,1,1157858.0
20180305,1,0,1,1158478.0
20180306,0,0,1,1154618.0
20180307,0,0,0,1154463.0
20180308,0,0,0,1154463.0
20180309,0,0,0,1154463.0
20180312,0,0,0,1154463.0
20180313,0,0,0,1154463.0
20180314,0,0,0,1154463.0
20180315,0,0,0,1154463.0
20180316,0,0,0,1154463.0
20180319,0,0,0,1154463.0
20180320,0,1,1,1154738.0
20180321,0,1,1,1153055.0
20180322,0,1,1,1154178.0
20180323,1,1,1,1154568.0
20180326,1,1,0,1154988.0
20180327,1,1,0,1152925.0
20180328,1,1,0,1151098.0
20180329,1,1,0,1150240.0
20180402,1,1,0,1151588.0
20180403,1,1,0,1150290.0
20180404,1,1,0,1151905.0
20180405,1,1,0,1149135.0
20180406,1,1,0,1150295.0
20180409,1,1,0,1150233.0
20180410,1,0,0,1150525.0
20180411,1,0,1,1151700.0
20180412,1,0,1,1148415.0
20180413,1,0,1,1149940.0
20180416,1,0,1,1150315.0
20180417,1,0,1,1150745.0
20180418,1,1,1,1153713.0
20180419,1,1,1,1152535.0
20180420,1,1,1,1151180.0
20180423,1,1,1,1146258.0
20180424,0,1,1,1147835.0
20180425,1,1,1,1146613.0
20180426,1,1,0,1146230.0
20180427,1,0,0,1143805.0
20180430,1,0,0,1144225.0
20180501,1,0,1,1145930.0
20180502,1,0,1,1144810.0
20180503,1,0,1,1143740.0
20180504,1,0,1,1143180.0
20180507,1,0,1,1143360.0
20180508,1,1,1,1142515.0
20180509,1,1,1,1142288.0
20180510,1,1,0,1138790.0
20180511,1,1,0,1138913.0
20180514,1,1,0,1139625.0
20180515,1,1,0,1143340.0
20180516,1,1,0,1142858.0
20180517,1,1,0,1142605.0
20180518,1,1,0,1143053.0
20180521,1,1,0,1142218.0
20180522,1,0,0,1141283.0
20180523,1,0,0,1141523.0
20180524,1,0,0,1140043.0
20180525,1,0,0,1139583.0
20180529,1,0,0,1140603.0
20180530,1,1,0,1138975.0
20180531,1,1,0,1139255.0
20180601,1,1,0,1138958.0
20180604,1,0,0,1138495.0
20180605,1,1,0,1139243.0
20180606,1,1,0,1140910.0
20180607,1,1,1,1140800.0
20180608,1,1,1,1141085.0
20180611,1,1,1,1141015.0
20180612,1,1,1,1140903.0
20180613,1,1,1,1141325.0
20180614,0,1,1,1140850.0
20180615,1,1,1,1135793.0
20180618,1,1,1,1134483.0
20180619,1,0,1,1133143.0
20180620,1,0,1,1133623.0
20180621,1,0,1,1133938.0
20180622,1,0,1,1133253.0
20180625,1,1,1,1134650.0
20180626,1,1,1,1135815.0
20180627,1,1,1,1136865.0
20180628,1,1,1,1139255.0
20180629,1,1,1,1138258.0
20180702,1,1,1,1141903.0
20180703,1,1,1,1140358.0
20180705,1,1,1,1141833.0
20180706,1,1,1,1142323.0
20180709,1,1,1,1140943.0
20180710,1,1,1,1141885.0
20180711,1,1,1,1146735.0
20180712,1,1,1,1144878.0
20180713,1,1,1,1146265.0
20180716,1,1,1,1146705.0
20180717,1,1,1,1149358.0
20180718,1,1,1,1149188.0
20180719,1,1,1,1152050.0
20180720,1,1,1,1149093.0
20180723,1,1,1,1150500.0
20180724,1,1,1,1148435.0
20180725,1,1,1,1147285.0
20180726,1,0,1,1147265.0
20180727,1,0,1,1147535.0
20180730,1,0,1,1147435.0
20180731,1,0,1,1147115.0
20180801,1,0,1,1148250.0
20180802,1,0,1,1149335.0
20180803,1,0,1,1148640.0
20180806,1,0,1,1149760.0
20180807,1,0,1,1149575.0
20180808,1,0,1,1149010.0
20180809,1,0,1,1148970.0
20180810,1,0,1,1149895.0
20180813,1,0,1,1153470.0
20180814,1,0,1,1152935.0
20180815,1,1,1,1160325.0
20180816,1,1,1,1157718.0
20180817,1,1,1,1157795.0
20180820,1,1,1,1155573.0
20180821,1,1,1,1153878.0
20180822,1,1,1,1154178.0
20180823,1,1,1,1156623.0
20180824,1,1,1,1152283.0
20180827,1,1,1,1151488.0
20180828,1,1,1,1151385.0
20180829,1,1,1,1152670.0
20180830,1,1,1,1154875.0
20180831,1,1,1,1156053.0
20180904,1,1,1,1160423.0
20180905,1,1,1,1159803.0
20180906,1,1,1,1159035.0
20180907,1,1,1,1159830.0
20180910,1,1,1,1159698.0
20180911,1,1,1,1159760.0
20180912,1,1,1,1156828.0
20180913,1,1,1,1157168.0
20180914,1,1,1,1159313.0
20180917,1,1,1,1158313.0
20180918,1,1,1,1156805.0
20180919,1,1,1,1155815.0
20180920,1,1,1,1153703.0
20180921,1,1,0,1157190.0
20180924,1,1,0,1156343.0
20180925,1,1,0,1155960.0
20180926,1,1,0,1156673.0
20180927,1,1,0,1156718.0
20180928,1,1,0,1156388.0
20181001,1,1,0,1156400.0
20181002,1,1,0,1155345.0
20181003,1,1,0,1156443.0
20181004,1,1,0,1155160.0
20181005,1,1,0,1154398.0
20181008,1,0,0,1155810.0
20181009,1,0,0,1155520.0
20181010,1,0,0,1155330.0
20181011,0,0,0,1152860.0
20181012,0,0,0,1152860.0
20181015,0,0,0,1152860.0
20181016,0,0,0,1152860.0
20181017,0,0,0,1152860.0
20181018,0,0,0,1152860.0
20181019,0,0,0,1152860.0
20181022,0,0,0,1152860.0
20181023,1,0,0,1152840.0
20181024,1,0,0,1152270.0
20181025,1,0,0,1152400.0
20181026,1,1,0,1152028.0
20181029,1,1,0,1151220.0
20181030,1,1,0,1152903.0
20181031,1,1,1,1151838.0
20181101,1,1,0,1150370.0
20181102,1,1,1,1147058.0
20181105,1,1,1,1147688.0
20181106,1,1,1,1146940.0
20181107,1,1,1,1146975.0
20181108,1,1,0,1146083.0
20181109,0,1,1,1146495.0
20181112,0,1,1,1147340.0
20181113,0,1,1,1147248.0
20181114,0,1,1,1146158.0
20181115,0,1,1,1144330.0
20181116,0,1,1,1142435.0
20181119,0,1,1,1142318.0
20181120,0,1,1,1140425.0
20181121,0,1,1,1139960.0
20181123,0,1,1,1140555.0
20181126,0,1,1,1140470.0
20181127,0,0,1,1139888.0
20181128,0,0,1,1138718.0
20181129,0,0,1,1138983.0
20181130,0,0,1,1139908.0
20181203,0,0,1,1138498.0
20181204,1,0,0,1137743.0
20181205,1,0,0,1137343.0
20181206,1,0,0,1137443.0
20181207,1,0,0,1138343.0
20181210,1,0,0,1138023.0
20181211,1,0,1,1137193.0
20181212,1,0,1,1138588.0
20181213,1,0,1,1138348.0
20181214,1,0,1,1136658.0
20181217,1,0,1,1138308.0
20181218,1,1,1,1139273.0
20181219,1,1,1,1138850.0
20181220,1,1,1,1140743.0
20181221,1,1,1,1139490.0
20181224,1,1,1,1141775.0
20181226,1,1,1,1142435.0
20181227,1,1,1,1144980.0
20181228,1,1,1,1145463.0
20181231,1,1,1,1147075.0
20190102,1,1,1,1148100.0
20190103,1,1,1,1151285.0
20190104,1,1,1,1148343.0
20190107,1,1,1,1148865.0
20190108,1,1,1,1147775.0
20190109,1,1,1,1148470.0
20190110,1,1,1,1148038.0
20190111,1,1,1,1147700.0
20190114,1,1,1,1148705.0
20190115,1,1,1,1148098.0
20190116,1,1,1,1147753.0
20190117,1,0,1,1146755.0
20190118,1,0,0,1145680.0
20190122,0,0,0,1145220.0
20190123,0,0,0,1145220.0
20190124,0,0,0,1145220.0
20190125,1,0,0,1144980.0
20190128,1,0,0,1145480.0
20190129,1,0,0,1146070.0
20190130,1,0,1,1145935.0
20190131,1,0,1,1147630.0
20190201,1,0,1,1146615.0
20190204,1,0,1,1146110.0
20190205,1,0,1,1145850.0
20190206,1,0,1,1144695.0
20190207,1,0,1,1144735.0
20190208,1,0,1,1145645.0
20190211,1,0,1,1144390.0
20190212,1,0,1,1144600.0
20190213,1,0,1,1144520.0
20190214,1,0,0,1143675.0
20190215,1,0,0,1144495.0
20190219,1,1,0,1147165.0
20190220,1,1,0,1148613.0
20190221,1,1,0,1146028.0
20190222,1,1,0,1147890.0
20190225,1,1,0,1147398.0
20190226,1,1,0,1147335.0
20190227,1,1,0,1146905.0
20190228,1,1,0,1146033.0
20190301,1,1,1,1146433.0
20190304,1,1,1,1147783.0
20190305,1,1,1,1148675.0
20190306,1,1,1,1148110.0
20190307,1,1,1,1148285.0
20190308,1,1,1,1144995.0
20190311,1,1,1,1146378.0
20190312,1,1,1,1145670.0
20190313,1,1,1,1144510.0
20190314,1,1,1,1146255.0
20190315,1,1,1,1145073.0
20190318,1,1,1,1145298.0
20190319,1,1,1,1144898.0
20190320,0,1,0,1143413.0
20190321,0,1,0,1143038.0
20190322,0,0,0,1142238.0
20190325,0,0,0,1142238.0
20190326,0,0,0,1142238.0
20190327,0,0,0,1142238.0
20190328,0,0,1,1142273.0
20190329,0,0,1,1141588.0
20190401,0,1,1,1140318.0
20190402,0,1,1,1140033.0
20190403,0,1,1,1140903.0
20190404,1,1,1,1139310.0
20190405,1,0,1,1138645.0
20190408,1,0,1,1137365.0
20190409,1,0,1,1136750.0
20190410,0,0,1,1136225.0
20190411,0,0,1,1138110.0
20190412,0,0,1,1137630.0
20190415,0,0,1,1137570.0
20190416,1,0,1,1138630.0
20190417,1,1,1,1138013.0
20190418,1,1,1,1136825.0
20190422,1,0,1,1136103.0
20190423,1,0,1,1137463.0
20190424,1,0,1,1136218.0
20190425,1,0,1,1136373.0
20190426,1,0,1,1134823.0
20190429,1,0,1,1136328.0
20190430,1,0,1,1135653.0
20190501,1,1,1,1138578.0
20190502,1,1,1,1140908.0
20190503,1,1,1,1137185.0
20190506,1,1,1,1136928.0
20190507,1,1,1,1137853.0
20190508,0,1,1,1137908.0
20190509,0,1,1,1138428.0
20190510,0,1,1,1138268.0
20190513,0,1,1,1139720.0
20190514,1,1,1,1138945.0
20190515,1,1,1,1138645.0
20190516,1,1,1,1138725.0
20190517,0,1,1,1138868.0
20190520,0,1,1,1138895.0
20190521,0,1,1,1139345.0
20190522,0,1,1,1140075.0
20190523,0,1,1,1139193.0
20190524,0,1,1,1139008.0
20190528,0,1,1,1140270.0
20190529,0,1,1,1140615.0
20190530,0,1,1,1140465.0
20190531,1,1,1,1140575.0
20190603,1,1,1,1141140.0
20190604,1,1,0,1140545.0
20190605,1,1,0,1142185.0
20190606,1,1,0,1142408.0
20190607,1,1,0,1143323.0
20190610,1,1,0,1140793.0
20190611,1,1,0,1140733.0
20190612,1,1,0,1141730.0
20190613,1,1,0,1142358.0
20190614,1,1,0,1143113.0
20190617,1,1,0,1142528.0
20190618,1,0,0,1141908.0
20190619,1,0,0,1141718.0
20190620,1,0,1,1147008.0
20190621,1,0,1,1146318.0
20190624,1,0,1,1148563.0
20190625,1,0,1,1148228.0
20190626,1,0,1,1147858.0
20190627,1,0,1,1147113.0
20190628,1,0,1,1147518.0
20190701,1,0,1,1144338.0
20190702,1,0,1,1146433.0
20190703,1,0,1,1148213.0
20190705,1,0,0,1144648.0
20190708,1,0,0,1144638.0
20190709,1,0,0,1144688.0
20190710,1,0,0,1145888.0
20190711,1,0,0,1145308.0
20190712,1,0,0,1145858.0
20190715,1,0,0,1145988.0
20190716,1,0,1,1145933.0
20190717,1,0,1,1148608.0
20190718,1,0,1,1150223.0
20190719,1,1,1,1149943.0
20190722,1,1,1,1150280.0
20190723,1,1,1,1149535.0
20190724,1,1,1,1150775.0
20190725,1,1,1,1148598.0
20190726,1,1,1,1148525.0
20190729,1,1,1,1149663.0
20190730,1,0,1,1150203.0
20190731,1,0,1,1149038.0
20190801,0,0,1,1145543.0
20190802,0,1,1,1146993.0
20190805,1,1,1,1149205.0
20190806,1,1,1,1149898.0
20190807,1,1,1,1156855.0
20190808,1,1,1,1153633.0
20190809,1,1,1,1153970.0
20190812,1,1,1,1155640.0
20190813,1,1,1,1153775.0
20190814,1,1,1,1157570.0
20190815,1,1,1,1157505.0
20190816,1,1,1,1156285.0
20190819,1,1,1,1154013.0
20190820,1,1,1,1156050.0
20190821,1,1,1,1155878.0
20190822,1,1,1,1155303.0
20190823,1,1,1,1160765.0
20190826,1,1,1,1161528.0
20190827,1,1,1,1165448.0
20190828,1,1,1,1165680.0
20190829,1,1,1,1163470.0
20190830,1,1,1,1163465.0
20190903,1,1,1,1171178.0
20190904,1,1,1,1171503.0
20190905,1,0,1,1163950.0
20190906,1,0,1,1159510.0
20190909,1,0,1,1159310.0
20190910,1,0,1,1158215.0
20190911,1,0,1,1158535.0
20190912,1,0,1,1158990.0
20190913,1,0,0,1156565.0
20190916,1,0,0,1157765.0
20190917,1,0,0,1157955.0
20190918,0,0,0,1155815.0
20190919,0,0,0,1155815.0
20190920,0,0,0,1155815.0
20190923,0,0,0,1155815.0
20190924,0,0,0,1155815.0
20190925,0,0,0,1155815.0
20190926,0,0,0,1155815.0
20190927,0,0,0,1155815.0
20190930,1,0,0,1157585.0
20191001,1,0,0,1155975.0
20191002,1,0,0,1154085.0
20191003,1,0,0,1153495.0
20191004,1,0,0,1153585.0
20191007,1,0,0,1154435.0
20191008,1,0,0,1154485.0
20191009,1,0,0,1153595.0
20191010,1,0,0,1154785.0
20191011,1,0,0,1156005.0
20191014,1,0,0,1155115.0
20191015,1,0,0,1156525.0
20191016,1,0,0,1155475.0
20191017,1,0,0,1155045.0
20191018,1,1,0,1155315.0
20191021,1,1,0,1156178.0
20191022,1,1,0,1155900.0
20191023,1,1,0,1156043.0
20191024,1,1,0,1155055.0
20191025,1,1,1,1154238.0
20191028,0,1,1,1153895.0
20191029,0,1,1,1153883.0
20191030,0,1,1,1153925.0
20191031,0,1,1,1153725.0
20191101,0,1,1,1154025.0
20191104,0,1,1,1154545.0
20191105,0,1,1,1152793.0
20191106,0,1,0,1151240.0
20191107,1,1,1,1154778.0
20191108,1,1,1,1154925.0
20191111,1,1,1,1155160.0
20191112,1,1,1,1155588.0
20191113,1,1,1,1153373.0
20191114,1,0,1,1151488.0
20191115,1,0,1,1152378.0
20191118,1,0,1,1151778.0
20191119,1,0,1,1150948.0
20191120,1,0,1,1150973.0
20191121,1,0,1,1152283.0
20191122,1,0,1,1152608.0
20191125,1,0,1,1153848.0
20191126,1,0,1,1152713.0
20191127,1,0,1,1154038.0
20191129,1,0,1,1152593.0
20191202,1,0,1,1153643.0
20191203,0,1,1,1150750.0
20191204,0,1,0,1149300.0
20191205,0,1,0,1149200.0
20191206,0,1,1,1147160.0
20191209,0,1,1,1147768.0
20191210,0,1,1,1147643.0
20191211,0,1,1,1147508.0
20191212,1,1,1,1145413.0
20191213,1,1,1,1145600.0
20191216,1,1,1,1145788.0
20191217,1,1,1,1146053.0
20191218,1,1,1,1145953.0
20191219,1,1,1,1146348.0
20191220,1,1,0,1145305.0
20191223,1,1,1,1146543.0
20191224,1,1,1,1150398.0
20191226,1,1,1,1152580.0
20191227,1,1,1,1152228.0
20191230,1,1,1,1152668.0
20191231,1,1,1,1151805.0
20200102,1,1,1,1153630.0
20200103,1,0,1,1155635.0
20200106,1,0,1,1157415.0
20200107,1,0,1,1159035.0
20200108,1,0,1,1156495.0
20200109,1,0,1,1154750.0
20200110,1,0,1,1156175.0
20200113,1,1,1,1154780.0
20200114,1,1,0,1153563.0
20200115,1,1,0,1154315.0
20200116,1,1,0,1153490.0
20200117,1,1,0,1154433.0
20200121,1,1,0,1152893.0
20200122,1,0,0,1152535.0
20200123,1,1,0,1154230.0
20200124,1,1,0,1155930.0
20200127,1,1,0,1158668.0
20200128,1,1,0,1158333.0
20200129,1,1,0,1159030.0
20200130,1,1,0,1161100.0
20200131,1,1,0,1161145.0
20200203,1,1,0,1160845.0
20200204,1,1,0,1157280.0
20200205,0,1,0,1156068.0
20200206,0,1,0,1155605.0
20200207,0,1,0,1156605.0
20200210,0,1,0,1156668.0
20200211,0,1,0,1155855.0
20200212,0,1,0,1155430.0
20200213,0,0,0,1154855.0
20200214,0,0,0,1154855.0
20200218,0,0,0,1154855.0
20200219,0,0,1,1154510.0
20200220,1,0,1,1154700.0
20200221,1,0,1,1158585.0
20200224,1,0,1,1163095.0
20200225,1,0,1,1157010.0
20200226,1,0,1,1154550.0
20200227,1,0,0,1153965.0
20200228,0,0,1,1152800.0
20200302,0,0,1,1151390.0
20200303,0,0,1,1149145.0
20200304,0,0,1,1148855.0
20200305,0,0,1,1148120.0
20200306,1,0,1,1146830.0
20200309,1,1,1,1147718.0
20200310,1,1,1,1146398.0
20200311,0,1,1,1145400.0
20200312,1,1,1,1147353.0
20200313,1,1,1,1162450.0
20200316,1,1,1,1175678.0
20200317,1,1,1,1175328.0
20200318,1,1,1,1187795.0
20200319,1,1,1,1184983.0
20200320,1,1,1,1183548.0
20200323,1,1,1,1172643.0
20200324,0,1,1,1159905.0
20200325,0,1,1,1156225.0
20200326,0,1,1,1157860.0
20200327,0,1,1,1158720.0
20200330,0,1,1,1161143.0
20200331,0,1,1,1159210.0
20200401,0,1,1,1161408.0
20200402,0,1,1,1156958.0
20200403,0,1,1,1158408.0
20200406,1,1,0,1153368.0
20200407,1,1,0,1150973.0
20200408,1,1,0,1151345.0
20200409,1,1,0,1158208.0
20200413,1,1,0,1157993.0
20200414,1,1,0,1158068.0
20200415,1,1,0,1156035.0
20200416,1,1,0,1155310.0
20200417,1,0,0,1150470.0
20200420,1,0,0,1151710.0
20200421,1,0,0,1149370.0
20200422,1,0,0,1154420.0
20200423,1,0,0,1155130.0
20200424,1,1,0,1153613.0
20200427,1,1,0,1152758.0
20200428,1,1,0,1152610.0
20200429,1,1,0,1152355.0
20200430,1,1,0,1149773.0
20200501,1,1,0,1149643.0
20200504,1,1,0,1150895.0
20200505,1,1,0,1151125.0
20200506,1,1,0,1149278.0
20200507,1,1,0,1153845.0
20200508,1,1,0,1153293.0
20200511,1,1,0,1151053.0
20200512,1,1,0,1151408.0
20200513,1,1,0,1152043.0
20200514,1,1,1,1154193.0
20200515,1,1,1,1159915.0
20200518,1,1,1,1161553.0
20200519,1,1,1,1165188.0
20200520,1,1,1,1167538.0
20200521,1,1,1,1160483.0
20200522,1,1,1,1162350.0
20200526,1,1,1,1159670.0
20200527,0,1,1,1158208.0
20200528,0,1,1,1160045.0
20200529,0,1,1,1163005.0
20200601,0,1,1,1165770.0
20200602,0,1,1,1163448.0
20200603,1,1,1,1161520.0
20200604,1,1,1,1159825.0
20200605,1,1,1,1163005.0
20200608,1,1,1,1163115.0
20200609,1,1,1,1161778.0
20200610,1,1,1,1163345.0
20200611,1,1,1,1160150.0
20200612,1,1,1,1158703.0
20200615,1,1,0,1158328.0
20200616,1,1,0,1157335.0
20200617,1,1,0,1158050.0
20200618,1,1,0,1158463.0
20200619,0,1,0,1156648.0
20200622,1,1,0,1156885.0
20200623,1,1,0,1158595.0
20200624,1,1,0,1157705.0
20200625,1,1,0,1157568.0
20200626,1,1,0,1158563.0
20200629,1,1,0,1158990.0
20200630,1,1,0,1161820.0
20200701,1,1,0,1159898.0
20200702,1,1,0,1161270.0
20200706,1,1,0,1162270.0
20200707,1,1,0,1164473.0
20200708,1,1,1,1166468.0
20200709,1,1,1,1164155.0
20200710,1,1,1,1165895.0
20200713,1,1,1,1172228.0
20200714,1,1,1,1170305.0
20200715,1,1,1,1170313.0
20200716,1,1,1,1168435.0
20200717,1,1,1,1170435.0
20200720,1,1,1,1173590.0
20200721,1,1,1,1184128.0
20200722,1,1,1,1193345.0
20200723,1,1,1,1195405.0
20200724,1,1,1,1194315.0
20200727,1,1,1,1206045.0
20200728,1,1,1,1206900.0
20200729,1,1,1,1208323.0
20200730,1,1,1,1202413.0
20200731,1,1,1,1207443.0
20200803,1,0,1,1208438.0
20200804,1,0,1,1219963.0
20200805,1,0,1,1227103.0
20200806,1,0,1,1236663.0
20200807,1,0,1,1228223.0
20200810,1,0,1,1237998.0
20200811,0,0,1,1209788.0
20200812,0,0,1,1209438.0
20200813,0,0,1,1218133.0
20200814,0,0,1,1209988.0
20200817,0,0,1,1217878.0
20200818,0,0,1,1219918.0
20200819,0,1,1,1217255.0
20200820,0,1,1,1215078.0
20200821,0,1,1,1211578.0
20200824,0,1,1,1211178.0
20200825,0,1,1,1209695.0
20200826,0,1,1,1216263.0
20200827,0,1,1,1214458.0
20200828,0,1,1,1218143.0
20200831,0,1,1,1223213.0
20200901,0,1,1,1222643.0
20200902,0,1,1,1216193.0
20200903,0,1,1,1212455.0
20200904,0,1,1,1213815.0
20200908,0,1,1,1214285.0
20200909,0,1,1,1215408.0
20200910,0,1,1,1215123.0
20200911,0,1,1,1213978.0
20200914,0,1,1,1217180.0
20200915,0,1,1,1217600.0
20200916,0,1,1,1217610.0
20200917,0,1,1,1215980.0
20200918,0,1,1,1217250.0
20200921,0,1,0,1209405.0
20200922,0,1,0,1210130.0
20200923,0,0,0,1207480.0
20200924,0,1,0,1206555.0
20200925,0,1,0,1206480.0
20200928,0,1,0,1206005.0
20200929,0,1,0,1206005.0
20200930,0,1,0,1204943.0
20201001,0,1,0,1209118.0
20201002,0,1,0,1206318.0
20201005,0,1,0,1206680.0
20201006,0,1,0,1206668.0
20201007,0,1,0,1204930.0
20201008,0,1,0,1204705.0
20201009,0,0,0,1204368.0
20201012,0,0,0,1204368.0
20201013,0,0,0,1204368.0
20201014,0,0,0,1204368.0
20201015,0,0,0,1204368.0
20201016,0,0,0,1204368.0
20201019,0,0,0,1204368.0
20201020,0,1,0,1205030.0
20201021,0,1,0,1206293.0
20201022,0,1,0,1205168.0
20201023,0,1,0,1204555.0
20201026,0,1,0,1203568.0
20201027,0,1,0,1203668.0
20201028,1,1,0,1202710.0
20201029,1,1,0,1203643.0
20201030,1,1,0,1202228.0
20201102,1,0,0,1200818.0
20201103,1,0,0,1199028.0
20201104,1,0,0,1200448.0
20201105,1,0,0,1196848.0
20201106,1,0,1,1197073.0
20201109,1,0,0,1178378.0
20201110,1,0,0,1176178.0
20201111,1,0,0,1177658.0
20201112,1,0,0,1176488.0
20201113,1,0,0,1175198.0
20201116,1,1,0,1175125.0
20201117,1,1,0,1174795.0
20201118,1,1,0,1175915.0
20201119,1,1,0,1177255.0
20201120,1,1,0,1178390.0
20201123,1,1,0,1181025.0
20201124,1,1,0,1185383.0
20201125,1,1,0,1185615.0
20201127,1,1,1,1190555.0
20201130,1,1,1,1192018.0
20201201,1,1,1,1181908.0
20201202,1,1,1,1180928.0
20201203,1,1,1,1179590.0
20201204,1,1,0,1178580.0
20201207,1,1,0,1175780.0
20201208,1,1,0,1174453.0
20201209,1,1,0,1178455.0
20201210,1,1,0,1180128.0
20201211,1,1,0,1178308.0
20201214,1,1,0,1179420.0
20201215,1,1,0,1177550.0
20201216,1,1,1,1176443.0
20201217,1,1,1,1178280.0
20201218,1,1,1,1178165.0
20201221,1,1,1,1177910.0
20201222,1,1,1,1171003.0
20201223,1,1,1,1174613.0
20201224,1,1,1,1175220.0
20201228,1,1,1,1178308.0
20201229,1,1,1,1176560.0
20201230,1,1,1,1179228.0
20201231,1,1,1,1177843.0
20210104,1,1,1,1188640.0
20210105,1,1,1,1192925.0
20210106,1,1,1,1185630.0
20210107,1,1,1,1188363.0
20210108,0,1,0,1172115.0
20210111,1,1,0,1166300.0
20210112,1,1,0,1167985.0
20210113,1,1,0,1167203.0
20210114,1,1,0,1168740.0
20210115,1,1,0,1169328.0
20210119,1,1,1,1164285.0
20210120,1,1,1,1159625.0
20210121,1,1,1,1159395.0
20210122,1,1,1,1161318.0
20210125,1,1,1,1161865.0
20210126,1,1,1,1161775.0
20210127,1,0,1,1161398.0
20210128,1,0,0,1158438.0
20210129,0,0,0,1154698.0
20210201,0,0,1,1159663.0
20210202,0,0,1,1144583.0
20210203,0,0,1,1147018.0
20210204,1,0,0,1145618.0
20210205,1,0,0,1143438.0
20210208,1,0,0,1141318.0
20210209,1,0,0,1140988.0
20210210,1,1,0,1141855.0
20210211,1,1,0,1143420.0
20210212,1,1,0,1144193.0
20210216,1,1,0,1147763.0
20210217,1,1,0,1150045.0
20210218,1,1,0,1151838.0
20210219,1,1,0,1155923.0
20210222,1,1,0,1154498.0
20210223,1,1,0,1155685.0
20210224,1,1,0,1159398.0
20210225,1,1,0,1160635.0
20210226,1,1,0,1161020.0
20210301,1,1,0,1162113.0
20210302,1,1,1,1159303.0
20210303,1,1,1,1161543.0
20210304,1,1,1,1163595.0
20210305,1,1,1,1167110.0
20210308,1,1,1,1169688.0
20210309,1,1,1,1159115.0
20210310,1,1,1,1159490.0
20210311,1,1,1,1161758.0
20210312,1,1,1,1163473.0
20210315,1,1,1,1160660.0
20210316,1,1,1,1160190.0
20210317,0,1,1,1160273.0
20210318,0,1,1,1158533.0
20210319,0,1,1,1158808.0
20210322,0,1,1,1162230.0
20210323,0,1,1,1163440.0
20210324,0,1,1,1163033.0
20210325,0,0,1,1161878.0
20210326,0,0,1,1161543.0
20210329,0,0,1,1163258.0
20210330,0,0,1,1166428.0
20210331,0,0,1,1164453.0
20210401,0,0,1,1162373.0
20210405,0,0,1,1163213.0
20210406,0,0,1,1160978.0
20210407,0,0,1,1160878.0
20210408,0,0,1,1159188.0
20210409,0,0,0,1159463.0
20210412,0,0,0,1159463.0
20210413,0,0,0,1159463.0
20210414,0,0,0,1159463.0
20210415,0,0,0,1159463.0
20210416,0,0,0,1159463.0
20210419,0,0,0,1159463.0
20210420,0,0,0,1159463.0
20210421,0,0,0,1159463.0
20210422,0,0,0,1159463.0
20210423,0,0,0,1159463.0
20210426,0,1,0,1161088.0
20210427,0,1,0,1162263.0
20210428,0,1,0,1162563.0
20210429,0,1,0,1162288.0
20210430,0,1,0,1161825.0
20210503,0,1,0,1163338.0
20210504,0,1,0,1163163.0
20210505,0,1,0,1163225.0
20210506,0,1,0,1165188.0
20210507,1,1,0,1170198.0
20210510,1,1,0,1170015.0
20210511,1,1,0,1171015.0
20210512,1,1,0,1169035.0
20210513,1,1,0,1168018.0
20210514,1,1,0,1168528.0
20210517,1,1,1,1172323.0
20210518,1,1,1,1173008.0
20210519,1,1,1,1169093.0
20210520,1,1,1,1169130.0
20210521,1,1,1,1163530.0
20210524,1,1,1,1167518.0
20210525,1,1,1,1169148.0
20210526,1,1,1,1169158.0
20210527,1,1,1,1172280.0
20210528,1,1,1,1173693.0
20210601,1,1,1,1173503.0
20210602,1,1,1,1172953.0
20210603,1,0,1,1161958.0
20210604,1,0,1,1165923.0
20210607,1,0,1,1167213.0
20210608,1,0,1,1165338.0
20210609,1,0,1,1166803.0
20210610,1,0,1,1167038.0
20210611,1,0,1,1165933.0
20210614,1,0,1,1164028.0
20210615,1,0,1,1161348.0
20210616,0,0,0,1157228.0
20210617,0,0,0,1157228.0
20210618,0,0,0,1157228.0
20210621,0,0,0,1157228.0
20210622,0,0,0,1157228.0
20210623,0,0,0,1157228.0
20210624,0,0,0,1157228.0
20210625,0,0,0,1157228.0
20210628,0,0,0,1157228.0
20210629,0,0,0,1157228.0
20210630,0,0,0,1157228.0
20210701,0,0,0,1157228.0
20210702,0,0,0,1157228.0
20210706,0,0,0,1157228.0
20210707,0,0,0,1157228.0
20210708,0,0,0,1157228.0
20210709,0,0,0,1157228.0
20210712,0,0,0,1157228.0
20210713,0,0,0,1157228.0
20210714,0,0,0,1157228.0
20210715,0,0,0,1157228.0
20210716,0,0,0,1157228.0
20210719,0,0,1,1159383.0
20210720,0,0,1,1160128.0
20210721,0,0,1,1158828.0
20210722,0,0,1,1158198.0
20210723,0,0,1,1158938.0
20210726,0,0,1,1158513.0
20210727,0,0,1,1161858.0
20210728,0,0,1,1160718.0
20210729,0,0,1,1156193.0
20210730,0,0,1,1157368.0
20210802,0,0,1,1157228.0
20210803,0,0,1,1157193.0
20210804,0,0,1,1157798.0
20210805,0,0,1,1158643.0
20210806,0,0,1,1163473.0
20210809,1,0,1,1171528.0
20210810,1,0,1,1170393.0
20210811,1,0,1,1167753.0
20210812,1,0,1,1169763.0
20210813,1,0,1,1163808.0
20210816,1,0,1,1162588.0
20210817,1,0,1,1163448.0
20210818,1,1,1,1166823.0
20210819,1,1,1,1169888.0
20210820,1,1,1,1167988.0
20210823,0,1,1,1161038.0
20210824,0,1,1,1159323.0
20210825,0,1,1,1159680.0
20210826,0,1,1,1161305.0
20210827,0,1,1,1156923.0
20210830,0,0,1,1155605.0
20210831,0,0,1,1155605.0
20210901,0,0,1,1154530.0
20210902,0,0,1,1156045.0
20210903,1,0,1,1152335.0
20210907,1,0,1,1150960.0
20210908,1,0,1,1152045.0
20210909,1,0,1,1152090.0
20210910,1,1,1,1152898.0
20210913,1,1,1,1151523.0
20210914,0,1,1,1148788.0
20210915,0,1,1,1151345.0
20210916,1,1,1,1155035.0
20210917,1,0,1,1157088.0
20210920,1,0,1,1156513.0
20210921,1,1,1,1151200.0
20210922,1,0,1,1145998.0
20210923,1,0,1,1150038.0
20210924,1,0,1,1151118.0
20210927,1,0,1,1149743.0
20210928,1,0,1,1152328.0
20210929,1,0,1,1158698.0
20210930,1,0,1,1152478.0
20211001,1,0,1,1149893.0
20211004,1,0,1,1148433.0
20211005,1,0,1,1149283.0
20211006,1,0,1,1149573.0
20211007,1,0,1,1149203.0
20211008,0,0,1,1147168.0
20211011,0,0,1,1147368.0
20211012,0,0,1,1148123.0
20211013,0,1,1,1147168.0
20211014,0,1,1,1148520.0
20211015,1,1,1,1148690.0
20211018,1,1,1,1148755.0
20211019,1,1,1,1147908.0
20211020,1,1,1,1152945.0
20211021,1,1,1,1146870.0
20211022,1,1,1,1148193.0
20211025,1,1,1,1150708.0
20211026,1,1,1,1145798.0
20211027,1,1,1,1144440.0
20211028,1,1,1,1145690.0
20211029,1,0,1,1141065.0
20211101,1,0,1,1142875.0
20211102,1,0,1,1139405.0
20211103,0,0,0,1135335.0
20211104,0,0,0,1135335.0
20211105,1,0,0,1135455.0
20211108,1,0,0,1136575.0
20211109,1,0,0,1136855.0
20211110,1,0,1,1137840.0
20211111,1,0,1,1142045.0
20211112,1,0,1,1142730.0
20211115,1,0,1,1141335.0
20211116,1,0,1,1139280.0
20211117,1,1,1,1142293.0
20211118,1,1,1,1139115.0
20211119,1,1,1,1134965.0
20211122,1,1,1,1128290.0
20211123,0,1,0,1126385.0
20211124,0,0,0,1124735.0
20211126,0,0,1,1124460.0
20211129,0,0,1,1125875.0
20211130,0,0,1,1126060.0
20211201,0,0,1,1128440.0
20211202,0,0,1,1128555.0
20211203,0,0,1,1127730.0
20211206,0,0,1,1128820.0
20211207,0,0,1,1127520.0
20211208,0,0,1,1127975.0
20211209,0,0,1,1130070.0
20211210,0,0,1,1129160.0
20211213,0,0,1,1128495.0
20211214,0,0,1,1130515.0
20211215,1,1,1,1132670.0
20211216,0,1,1,1121790.0
20211217,0,1,0,1121253.0
20211220,0,1,0,1121290.0
20211221,0,1,0,1119978.0
20211222,0,1,0,1118840.0
20211223,0,0,0,1118665.0
20211227,0,0,0,1118665.0
20211228,1,1,0,1116978.0
20211229,1,1,0,1115968.0
20211230,1,1,0,1116285.0
20211231,1,1,0,1119510.0
20220103,1,1,0,1115610.0
20220104,1,1,0,1118398.0
20220105,1,1,0,1117910.0
20220106,1,1,0,1112845.0
20220107,0,1,0,1113883.0
20220110,0,1,0,1112433.0
20220111,0,1,0,1114358.0
20220112,0,1,0,1118045.0
20220113,0,1,0,1117283.0
20220114,0,1,0,1114145.0
20220118,0,1,0,1113195.0
20220119,1,1,0,1116393.0
20220120,1,1,0,1119145.0
20220121,1,1,0,1116603.0
20220124,1,1,0,1114805.0
20220125,1,1,0,1116823.0
20220126,1,1,0,1116168.0
20220127,0,1,0,1110870.0
20220128,1,1,0,1107873.0
20220131,1,1,0,1106530.0
20220201,1,1,0,1103283.0
20220202,1,1,0,1100853.0
20220203,1,1,0,1102098.0
20220204,1,1,0,1101315.0
20220207,1,1,0,1100540.0
20220208,0,1,0,1099938.0
20220209,0,1,0,1096450.0
20220210,0,1,0,1097875.0
20220211,1,1,0,1092588.0
20220214,1,1,0,1095355.0
20220215,1,1,0,1094635.0
20220216,1,1,0,1096290.0
20220217,1,1,0,1099003.0
20220218,1,1,0,1098695.0
20220222,1,1,0,1099230.0
20220223,1,1,1,1099808.0
20220224,1,1,1,1101270.0
20220225,1,1,1,1094535.0
20220228,1,1,1,1096828.0
20220301,1,1,1,1110563.0
20220302,1,1,1,1108383.0
20220303,1,1,1,1112753.0
20220304,1,1,1,1122608.0
20220307,1,1,1,1120030.0
20220308,1,1,1,1130120.0
20220309,1,1,1,1115778.0
20220310,1,1,1,1121198.0
20220311,1,1,1,1118503.0
20220314,1,1,1,1109210.0
20220315,1,1,1,1105150.0
20220316,0,1,1,1102418.0
20220317,0,1,1,1109485.0
20220318,0,1,1,1107778.0
20220321,0,1,1,1108183.0
20220322,0,1,1,1105875.0
20220323,0,1,1,1109213.0
20220324,0,1,1,1112018.0
20220325,0,1,1,1109393.0
20220328,0,1,1,1107973.0
20220329,0,1,0,1104855.0
20220330,0,1,0,1105343.0
20220331,0,1,0,1105355.0
