-----------------------------------------
Sys Name : PythonTurt_1R
Mkt Symb : C_ Mkt Name : Corn
20100104   TurtSys1:B  1 471.25000       0.00       0.00
20100112  TurtSys1-Lx  1 452.50000    -937.50    -937.50
20100113   TurtSys2:S  1 427.50000       0.00       0.00
20100222  TurtSys2:Sx  1 425.25000     112.50    -825.00
20100325   TurtSys2:S  1 399.50000       0.00       0.00
20100429  TurtSys2:Sx  1 406.50000    -350.00   -1175.00
20100602   TurtSys2:S  1 384.50000       0.00       0.00
20100706  TurtSys2:Sx  1 400.25000    -787.50   -1962.50
20100706   TurtSys1:B  1 400.25000       0.00       0.00
20100723  TurtSys1-Lx  1 397.50000    -137.50   -2100.00
20100802   TurtSys2:B  1 422.50000       0.00       0.00
20101112  TurtSys2:Lx  1 572.50000    7500.00    5400.00
20101228   TurtSys2:B  1 613.75000       0.00       0.00
20110311  TurtSys2:Lx  1 667.50000    2687.50    8087.50
20110311   TurtSys1:S  1 649.75000       0.00       0.00
20110325  TurtSys1:Sx  1 686.75000   -1850.00    6237.50
20110404   TurtSys2:B  1 725.75000       0.00       0.00
20110503  TurtSys2:Lx  1 698.75000   -1350.00    4887.50
20110609   TurtSys2:B  1 767.50000       0.00       0.00
20110615    Turt2N:Lx  1 721.75000   -2287.50    2600.00
20110617   TurtSys1:S  1 677.75000       0.00       0.00
20110714  TurtSys1:Sx  1 692.00000    -712.50    1887.50
20110928   TurtSys2:S  1 615.25000       0.00       0.00
20111109  TurtSys2:Sx  1 651.25000   -1800.00      87.50
20111215   TurtSys2:S  1 557.50000       0.00       0.00
20111221    Turt2N:Sx  1 589.75000   -1612.50   -1525.00
20120315   TurtSys2:B  1 642.50000       0.00       0.00
20120321    Turt2N:Lx  1 616.25000   -1312.50   -2837.50
20120327   TurtSys1:S  1 605.75000       0.00       0.00
20120402    Turt2N:Sx  1 632.25000   -1325.00   -4162.50
20120418   TurtSys1:S  1 577.00000       0.00       0.00
20120424    Turt2N:Sx  1 605.25000   -1412.50   -5575.00
20120518   TurtSys1:B  1 636.75000       0.00       0.00
20120522    Turt2N:Lx  1 604.50000   -1612.50   -7187.50
20120529   TurtSys1:S  1 573.75000       0.00       0.00
20120614  TurtSys1:Sx  1 607.50000   -1687.50   -8875.00
20120626   TurtSys2:B  1 646.50000       0.00       0.00
20120910  TurtSys2:Lx  1 809.25000    8137.50    -737.50
20121219   TurtSys2:S  1 731.75000       0.00       0.00
20130116  TurtSys2:Sx  1 752.50000   -1037.50   -1775.00
20130401   TurtSys1:S  1 704.50000       0.00       0.00
20130429  TurtSys1:Sx  1 691.00000     675.00   -1100.00
20130523   TurtSys1:B  1 715.50000       0.00       0.00
20130613  TurtSys1-Lx  1 689.75000   -1287.50   -2387.50
20130618   TurtSys2:B  1 721.00000       0.00       0.00
20130628    Turt2N:Lx  1 689.50000   -1575.00   -3962.50
20130628   TurtSys1:S  1 686.50000       0.00       0.00
20130819  TurtSys1:Sx  1 616.00000    3525.00    -437.50
20131001   TurtSys2:S  1 580.00000       0.00       0.00
20140203  TurtSys2:Sx  1 569.50000     525.00      87.50
20140205   TurtSys2:B  1 574.75000       0.00       0.00
20140515  TurtSys2:Lx  1 618.00000    2162.50    2250.00
20140527   TurtSys2:S  1 594.75000       0.00       0.00
20141014  TurtSys2:Sx  1 469.50000    6262.50    8512.50
20141030   TurtSys2:B  1 498.00000       0.00       0.00
20141105    Turt2N:Lx  1 479.25000    -937.50    7575.00
20141112   TurtSys2:B  1 500.00000       0.00       0.00
20150113  TurtSys2:Lx  1 497.00000    -150.00    7425.00
20150129   TurtSys2:S  1 479.25000       0.00       0.00
20150209    Turt2N:Sx  1 497.25000    -900.00    6525.00
20150317   TurtSys2:S  1 471.25000       0.00       0.00
20150323    Turt2N:Sx  1 487.00000    -787.50    5737.50
20150331   TurtSys1:B  1 495.00000       0.00       0.00
20150401    Turt2N:Lx  1 474.75000   -1012.50    4725.00
20150422   TurtSys1:S  1 467.50000       0.00       0.00
20150515  TurtSys1:Sx  1 464.00000     175.00    4900.00
20150526   TurtSys2:S  1 449.25000       0.00       0.00
20150623  TurtSys2:Sx  1 462.50000    -662.50    4237.50
20150623   TurtSys1:B  1 462.50000       0.00       0.00
20150720  TurtSys1-Lx  1 502.25000    1987.50    6225.00
20150812   TurtSys2:S  1 440.25000       0.00       0.00
20150825    Turt2N:Sx  1 460.75000   -1025.00    5200.00
20151110   TurtSys2:S  1 436.25000       0.00       0.00
20151204    Turt2N:Sx  1 450.25000    -700.00    4500.00
20151217   TurtSys2:S  1 431.75000       0.00       0.00
20151218    Turt2N:Sx  1 444.25000    -625.00    3875.00
20151228   TurtSys1:S  1 431.25000       0.00       0.00
20160119  TurtSys1:Sx  1 433.00000     -87.50    3787.50
20160331   TurtSys2:S  1 418.25000       0.00       0.00
20160412    Turt2N:Sx  1 427.25000    -450.00    3337.50
20160413   TurtSys1:B  1 438.50000       0.00       0.00
20160505  TurtSys1-Lx  1 432.50000    -300.00    3037.50
20160526   TurtSys2:B  1 466.50000       0.00       0.00
20160623  TurtSys2:Lx  1 451.25000    -762.50    2275.00
20160630   TurtSys2:S  1 420.75000       0.00       0.00
20161003  TurtSys2:Sx  1 390.00000    1537.50    3812.50
20161003   TurtSys1:B  1 390.00000       0.00       0.00
20161102  TurtSys1-Lx  1 392.50000     125.00    3937.50
20161213   TurtSys1:B  1 401.75000       0.00       0.00
20161220    Turt2N:Lx  1 388.25000    -675.00    3262.50
20170117   TurtSys1:B  1 400.75000       0.00       0.00
20170224  TurtSys1-Lx  1 403.00000     112.50    3375.00
20170324   TurtSys2:S  1 387.50000       0.00       0.00
20170403    Turt2N:Sx  1 398.50000    -550.00    2825.00
20170606   TurtSys1:B  1 401.50000       0.00       0.00
20170620  TurtSys1-Lx  1 393.50000    -400.00    2425.00
20170623   TurtSys2:S  1 384.50000       0.00       0.00
20170703    Turt2N:Sx  1 399.25000    -737.50    1687.50
20170710   TurtSys1:B  1 415.75000       0.00       0.00
20170712    Turt2N:Lx  1 400.50000    -762.50     925.00
20170801   TurtSys1:S  1 381.00000       0.00       0.00
20170929  TurtSys1:Sx  1 356.75000    1212.50    2137.50
20171012   TurtSys2:S  1 344.25000       0.00       0.00
20171025    Turt2N:Sx  1 354.75000    -525.00    1612.50
20171109   TurtSys2:S  1 342.50000       0.00       0.00
20180124  TurtSys2:Sx  1 342.25000      12.50    1625.00
20180124   TurtSys1:B  1 342.25000       0.00       0.00
20180319  TurtSys1-Lx  1 361.00000     937.50    2562.50
20180430   TurtSys1:B  1 371.75000       0.00       0.00
20180530  TurtSys1-Lx  1 363.75000    -400.00    2162.50
20180606   TurtSys2:S  1 348.00000       0.00       0.00
20180726  TurtSys2:Sx  1 326.50000    1075.00    3237.50
20180912   TurtSys2:S  1 298.00000       0.00       0.00
20180926    Turt2N:Sx  1 310.50000    -625.00    2612.50
20181212   TurtSys1:B  1 320.75000       0.00       0.00
20181220  TurtSys1-Lx  1 313.50000    -362.50    2250.00
20190219   TurtSys1:S  1 305.25000       0.00       0.00
20190321  TurtSys1:Sx  1 301.00000     212.50    2462.50
20190329   TurtSys2:S  1 285.00000       0.00       0.00
20190515  TurtSys2:Sx  1 288.75000    -187.50    2275.00
20190515   TurtSys1:B  1 288.75000       0.00       0.00
20190628  TurtSys1-Lx  1 343.75000    2750.00    5025.00
20190812   TurtSys2:S  1 296.00000       0.00       0.00
20190925  TurtSys2:Sx  1 277.00000     950.00    5975.00
20191211   TurtSys2:S  1 261.75000       0.00       0.00
20191213    Turt2N:Sx  1 272.75000    -550.00    5425.00
20200123   TurtSys1:B  1 281.25000       0.00       0.00
20200127    Turt2N:Lx  1 270.25000    -550.00    4875.00
20200224   TurtSys1:S  1 264.75000       0.00       0.00
20200512  TurtSys1:Sx  1 201.00000    3187.50    8062.50
20200630   TurtSys1:B  1 212.25000       0.00       0.00
20200714    Turt2N:Lx  1 199.75000    -625.00    7437.50
20200729   TurtSys1:S  1 191.25000       0.00       0.00
20200813  TurtSys1:Sx  1 195.75000    -225.00    7212.50
20200911   TurtSys2:B  1 229.25000       0.00       0.00
20210525  TurtSys2:Lx  1 528.50000   14962.50   22175.00
20210701   TurtSys1:B  1 613.50000       0.00       0.00
20210706    Turt2N:Lx  1 560.75000   -2637.50   19537.50
20210709   TurtSys1:S  1 525.00000       0.00       0.00
20210720    Turt2N:Sx  1 578.00000   -2650.00   16887.50
20210812   TurtSys1:B  1 581.25000       0.00       0.00
20210820  TurtSys1-Lx  1 545.75000   -1775.00   15112.50
20210901   TurtSys2:S  1 522.50000       0.00       0.00
20210930  TurtSys2:Sx  1 549.75000   -1362.50   13750.00
20211027   TurtSys1:B  1 552.75000       0.00       0.00
20211130  TurtSys1-Lx  1 570.00000     862.50   14612.50
20211215   TurtSys2:B  1 593.25000       0.00       0.00
20220331   Lx-EOFData  1 749.50000    7812.50   22425.00
-----------------------------------------
Sys Name : PythonTurt_1R
Mkt Symb : S_ Mkt Name : SoyBean
20100112   TurtSys1:S  1 702.25000       0.00       0.00
20100211  TurtSys1:Sx  1 656.50000    2287.50    2287.50
20100415   TurtSys1:B  1 679.00000       0.00       0.00
20100504  TurtSys1-Lx  1 673.25000    -287.50    2000.00
20100520   TurtSys2:S  1 622.75000       0.00       0.00
20100616  TurtSys2:Sx  1 650.00000   -1362.50     637.50
20100712   TurtSys2:B  1 711.00000       0.00       0.00
20101117  TurtSys2:Lx  1 946.50000   11775.00   12412.50
20101215   TurtSys1:B  1 1033.00000       0.00       0.00
20110215  TurtSys1-Lx  1 1109.50000    3825.00   16237.50
20110315   TurtSys2:S  1 999.75000       0.00       0.00
20110318    Turt2N:Sx  1 1066.50000   -3337.50   12900.00
20110331   TurtSys1:B  1 1130.50000       0.00       0.00
20110412    Turt2N:Lx  1 1065.50000   -3250.00    9650.00
20110505   TurtSys1:S  1 1022.00000       0.00       0.00
20110518    Turt2N:Sx  1 1084.25000   -3112.50    6537.50
20110602   TurtSys1:B  1 1101.00000       0.00       0.00
20110614  TurtSys1-Lx  1 1068.75000   -1612.50    4925.00
20110623   TurtSys2:S  1 1008.75000       0.00       0.00
20110711    Turt2N:Sx  1 1060.25000   -2575.00    2350.00
20110809   TurtSys2:S  1 995.00000       0.00       0.00
20110811    Turt2N:Sx  1 1042.75000   -2387.50     -37.50
20110823   TurtSys1:B  1 1097.50000       0.00       0.00
20110913  TurtSys1-Lx  1 1091.50000    -300.00    -337.50
20110922   TurtSys2:S  1 987.25000       0.00       0.00
20111222  TurtSys2:Sx  1 855.25000    6600.00    6262.50
20120209   TurtSys2:B  1 932.00000       0.00       0.00
20120514  TurtSys2:Lx  1 1089.00000    7850.00   14112.50
20120601   TurtSys2:S  1 1010.75000       0.00       0.00
20120606    Turt2N:Sx  1 1066.75000   -2800.00   11312.50
20120702   TurtSys2:B  1 1195.75000       0.00       0.00
20120920  TurtSys2:Lx  1 1421.25000   11275.00   22587.50
20121003   TurtSys2:S  1 1312.50000       0.00       0.00
20121217  TurtSys2:Sx  1 1287.00000    1275.00   23862.50
20130102   TurtSys1:S  1 1191.00000       0.00       0.00
20130115  TurtSys1:Sx  1 1229.75000   -1937.50   21925.00
20130222   TurtSys1:B  1 1292.75000       0.00       0.00
20130225    Turt2N:Lx  1 1241.25000   -2575.00   19350.00
20130328   TurtSys1:S  1 1213.25000       0.00       0.00
20130415  TurtSys1:Sx  1 1223.50000    -512.50   18837.50
20130517   TurtSys2:B  1 1295.50000       0.00       0.00
20130701  TurtSys2:Lx  1 1347.00000    2575.00   21412.50
20130807   TurtSys2:S  1 1275.00000       0.00       0.00
20130812    Turt2N:Sx  1 1324.00000   -2450.00   18962.50
20130821   TurtSys2:B  1 1420.75000       0.00       0.00
20130930  TurtSys2:Lx  1 1413.50000    -362.50   18600.00
20131105   TurtSys2:S  1 1361.75000       0.00       0.00
20131108    Turt2N:Sx  1 1401.50000   -1987.50   16612.50
20131112   TurtSys1:B  1 1427.50000       0.00       0.00
20131119    Turt2N:Lx  1 1387.75000   -1987.50   14625.00
20131122   TurtSys1:B  1 1433.50000       0.00       0.00
20131231  TurtSys1-Lx  1 1423.75000    -487.50   14137.50
20140206   TurtSys1:B  1 1456.00000       0.00       0.00
20140501  TurtSys1-Lx  1 1600.75000    7237.50   21375.00
20140522   TurtSys2:B  1 1669.00000       0.00       0.00
20140605    Turt2N:Lx  1 1614.50000   -2725.00   18650.00
20140613   TurtSys2:S  1 1552.75000       0.00       0.00
20141022  TurtSys2:Sx  1 1314.75000   11900.00   30550.00
20141111   TurtSys2:B  1 1380.00000       0.00       0.00
20141202    Turt2N:Lx  1 1322.50000   -2875.00   27675.00
20141229   TurtSys1:B  1 1381.00000       0.00       0.00
20150102    Turt2N:Lx  1 1335.50000   -2275.00   25400.00
20150113   TurtSys1:S  1 1320.00000       0.00       0.00
20150203  TurtSys1:Sx  1 1310.25000     487.50   25887.50
20150317   TurtSys2:S  1 1268.75000       0.00       0.00
20150402    Turt2N:Sx  1 1303.75000   -1750.00   24137.50
20150409   TurtSys2:S  1 1262.25000       0.00       0.00
20150423    Turt2N:Sx  1 1294.00000   -1587.50   22550.00
20150514   TurtSys1:S  1 1266.00000       0.00       0.00
20150605  TurtSys1:Sx  1 1258.75000     362.50   22912.50
20150623   TurtSys2:B  1 1306.50000       0.00       0.00
20150727  TurtSys2:Lx  1 1293.75000    -637.50   22275.00
20150819   TurtSys2:S  1 1232.50000       0.00       0.00
20150930  TurtSys2:Sx  1 1228.50000     200.00   22475.00
20151110   TurtSys2:S  1 1186.75000       0.00       0.00
20151130    Turt2N:Sx  1 1214.25000   -1375.00   21100.00
20160311   TurtSys1:B  1 1225.75000       0.00       0.00
20160622  TurtSys1-Lx  1 1452.00000   11312.50   32412.50
20160722   TurtSys2:S  1 1332.00000       0.00       0.00
20160822  TurtSys2:Sx  1 1369.75000   -1887.50   30525.00
20160831   TurtSys1:S  1 1294.75000       0.00       0.00
20160920  TurtSys1:Sx  1 1342.25000   -2375.00   28150.00
20160927   TurtSys2:S  1 1288.75000       0.00       0.00
20161017    Turt2N:Sx  1 1330.25000   -2075.00   26075.00
20161122   TurtSys2:B  1 1372.25000       0.00       0.00
20161222  TurtSys2:Lx  1 1344.75000   -1375.00   24700.00
20170117   TurtSys2:B  1 1406.25000       0.00       0.00
20170130    Turt2N:Lx  1 1370.25000   -1800.00   22900.00
20170310   TurtSys2:S  1 1324.00000       0.00       0.00
20170502  TurtSys2:Sx  1 1287.25000    1837.50   24737.50
20170525   TurtSys2:S  1 1250.00000       0.00       0.00
20170630  TurtSys2:Sx  1 1257.75000    -387.50   24350.00
20170630   TurtSys1:B  1 1257.75000       0.00       0.00
20170801  TurtSys1-Lx  1 1288.00000    1512.50   25862.50
20171205   TurtSys2:B  1 1307.25000       0.00       0.00
20171207    Turt2N:Lx  1 1285.50000   -1087.50   24775.00
20171214   TurtSys1:S  1 1259.25000       0.00       0.00
20180105  TurtSys1:Sx  1 1257.50000      87.50   24862.50
20180110   TurtSys2:S  1 1235.75000       0.00       0.00
20180119    Turt2N:Sx  1 1256.75000   -1050.00   23812.50
20180119   TurtSys1:B  1 1263.25000       0.00       0.00
20180205  TurtSys1-Lx  1 1253.00000    -512.50   23300.00
20180216   TurtSys2:B  1 1307.75000       0.00       0.00
20180319  TurtSys2:Lx  1 1296.75000    -550.00   22750.00
20180413   TurtSys1:B  1 1334.25000       0.00       0.00
20180423    Turt2N:Lx  1 1297.00000   -1862.50   20887.50
20180507   TurtSys1:S  1 1272.75000       0.00       0.00
20180523  TurtSys1:Sx  1 1292.25000    -975.00   19912.50
20180607   TurtSys2:S  1 1250.50000       0.00       0.00
20180731  TurtSys2:Sx  1 1137.25000    5662.50   25575.00
20180912   TurtSys2:S  1 1064.00000       0.00       0.00
20180927  TurtSys2:Sx  1 1096.25000   -1612.50   23962.50
20181203   TurtSys1:B  1 1145.00000       0.00       0.00
20181220  TurtSys1-Lx  1 1122.00000   -1150.00   22812.50
20190308   TurtSys2:S  1 1092.50000       0.00       0.00
20190529  TurtSys2:Sx  1 1058.75000    1687.50   24500.00
20190618   TurtSys2:B  1 1106.50000       0.00       0.00
20190627    Turt2N:Lx  1 1073.75000   -1637.50   22862.50
20190828   TurtSys2:S  1 1016.75000       0.00       0.00
20190912    Turt2N:Sx  1 1046.00000   -1462.50   21400.00
20191009   TurtSys2:B  1 1084.75000       0.00       0.00
20191111  TurtSys2:Lx  1 1072.50000    -612.50   20787.50
20191129   TurtSys2:S  1 1026.25000       0.00       0.00
20191209    Turt2N:Sx  1 1047.00000   -1037.50   19750.00
20200130   TurtSys2:S  1 1015.00000       0.00       0.00
20200213    Turt2N:Sx  1 1037.25000   -1112.50   18637.50
20200309   TurtSys1:S  1 1007.75000       0.00       0.00
20200324  TurtSys1:Sx  1 1015.00000    -362.50   18275.00
20200421   TurtSys2:S  1 950.50000       0.00       0.00
20200511    Turt2N:Sx  1 979.25000   -1437.50   16837.50
20200630   TurtSys2:B  1 1003.00000       0.00       0.00
20200807  TurtSys2:Lx  1 999.25000    -187.50   16650.00
20200817   TurtSys1:B  1 1027.25000       0.00       0.00
20201202  TurtSys1-Lx  1 1272.75000   12275.00   28925.00
20201217   TurtSys2:B  1 1329.25000       0.00       0.00
20210330  TurtSys2:Lx  1 1514.25000    9250.00   38175.00
20210331   TurtSys1:S  1 1493.25000       0.00       0.00
20210401    Turt2N:Sx  1 1568.50000   -3762.50   34412.50
20210420   TurtSys1:B  1 1581.00000       0.00       0.00
20210520  TurtSys1-Lx  1 1686.75000    5287.50   39700.00
20210614   TurtSys1:S  1 1643.75000       0.00       0.00
20210701  TurtSys1:Sx  1 1630.00000     687.50   40387.50
20210909   TurtSys2:S  1 1480.25000       0.00       0.00
20211117  TurtSys2:Sx  1 1471.75000     425.00   40812.50
20211117   TurtSys1:B  1 1471.75000       0.00       0.00
20211130    Turt2N:Lx  1 1426.25000   -2275.00   38537.50
20211217   TurtSys1:B  1 1494.75000       0.00       0.00
20220329  TurtSys1-Lx  1 1838.25000   17175.00   55712.50
-----------------------------------------
Sys Name : PythonTurt_1R
Mkt Symb : W_ Mkt Name : Wheat
20100107   TurtSys1:B  1 1341.00000       0.00       0.00
20100112    Turt2N:Lx  1 1311.75000   -1462.50   -1462.50
20100112   TurtSys1:B  1 1344.75000       0.00       0.00
20100113    Turt2N:Lx  1 1309.25000   -1775.00   -3237.50
20100115   TurtSys1:S  1 1288.50000       0.00       0.00
20100210  TurtSys1:Sx  1 1275.25000     662.50   -2575.00
20100310   TurtSys1:S  1 1249.25000       0.00       0.00
20100414  TurtSys1:Sx  1 1240.50000     437.50   -2137.50
20100426   TurtSys1:B  1 1260.25000       0.00       0.00
20100427    Turt2N:Lx  1 1233.25000   -1350.00   -3487.50
20100506   TurtSys1:B  1 1263.25000       0.00       0.00
20100513    Turt2N:Lx  1 1233.25000   -1500.00   -4987.50
20100520   TurtSys1:S  1 1214.25000       0.00       0.00
20100616  TurtSys1:Sx  1 1211.00000     162.50   -4825.00
20100707   TurtSys2:B  1 1266.75000       0.00       0.00
20100929  TurtSys2:Lx  1 1386.50000    5987.50    1162.50
20101109   TurtSys2:B  1 1458.50000       0.00       0.00
20101110    Turt2N:Lx  1 1411.25000   -2362.50   -1200.00
20101112   TurtSys1:S  1 1366.00000       0.00       0.00
20101201  TurtSys1:Sx  1 1392.00000   -1300.00   -2500.00
20101207   TurtSys2:B  1 1462.25000       0.00       0.00
20101217    Turt2N:Lx  1 1406.50000   -2787.50   -5287.50
20110103   TurtSys1:B  1 1472.25000       0.00       0.00
20110111  TurtSys1-Lx  1 1426.75000   -2275.00   -7562.50
20110121   TurtSys2:B  1 1486.25000       0.00       0.00
20110222  TurtSys2:Lx  1 1486.00000     -12.50   -7575.00
20110223   TurtSys2:S  1 1393.25000       0.00       0.00
20110225    Turt2N:Sx  1 1446.00000   -2637.50  -10212.50
20110309   TurtSys2:S  1 1383.75000       0.00       0.00
20110408  TurtSys2:Sx  1 1424.75000   -2050.00  -12262.50
20110425   TurtSys1:B  1 1435.75000       0.00       0.00
20110428    Turt2N:Lx  1 1377.25000   -2925.00  -15187.50
20110505   TurtSys1:S  1 1356.00000       0.00       0.00
20110518  TurtSys1:Sx  1 1408.50000   -2625.00  -17812.50
20110614   TurtSys2:S  1 1314.50000       0.00       0.00
20110719  TurtSys2:Sx  1 1280.00000    1725.00  -16087.50
20110922   TurtSys2:S  1 1173.75000       0.00       0.00
20111227  TurtSys2:Sx  1 1129.00000    2237.50  -13850.00
20120201   TurtSys2:B  1 1176.25000       0.00       0.00
20120209    Turt2N:Lx  1 1140.50000   -1787.50  -15637.50
20120322   TurtSys1:S  1 1124.00000       0.00       0.00
20120326    Turt2N:Sx  1 1156.75000   -1637.50  -17275.00
20120328   TurtSys1:S  1 1121.75000       0.00       0.00
20120330    Turt2N:Sx  1 1155.00000   -1662.50  -18937.50
20120330   TurtSys1:S  1 1103.75000       0.00       0.00
20120402    Turt2N:Sx  1 1154.50000   -2537.50  -21475.00
20120418   TurtSys1:S  1 1101.75000       0.00       0.00
20120427  TurtSys1:Sx  1 1136.75000   -1750.00  -23225.00
20120502   TurtSys2:S  1 1094.75000       0.00       0.00
20120517    Turt2N:Sx  1 1129.25000   -1725.00  -24950.00
20120518   TurtSys2:B  1 1168.75000       0.00       0.00
20120530    Turt2N:Lx  1 1133.75000   -1750.00  -26700.00
20120625   TurtSys1:B  1 1171.50000       0.00       0.00
20120813  TurtSys1-Lx  1 1318.75000    7362.50  -19337.50
20120918   TurtSys1:S  1 1307.25000       0.00       0.00
20121024  TurtSys1:Sx  1 1336.50000   -1462.50  -20800.00
20121116   TurtSys1:S  1 1285.25000       0.00       0.00
20121129  TurtSys1:Sx  1 1318.00000   -1637.50  -22437.50
20121211   TurtSys2:S  1 1271.50000       0.00       0.00
20130327  TurtSys2:Sx  1 1158.50000    5650.00  -16787.50
20130328   TurtSys1:B  1 1158.50000       0.00       0.00
20130329    Turt2N:Lx  1 1109.25000   -2462.50  -19250.00
20130401   TurtSys1:S  1 1102.25000       0.00       0.00
20130408    Turt2N:Sx  1 1134.75000   -1625.00  -20875.00
20130429   TurtSys1:B  1 1137.75000       0.00       0.00
20130515  TurtSys1-Lx  1 1117.00000   -1037.50  -21912.50
20130626   TurtSys2:S  1 1092.75000       0.00       0.00
20130926  TurtSys2:Sx  1 1067.75000    1250.00  -20662.50
20131003   TurtSys2:B  1 1091.75000       0.00       0.00
20131031  TurtSys2:Lx  1 1071.75000   -1000.00  -21662.50
20131206   TurtSys2:S  1 1038.50000       0.00       0.00
20140212  TurtSys2:Sx  1 980.25000    2912.50  -18750.00
20140306   TurtSys2:B  1 1030.25000       0.00       0.00
20140411  TurtSys2:Lx  1 1042.75000     625.00  -18125.00
20140430   TurtSys1:B  1 1095.50000       0.00       0.00
20140514  TurtSys1-Lx  1 1076.00000    -975.00  -19100.00
20140527   TurtSys2:S  1 1020.25000       0.00       0.00
20140806  TurtSys2:Sx  1 929.50000    4537.50  -14562.50
20140903   TurtSys1:S  1 894.50000       0.00       0.00
20141006  TurtSys1:Sx  1 842.50000    2600.00  -11962.50
20141128   TurtSys2:B  1 917.50000       0.00       0.00
20150108  TurtSys2:Lx  1 920.75000     162.50  -11800.00
20150128   TurtSys2:S  1 863.25000       0.00       0.00
20150217  TurtSys2:Sx  1 891.50000   -1412.50  -13212.50
20150226   TurtSys1:S  1 838.25000       0.00       0.00
20150319  TurtSys1:Sx  1 866.50000   -1412.50  -14625.00
20150402   TurtSys1:B  1 889.00000       0.00       0.00
20150413    Turt2N:Lx  1 857.25000   -1587.50  -16212.50
20150415   TurtSys1:S  1 841.00000       0.00       0.00
20150514  TurtSys1:Sx  1 836.50000     225.00  -15987.50
20150605   TurtSys1:B  1 875.75000       0.00       0.00
20150615    Turt2N:Lx  1 843.25000   -1625.00  -17612.50
20150626   TurtSys1:B  1 883.00000       0.00       0.00
20150715  TurtSys1-Lx  1 901.75000     937.50  -16675.00
20150827   TurtSys2:S  1 823.00000       0.00       0.00
20150925  TurtSys2:Sx  1 843.50000   -1025.00  -17700.00
20151130   TurtSys2:S  1 803.00000       0.00       0.00
20160126  TurtSys2:Sx  1 811.00000    -400.00  -18100.00
20160209   TurtSys2:S  1 782.25000       0.00       0.00
20160314  TurtSys2:Sx  1 796.75000    -725.00  -18825.00
20160411   TurtSys1:S  1 773.00000       0.00       0.00
20160418    Turt2N:Sx  1 791.75000    -937.50  -19762.50
20160419   TurtSys1:B  1 797.25000       0.00       0.00
20160503  TurtSys1-Lx  1 778.25000    -950.00  -20712.50
20160608   TurtSys2:B  1 829.00000       0.00       0.00
20160613    Turt2N:Lx  1 804.00000   -1250.00  -21962.50
20160623   TurtSys2:S  1 763.75000       0.00       0.00
20161012  TurtSys2:Sx  1 686.50000    3862.50  -18100.00
20161129   TurtSys2:S  1 664.25000       0.00       0.00
20170105  TurtSys2:Sx  1 671.75000    -375.00  -18475.00
20170105   TurtSys1:B  1 671.75000       0.00       0.00
20170130  TurtSys1-Lx  1 665.00000    -337.50  -18812.50
20170209   TurtSys2:B  1 688.75000       0.00       0.00
20170313  TurtSys2:Lx  1 673.00000    -787.50  -19600.00
20170327   TurtSys2:S  1 655.00000       0.00       0.00
20170501  TurtSys2:Sx  1 672.00000    -850.00  -20450.00
20170501   TurtSys1:B  1 672.00000       0.00       0.00
20170504    Turt2N:Lx  1 655.50000    -825.00  -21275.00
20170607   TurtSys1:B  1 659.75000       0.00       0.00
20170719  TurtSys1-Lx  1 703.75000    2200.00  -19075.00
20170811   TurtSys2:S  1 638.00000       0.00       0.00
20170918  TurtSys2:Sx  1 624.00000     700.00  -18375.00
20171031   TurtSys2:S  1 595.50000       0.00       0.00
20180125  TurtSys2:Sx  1 591.75000     187.50  -18187.50
20180130   TurtSys2:B  1 608.50000       0.00       0.00
20180205    Turt2N:Lx  1 593.75000    -737.50  -18925.00
20180207   TurtSys2:B  1 613.50000       0.00       0.00
20180319  TurtSys2:Lx  1 607.50000    -300.00  -19225.00
20180502   TurtSys2:B  1 661.25000       0.00       0.00
20180510    Turt2N:Lx  1 635.00000   -1312.50  -20537.50
20180524   TurtSys2:B  1 668.50000       0.00       0.00
20180604    Turt2N:Lx  1 640.25000   -1412.50  -21950.00
20180615   TurtSys1:S  1 620.50000       0.00       0.00
20180706  TurtSys1:Sx  1 628.75000    -412.50  -22362.50
20180711   TurtSys2:S  1 595.50000       0.00       0.00
20180720    Turt2N:Sx  1 629.50000   -1700.00  -24062.50
20180720   TurtSys1:B  1 632.75000       0.00       0.00
20180814  TurtSys1-Lx  1 648.75000     800.00  -23262.50
20180913   TurtSys2:S  1 587.25000       0.00       0.00
20181203  TurtSys2:Sx  1 612.25000   -1250.00  -24512.50
20181213   TurtSys2:B  1 618.75000       0.00       0.00
20181221    Turt2N:Lx  1 598.25000   -1025.00  -25537.50
20190124   TurtSys1:B  1 609.75000       0.00       0.00
20190214  TurtSys1-Lx  1 594.25000    -775.00  -26312.50
20190215   TurtSys2:S  1 583.75000       0.00       0.00
20190516  TurtSys2:Sx  1 537.25000    2325.00  -23987.50
20190521   TurtSys2:B  1 556.25000       0.00       0.00
20190718  TurtSys2:Lx  1 563.50000     362.50  -23625.00
20190812   TurtSys2:S  1 536.00000       0.00       0.00
20190912  TurtSys2:Sx  1 546.50000    -525.00  -24150.00
20191011   TurtSys2:B  1 573.50000       0.00       0.00
20191118  TurtSys2:Lx  1 566.00000    -375.00  -24525.00
20191129   TurtSys2:B  1 598.00000       0.00       0.00
20191212    Turt2N:Lx  1 578.50000    -975.00  -25500.00
20191216   TurtSys2:B  1 608.25000       0.00       0.00
20200211  TurtSys2:Lx  1 608.25000       0.00  -25500.00
20200228   TurtSys2:S  1 578.00000       0.00       0.00
20200319    Turt2N:Sx  1 601.75000   -1187.50  -26687.50
20200518   TurtSys2:S  1 555.50000       0.00       0.00
20200521    Turt2N:Sx  1 582.50000   -1350.00  -28037.50
20200616   TurtSys1:S  1 553.75000       0.00       0.00
20200702  TurtSys1:Sx  1 557.75000    -200.00  -28237.50
20200716   TurtSys2:B  1 608.75000       0.00       0.00
20200720    Turt2N:Lx  1 582.25000   -1325.00  -29562.50
20200831   TurtSys2:B  1 610.75000       0.00       0.00
20200915    Turt2N:Lx  1 586.25000   -1225.00  -30787.50
20200918   TurtSys2:B  1 619.75000       0.00       0.00
20200924    Turt2N:Lx  1 595.25000   -1225.00  -32012.50
20200930   TurtSys1:B  1 629.50000       0.00       0.00
20201030  TurtSys1-Lx  1 647.25000     887.50  -31125.00
20201223   TurtSys1:B  1 667.75000       0.00       0.00
20210125  TurtSys1-Lx  1 673.25000     275.00  -30850.00
20210325   TurtSys2:S  1 661.00000       0.00       0.00
20210414  TurtSys2:Sx  1 690.00000   -1450.00  -32300.00
20210422   TurtSys2:B  1 729.00000       0.00       0.00
20210521  TurtSys2:Lx  1 712.50000    -825.00  -33125.00
20210706   TurtSys2:S  1 669.50000       0.00       0.00
20210716    Turt2N:Sx  1 717.25000   -2387.50  -35512.50
20210716   TurtSys1:B  1 732.00000       0.00       0.00
20210825  TurtSys1-Lx  1 745.75000     687.50  -34825.00
20211101   TurtSys2:B  1 812.50000       0.00       0.00
20211209  TurtSys2:Lx  1 792.25000   -1012.50  -35837.50
20220106   TurtSys2:S  1 751.75000       0.00       0.00
20220119    Turt2N:Sx  1 794.00000   -2112.50  -37950.00
20220222   TurtSys1:B  1 841.75000       0.00       0.00
20220329  TurtSys1-Lx  1 1032.75000    9550.00  -28400.00
