20100104     0.00
20100105     0.00
20100106     0.00
20100107 -1687.50
20100108 -1950.00
20100111     0.00
20100112 -6687.50
20100113 -3210.00
20100114 -2377.50
20100115 -5305.00
20100119  -465.00
20100120 -10105.00
20100121 -13262.50
20100122 -13262.50
20100125 -13262.50
20100126 -13762.50
20100127 -12437.50
20100128 -8365.00
20100129 -7017.50
20100201 -12262.50
20100202 -14127.50
20100203 -8497.50
20100204     0.00
20100205     0.00
20100208 -4002.50
20100209 -8702.50
20100210 -7987.50
20100211 -14890.00
20100212 -12430.00
20100216 -20715.00
20100217 -21135.00
20100218 -20945.00
20100219 -22710.00
20100222 -24315.00
20100223 -25305.00
20100224 -25905.00
20100225 -24775.00
20100226 -23735.00
20100301 -23795.00
20100302 -21885.00
20100303 -21295.00
20100304 -22315.00
20100305 -22105.00
20100308 -23225.00
20100309 -23395.00
20100310 -24815.00
20100311 -24805.00
20100312 -25455.00
20100315 -25085.00
20100316 -23375.00
20100317 -23205.00
20100318 -22875.00
20100319 -24865.00
20100322 -25905.00
20100323 -25905.00
20100324 -25945.00
20100325 -26355.00
20100326 -27495.00
20100329 -28095.00
20100330 -27477.50
20100331 -28607.50
20100401 -27905.00
20100405 -25907.50
20100406 -27205.00
20100407 -24982.50
20100408 -25627.50
20100409 -23520.00
20100412 -23812.50
20100413 -24617.50
20100414 -22917.50
20100415 -23007.50
20100416 -31287.50
20100419 -31555.00
20100420 -30352.50
20100421 -27570.00
20100422 -29717.50
20100423 -27060.00
20100426 -25930.00
20100427 -30000.00
20100428 -29100.00
20100429 -27190.00
20100430 -25700.00
20100503 -24435.00
20100504 -30835.00
20100505 -32877.50
20100506 -29785.00
20100507 -29162.50
20100510 -32460.00
20100511 -28515.00
20100512 -24390.00
20100513 -26600.00
20100514 -28110.00
20100517 -28085.00
20100518 -31810.00
20100519 -35992.50
20100520 -37162.50
20100521 -41645.00
20100524 -43807.50
20100525 -41170.00
20100526 -42132.50
20100527 -44082.50
20100528 -42732.50
20100601 -41695.00
20100602 -41132.50
20100603 -38782.50
20100604 -35607.50
20100607 -40380.00
20100608 -40982.50
20100609 -44315.00
20100610 -45397.50
20100611 -45635.00
20100614 -48405.00
20100615 -47727.50
20100616 -47892.50
20100617 -43115.00
20100618 -42155.00
20100621 -47435.00
20100622 -47667.50
20100623 -49140.00
20100624 -49052.50
20100625 -48070.00
20100628 -51245.00
20100629 -47965.00
20100630 -47312.50
20100701 -52765.00
20100702 -54365.00
20100706 -53767.50
20100707 -56185.00
20100708 -55580.00
20100709 -57875.00
20100712 -55590.00
20100713 -57520.00
20100714 -55720.00
20100715 -56550.00
20100716 -52427.50
20100719 -51972.50
20100720 -55602.50
20100721 -56737.50
20100722 -60517.50
20100723 -59787.50
20100726 -59492.50
20100727 -54407.50
20100728 -53847.50
20100729 -55740.00
20100730 -57842.50
20100802 -58005.00
20100803 -59815.00
20100804 -60030.00
20100805 -61632.50
20100806 -61207.50
20100809 -61857.50
20100810 -62820.00
20100811 -67020.00
20100812 -65157.50
20100813 -65705.00
20100816 -62795.00
20100817 -60672.50
20100818 -60975.00
20100819 -61312.50
20100820 -64367.50
20100823 -64380.00
20100824 -66162.50
20100825 -64517.50
20100826 -62760.00
20100827 -60992.50
20100830 -59617.50
20100831 -58205.00
20100901 -55932.50
20100902 -53557.50
20100903 -52290.00
20100907 -52382.50
20100908 -51337.50
20100909 -54192.50
20100910 -55607.50
20100913 -52205.00
20100914 -48602.50
20100915 -48257.50
20100916 -46072.50
20100917 -44765.00
20100920 -44937.50
20100921 -46990.00
20100922 -41035.00
20100923 -39187.50
20100924 -37390.00
20100927 -37505.00
20100928 -34355.00
20100929 -32317.50
20100930 -33292.50
20101001 -30302.50
20101004 -31185.00
20101005 -23767.50
20101006 -20835.00
20101007 -26237.50
20101008 -20227.50
20101011 -17722.50
20101012 -19502.50
20101013 -12422.50
20101014 -9322.50
20101015 -10030.00
20101018 -8995.00
20101019 -18207.50
20101020 -16067.50
20101021 -21862.50
20101022 -21580.00
20101025 -17800.00
20101026 -16220.00
20101027 -20687.50
20101028 -18032.50
20101029 -15937.50
20101101 -14710.00
20101102 -11940.00
20101103 -15290.00
20101104 -4590.00
20101105     0.00
20101108     0.00
20101109     0.00
20101110 -13135.00
20101111 -8697.50
20101112 -23017.50
20101115 -21180.00
20101116 -33767.50
20101117 -32427.50
20101118 -28350.00
20101119 -26687.50
20101122 -23227.50
20101123 -21447.50
20101124 -22992.50
20101126 -27025.00
20101129 -24967.50
20101130 -21310.00
20101201 -22142.50
20101202 -21347.50
20101203 -17852.50
20101206 -16512.50
20101207 -18112.50
20101208 -27472.50
20101209 -24985.00
20101210 -25420.00
20101213 -17950.00
20101214 -17080.00
20101215 -21667.50
20101216 -24435.00
20101217 -21605.00
20101220 -19320.00
20101221 -17375.00
20101222 -17445.00
20101223 -18142.50
20101227 -17970.00
20101228 -11430.00
20101229 -9937.50
20101230 -9617.50
20101231 -5385.00
20110103 -4182.50
20110104 -14480.00
20110105 -17020.00
20110106 -18982.50
20110107 -20897.50
20110110 -21867.50
20110111 -20775.00
20110112 -19362.50
20110113 -20345.00
20110114 -16820.00
20110118 -17190.00
20110119 -18840.00
20110120 -19470.00
20110121 -18920.00
20110124 -19270.00
20110125 -18050.00
20110126 -18120.00
20110127 -16660.00
20110128 -18890.00
20110131 -18170.00
20110201 -17537.50
20110202 -16792.50
20110203 -18870.00
20110204 -17595.00
20110207 -17627.50
20110208 -16837.50
20110209 -18062.50
20110210 -18485.00
20110211 -19167.50
20110214 -14160.00
20110215 -15662.50
20110216 -17647.50
20110217 -12592.50
20110218 -9012.50
20110222 -9557.50
20110223 -8552.50
20110224 -9212.50
20110225 -10552.50
20110228 -6067.50
20110301 -2462.50
20110302     0.00
20110303 -4670.00
20110304     0.00
20110307     0.00
20110308 -1765.00
20110309     0.00
20110310 -6240.00
20110311 -1215.00
20110314  -855.00
20110315 -11922.50
20110316 -11660.00
20110317 -16392.50
20110318 -12267.50
20110321 -6227.50
20110322 -5562.50
20110323 -2580.00
20110324 -2785.00
20110325 -5285.00
20110328 -5720.00
20110329 -6595.00
20110330 -3215.00
20110331     0.00
20110401 -1880.00
20110404     0.00
20110405     0.00
20110406     0.00
20110407     0.00
20110408     0.00
20110411 -1617.50
20110412 -7710.00
20110413 -8880.00
20110414 -1240.00
20110415     0.00
20110418     0.00
20110419     0.00
20110420     0.00
20110421     0.00
20110425     0.00
20110426 -11455.00
20110427 -3280.00
20110428     0.00
20110429     0.00
20110502 -12930.00
20110503 -37290.00
20110504 -36825.00
20110505 -36815.00
20110506 -35232.50
20110509 -35097.50
20110510 -34365.00
20110511 -32702.50
20110512 -33587.50
20110513 -35232.50
20110516 -35707.50
20110517 -36967.50
20110518 -38050.00
20110519 -37077.50
20110520 -37677.50
20110523 -37027.50
20110524 -36237.50
20110525 -35897.50
20110526 -36287.50
20110527 -34937.50
20110531 -34987.50
20110601 -34347.50
20110602 -35397.50
20110603 -34427.50
20110606 -33947.50
20110607 -34267.50
20110608 -34797.50
20110609 -34397.50
20110610 -35747.50
20110613 -37107.50
20110614 -36227.50
20110615 -36047.50
20110616 -35677.50
20110617 -34757.50
20110620 -34467.50
20110621 -34027.50
20110622 -33327.50
20110623 -36617.50
20110624 -36497.50
20110627 -36047.50
20110628 -36427.50
20110629 -37447.50
20110630 -36687.50
20110701 -34667.50
20110705 -37677.50
20110706 -39327.50
20110707 -39280.00
20110708 -41130.00
20110711 -43040.00
20110712 -42162.50
20110713 -33562.50
20110714 -31055.00
20110715 -28265.00
20110718 -20930.00
20110719 -20040.00
20110720 -24575.00
20110721 -29932.50
20110722 -21945.00
20110725 -19767.50
20110726 -15835.00
20110727 -17442.50
20110728 -20907.50
20110729 -17597.50
20110801 -24270.00
20110802 -18450.00
20110803 -9665.00
20110804 -21767.50
20110805 -25692.50
20110808 -19477.50
20110809 -16710.00
20110810 -10542.50
20110811 -16822.50
20110812 -17800.00
20110815 -16760.00
20110816 -13110.00
20110817 -13180.00
20110818 -8710.00
20110819 -5467.50
20110822     0.00
20110823 -9242.50
20110824 -35312.50
20110825 -40497.50
20110826 -40997.50
20110829 -40747.50
20110830 -42122.50
20110831 -42122.50
20110901 -42122.50
20110902 -42122.50
20110906 -46592.50
20110907 -51122.50
20110908 -51122.50
20110909 -51122.50
20110912 -51122.50
20110913 -51122.50
20110914 -51122.50
20110915 -51122.50
20110916 -51122.50
20110919 -49785.00
20110920 -48360.00
20110921 -49322.50
20110922 -31220.00
20110923     0.00
20110926     0.00
20110927 -17482.50
20110928 -2207.50
20110929 -4055.00
20110930   -10.00
20111003 -7072.50
20111004     0.00
20111005 -5187.50
20111006 -18125.00
20111007 -12000.00
20111010 -22797.50
20111011 -22030.00
20111012 -28560.00
20111013 -20787.50
20111014 -25855.00
20111017 -23332.50
20111018 -22932.50
20111019 -17612.50
20111020 -7620.00
20111021 -16317.50
20111024 -24222.50
20111025 -32402.50
20111026 -32402.50
20111027 -32402.50
20111028 -32402.50
20111031 -32402.50
20111101 -32402.50
20111102 -32402.50
20111103 -32402.50
20111104 -32402.50
20111107 -32402.50
20111108 -32402.50
20111109 -32402.50
20111110 -32402.50
20111111 -32402.50
20111114 -32402.50
20111115 -32402.50
20111116 -32402.50
20111117 -32402.50
20111118 -32402.50
20111121 -32402.50
20111122 -32402.50
20111123 -32590.00
20111125 -32365.00
20111128 -34627.50
20111129 -35015.00
20111130 -39527.50
20111201 -39527.50
20111202 -39527.50
20111205 -39527.50
20111206 -39527.50
20111207 -39527.50
20111208 -39527.50
20111209 -39527.50
20111212 -39527.50
20111213 -42117.50
20111214 -30492.50
20111215 -31907.50
20111216 -35962.50
20111219 -31857.50
20111220 -37257.50
20111221 -35422.50
20111222 -34112.50
20111223 -33837.50
20111227 -31067.50
20111228 -20397.50
20111229 -18482.50
20111230 -24072.50
20120103 -35727.50
20120104 -34572.50
20120105 -36307.50
20120106 -32912.50
20120109 -32537.50
20120110 -39692.50
20120111 -40502.50
20120112 -39387.50
20120113 -37997.50
20120117 -38905.00
20120118 -38330.00
20120119 -37130.00
20120120 -38517.50
20120123 -37180.00
20120124 -36955.00
20120125 -36405.00
20120126 -34605.00
20120127 -34917.50
20120130 -36480.00
20120131 -37392.50
20120201 -36092.50
20120202 -37617.50
20120203 -34605.00
20120206 -35530.00
20120207 -35242.50
20120208 -34405.00
20120209 -35170.00
20120210 -39647.50
20120213 -39620.00
20120214 -42115.00
20120215 -42140.00
20120216 -43305.00
20120217 -44075.00
20120221 -38010.00
20120222 -38815.00
20120223 -30805.00
20120224 -32885.00
20120227 -32105.00
20120228 -22675.00
20120229 -42980.00
20120301 -37885.00
20120302 -43565.00
20120305 -47715.00
20120306 -53105.00
20120307 -57115.00
20120308 -58345.00
20120309 -60250.00
20120312 -56255.00
20120313 -57095.00
20120314 -50095.00
20120315 -52820.00
20120316 -52210.00
20120319 -53965.00
20120320 -48360.00
20120321 -50325.00
20120322 -45915.00
20120323 -50550.00
20120326 -52940.00
20120327 -52270.00
20120328 -48345.00
20120329 -49150.00
20120330 -51610.00
20120402 -55165.00
20120403 -55702.50
20120404 -57110.00
20120405 -62015.00
20120409 -62652.50
20120410 -63357.50
20120411 -62265.00
20120412 -71340.00
20120413 -61287.50
20120416 -60177.50
20120417 -62297.50
20120418 -59812.50
20120419 -61365.00
20120420 -62627.50
20120423 -54207.50
20120424 -57565.00
20120425 -56152.50
20120426 -63015.00
20120427 -64145.00
20120430 -62110.00
20120501 -61500.00
20120502 -59235.00
20120503 -54140.00
20120504 -57290.00
20120507 -55130.00
20120508 -48355.00
20120509 -46235.00
20120510 -46050.00
20120511 -43460.00
20120514 -37987.50
20120515 -35320.00
20120516 -27862.50
20120517 -35837.50
20120518 -40750.00
20120521 -39297.50
20120522 -37002.50
20120523 -28607.50
20120524 -33520.00
20120525 -36292.50
20120529 -31647.50
20120530 -32277.50
20120531 -30385.00
20120601 -38650.00
20120604 -35142.50
20120605 -36982.50
20120606 -43237.50
20120607 -38405.00
20120608 -36607.50
20120611 -38597.50
20120612 -40110.00
20120613 -40770.00
20120614 -41165.00
20120615 -42740.00
20120618 -42930.00
20120619 -43500.00
20120620 -41610.00
20120621 -34342.50
20120622 -34362.50
20120625 -41057.50
20120626 -37222.50
20120627 -38005.00
20120628 -31142.50
20120629 -46927.50
20120702 -45712.50
20120703 -52027.50
20120705 -47747.50
20120706 -40937.50
20120709 -44577.50
20120710 -40837.50
20120711 -41132.50
20120712 -40782.50
20120713 -44492.50
20120716 -44212.50
20120717 -43977.50
20120718 -41002.50
20120719 -42572.50
20120720 -43237.50
20120723 -41397.50
20120724 -40122.50
20120725 -46587.50
20120726 -47187.50
20120727 -48517.50
20120730 -51192.50
20120731 -50597.50
20120801 -48702.50
20120802 -44977.50
20120803 -50932.50
20120806 -51780.00
20120807 -54182.50
20120808 -53652.50
20120809 -53850.00
20120810 -52862.50
20120813 -50412.50
20120814 -50530.00
20120815 -50537.50
20120816 -53362.50
20120817 -53237.50
20120820 -52450.00
20120821 -50550.00
20120822 -50542.50
20120823 -41862.50
20120824 -41252.50
20120827 -39022.50
20120828 -40827.50
20120829 -42202.50
20120830 -45222.50
20120831 -36942.50
20120903 -32160.00
20120904 -30957.50
20120905 -30067.50
20120906 -27495.00
20120907 -15712.50
20120910 -15780.00
20120911 -15592.50
20120912 -17195.00
20120913 -5487.50
20120914 -2975.00
20120917 -5642.50
20120918 -3952.50
20120919 -3877.50
20120920 -4932.50
20120921 -3622.50
20120924 -9670.00
20120925 -8995.00
20120926 -11527.50
20120927 -4357.50
20120928 -5112.50
20121001 -1610.00
20121002 -3407.50
20121003 -3307.50
20121004     0.00
20121005 -4415.00
20121008 -9200.00
20121009 -10430.00
20121010 -9800.00
20121011 -8547.50
20121012 -13685.00
20121015 -14135.00
20121016 -14135.00
20121017 -14135.00
20121018 -14135.00
20121019 -14135.00
20121022 -14135.00
20121023 -14135.00
20121024 -14135.00
20121025 -14135.00
20121026 -14135.00
20121029 -14135.00
20121030 -14135.00
20121031 -14135.00
20121101 -14135.00
20121102 -14135.00
20121105 -14135.00
20121106 -14135.00
20121107 -14135.00
20121108 -14135.00
20121109 -15097.50
20121112 -15660.00
20121113 -15735.00
20121114 -15297.50
20121115 -15522.50
20121116 -15247.50
20121119 -17322.50
20121120 -17322.50
20121121 -17322.50
20121123 -17322.50
20121126 -17322.50
20121127 -17322.50
20121128 -17322.50
20121129 -17322.50
20121130 -17322.50
20121203 -17322.50
20121204 -17322.50
20121205 -17322.50
20121206 -17322.50
20121207 -19282.50
20121210 -20172.50
20121211 -19692.50
20121212 -21222.50
20121213 -21222.50
20121214 -21222.50
20121217 -22107.50
20121218 -17722.50
20121219 -14657.50
20121220 -5287.50
20121221 -9332.50
20121224 -7742.50
20121226 -8552.50
20121227 -9877.50
20121228 -7772.50
20121231 -11022.50
20130102 -16222.50
20130103 -13367.50
20130104 -6927.50
20130107 -7347.50
20130108 -10852.50
20130109 -9102.50
20130110 -14697.50
20130111 -10407.50
20130114 -14797.50
20130115 -18397.50
20130116 -18327.50
20130117 -19557.50
20130118 -19557.50
20130122 -19557.50
20130123 -19557.50
20130124 -19557.50
20130125 -19557.50
20130128 -19557.50
20130129 -19557.50
20130130 -19557.50
20130131 -20245.00
20130201 -18932.50
20130204 -19332.50
20130205 -19295.00
20130206 -20032.50
20130207 -20370.00
20130208 -19557.50
20130211 -20092.50
20130212 -19605.00
20130213 -19192.50
20130214 -17247.50
20130215 -12140.00
20130219 -10212.50
20130220 -2792.50
20130221 -1862.50
20130222     0.00
20130225 -4265.00
20130226 -9070.00
20130227 -5015.00
20130228    -2.50
20130301     0.00
20130304   -52.50
20130305 -1180.00
20130306 -1625.00
20130307 -2357.50
20130308 -2950.00
20130311 -2785.00
20130312 -6682.50
20130313 -4550.00
20130314 -4312.50
20130315 -4322.50
20130318 -2755.00
20130319 -2037.50
20130320 -2932.50
20130321 -4620.00
20130322 -2825.00
20130325 -2885.00
20130326 -2142.50
20130327 -1832.50
20130328     0.00
20130329     0.00
20130401     0.00
20130402     0.00
20130403     0.00
20130404  -202.50
20130405 -4630.00
20130408 -4555.00
20130409 -11452.50
20130410 -6935.00
20130411 -8152.50
20130412     0.00
20130415     0.00
20130416 -4777.50
20130417     0.00
20130418 -1095.00
20130419     0.00
20130422 -3942.50
20130423     0.00
20130424 -3170.00
20130425 -15535.00
20130426 -11312.50
20130429 -15595.00
20130430 -15185.00
20130501 -5697.50
20130502 -10885.00
20130503 -16090.00
20130506 -16175.00
20130507 -13510.00
20130508 -16605.00
20130509 -16015.00
20130510 -11550.00
20130513 -11510.00
20130514 -8945.00
20130515 -2510.00
20130516 -1585.00
20130517     0.00
20130520 -3090.00
20130521 -1805.00
20130522  -870.00
20130523 -3490.00
20130524 -2910.00
20130528  -625.00
20130529 -3135.00
20130530 -6340.00
20130531 -2205.00
20130603 -6485.00
20130604 -3455.00
20130605 -3900.00
20130606 -6805.00
20130607     0.00
20130610 -1647.50
20130611     0.00
20130612 -3012.50
20130613     0.00
20130614 -3247.50
20130617 -1717.50
20130618     0.00
20130619   -90.00
20130620     0.00
20130621 -2097.50
20130624     0.00
20130625 -1165.00
20130626     0.00
20130627     0.00
20130628 -5745.00
20130701 -11972.50
20130702 -9047.50
20130703 -12640.00
20130705 -3987.50
20130708 -7717.50
20130709 -9317.50
20130710 -9602.50
20130711 -17427.50
20130712 -17197.50
20130715 -17787.50
20130716 -18477.50
20130717 -17187.50
20130718 -17857.50
20130719 -18727.50
20130722 -23037.50
20130723 -22867.50
20130724 -22867.50
20130725 -22867.50
20130726 -22867.50
20130729 -22867.50
20130730 -22867.50
20130731 -22867.50
20130801 -22867.50
20130802 -22867.50
20130805 -22867.50
20130806 -22867.50
20130807 -22867.50
20130808 -21967.50
20130809 -21067.50
20130812 -17860.00
20130813 -17490.00
20130814 -14695.00
20130815 -7847.50
20130816 -4265.00
20130819 -6350.00
20130820 -5985.00
20130821 -7562.50
20130822 -6545.00
20130823   -67.50
20130826     0.00
20130827     0.00
20130828 -2057.50
20130829 -4580.00
20130830 -9395.00
20130903 -3225.00
20130904 -10495.00
20130905 -12995.00
20130906 -8465.00
20130909 -9315.00
20130910 -16055.00
20130911 -16055.00
20130912 -16055.00
20130913 -16055.00
20130916 -16055.00
20130917 -16055.00
20130918 -16055.00
20130919 -16055.00
20130920 -16055.00
20130923 -16055.00
20130924 -16055.00
20130925 -16055.00
20130926 -16055.00
20130927 -16055.00
20130930 -16055.00
20131001 -15300.00
20131002 -22370.00
20131003 -21505.00
20131004 -20565.00
20131007 -25255.00
20131008 -25200.00
20131009 -23460.00
20131010 -22430.00
20131011 -19560.00
20131014 -20400.00
20131015 -22890.00
20131016 -24670.00
20131017 -31650.00
20131018 -30640.00
20131021 -32450.00
20131022 -32772.50
20131023 -35337.50
20131024 -34412.50
20131025 -35330.00
20131028 -35865.00
20131029 -36540.00
20131030 -32517.50
20131031 -41282.50
20131101 -42532.50
20131104 -44080.00
20131105 -44862.50
20131106 -45487.50
20131107 -45487.50
20131108 -45487.50
20131111 -45487.50
20131112 -45800.00
20131113 -43697.50
20131114 -45122.50
20131115 -45410.00
20131118 -43022.50
20131119 -43107.50
20131120 -41537.50
20131121 -40277.50
20131122 -40530.00
20131125 -40615.00
20131126 -40190.00
20131127 -38062.50
20131129 -41430.00
20131202 -34297.50
20131203 -32692.50
20131204 -41195.00
20131205 -37877.50
20131206 -37827.50
20131209 -39475.00
20131210 -45362.50
20131211 -45025.00
20131212 -45012.50
20131213 -44600.00
20131216 -44162.50
20131217 -44362.50
20131218 -44425.00
20131219 -43372.50
20131220 -44070.00
20131223 -43412.50
20131224 -42380.00
20131226 -42667.50
20131227 -43175.00
20131230 -42217.50
20131231 -44142.50
20140102 -50187.50
20140103 -52190.00
20140106 -52017.50
20140107 -51177.50
20140108 -51192.50
20140109 -52682.50
20140110 -54432.50
20140113 -54852.50
20140114 -55097.50
20140115 -55127.50
20140116 -55717.50
20140117 -55637.50
20140121 -59517.50
20140122 -59992.50
20140123 -56767.50
20140124 -57792.50
20140127 -57742.50
20140128 -60267.50
20140129 -59097.50
20140130 -61067.50
20140131 -61337.50
20140203 -59327.50
20140204 -60197.50
20140205 -59627.50
20140206 -59597.50
20140207 -59027.50
20140210 -57847.50
20140211 -56337.50
20140212 -55817.50
20140213 -55307.50
20140214 -48752.50
20140218 -45787.50
20140219 -46427.50
20140220 -47607.50
20140221 -46447.50
20140224 -43662.50
20140225 -43632.50
20140226 -48662.50
20140227 -47967.50
20140228 -49542.50
20140303 -45452.50
20140304 -48007.50
20140305 -47522.50
20140306 -44857.50
20140307 -47475.00
20140310 -45870.00
20140311 -43362.50
20140312 -41232.50
20140313 -40067.50
20140314 -40095.00
20140317 -40742.50
20140318 -42120.00
20140319 -44777.50
20140320 -44795.00
20140321 -45345.00
20140324 -45220.00
20140325 -46720.00
20140326 -45720.00
20140327 -46407.50
20140328 -47620.00
20140331 -47220.00
20140401 -47445.00
20140402 -47720.00
20140403 -47257.50
20140404 -47145.00
20140407 -47570.00
20140408 -47857.50
20140409 -47507.50
20140410 -47707.50
20140411 -48445.00
20140414 -48445.00
20140415 -48445.00
20140416 -48445.00
20140417 -48445.00
20140421 -48445.00
20140422 -48825.00
20140423 -49175.00
20140424 -51750.00
20140425 -52685.00
20140428 -52010.00
20140429 -51835.00
20140430 -51112.50
20140501 -49357.50
20140502 -52610.00
20140505 -53527.50
20140506 -53810.00
20140507 -52907.50
20140508 -51137.50
20140509 -50540.00
20140512 -50987.50
20140513 -51357.50
20140514 -52940.00
20140515 -53327.50
20140516 -53265.00
20140519 -52765.00
20140520 -53315.00
20140521 -53865.00
20140522 -53390.00
20140523 -52752.50
20140527 -51862.50
20140528 -51362.50
20140529 -51827.50
20140530 -51252.50
20140602 -50162.50
20140603 -51170.00
20140604 -52270.00
20140605 -54625.00
20140606 -54085.00
20140609 -54600.00
20140610 -55730.00
20140611 -55860.00
20140612 -56890.00
20140613 -56890.00
20140616 -57515.00
20140617 -57430.00
20140618 -57200.00
20140619 -52850.00
20140620 -51345.00
20140623 -51510.00
20140624 -50875.00
20140625 -50510.00
20140626 -50555.00
20140627 -50895.00
20140630 -50397.50
20140701 -50590.00
20140702 -47710.00
20140703 -49202.50
20140707 -50640.00
20140708 -50795.00
20140709 -49965.00
20140710 -45800.00
20140711 -46165.00
20140714 -52470.00
20140715 -53627.50
20140716 -54502.50
20140717 -54352.50
20140718 -55302.50
20140721 -55302.50
20140722 -55302.50
20140723 -55302.50
20140724 -55302.50
20140725 -55302.50
20140728 -55302.50
20140729 -55302.50
20140730 -55302.50
20140731 -55302.50
20140801 -55302.50
20140804 -55302.50
20140805 -55302.50
20140806 -55302.50
20140807 -55302.50
20140808 -55302.50
20140811 -55302.50
20140812 -55302.50
20140813 -55302.50
20140814 -55302.50
20140815 -55302.50
20140818 -55302.50
20140819 -55302.50
20140820 -55302.50
20140821 -54752.50
20140822 -55232.50
20140825 -55102.50
20140826 -55732.50
20140827 -55552.50
20140828 -56252.50
20140829 -55952.50
20140902 -53147.50
20140903 -53862.50
20140904 -53227.50
20140905 -53397.50
20140908 -51122.50
20140909 -50337.50
20140910 -50397.50
20140911 -47682.50
20140912 -47317.50
20140915 -47222.50
20140916 -50400.00
20140917 -50385.00
20140918 -48400.00
20140919 -44005.00
20140922 -43197.50
20140923 -43545.00
20140924 -43372.50
20140925 -41705.00
20140926 -41687.50
20140929 -42702.50
20140930 -38207.50
20141001 -40320.00
20141002 -38282.50
20141003 -34957.50
20141006 -39317.50
20141007 -39990.00
20141008 -37582.50
20141009 -42695.00
20141010 -42245.00
20141013 -42592.50
20141014 -43570.00
20141015 -43875.00
20141016 -43652.50
20141017 -43672.50
20141020 -43400.00
20141021 -45375.00
20141022 -43522.50
20141023 -43720.00
20141024 -43865.00
20141027 -44335.00
20141028 -45185.00
20141029 -45387.50
20141030 -42217.50
20141031 -39875.00
20141103 -39720.00
20141104 -39707.50
20141105 -34937.50
20141106 -34497.50
20141107 -38722.50
20141110 -37507.50
20141111 -37862.50
20141112 -37197.50
20141113 -37427.50
20141114 -43302.50
20141117 -41807.50
20141118 -43342.50
20141119 -43942.50
20141120 -43157.50
20141121 -44447.50
20141124 -44352.50
20141125 -45075.00
20141126 -44540.00
20141128 -36527.50
20141201 -43427.50
20141202 -43955.00
20141203 -42317.50
20141204 -44295.00
20141205 -44140.00
20141208 -43355.00
20141209 -41795.00
20141210 -40927.50
20141211 -42382.50
20141212 -43292.50
20141215 -45855.00
20141216 -50780.00
20141217 -51880.00
20141218 -51455.00
20141219 -52230.00
20141222 -51930.00
20141223 -51767.50
20141224 -51455.00
20141226 -50467.50
20141229 -50667.50
20141230 -51467.50
20141231 -50755.00
20150102 -53330.00
20150105 -56047.50
20150106 -58432.50
20150107 -58220.00
20150108 -58495.00
20150109 -58120.00
20150112 -57395.00
20150113 -55267.50
20150114 -51795.00
20150115 -50667.50
20150116 -47692.50
20150120 -44357.50
20150121 -43685.00
20150122 -41300.00
20150123 -40485.00
20150126 -44427.50
20150127 -40680.00
20150128 -41655.00
20150129 -50660.00
20150130 -47230.00
20150202 -47132.50
20150203 -50730.00
20150204 -50177.50
20150205 -51452.50
20150206 -54590.00
20150209 -54465.00
20150210 -53740.00
20150211 -53477.50
20150212 -55427.50
20150213 -55427.50
20150217 -54617.50
20150218 -54052.50
20150219 -54632.50
20150220 -54092.50
20150223 -53997.50
20150224 -53667.50
20150225 -54897.50
20150226 -55647.50
20150227 -55317.50
20150302 -54782.50
20150303 -54007.50
20150304 -53317.50
20150305 -53317.50
20150306 -51152.50
20150309 -51217.50
20150310 -49862.50
20150311 -47572.50
20150312 -48457.50
20150313 -48397.50
20150316 -49092.50
20150317 -48397.50
20150318 -48522.50
20150319 -53157.50
20150320 -54885.00
20150323 -54482.50
20150324 -54515.00
20150325 -55350.00
20150326 -55955.00
20150327 -57042.50
20150330 -56692.50
20150331 -57730.00
20150401 -57517.50
20150402 -57880.00
20150406 -58305.00
20150407 -57155.00
20150408 -57942.50
20150409 -58005.00
20150410 -57880.00
20150413 -58255.00
20150414 -58905.00
20150415 -58905.00
20150416 -58905.00
20150417 -58905.00
20150420 -58905.00
20150421 -59345.00
20150422 -58222.50
20150423 -59100.00
20150424 -59175.00
20150427 -66335.00
20150428 -67797.50
20150429 -68110.00
20150430 -67897.50
20150501 -66872.50
20150504 -68327.50
20150505 -68605.00
20150506 -68540.00
20150507 -67930.00
20150508 -68537.50
20150511 -68385.00
20150512 -68612.50
20150513 -68360.00
20150514 -66577.50
20150515 -66052.50
20150518 -65427.50
20150519 -71297.50
20150520 -70887.50
20150521 -71252.50
20150522 -71667.50
20150526 -74902.50
20150527 -75527.50
20150528 -75857.50
20150529 -75697.50
20150601 -75802.50
20150602 -75207.50
20150603 -76527.50
20150604 -76117.50
20150605 -74812.50
20150608 -75237.50
20150609 -75627.50
20150610 -76537.50
20150611 -75922.50
20150612 -75127.50
20150615 -76902.50
20150616 -75035.00
20150617 -74247.50
20150618 -77217.50
20150619 -76072.50
20150622 -76187.50
20150623 -75312.50
20150624 -76180.00
20150625 -75917.50
20150626 -75952.50
20150629 -75537.50
20150630 -74505.00
20150701 -74872.50
20150702 -74960.00
20150706 -74560.00
20150707 -66292.50
20150708 -69615.00
20150709 -71537.50
20150710 -71657.50
20150713 -71462.50
20150714 -70325.00
20150715 -68042.50
20150716 -67410.00
20150717 -64785.00
20150720 -61532.50
20150721 -61162.50
20150722 -58525.00
20150723 -57577.50
20150724 -55577.50
20150727 -56527.50
20150728 -57917.50
20150729 -58207.50
20150730 -56750.00
20150731 -57297.50
20150803 -55140.00
20150804 -55880.00
20150805 -55012.50
20150806 -55895.00
20150807 -57572.50
20150810 -60350.00
20150811 -58637.50
20150812 -59100.00
20150813 -59175.00
20150814 -59137.50
20150817 -58375.00
20150818 -57525.00
20150819 -57250.00
20150820 -58337.50
20150821 -59382.50
20150824 -60630.00
20150825 -61992.50
20150826 -58860.00
20150827 -63052.50
20150828 -64050.00
20150831 -64022.50
20150901 -63292.50
20150902 -64227.50
20150903 -66602.50
20150904 -65812.50
20150908 -66842.50
20150909 -65947.50
20150910 -66292.50
20150911 -65922.50
20150914 -65652.50
20150915 -64957.50
20150916 -69742.50
20150917 -71142.50
20150918 -71142.50
20150921 -71142.50
20150922 -71142.50
20150923 -71142.50
20150924 -71402.50
20150925 -72222.50
20150928 -73750.00
20150929 -74470.00
20150930 -76707.50
20151001 -77445.00
20151002 -77445.00
20151005 -76105.00
20151006 -74725.00
20151007 -74175.00
20151008 -75815.00
20151009 -75615.00
20151012 -74525.00
20151013 -74220.00
20151014 -71730.00
20151015 -70725.00
20151016 -71415.00
20151019 -73810.00
20151020 -72960.00
20151021 -75035.00
20151022 -74500.00
20151023 -74880.00
20151026 -74150.00
20151027 -74400.00
20151028 -71220.00
20151029 -76660.00
20151030 -76660.00
20151102 -76660.00
20151103 -75670.00
20151104 -74680.00
20151105 -72792.50
20151106 -70817.50
20151109 -70557.50
20151110 -70285.00
20151111 -69937.50
20151112 -68410.00
20151113 -68287.50
20151116 -67245.00
20151117 -65637.50
20151118 -64547.50
20151119 -66135.00
20151120 -64807.50
20151123 -62687.50
20151124 -64860.00
20151125 -64212.50
20151127 -62350.00
20151130 -63225.00
20151201 -63605.00
20151202 -61302.50
20151203 -63082.50
20151204 -68367.50
20151207 -66687.50
20151208 -65682.50
20151209 -66347.50
20151210 -66115.00
20151211 -66547.50
20151214 -65602.50
20151215 -65977.50
20151216 -68367.50
20151217 -65642.50
20151218 -67607.50
20151221 -68702.50
20151222 -68697.50
20151223 -68562.50
20151224 -69022.50
20151228 -66547.50
20151229 -66767.50
20151230 -66337.50
20151231 -66142.50
20160104 -66332.50
20160105 -66982.50
20160106 -67007.50
20160107 -68560.00
20160108 -66430.00
20160111 -64932.50
20160112 -64020.00
20160113 -65970.00
20160114 -64430.00
20160115 -64357.50
20160119 -66332.50
20160120 -66077.50
20160121 -66672.50
20160122 -66637.50
20160125 -67510.00
20160126 -68707.50
20160127 -69865.00
20160128 -71020.00
20160129 -70935.00
20160201 -69275.00
20160202 -69625.00
20160203 -65990.00
20160204 -63302.50
20160205 -64355.00
20160208 -57407.50
20160209 -58985.00
20160210 -60220.00
20160211 -52340.00
20160212 -53200.00
20160216 -58600.00
20160217 -58065.00
20160218 -56300.00
20160219 -56145.00
20160222 -59160.00
20160223 -57630.00
20160224 -55695.00
20160225 -56390.00
20160226 -59812.50
20160229 -58225.00
20160301 -58260.00
20160302 -56272.50
20160303 -53945.00
20160304 -51045.00
20160307 -51490.00
20160308 -53137.50
20160309 -53425.00
20160310 -52197.50
20160311 -53012.50
20160314 -54480.00
20160315 -56040.00
20160316 -56147.50
20160317 -51150.00
20160318 -53580.00
20160321 -54160.00
20160322 -53605.00
20160323 -60470.00
20160324 -60962.50
20160328 -60537.50
20160329 -61562.50
20160330 -61562.50
20160331 -61562.50
20160401 -61562.50
20160404 -61562.50
20160405 -61562.50
20160406 -61562.50
20160407 -61562.50
20160408 -61562.50
20160411 -61562.50
20160412 -61327.50
20160413 -60812.50
20160414 -61572.50
20160415 -60872.50
20160418 -61172.50
20160419 -57577.50
20160420 -56762.50
20160421 -58437.50
20160422 -62230.00
20160425 -60965.00
20160426 -60402.50
20160427 -59847.50
20160428 -56982.50
20160429 -53417.50
20160502 -53572.50
20160503 -54887.50
20160504 -57617.50
20160505 -57697.50
20160506 -54527.50
20160509 -59457.50
20160510 -59622.50
20160511 -57417.50
20160512 -58540.00
20160513 -59292.50
20160516 -59517.50
20160517 -59247.50
20160518 -60855.00
20160519 -60417.50
20160520 -60280.00
20160523 -60267.50
20160524 -60355.00
20160525 -60690.00
20160526 -60375.00
20160527 -60062.50
20160531 -59680.00
20160601 -58837.50
20160602 -58552.50
20160603 -63095.00
20160606 -63545.00
20160607 -63505.00
20160608 -64725.00
20160609 -64762.50
20160610 -64550.00
20160613 -65125.00
20160614 -65270.00
20160615 -66512.50
20160616 -64427.50
20160617 -64862.50
20160620 -66182.50
20160621 -68967.50
20160622 -69217.50
20160623 -69482.50
20160624 -73042.50
20160627 -72740.00
20160628 -71655.00
20160629 -67902.50
20160630 -67215.00
20160701 -60012.50
20160705 -57285.00
20160706 -55715.00
20160707 -58790.00
20160708 -57967.50
20160711 -56410.00
20160712 -57567.50
20160713 -54852.50
20160714 -56372.50
20160715 -57875.00
20160718 -58047.50
20160719 -57437.50
20160720 -60832.50
20160721 -59710.00
20160722 -60915.00
20160725 -61587.50
20160726 -61195.00
20160727 -60647.50
20160728 -59587.50
20160729 -58812.50
20160801 -58047.50
20160802 -57042.50
20160803 -58192.50
20160804 -58332.50
20160805 -61462.50
20160808 -61522.50
20160809 -61297.50
20160810 -59697.50
20160811 -60447.50
20160812 -62032.50
20160815 -61312.50
20160816 -61177.50
20160817 -62307.50
20160818 -61847.50
20160819 -63697.50
20160822 -63697.50
20160823 -63697.50
20160824 -63697.50
20160825 -63697.50
20160826 -63697.50
20160829 -63697.50
20160830 -63697.50
20160831 -63697.50
20160901 -63697.50
20160902 -63697.50
20160906 -63697.50
20160907 -63697.50
20160908 -63697.50
20160909 -63697.50
20160912 -64472.50
20160913 -64510.00
20160914 -65335.00
20160915 -65335.00
20160916 -65335.00
20160919 -65335.00
20160920 -65335.00
20160921 -65335.00
20160922 -65335.00
20160923 -65335.00
20160926 -65335.00
20160927 -65335.00
20160928 -65335.00
20160929 -65335.00
20160930 -65335.00
20161003 -65335.00
20161004 -56900.00
20161005 -56390.00
20161006 -53080.00
20161007 -53145.00
20161010 -55390.00
20161011 -54190.00
20161012 -53960.00
20161013 -54105.00
20161014 -53422.50
20161017 -53610.00
20161018 -55022.50
20161019 -55797.50
20161020 -54800.00
20161021 -54352.50
20161024 -55900.00
20161025 -58267.50
20161026 -58442.50
20161027 -58892.50
20161028 -59317.50
20161031 -59317.50
20161101 -59005.00
20161102 -58967.50
20161103 -58505.00
20161104 -58105.00
20161107 -56992.50
20161108 -55230.00
20161109 -56832.50
20161110 -54095.00
20161111 -53255.00
20161114 -50250.00
20161115 -51680.00
20161116 -51977.50
20161117 -49915.00
20161118 -48942.50
20161121 -47350.00
20161122 -47307.50
20161123 -42337.50
20161125 -40130.00
20161128 -42290.00
20161129 -43827.50
20161130 -40272.50
20161201 -39692.50
20161202 -42612.50
20161205 -40992.50
20161206 -40357.50
20161207 -43222.50
20161208 -43162.50
20161209 -41575.00
20161212 -42677.50
20161213 -42510.00
20161214 -42830.00
20161215 -38185.00
20161216 -41092.50
20161219 -40992.50
20161220 -40222.50
20161221 -39492.50
20161222 -38702.50
20161223 -38432.50
20161227 -40102.50
20161228 -40557.50
20161229 -43177.50
20161230 -41392.50
20170103 -44392.50
20170104 -45107.50
20170105 -45532.50
20170106 -44942.50
20170109 -45762.50
20170110 -46587.50
20170111 -46487.50
20170112 -46472.50
20170113 -45597.50
20170117 -49062.50
20170118 -49055.00
20170119 -50565.00
20170120 -50052.50
20170123 -48720.00
20170124 -47200.00
20170125 -48187.50
20170126 -49762.50
20170127 -47920.00
20170130 -48702.50
20170131 -44935.00
20170201 -45800.00
20170202 -46555.00
20170203 -48042.50
20170206 -46085.00
20170207 -46257.50
20170208 -45550.00
20170209 -45965.00
20170210 -42232.50
20170213 -43427.50
20170214 -44277.50
20170215 -43050.00
20170216 -42195.00
20170217 -42952.50
20170221 -42155.00
20170222 -43282.50
20170223 -42875.00
20170224 -40155.00
20170227 -40000.00
20170228 -39830.00
20170301 -39570.00
20170302 -45897.50
20170303 -46387.50
20170306 -47600.00
20170307 -48327.50
20170308 -47927.50
20170309 -47415.00
20170310 -47790.00
20170313 -48552.50
20170314 -48790.00
20170315 -49327.50
20170316 -49852.50
20170317 -50202.50
20170320 -49590.00
20170321 -48377.50
20170322 -48677.50
20170323 -49027.50
20170324 -48690.00
20170327 -48715.00
20170328 -49815.00
20170329 -49852.50
20170330 -50427.50
20170331 -50427.50
20170403 -50427.50
20170404 -50412.50
20170405 -51092.50
20170406 -50797.50
20170407 -51972.50
20170410 -54362.50
20170411 -52332.50
20170412 -52392.50
20170413 -50940.00
20170417 -51217.50
20170418 -50532.50
20170419 -52290.00
20170420 -53842.50
20170421 -53200.00
20170424 -54735.00
20170425 -56695.00
20170426 -56092.50
20170427 -55250.00
20170428 -55012.50
20170501 -54107.50
20170502 -54052.50
20170503 -52947.50
20170504 -49880.00
20170505 -49990.00
20170508 -49055.00
20170509 -47112.50
20170510 -48005.00
20170511 -49162.50
20170512 -50597.50
20170515 -52207.50
20170516 -53855.00
20170517 -57370.00
20170518 -56995.00
20170519 -57707.50
20170522 -57707.50
20170523 -57707.50
20170524 -57707.50
20170525 -57707.50
20170526 -57707.50
20170530 -57707.50
20170531 -57747.50
20170601 -58277.50
20170602 -57267.50
20170605 -57017.50
20170606 -55537.50
20170607 -55967.50
20170608 -57337.50
20170609 -57410.00
20170612 -58510.00
20170613 -59015.00
20170614 -60330.00
20170615 -60530.00
20170616 -60567.50
20170619 -59710.00
20170620 -60025.00
20170621 -58852.50
20170622 -59962.50
20170623 -60727.50
20170626 -59315.00
20170627 -58907.50
20170628 -59465.00
20170629 -57962.50
20170630 -57090.00
20170703 -52555.00
20170705 -52650.00
20170706 -53207.50
20170707 -49420.00
20170710 -50777.50
20170711 -50895.00
20170712 -51745.00
20170713 -51147.50
20170714 -52640.00
20170717 -53265.00
20170718 -54767.50
20170719 -55492.50
20170720 -55445.00
20170721 -55282.50
20170724 -54932.50
20170725 -52182.50
20170726 -51545.00
20170727 -51407.50
20170728 -51470.00
20170731 -51057.50
20170801 -51320.00
20170802 -51232.50
20170803 -51395.00
20170804 -51220.00
20170807 -50670.00
20170808 -49782.50
20170809 -50170.00
20170810 -50270.00
20170811 -50020.00
20170814 -49947.50
20170815 -52525.00
20170816 -49632.50
20170817 -49455.00
20170818 -51032.50
20170821 -49422.50
20170822 -49995.00
20170823 -49467.50
20170824 -48815.00
20170825 -47807.50
20170828 -43370.00
20170829 -42612.50
20170830 -43595.00
20170831 -42137.50
20170901 -39625.00
20170905 -37300.00
20170906 -37457.50
20170907 -35497.50
20170908 -37922.50
20170911 -39965.00
20170912 -41137.50
20170913 -41722.50
20170914 -41982.50
20170915 -42832.50
20170918 -46102.50
20170919 -46122.50
20170920 -45542.50
20170921 -47702.50
20170922 -47432.50
20170925 -46032.50
20170926 -47012.50
20170927 -48072.50
20170928 -48072.50
20170929 -48072.50
20171002 -48072.50
20171003 -48072.50
20171004 -48072.50
20171005 -48072.50
20171006 -48072.50
20171009 -48072.50
20171010 -48072.50
20171011 -47572.50
20171012 -46960.00
20171013 -46622.50
20171016 -43985.00
20171017 -45072.50
20171018 -45510.00
20171019 -45772.50
20171020 -45822.50
20171023 -45260.00
20171024 -45010.00
20171025 -45385.00
20171026 -45522.50
20171027 -47885.00
20171030 -47885.00
20171031 -47885.00
20171101 -47885.00
20171102 -47885.00
20171103 -47885.00
20171106 -47885.00
20171107 -47885.00
20171108 -47885.00
20171109 -47885.00
20171110 -47885.00
20171113 -47885.00
20171114 -47885.00
20171115 -47885.00
20171116 -47885.00
20171117 -47270.00
20171120 -52045.00
20171121 -50815.00
20171122 -49005.00
20171124 -50095.00
20171127 -49245.00
20171128 -50415.00
20171129 -50825.00
20171130 -51850.00
20171201 -52132.50
20171204 -51995.00
20171205 -46330.00
20171206 -46272.50
20171207 -44282.50
20171208 -44267.50
20171211 -44752.50
20171212 -43935.00
20171213 -46392.50
20171214 -48042.50
20171215 -50065.00
20171218 -51575.00
20171219 -51185.00
20171220 -52422.50
20171221 -52015.00
20171222 -51540.00
20171226 -50490.00
20171227 -50402.50
20171228 -49790.00
20171229 -49110.00
20180102 -48992.50
20180103 -49265.00
20180104 -48817.50
20180105 -49585.00
20180108 -49912.50
20180109 -50782.50
20180110 -49735.00
20180111 -50002.50
20180112 -48762.50
20180116 -48542.50
20180117 -48332.50
20180118 -49532.50
20180119 -48942.50
20180122 -49062.50
20180123 -48582.50
20180124 -49202.50
20180125 -47950.00
20180126 -49900.00
20180129 -52680.00
20180130 -53535.00
20180131 -52310.00
20180201 -52260.00
20180202 -55340.00
20180205 -55720.00
20180206 -55265.00
20180207 -53055.00
20180208 -53432.50
20180209 -51210.00
20180212 -54690.00
20180213 -56380.00
20180214 -59680.00
20180215 -59270.00
20180216 -59100.00
20180220 -59180.00
20180221 -59437.50
20180222 -58650.00
20180223 -58860.00
20180226 -59437.50
20180227 -59447.50
20180228 -60187.50
20180301 -59162.50
20180302 -61932.50
20180305 -61312.50
20180306 -65172.50
20180307 -65327.50
20180308 -65327.50
20180309 -65327.50
20180312 -65327.50
20180313 -65327.50
20180314 -65327.50
20180315 -65327.50
20180316 -65327.50
20180319 -65327.50
20180320 -65052.50
20180321 -66735.00
20180322 -65612.50
20180323 -65222.50
20180326 -64802.50
20180327 -66865.00
20180328 -68692.50
20180329 -69550.00
20180402 -68202.50
20180403 -69500.00
20180404 -67885.00
20180405 -70655.00
20180406 -69495.00
20180409 -69557.50
20180410 -69265.00
20180411 -68090.00
20180412 -71375.00
20180413 -69850.00
20180416 -69475.00
20180417 -69045.00
20180418 -66077.50
20180419 -67255.00
20180420 -68610.00
20180423 -73532.50
20180424 -71955.00
20180425 -73177.50
20180426 -73560.00
20180427 -75985.00
20180430 -75565.00
20180501 -73860.00
20180502 -74980.00
20180503 -76050.00
20180504 -76610.00
20180507 -76430.00
20180508 -77275.00
20180509 -77502.50
20180510 -81000.00
20180511 -80877.50
20180514 -80165.00
20180515 -76450.00
20180516 -76932.50
20180517 -77185.00
20180518 -76737.50
20180521 -77572.50
20180522 -78507.50
20180523 -78267.50
20180524 -79747.50
20180525 -80207.50
20180529 -79187.50
20180530 -80815.00
20180531 -80535.00
20180601 -80832.50
20180604 -81295.00
20180605 -80547.50
20180606 -78880.00
20180607 -78990.00
20180608 -78705.00
20180611 -78775.00
20180612 -78887.50
20180613 -78465.00
20180614 -78940.00
20180615 -83997.50
20180618 -85307.50
20180619 -86647.50
20180620 -86167.50
20180621 -85852.50
20180622 -86537.50
20180625 -85140.00
20180626 -83975.00
20180627 -82925.00
20180628 -80535.00
20180629 -81532.50
20180702 -77887.50
20180703 -79432.50
20180705 -77957.50
20180706 -77467.50
20180709 -78847.50
20180710 -77905.00
20180711 -73055.00
20180712 -74912.50
20180713 -73525.00
20180716 -73085.00
20180717 -70432.50
20180718 -70602.50
20180719 -67740.00
20180720 -70697.50
20180723 -69290.00
20180724 -71355.00
20180725 -72505.00
20180726 -72525.00
20180727 -72255.00
20180730 -72355.00
20180731 -72675.00
20180801 -71540.00
20180802 -70455.00
20180803 -71150.00
20180806 -70030.00
20180807 -70215.00
20180808 -70780.00
20180809 -70820.00
20180810 -69895.00
20180813 -66320.00
20180814 -66855.00
20180815 -59465.00
20180816 -62072.50
20180817 -61995.00
20180820 -64217.50
20180821 -65912.50
20180822 -65612.50
20180823 -63167.50
20180824 -67507.50
20180827 -68302.50
20180828 -68405.00
20180829 -67120.00
20180830 -64915.00
20180831 -63737.50
20180904 -59367.50
20180905 -59987.50
20180906 -60755.00
20180907 -59960.00
20180910 -60092.50
20180911 -60030.00
20180912 -62962.50
20180913 -62622.50
20180914 -60477.50
20180917 -61477.50
20180918 -62985.00
20180919 -63975.00
20180920 -66087.50
20180921 -62600.00
20180924 -63447.50
20180925 -63830.00
20180926 -63117.50
20180927 -63072.50
20180928 -63402.50
20181001 -63390.00
20181002 -64445.00
20181003 -63347.50
20181004 -64630.00
20181005 -65392.50
20181008 -63980.00
20181009 -64270.00
20181010 -64460.00
20181011 -66930.00
20181012 -66930.00
20181015 -66930.00
20181016 -66930.00
20181017 -66930.00
20181018 -66930.00
20181019 -66930.00
20181022 -66930.00
20181023 -66950.00
20181024 -67520.00
20181025 -67390.00
20181026 -67762.50
20181029 -68570.00
20181030 -66887.50
20181031 -67952.50
20181101 -69420.00
20181102 -72732.50
20181105 -72102.50
20181106 -72850.00
20181107 -72815.00
20181108 -73707.50
20181109 -73295.00
20181112 -72450.00
20181113 -72542.50
20181114 -73632.50
20181115 -75460.00
20181116 -77355.00
20181119 -77472.50
20181120 -79365.00
20181121 -79830.00
20181123 -79235.00
20181126 -79320.00
20181127 -79902.50
20181128 -81072.50
20181129 -80807.50
20181130 -79882.50
20181203 -81292.50
20181204 -82047.50
20181205 -82447.50
20181206 -82347.50
20181207 -81447.50
20181210 -81767.50
20181211 -82597.50
20181212 -81202.50
20181213 -81442.50
20181214 -83132.50
20181217 -81482.50
20181218 -80517.50
20181219 -80940.00
20181220 -79047.50
20181221 -80300.00
20181224 -78015.00
20181226 -77355.00
20181227 -74810.00
20181228 -74327.50
20181231 -72715.00
20190102 -71690.00
20190103 -68505.00
20190104 -71447.50
20190107 -70925.00
20190108 -72015.00
20190109 -71320.00
20190110 -71752.50
20190111 -72090.00
20190114 -71085.00
20190115 -71692.50
20190116 -72037.50
20190117 -73035.00
20190118 -74110.00
20190122 -74570.00
20190123 -74570.00
20190124 -74570.00
20190125 -74810.00
20190128 -74310.00
20190129 -73720.00
20190130 -73855.00
20190131 -72160.00
20190201 -73175.00
20190204 -73680.00
20190205 -73940.00
20190206 -75095.00
20190207 -75055.00
20190208 -74145.00
20190211 -75400.00
20190212 -75190.00
20190213 -75270.00
20190214 -76115.00
20190215 -75295.00
20190219 -72625.00
20190220 -71177.50
20190221 -73762.50
20190222 -71900.00
20190225 -72392.50
20190226 -72455.00
20190227 -72885.00
20190228 -73757.50
20190301 -73357.50
20190304 -72007.50
20190305 -71115.00
20190306 -71680.00
20190307 -71505.00
20190308 -74795.00
20190311 -73412.50
20190312 -74120.00
20190313 -75280.00
20190314 -73535.00
20190315 -74717.50
20190318 -74492.50
20190319 -74892.50
20190320 -76377.50
20190321 -76752.50
20190322 -77552.50
20190325 -77552.50
20190326 -77552.50
20190327 -77552.50
20190328 -77517.50
20190329 -78202.50
20190401 -79472.50
20190402 -79757.50
20190403 -78887.50
20190404 -80480.00
20190405 -81145.00
20190408 -82425.00
20190409 -83040.00
20190410 -83565.00
20190411 -81680.00
20190412 -82160.00
20190415 -82220.00
20190416 -81160.00
20190417 -81777.50
20190418 -82965.00
20190422 -83687.50
20190423 -82327.50
20190424 -83572.50
20190425 -83417.50
20190426 -84967.50
20190429 -83462.50
20190430 -84137.50
20190501 -81212.50
20190502 -78882.50
20190503 -82605.00
20190506 -82862.50
20190507 -81937.50
20190508 -81882.50
20190509 -81362.50
20190510 -81522.50
20190513 -80070.00
20190514 -80845.00
20190515 -81145.00
20190516 -81065.00
20190517 -80922.50
20190520 -80895.00
20190521 -80445.00
20190522 -79715.00
20190523 -80597.50
20190524 -80782.50
20190528 -79520.00
20190529 -79175.00
20190530 -79325.00
20190531 -79215.00
20190603 -78650.00
20190604 -79245.00
20190605 -77605.00
20190606 -77382.50
20190607 -76467.50
20190610 -78997.50
20190611 -79057.50
20190612 -78060.00
20190613 -77432.50
20190614 -76677.50
20190617 -77262.50
20190618 -77882.50
20190619 -78072.50
20190620 -72782.50
20190621 -73472.50
20190624 -71227.50
20190625 -71562.50
20190626 -71932.50
20190627 -72677.50
20190628 -72272.50
20190701 -75452.50
20190702 -73357.50
20190703 -71577.50
20190705 -75142.50
20190708 -75152.50
20190709 -75102.50
20190710 -73902.50
20190711 -74482.50
20190712 -73932.50
20190715 -73802.50
20190716 -73857.50
20190717 -71182.50
20190718 -69567.50
20190719 -69847.50
20190722 -69510.00
20190723 -70255.00
20190724 -69015.00
20190725 -71192.50
20190726 -71265.00
20190729 -70127.50
20190730 -69587.50
20190731 -70752.50
20190801 -74247.50
20190802 -72797.50
20190805 -70585.00
20190806 -69892.50
20190807 -62935.00
20190808 -66157.50
20190809 -65820.00
20190812 -64150.00
20190813 -66015.00
20190814 -62220.00
20190815 -62285.00
20190816 -63505.00
20190819 -65777.50
20190820 -63740.00
20190821 -63912.50
20190822 -64487.50
20190823 -59025.00
20190826 -58262.50
20190827 -54342.50
20190828 -54110.00
20190829 -56320.00
20190830 -56325.00
20190903 -48612.50
20190904 -48287.50
20190905 -55840.00
20190906 -60280.00
20190909 -60480.00
20190910 -61575.00
20190911 -61255.00
20190912 -60800.00
20190913 -63225.00
20190916 -62025.00
20190917 -61835.00
20190918 -63975.00
20190919 -63975.00
20190920 -63975.00
20190923 -63975.00
20190924 -63975.00
20190925 -63975.00
20190926 -63975.00
20190927 -63975.00
20190930 -62205.00
20191001 -63815.00
20191002 -65705.00
20191003 -66295.00
20191004 -66205.00
20191007 -65355.00
20191008 -65305.00
20191009 -66195.00
20191010 -65005.00
20191011 -63785.00
20191014 -64675.00
20191015 -63265.00
20191016 -64315.00
20191017 -64745.00
20191018 -64475.00
20191021 -63612.50
20191022 -63890.00
20191023 -63747.50
20191024 -64735.00
20191025 -65552.50
20191028 -65895.00
20191029 -65907.50
20191030 -65865.00
20191031 -66065.00
20191101 -65765.00
20191104 -65245.00
20191105 -66997.50
20191106 -68550.00
20191107 -65012.50
20191108 -64865.00
20191111 -64630.00
20191112 -64202.50
20191113 -66417.50
20191114 -68302.50
20191115 -67412.50
20191118 -68012.50
20191119 -68842.50
20191120 -68817.50
20191121 -67507.50
20191122 -67182.50
20191125 -65942.50
20191126 -67077.50
20191127 -65752.50
20191129 -67197.50
20191202 -66147.50
20191203 -69040.00
20191204 -70490.00
20191205 -70590.00
20191206 -72630.00
20191209 -72022.50
20191210 -72147.50
20191211 -72282.50
20191212 -74377.50
20191213 -74190.00
20191216 -74002.50
20191217 -73737.50
20191218 -73837.50
20191219 -73442.50
20191220 -74485.00
20191223 -73247.50
20191224 -69392.50
20191226 -67210.00
20191227 -67562.50
20191230 -67122.50
20191231 -67985.00
20200102 -66160.00
20200103 -64155.00
20200106 -62375.00
20200107 -60755.00
20200108 -63295.00
20200109 -65040.00
20200110 -63615.00
20200113 -65010.00
20200114 -66227.50
20200115 -65475.00
20200116 -66300.00
20200117 -65357.50
20200121 -66897.50
20200122 -67255.00
20200123 -65560.00
20200124 -63860.00
20200127 -61122.50
20200128 -61457.50
20200129 -60760.00
20200130 -58690.00
20200131 -58645.00
20200203 -58945.00
20200204 -62510.00
20200205 -63722.50
20200206 -64185.00
20200207 -63185.00
20200210 -63122.50
20200211 -63935.00
20200212 -64360.00
20200213 -64935.00
20200214 -64935.00
20200218 -64935.00
20200219 -65280.00
20200220 -65090.00
20200221 -61205.00
20200224 -56695.00
20200225 -62780.00
20200226 -65240.00
20200227 -65825.00
20200228 -66990.00
20200302 -68400.00
20200303 -70645.00
20200304 -70935.00
20200305 -71670.00
20200306 -72960.00
20200309 -72072.50
20200310 -73392.50
20200311 -74390.00
20200312 -72437.50
20200313 -57340.00
20200316 -44112.50
20200317 -44462.50
20200318 -31995.00
20200319 -34807.50
20200320 -36242.50
20200323 -47147.50
20200324 -59885.00
20200325 -63565.00
20200326 -61930.00
20200327 -61070.00
20200330 -58647.50
20200331 -60580.00
20200401 -58382.50
20200402 -62832.50
20200403 -61382.50
20200406 -66422.50
20200407 -68817.50
20200408 -68445.00
20200409 -61582.50
20200413 -61797.50
20200414 -61722.50
20200415 -63755.00
20200416 -64480.00
20200417 -69320.00
20200420 -68080.00
20200421 -70420.00
20200422 -65370.00
20200423 -64660.00
20200424 -66177.50
20200427 -67032.50
20200428 -67180.00
20200429 -67435.00
20200430 -70017.50
20200501 -70147.50
20200504 -68895.00
20200505 -68665.00
20200506 -70512.50
20200507 -65945.00
20200508 -66497.50
20200511 -68737.50
20200512 -68382.50
20200513 -67747.50
20200514 -65597.50
20200515 -59875.00
20200518 -58237.50
20200519 -54602.50
20200520 -52252.50
20200521 -59307.50
20200522 -57440.00
20200526 -60120.00
20200527 -61582.50
20200528 -59745.00
20200529 -56785.00
20200601 -54020.00
20200602 -56342.50
20200603 -58270.00
20200604 -59965.00
20200605 -56785.00
20200608 -56675.00
20200609 -58012.50
20200610 -56445.00
20200611 -59640.00
20200612 -61087.50
20200615 -61462.50
20200616 -62455.00
20200617 -61740.00
20200618 -61327.50
20200619 -63142.50
20200622 -62905.00
20200623 -61195.00
20200624 -62085.00
20200625 -62222.50
20200626 -61227.50
20200629 -60800.00
20200630 -57970.00
20200701 -59892.50
20200702 -58520.00
20200706 -57520.00
20200707 -55317.50
20200708 -53322.50
20200709 -55635.00
20200710 -53895.00
20200713 -47562.50
20200714 -49485.00
20200715 -49477.50
20200716 -51355.00
20200717 -49355.00
20200720 -46200.00
20200721 -35662.50
20200722 -26445.00
20200723 -24385.00
20200724 -25475.00
20200727 -13745.00
20200728 -12890.00
20200729 -11467.50
20200730 -17377.50
20200731 -12347.50
20200803 -11352.50
20200804     0.00
20200805     0.00
20200806     0.00
20200807 -8440.00
20200810     0.00
20200811 -28210.00
20200812 -28560.00
20200813 -19865.00
20200814 -28010.00
20200817 -20120.00
20200818 -18080.00
20200819 -20742.50
20200820 -22920.00
20200821 -26420.00
20200824 -26820.00
20200825 -28302.50
20200826 -21735.00
20200827 -23540.00
20200828 -19855.00
20200831 -14785.00
20200901 -15355.00
20200902 -21805.00
20200903 -25542.50
20200904 -24182.50
20200908 -23712.50
20200909 -22590.00
20200910 -22875.00
20200911 -24020.00
20200914 -20817.50
20200915 -20397.50
20200916 -20387.50
20200917 -22017.50
20200918 -20747.50
20200921 -28592.50
20200922 -27867.50
20200923 -30517.50
20200924 -31442.50
20200925 -31517.50
20200928 -31992.50
20200929 -31992.50
20200930 -33055.00
20201001 -28880.00
20201002 -31680.00
20201005 -31317.50
20201006 -31330.00
20201007 -33067.50
20201008 -33292.50
20201009 -33630.00
20201012 -33630.00
20201013 -33630.00
20201014 -33630.00
20201015 -33630.00
20201016 -33630.00
20201019 -33630.00
20201020 -32967.50
20201021 -31705.00
20201022 -32830.00
20201023 -33442.50
20201026 -34430.00
20201027 -34330.00
20201028 -35287.50
20201029 -34355.00
20201030 -35770.00
20201102 -37180.00
20201103 -38970.00
20201104 -37550.00
20201105 -41150.00
20201106 -40925.00
20201109 -59620.00
20201110 -61820.00
20201111 -60340.00
20201112 -61510.00
20201113 -62800.00
20201116 -62872.50
20201117 -63202.50
20201118 -62082.50
20201119 -60742.50
20201120 -59607.50
20201123 -56972.50
20201124 -52615.00
20201125 -52382.50
20201127 -47442.50
20201130 -45980.00
20201201 -56090.00
20201202 -57070.00
20201203 -58407.50
20201204 -59417.50
20201207 -62217.50
20201208 -63545.00
20201209 -59542.50
20201210 -57870.00
20201211 -59690.00
20201214 -58577.50
20201215 -60447.50
20201216 -61555.00
20201217 -59717.50
20201218 -59832.50
20201221 -60087.50
20201222 -66995.00
20201223 -63385.00
20201224 -62777.50
20201228 -59690.00
20201229 -61437.50
20201230 -58770.00
20201231 -60155.00
20210104 -49357.50
20210105 -45072.50
20210106 -52367.50
20210107 -49635.00
20210108 -65882.50
20210111 -71697.50
20210112 -70012.50
20210113 -70795.00
20210114 -69257.50
20210115 -68670.00
20210119 -73712.50
20210120 -78372.50
20210121 -78602.50
20210122 -76680.00
20210125 -76132.50
20210126 -76222.50
20210127 -76600.00
20210128 -79560.00
20210129 -83300.00
20210201 -78335.00
20210202 -93415.00
20210203 -90980.00
20210204 -92380.00
20210205 -94560.00
20210208 -96680.00
20210209 -97010.00
20210210 -96142.50
20210211 -94577.50
20210212 -93805.00
20210216 -90235.00
20210217 -87952.50
20210218 -86160.00
20210219 -82075.00
20210222 -83500.00
20210223 -82312.50
20210224 -78600.00
20210225 -77362.50
20210226 -76977.50
20210301 -75885.00
20210302 -78695.00
20210303 -76455.00
20210304 -74402.50
20210305 -70887.50
20210308 -68310.00
20210309 -78882.50
20210310 -78507.50
20210311 -76240.00
20210312 -74525.00
20210315 -77337.50
20210316 -77807.50
20210317 -77725.00
20210318 -79465.00
20210319 -79190.00
20210322 -75767.50
20210323 -74557.50
20210324 -74965.00
20210325 -76120.00
20210326 -76455.00
20210329 -74740.00
20210330 -71570.00
20210331 -73545.00
20210401 -75625.00
20210405 -74785.00
20210406 -77020.00
20210407 -77120.00
20210408 -78810.00
20210409 -78535.00
20210412 -78535.00
20210413 -78535.00
20210414 -78535.00
20210415 -78535.00
20210416 -78535.00
20210419 -78535.00
20210420 -78535.00
20210421 -78535.00
20210422 -78535.00
20210423 -78535.00
20210426 -76910.00
20210427 -75735.00
20210428 -75435.00
20210429 -75710.00
20210430 -76172.50
20210503 -74660.00
20210504 -74835.00
20210505 -74772.50
20210506 -72810.00
20210507 -67800.00
20210510 -67982.50
20210511 -66982.50
20210512 -68962.50
20210513 -69980.00
20210514 -69470.00
20210517 -65675.00
20210518 -64990.00
20210519 -68905.00
20210520 -68867.50
20210521 -74467.50
20210524 -70480.00
20210525 -68850.00
20210526 -68840.00
20210527 -65717.50
20210528 -64305.00
20210601 -64495.00
20210602 -65045.00
20210603 -76040.00
20210604 -72075.00
20210607 -70785.00
20210608 -72660.00
20210609 -71195.00
20210610 -70960.00
20210611 -72065.00
20210614 -73970.00
20210615 -76650.00
20210616 -80770.00
20210617 -80770.00
20210618 -80770.00
20210621 -80770.00
20210622 -80770.00
20210623 -80770.00
20210624 -80770.00
20210625 -80770.00
20210628 -80770.00
20210629 -80770.00
20210630 -80770.00
20210701 -80770.00
20210702 -80770.00
20210706 -80770.00
20210707 -80770.00
20210708 -80770.00
20210709 -80770.00
20210712 -80770.00
20210713 -80770.00
20210714 -80770.00
20210715 -80770.00
20210716 -80770.00
20210719 -78615.00
20210720 -77870.00
20210721 -79170.00
20210722 -79800.00
20210723 -79060.00
20210726 -79485.00
20210727 -76140.00
20210728 -77280.00
20210729 -81805.00
20210730 -80630.00
20210802 -80770.00
20210803 -80805.00
20210804 -80200.00
20210805 -79355.00
20210806 -74525.00
20210809 -66470.00
20210810 -67605.00
20210811 -70245.00
20210812 -68235.00
20210813 -74190.00
20210816 -75410.00
20210817 -74550.00
20210818 -71175.00
20210819 -68110.00
20210820 -70010.00
20210823 -76960.00
20210824 -78675.00
20210825 -78317.50
20210826 -76692.50
20210827 -81075.00
20210830 -82392.50
20210831 -82392.50
20210901 -83467.50
20210902 -81952.50
20210903 -85662.50
20210907 -87037.50
20210908 -85952.50
20210909 -85907.50
20210910 -85100.00
20210913 -86475.00
20210914 -89210.00
20210915 -86652.50
20210916 -82962.50
20210917 -80910.00
20210920 -81485.00
20210921 -86797.50
20210922 -92000.00
20210923 -87960.00
20210924 -86880.00
20210927 -88255.00
20210928 -85670.00
20210929 -79300.00
20210930 -85520.00
20211001 -88105.00
20211004 -89565.00
20211005 -88715.00
20211006 -88425.00
20211007 -88795.00
20211008 -90830.00
20211011 -90630.00
20211012 -89875.00
20211013 -90830.00
20211014 -89477.50
20211015 -89307.50
20211018 -89242.50
20211019 -90090.00
20211020 -85052.50
20211021 -91127.50
20211022 -89805.00
20211025 -87290.00
20211026 -92200.00
20211027 -93557.50
20211028 -92307.50
20211029 -96932.50
20211101 -95122.50
20211102 -98592.50
20211103 -102662.50
20211104 -102662.50
20211105 -102542.50
20211108 -101422.50
20211109 -101142.50
20211110 -100157.50
20211111 -95952.50
20211112 -95267.50
20211115 -96662.50
20211116 -98717.50
20211117 -95705.00
20211118 -98882.50
20211119 -103032.50
20211122 -109707.50
20211123 -111612.50
20211124 -113262.50
20211126 -113537.50
20211129 -112122.50
20211130 -111937.50
20211201 -109557.50
20211202 -109442.50
20211203 -110267.50
20211206 -109177.50
20211207 -110477.50
20211208 -110022.50
20211209 -107927.50
20211210 -108837.50
20211213 -109502.50
20211214 -107482.50
20211215 -105327.50
20211216 -116207.50
20211217 -116745.00
20211220 -116707.50
20211221 -118020.00
20211222 -119157.50
20211223 -119332.50
20211227 -119332.50
20211228 -121020.00
20211229 -122030.00
20211230 -121712.50
20211231 -118487.50
20220103 -122387.50
20220104 -119600.00
20220105 -120087.50
20220106 -125152.50
20220107 -124115.00
20220110 -125565.00
20220111 -123640.00
20220112 -119952.50
20220113 -120715.00
20220114 -123852.50
20220118 -124802.50
20220119 -121605.00
20220120 -118852.50
20220121 -121395.00
20220124 -123192.50
20220125 -121175.00
20220126 -121830.00
20220127 -127127.50
20220128 -130125.00
20220131 -131467.50
20220201 -134715.00
20220202 -137145.00
20220203 -135900.00
20220204 -136682.50
20220207 -137457.50
20220208 -138060.00
20220209 -141547.50
20220210 -140122.50
20220211 -145410.00
20220214 -142642.50
20220215 -143362.50
20220216 -141707.50
20220217 -138995.00
20220218 -139302.50
20220222 -138767.50
20220223 -138190.00
20220224 -136727.50
20220225 -143462.50
20220228 -141170.00
20220301 -127435.00
20220302 -129615.00
20220303 -125245.00
20220304 -115390.00
20220307 -117967.50
20220308 -107877.50
20220309 -122220.00
20220310 -116800.00
20220311 -119495.00
20220314 -128787.50
20220315 -132847.50
20220316 -135580.00
20220317 -128512.50
20220318 -130220.00
20220321 -129815.00
20220322 -132122.50
20220323 -128785.00
20220324 -125980.00
20220325 -128605.00
20220328 -130025.00
20220329 -133142.50
20220330 -132655.00
20220331 -132642.50
