CL,EC,GC,KC,NG,S_,LH,SB,SI,TY,
20100129,-36330.0,12618.75,-9270.0,2700.0,-5350.0,12212.5,-3790.0,7683.2,-6480.0,-1140.6,
20100226,-55490.0,23918.75,-24900.0,5512.5,-5350.0,5662.5,2690.0,-156.8,-14090.0,-1140.6,
20100331,-59250.0,12400.0,-23220.0,2287.5,22720.0,5662.5,260.0,16844.8,-24990.0,-2109.3,
20100430,-64370.0,19581.25,-26520.0,2287.5,3860.0,5200.0,350.0,23699.2,-24995.0,-1921.78,
20100528,-79410.0,70931.25,-13800.0,2287.5,230.0,1550.0,350.0,28000.0,-36135.0,7860.45,
20100630,-91770.0,72581.25,-1440.0,26081.25,-9910.0,487.5,-1710.0,20966.4,-31315.0,18547.95,
20100730,-91770.0,60743.75,-22530.0,17025.0,-9910.0,6375.0,-4490.0,30632.0,-45475.0,23610.45,
20100831,-115140.0,35556.25,-35810.0,17475.0,3010.0,5075.0,-1130.0,31438.4,-17555.0,34110.45,
20100930,-121930.0,83106.25,-25950.0,21750.0,-3230.0,24425.0,-3410.0,52987.2,30225.0,25642.22,
20101029,-122670.0,98756.25,-6750.0,24075.0,-2210.0,48075.0,5620.0,78254.4,85085.0,22046.82,
20101130,-139290.0,86181.25,4050.0,14081.25,-13700.0,36125.0,-460.0,66472.0,157145.0,19406.22,
20101231,-113010.0,86181.25,18170.0,73031.25,-12490.0,48600.0,-460.0,59057.6,211645.0,23465.6,
20110131,-150350.0,66856.25,-830.0,79481.25,-15730.0,50600.0,7810.0,59057.6,159305.0,20653.2,
20110228,-159140.0,60006.25,-11470.0,116456.25,-33670.0,46850.0,1250.0,52147.2,191055.0,17482.0,
20110331,-126600.0,69693.75,-10300.0,100256.25,-39920.0,34200.0,1250.0,44923.2,272415.0,10014.3,
20110429,-100000.0,103793.75,34810.0,99018.75,-39170.0,36150.0,1170.0,54868.8,486215.0,18451.8,
20110531,-132280.0,69618.75,26570.0,56606.25,-40670.0,37950.0,7110.0,51688.0,275955.0,29889.3,
20110630,-141800.0,69618.75,15860.0,30487.5,-56670.0,44925.0,630.0,54219.2,275955.0,28889.4,
20110729,-148480.0,59968.75,-2900.0,69562.5,-68770.0,39525.0,1270.0,69764.8,272060.0,29750.1,
20110831,-159970.0,60518.75,77300.0,43612.5,-73320.0,38062.5,-2930.0,54880.0,225735.0,46189.0,
20110930,-120650.0,94737.5,44490.0,-33656.25,-70110.0,19862.5,-2930.0,50008.0,162425.0,50439.0,
20111031,-151200.0,81262.5,20770.0,-51731.25,-73320.0,14012.5,-6590.0,48395.2,92285.0,45017.22,
20111130,-128080.0,81262.5,20770.0,-51731.25,-52280.0,31212.5,-5070.0,55764.8,92285.0,44001.6,
20111230,-149600.0,83925.0,18380.0,-61762.5,-28320.0,25712.5,-16080.0,57512.0,90045.0,43158.12,
20120131,-153980.0,76750.0,-32680.0,-61781.25,-7280.0,25712.5,-22620.0,50534.4,58020.0,39561.27,
20120229,-149780.0,76750.0,-55030.0,-59943.75,-6200.0,35825.0,-22580.0,57142.4,44660.0,37530.02,
20120330,-165580.0,76750.0,-63450.0,-28743.75,17120.0,52425.0,-12140.0,49425.6,1500.0,32389.47,
20120430,-165580.0,76750.0,-75220.0,-20943.75,14280.0,73575.0,-14910.0,46009.6,-30750.0,22187.62,
20120531,-113170.0,103825.0,-53220.0,7406.25,13840.0,52525.0,-17550.0,53625.6,23160.0,31531.97,
20120629,-105570.0,89525.0,-69220.0,-1818.75,13490.0,43837.5,-17550.0,46816.0,26940.0,29281.97,
20120731,-109490.0,107275.0,-77860.0,-12787.5,24550.0,82750.0,-18800.0,44968.0,20900.0,34406.97,
20120831,-108540.0,102200.0,-68430.0,-22350.0,7190.0,105850.0,-28010.0,32155.2,28900.0,25859.42,
20120928,-122460.0,103168.75,-33910.0,-15787.5,7190.0,80600.0,-33480.0,28795.2,91600.0,26328.17,
20121031,-120810.0,108418.75,-48190.0,-27843.75,1560.0,77150.0,-43640.0,30889.6,67160.0,27234.42,
20121130,-134530.0,91106.25,-48190.0,-16575.0,2020.0,90950.0,-40930.0,31091.2,67160.0,25860.32,
20121231,-133380.0,90218.75,-50460.0,-6375.0,9110.0,79000.0,-46210.0,30329.6,67065.0,21715.12,
20130131,-114810.0,94825.0,-56380.0,-18675.0,4550.0,60700.0,-46580.0,33600.0,41320.0,22980.87,
20130228,-124650.0,79775.0,-46950.0,-21225.0,-140.0,52062.5,-44720.0,34361.6,100900.0,19745.32,
20130329,-124650.0,83525.0,-56350.0,-28893.75,6450.0,49687.5,-42320.0,33040.0,103080.0,18417.77,
20130430,-145920.0,66375.0,-32980.0,-22368.75,17730.0,39637.5,-45240.0,31449.6,186680.0,22528.05,
20130531,-138800.0,72900.0,-1020.0,-10293.75,3050.0,47287.5,-42520.0,34238.4,225520.0,18168.8,
20130628,-166580.0,57506.25,66700.0,2831.25,14720.0,45037.5,-36160.0,31673.6,281500.0,26494.75,
20130731,-144470.0,39525.0,22460.0,-6093.75,19600.0,42337.5,-37800.0,29388.8,260600.0,26994.75,
20130830,-157040.0,35750.0,16670.0,-4256.25,14920.0,37937.5,-37800.0,29388.8,257895.0,30932.25,
20130930,-169060.0,40281.25,2850.0,-1481.25,14920.0,22987.5,-32240.0,29736.0,243655.0,29260.5,
20131031,-153140.0,42950.0,-20120.0,10968.75,14920.0,20337.5,-28160.0,31393.6,221250.0,31652.1,
20131129,-135900.0,37075.0,-8680.0,7368.75,5660.0,12762.5,-32920.0,31561.6,222515.0,25271.1,
20131231,-152620.0,35450.0,10560.0,600.0,5420.0,10262.5,-28000.0,34496.0,233515.0,26330.7,
20140131,-155630.0,27850.0,-10680.0,3937.5,16570.0,10262.5,-30680.0,38348.8,207490.0,22521.0,
20140228,-152700.0,36300.0,0.0,83231.25,-20240.0,26300.0,-13700.0,37777.6,203225.0,22380.4,
20140331,-163940.0,31243.75,-2320.0,65156.25,-29880.0,36300.0,12900.0,36612.8,190185.0,18630.4,
20140430,-167030.0,36043.75,-2320.0,59606.25,-12840.0,46800.0,6660.0,35828.8,189915.0,21396.02,
20140530,-169670.0,24631.25,1770.0,38343.75,-23760.0,34500.0,11550.0,33062.4,193490.0,28099.5,
20140630,-162350.0,20768.75,-10510.0,20943.75,-27840.0,38725.0,3980.0,31684.8,185435.0,21412.1,
20140731,-173980.0,24331.25,-15950.0,-14812.5,-18800.0,53537.5,-90.0,35257.6,176815.0,21412.1,
20140829,-178940.0,37181.25,-15950.0,-22181.25,-26000.0,65087.5,7990.0,39603.2,176815.0,21740.8,
20140930,-179140.0,62731.25,-780.0,-30543.75,-28990.0,85687.5,-1290.0,43321.6,216115.0,19161.25,
20141031,-153130.0,67981.25,-12300.0,-32700.0,-29840.0,72487.5,-1290.0,43321.6,235135.0,16923.2,
20141128,-95490.0,72681.25,-15520.0,-32700.0,-47550.0,67412.5,-1290.0,43321.6,247235.0,16923.2,
20141231,-42650.0,89581.25,-18960.0,-18675.0,-30360.0,67512.5,2220.0,44408.0,199780.0,16923.2,
20150130,-20610.0,130131.25,-39930.0,-42843.75,-23680.0,64825.0,19980.0,43198.4,221850.0,24924.97,
20150227,-26810.0,135181.25,-66370.0,-15712.5,-36760.0,58300.0,27620.0,41843.2,212390.0,16300.07,
20150331,-30780.0,157531.25,-93240.0,-18337.5,-36520.0,57512.5,36140.0,49582.4,207635.0,16300.07,
20150430,-48040.0,142856.25,-93240.0,-18337.5,-41920.0,54962.5,32220.0,43736.0,207635.0,16300.07,
20150529,-61820.0,131562.5,-103620.0,-21843.75,-50580.0,56887.5,31470.0,40084.8,198965.0,16300.07,
20150630,-61820.0,135537.5,-109020.0,-26118.75,-47200.0,64837.5,26990.0,38203.2,187380.0,11797.9,
20150731,-29780.0,125793.75,-89230.0,-18450.0,-49500.0,50437.5,21950.0,39009.6,199660.0,6735.4,
20150831,-16220.0,112831.25,-101750.0,-31218.75,-50220.0,49137.5,15670.0,39793.6,175120.0,3127.85,
20150930,-19530.0,110881.25,-105870.0,-31987.5,-47740.0,47687.5,21660.0,39793.6,171290.0,9815.35,
20151030,-26530.0,104325.0,-107030.0,-31987.5,-28020.0,47687.5,16860.0,43904.0,165430.0,7502.95,
20151130,-46700.0,119625.0,-99250.0,-33975.0,-19740.0,45287.5,11080.0,45740.8,161545.0,6034.22,
20151231,-31010.0,98350.0,-97210.0,-36450.0,-22580.0,45287.5,6280.0,42694.4,163535.0,5597.07,
20160129,-13450.0,98350.0,-109100.0,-42056.25,-22580.0,45287.5,3530.0,46076.8,154735.0,12911.25,
20160229,-5330.0,97562.5,-68560.0,-42262.5,-21920.0,45287.5,2370.0,44150.4,146820.0,18098.75,
20160331,-15240.0,101193.75,-77560.0,-53437.5,-27670.0,47462.5,970.0,41540.8,157740.0,15286.35,
20160429,-13930.0,95343.75,-77490.0,-65512.5,-27670.0,69362.5,-3760.0,44945.6,203860.0,15286.35,
20160531,-3930.0,90268.75,-95750.0,-65437.5,-27670.0,79112.5,-2500.0,50187.2,183460.0,14802.0,
20160630,-9370.0,85756.25,-103930.0,-32137.5,-13650.0,89062.5,-8670.0,62328.0,188395.0,10727.1,
20160729,-1260.0,79731.25,-93690.0,-31312.5,-24810.0,87912.5,2480.0,56907.2,221915.0,10462.12,
20160831,-18060.0,79531.25,-107530.0,-42112.5,-24810.0,81212.5,-3600.0,56907.2,200275.0,5837.12,
20160930,-18060.0,79531.25,-107530.0,-48056.25,-28660.0,77987.5,8430.0,60054.4,200275.0,6649.62,
20161031,-25310.0,78631.25,-106530.0,-37875.0,-45960.0,76775.0,6870.0,57097.6,201305.0,1023.92,
20161130,-36880.0,97756.25,-104110.0,-49050.0,-50040.0,75500.0,6870.0,57276.8,202245.0,18131.92,
20161230,-43630.0,101556.25,-95230.0,-37125.0,-51630.0,66575.0,16460.0,57489.6,190935.0,19069.42,
20170131,-49620.0,94331.25,-107510.0,-49800.0,-57840.0,70375.0,19220.0,53816.0,180600.0,16381.92,
20170228,-50350.0,94331.25,-106180.0,-49800.0,-50960.0,70375.0,14540.0,55272.0,187850.0,15944.45,
20170331,-51860.0,92162.5,-108540.0,-50587.5,-63600.0,79275.0,13950.0,66326.4,170990.0,15928.82,
20170428,-54380.0,91806.25,-101700.0,-51093.75,-63600.0,79325.0,10050.0,69507.2,157200.0,17463.45,
20170531,-60710.0,104468.75,-110900.0,-45018.75,-61100.0,77662.5,3620.0,70571.2,137425.0,15322.95,
20170630,-50710.0,112293.75,-110900.0,-36093.75,-61730.0,71162.5,-1810.0,75465.6,154265.0,13200.82,
20170731,-55550.0,131968.75,-121520.0,-44568.75,-63380.0,61200.0,-6320.0,72822.4,151085.0,13200.82,
20170831,-55550.0,134543.75,-125220.0,-61650.0,-67870.0,48800.0,-11970.0,72822.4,155465.0,13185.22,
20170929,-56110.0,128243.75,-134740.0,-63112.5,-71790.0,53400.0,-5090.0,72822.4,150665.0,5187.27,
20171031,-59770.0,127918.75,-134740.0,-64612.5,-71280.0,54450.0,-11570.0,72822.4,150665.0,2700.45,
20171130,-48770.0,123400.0,-134740.0,-70518.75,-72610.0,54650.0,-11570.0,72206.4,150490.0,5325.45,
20171229,-36850.0,123718.75,-141740.0,-72675.0,-70090.0,51075.0,-11570.0,67513.6,143090.0,5325.45,
20180131,-19410.0,140662.5,-135240.0,-72675.0,-79340.0,48500.0,-11570.0,70089.6,139910.0,15200.45,
20180228,-33210.0,130137.5,-146920.0,-74737.5,-94140.0,58200.0,-11360.0,66908.8,130920.0,19075.45,
20180329,-33590.0,128306.25,-154810.0,-70631.25,-93180.0,54750.0,-1790.0,68790.4,125380.0,16325.55,
20180430,-20660.0,129131.25,-160910.0,-72206.25,-93380.0,52575.0,4370.0,72329.6,125380.0,15120.6,
20180531,-13940.0,150256.25,-164730.0,-72206.25,-87060.0,50675.0,450.0,71299.2,122430.0,6573.47,
20180629,-11940.0,152631.25,-144650.0,-70856.25,-88180.0,80937.5,-7930.0,71299.2,122665.0,6323.47,
20180731,-25690.0,152581.25,-132450.0,-63056.25,-96840.0,79937.5,7080.0,73371.2,134105.0,5557.85,
20180831,-20830.0,159006.25,-121690.0,-46331.25,-98220.0,79937.5,-1960.0,73147.2,156645.0,6510.97,
20180928,-10200.0,151906.25,-117490.0,-47306.25,-99800.0,77562.5,280.0,71265.6,159885.0,4822.12,
20181031,-22880.0,152731.25,-130710.0,-56118.75,-92120.0,78212.5,-5700.0,72363.2,159885.0,3447.32,
20181130,22910.0,152737.5,-130710.0,-56118.75,-39960.0,73912.5,-5870.0,72363.2,154660.0,3964.37,
20181231,46070.0,147437.5,-122740.0,-57712.5,-65470.0,67262.5,-6010.0,72609.6,156230.0,13965.57,
20190131,14430.0,149237.5,-107660.0,-60187.5,-65160.0,69287.5,-6060.0,69036.8,166870.0,11840.67,
20190228,15590.0,153887.5,-111300.0,-58706.25,-66940.0,67462.5,900.0,65419.2,156150.0,11840.67,
20190329,23310.0,151712.5,-114500.0,-52781.25,-69580.0,66412.5,-3180.0,64859.2,153580.0,16156.25,
20190430,37950.0,147931.25,-109380.0,-47006.25,-69750.0,74600.0,-3700.0,63784.0,153685.0,12343.85,
20190531,34380.0,151906.25,-111360.0,-48000.0,-72210.0,70750.0,-4930.0,63851.2,160710.0,16736.85,
20190628,22970.0,147031.25,-74500.0,-44887.5,-67560.0,69700.0,10600.0,62372.8,150195.0,21611.85,
20190731,21120.0,143075.0,-70020.0,-55312.5,-72200.0,67625.0,2800.0,60849.6,167295.0,16674.45,
20190830,9330.0,149975.0,-62680.0,-57168.75,-75680.0,65525.0,4350.0,63526.4,203135.0,25566.82,
20190930,-12390.0,155075.0,-77640.0,-60375.0,-87930.0,64800.0,-330.0,61376.0,185595.0,20754.42,
20191031,-12370.0,145775.0,-77640.0,-62418.75,-87930.0,61550.0,10230.0,61376.0,185595.0,18893.72,
20191129,-10610.0,145775.0,-78740.0,-49575.0,-92370.0,61637.5,17950.0,61376.0,184335.0,16939.2,
20191231,1310.0,145675.0,-82200.0,-33600.0,-88870.0,54462.5,12510.0,62854.4,176825.0,18814.2,
20200131,-26670.0,141062.5,-68570.0,-45168.75,-75870.0,62975.0,24080.0,68185.6,171220.0,20690.85,
20200228,1610.0,142000.0,-77050.0,-53812.5,-80350.0,60687.5,23000.0,67020.8,146440.0,33503.35,
20200331,100250.0,107400.0,-97330.0,-68268.75,-75900.0,62037.5,11630.0,74894.4,188270.0,31565.95,
20200430,129450.0,110681.25,-157500.0,-73668.75,-81620.0,69687.5,-2240.0,75924.8,149490.0,31565.95,
20200529,97650.0,110718.75,-147030.0,-70256.25,-86770.0,72587.5,-4040.0,73012.8,182840.0,31565.95,
20200630,95760.0,105437.5,-162090.0,-77175.0,-86450.0,68562.5,8280.0,71075.2,160260.0,31300.35,
20200731,98280.0,119493.75,-107570.0,-59437.5,-92730.0,68625.0,1160.0,71321.6,253985.0,32676.6,
20200831,103820.0,126493.75,-110490.0,-48337.5,-74560.0,80825.0,-8150.0,70940.8,338445.0,28894.4,
20200930,93060.0,117218.75,-138610.0,-59662.5,-85400.0,94825.0,17290.0,69148.8,286165.0,28894.4,
20201030,103500.0,117218.75,-138610.0,-59493.75,-91430.0,102525.0,21250.0,70436.8,286165.0,29408.47,
20201130,77460.0,113068.75,-127950.0,-65006.25,-87340.0,124975.0,18850.0,71108.8,270005.0,27861.22,
20201231,89340.0,123956.25,-173630.0,-63243.75,-80760.0,153075.0,11350.0,70123.2,287310.0,28236.22,
20210129,103860.0,118906.25,-154150.0,-71962.5,-97010.0,164875.0,11500.0,69384.0,292630.0,32423.72,
20210226,140980.0,118906.25,-105550.0,-53212.5,-93820.0,171225.0,20950.0,76283.2,282070.0,45298.72,
20210331,129340.0,128162.5,-99310.0,-70668.75,-94460.0,163075.0,42310.0,73550.4,289330.0,52423.72,
20210430,129340.0,118662.5,-115750.0,-82406.25,-94460.0,176400.0,49390.0,72979.2,269370.0,46923.82,
20210528,128630.0,118025.0,-89730.0,-51056.25,-97630.0,167600.0,62470.0,71512.0,263785.0,46923.82,
20210630,150110.0,115731.25,-128730.0,-73481.25,-76120.0,167787.5,48260.0,72497.6,245195.0,45799.55,
20210730,134230.0,111525.0,-128730.0,-94181.25,-64840.0,164537.5,48630.0,72587.2,230180.0,52800.95,
20210831,119740.0,106693.75,-152500.0,-74306.25,-68190.0,164537.5,46250.0,81233.6,221760.0,51175.95,
20210930,99730.0,118518.75,-134170.0,-77156.25,-11760.0,164750.0,39160.0,78590.4,211080.0,49283.87,
20211029,131640.0,113918.75,-140320.0,-62231.25,-36960.0,165250.0,31700.0,78433.6,197610.0,52908.87,
20211130,110000.0,122306.25,-173300.0,-23756.25,-42720.0,156350.0,28560.0,80908.8,174385.0,44985.8,
20211231,89680.0,120556.25,-152460.0,-32456.25,-21300.0,161450.0,22840.0,79654.4,151150.0,42235.7,
20220131,84420.0,117531.25,-166260.0,-32456.25,-37860.0,191700.0,17570.0,79027.2,155945.0,43374.55,
20220228,122020.0,102631.25,-124540.0,-49631.25,-55670.0,221750.0,29340.0,79027.2,141915.0,45249.55,
20220331,145580.0,99031.25,-127980.0,-70237.5,-32100.0,221950.0,27340.0,78948.8,128810.0,46895.12,
