-----------------------------------------
Sys Name : PythonTurtFunc_1R
Mkt Symb : CL Mkt Name : Crude
Profit/Loss : 145580.0
Num Trades : 203
Percent Wins : 0.424
Avg Win  : 8666.98
Avg Loss : -5126.32
Avg Trade: 717.14
Max DrawDown: 189920.0
Avg DrawDown: 65365.0
AVG Monthly Return: 990.34014
Monthly StdDev: 19824.14988
-----------------------------------------
20100129     -36330     -36330
20100226     -19160     -55490
20100331      -3760     -59250
20100430      -5120     -64370
20100528     -15040     -79410
20100630     -12360     -91770
20100730          0     -91770
20100831     -23370    -115140
20100930      -6790    -121930
20101029       -740    -122670
20101130     -16620    -139290
20101231      26280    -113010    -113010
20110131     -37340    -150350
20110228      -8790    -159140
20110331      32540    -126600
20110429      26600    -100000
20110531     -32280    -132280
20110630      -9520    -141800
20110729      -6680    -148480
20110831     -11490    -159970
20110930      39320    -120650
20111031     -30550    -151200
20111130      23120    -128080
20111230     -21520    -149600     -36590
20120131      -4380    -153980
20120229       4200    -149780
20120330     -15800    -165580
20120430          0    -165580
20120531      52410    -113170
20120629       7600    -105570
20120731      -3920    -109490
20120831        950    -108540
20120928     -13920    -122460
20121031       1650    -120810
20121130     -13720    -134530
20121231       1150    -133380      16220
20130131      18570    -114810
20130228      -9840    -124650
20130329          0    -124650
20130430     -21270    -145920
20130531       7120    -138800
20130628     -27780    -166580
20130731      22110    -144470
20130830     -12570    -157040
20130930     -12020    -169060
20131031      15920    -153140
20131129      17240    -135900
20131231     -16720    -152620     -19240
20140131      -3010    -155630
20140228       2930    -152700
20140331     -11240    -163940
20140430      -3090    -167030
20140530      -2640    -169670
20140630       7320    -162350
20140731     -11630    -173980
20140829      -4960    -178940
20140930       -200    -179140
20141031      26010    -153130
20141128      57640     -95490
20141231      52840     -42650     109970
20150130      22040     -20610
20150227      -6200     -26810
20150331      -3970     -30780
20150430     -17260     -48040
20150529     -13780     -61820
20150630          0     -61820
20150731      32040     -29780
20150831      13560     -16220
20150930      -3310     -19530
20151030      -7000     -26530
20151130     -20170     -46700
20151231      15690     -31010      11640
20160129      17560     -13450
20160229       8120      -5330
20160331      -9910     -15240
20160429       1310     -13930
20160531      10000      -3930
20160630      -5440      -9370
20160729       8110      -1260
20160831     -16800     -18060
20160930          0     -18060
20161031      -7250     -25310
20161130     -11570     -36880
20161230      -6750     -43630     -12620
20170131      -5990     -49620
20170228       -730     -50350
20170331      -1510     -51860
20170428      -2520     -54380
20170531      -6330     -60710
20170630      10000     -50710
20170731      -4840     -55550
20170831          0     -55550
20170929       -560     -56110
20171031      -3660     -59770
20171130      11000     -48770
20171229      11920     -36850       6780
20180131      17440     -19410
20180228     -13800     -33210
20180329       -380     -33590
20180430      12930     -20660
20180531       6720     -13940
20180629       2000     -11940
20180731     -13750     -25690
20180831       4860     -20830
20180928      10630     -10200
20181031     -12680     -22880
20181130      45790      22910
20181231      23160      46070      82920
20190131     -31640      14430
20190228       1160      15590
20190329       7720      23310
20190430      14640      37950
20190531      -3570      34380
20190628     -11410      22970
20190731      -1850      21120
20190830     -11790       9330
20190930     -21720     -12390
20191031         20     -12370
20191129       1760     -10610
20191231      11920       1310     -44760
20200131     -27980     -26670
20200228      28280       1610
20200331      98640     100250
20200430      29200     129450
20200529     -31800      97650
20200630      -1890      95760
20200731       2520      98280
20200831       5540     103820
20200930     -10760      93060
20201030      10440     103500
20201130     -26040      77460
20201231      11880      89340      88030
20210129      14520     103860
20210226      37120     140980
20210331     -11640     129340
20210430          0     129340
20210528       -710     128630
20210630      21480     150110
20210730     -15880     134230
20210831     -14490     119740
20210930     -20010      99730
20211029      31910     131640
20211130     -21640     110000
20211231     -20320      89680        340
20220131      -5260      84420
20220228      37600     122020
20220331      23560     145580      55900
-----------------------------------------
-----------------------------------------
Sys Name : PythonTurtFunc_1R
Mkt Symb : EC Mkt Name : EuroCur
Profit/Loss : 99031.25
Num Trades : 183
Percent Wins : 0.41
Avg Win  : 5006.33
Avg Loss : -2559.66
Avg Trade: 541.15
Max DrawDown: 99950.0
Avg DrawDown: 39792.71
AVG Monthly Return: 673.68197
Monthly StdDev: 12719.63973
-----------------------------------------
20100129      12619      12619
20100226      11300      23919
20100331     -11519      12400
20100430       7181      19581
20100528      51350      70931
20100630       1650      72581
20100730     -11838      60744
20100831     -25188      35556
20100930      47550      83106
20101029      15650      98756
20101130     -12575      86181
20101231          0      86181      86181
20110131     -19325      66856
20110228      -6850      60006
20110331       9687      69694
20110429      34100     103794
20110531     -34175      69619
20110630          0      69619
20110729      -9650      59969
20110831        550      60519
20110930      34219      94737
20111031     -13475      81262
20111130          0      81262
20111230       2662      83925      -2256
20120131      -7175      76750
20120229          0      76750
20120330          0      76750
20120430          0      76750
20120531      27075     103825
20120629     -14300      89525
20120731      17750     107275
20120831      -5075     102200
20120928        969     103169
20121031       5250     108419
20121130     -17313      91106
20121231       -888      90219       6294
20130131       4606      94825
20130228     -15050      79775
20130329       3750      83525
20130430     -17150      66375
20130531       6525      72900
20130628     -15394      57506
20130731     -17981      39525
20130830      -3775      35750
20130930       4531      40281
20131031       2669      42950
20131129      -5875      37075
20131231      -1625      35450     -54769
20140131      -7600      27850
20140228       8450      36300
20140331      -5056      31244
20140430       4800      36044
20140530     -11413      24631
20140630      -3863      20769
20140731       3563      24331
20140829      12850      37181
20140930      25550      62731
20141031       5250      67981
20141128       4700      72681
20141231      16900      89581      54131
20150130      40550     130131
20150227       5050     135181
20150331      22350     157531
20150430     -14675     142856
20150529     -11294     131562
20150630       3975     135537
20150731      -9744     125794
20150831     -12963     112831
20150930      -1950     110881
20151030      -6556     104325
20151130      15300     119625
20151231     -21275      98350       8769
20160129          0      98350
20160229       -788      97562
20160331       3631     101194
20160429      -5850      95344
20160531      -5075      90269
20160630      -4513      85756
20160729      -6025      79731
20160831       -200      79531
20160930          0      79531
20161031       -900      78631
20161130      19125      97756
20161230       3800     101556       3206
20170131      -7225      94331
20170228          0      94331
20170331      -2169      92162
20170428       -356      91806
20170531      12662     104469
20170630       7825     112294
20170731      19675     131969
20170831       2575     134544
20170929      -6300     128244
20171031       -325     127919
20171130      -4519     123400
20171229        319     123719      22162
20180131      16944     140662
20180228     -10525     130137
20180329      -1831     128306
20180430        825     129131
20180531      21125     150256
20180629       2375     152631
20180731        -50     152581
20180831       6425     159006
20180928      -7100     151906
20181031        825     152731
20181130          6     152737
20181231      -5300     147437      23719
20190131       1800     149237
20190228       4650     153887
20190329      -2175     151712
20190430      -3781     147931
20190531       3975     151906
20190628      -4875     147031
20190731      -3956     143075
20190830       6900     149975
20190930       5100     155075
20191031      -9300     145775
20191129          0     145775
20191231       -100     145675      -1763
20200131      -4612     141062
20200228        938     142000
20200331     -34600     107400
20200430       3281     110681
20200529         38     110719
20200630      -5281     105437
20200731      14056     119494
20200831       7000     126494
20200930      -9275     117219
20201030          0     117219
20201130      -4150     113069
20201231      10888     123956     -21719
20210129      -5050     118906
20210226          0     118906
20210331       9256     128162
20210430      -9500     118662
20210528       -637     118025
20210630      -2294     115731
20210730      -4206     111525
20210831      -4831     106694
20210930      11825     118519
20211029      -4600     113919
20211130       8388     122306
20211231      -1750     120556      -3400
20220131      -3025     117531
20220228     -14900     102631
20220331      -3600      99031     -21525
-----------------------------------------
-----------------------------------------
Sys Name : PythonTurtFunc_1R
Mkt Symb : GC Mkt Name : Gold
Profit/Loss : -127980.0
Num Trades : 204
Percent Wins : 0.436
Avg Win  : 5376.18
Avg Loss : -5273.57
Avg Trade: -627.35
Max DrawDown: 298730.0
Avg DrawDown: 76788.33
AVG Monthly Return: -870.61224
Monthly StdDev: 20046.48
-----------------------------------------
20100129      -9270      -9270
20100226     -15630     -24900
20100331       1680     -23220
20100430      -3300     -26520
20100528      12720     -13800
20100630      12360      -1440
20100730     -21090     -22530
20100831     -13280     -35810
20100930       9860     -25950
20101029      19200      -6750
20101130      10800       4050
20101231      14120      18170      18170
20110131     -19000       -830
20110228     -10640     -11470
20110331       1170     -10300
20110429      45110      34810
20110531      -8240      26570
20110630     -10710      15860
20110729     -18760      -2900
20110831      80200      77300
20110930     -32810      44490
20111031     -23720      20770
20111130          0      20770
20111230      -2390      18380        210
20120131     -51060     -32680
20120229     -22350     -55030
20120330      -8420     -63450
20120430     -11770     -75220
20120531      22000     -53220
20120629     -16000     -69220
20120731      -8640     -77860
20120831       9430     -68430
20120928      34520     -33910
20121031     -14280     -48190
20121130          0     -48190
20121231      -2270     -50460     -68840
20130131      -5920     -56380
20130228       9430     -46950
20130328      -9400     -56350
20130430      23370     -32980
20130531      31960      -1020
20130628      67720      66700
20130731     -44240      22460
20130830      -5790      16670
20130930     -13820       2850
20131031     -22970     -20120
20131129      11440      -8680
20131231      19240      10560      61020
20140131     -21240     -10680
20140228      10680          0
20140331      -2320      -2320
20140430          0      -2320
20140530       4090       1770
20140630     -12280     -10510
20140731      -5440     -15950
20140829          0     -15950
20140930      15170       -780
20141031     -11520     -12300
20141128      -3220     -15520
20141231      -3440     -18960     -29520
20150130     -20970     -39930
20150227     -26440     -66370
20150331     -26870     -93240
20150430          0     -93240
20150529     -10380    -103620
20150630      -5400    -109020
20150731      19790     -89230
20150831     -12520    -101750
20150930      -4120    -105870
20151030      -1160    -107030
20151130       7780     -99250
20151231       2040     -97210     -78250
20160129     -11890    -109100
20160229      40540     -68560
20160331      -9000     -77560
20160429         70     -77490
20160531     -18260     -95750
20160630      -8180    -103930
20160729      10240     -93690
20160831     -13840    -107530
20160930          0    -107530
20161031       1000    -106530
20161130       2420    -104110
20161230       8880     -95230       1980
20170131     -12280    -107510
20170228       1330    -106180
20170331      -2360    -108540
20170428       6840    -101700
20170531      -9200    -110900
20170630          0    -110900
20170731     -10620    -121520
20170831      -3700    -125220
20170929      -9520    -134740
20171031          0    -134740
20171130          0    -134740
20171229      -7000    -141740     -46510
20180131       6500    -135240
20180228     -11680    -146920
20180329      -7890    -154810
20180430      -6100    -160910
20180531      -3820    -164730
20180629      20080    -144650
20180731      12200    -132450
20180831      10760    -121690
20180928       4200    -117490
20181031     -13220    -130710
20181130          0    -130710
20181231       7970    -122740      19000
20190131      15080    -107660
20190228      -3640    -111300
20190329      -3200    -114500
20190430       5120    -109380
20190531      -1980    -111360
20190628      36860     -74500
20190731       4480     -70020
20190830       7340     -62680
20190930     -14960     -77640
20191031          0     -77640
20191129      -1100     -78740
20191231      -3460     -82200      40540
20200131      13630     -68570
20200228      -8480     -77050
20200331     -20280     -97330
20200430     -60170    -157500
20200529      10470    -147030
20200630     -15060    -162090
20200731      54520    -107570
20200831      -2920    -110490
20200930     -28120    -138610
20201030          0    -138610
20201130      10660    -127950
20201231     -45680    -173630     -91430
20210129      19480    -154150
20210226      48600    -105550
20210331       6240     -99310
20210430     -16440    -115750
20210528      26020     -89730
20210630     -39000    -128730
20210730          0    -128730
20210831     -23770    -152500
20210930      18330    -134170
20211029      -6150    -140320
20211130     -32980    -173300
20211231      20840    -152460      21170
20220131     -13800    -166260
20220228      41720    -124540
20220331      -3440    -127980      24480
-----------------------------------------
-----------------------------------------
Sys Name : PythonTurtFunc_1R
Mkt Symb : KC Mkt Name : Coffee
Profit/Loss : -70237.5
Num Trades : 196
Percent Wins : 0.383
Avg Win  : 5752.75
Avg Loss : -4146.23
Avg Trade: -358.35
Max DrawDown: 255487.5
Avg DrawDown: 63854.69
AVG Monthly Return: -477.80612
Monthly StdDev: 16865.41328
-----------------------------------------
20100129       2700       2700
20100226       2813       5512
20100331      -3225       2287
20100430          0       2287
20100528          0       2287
20100630      23794      26081
20100730      -9056      17025
20100831        450      17475
20100930       4275      21750
20101029       2325      24075
20101130      -9994      14081
20101231      58950      73031      73031
20110131       6450      79481
20110228      36975     116456
20110331     -16200     100256
20110429      -1238      99019
20110531     -42413      56606
20110630     -26119      30487
20110729      39075      69562
20110831     -25950      43612
20110930     -77269     -33656
20111031     -18075     -51731
20111130          0     -51731
20111230     -10031     -61763    -134794
20120131        -19     -61781
20120229       1837     -59944
20120330      31200     -28744
20120430       7800     -20944
20120531      28350       7406
20120629      -9225      -1819
20120731     -10969     -12788
20120831      -9562     -22350
20120928       6562     -15788
20121031     -12056     -27844
20121130      11269     -16575
20121231      10200      -6375      55388
20130131     -12300     -18675
20130228      -2550     -21225
20130328      -7669     -28894
20130430       6525     -22369
20130531      12075     -10294
20130628      13125       2831
20130731      -8925      -6094
20130830       1838      -4256
20130930       2775      -1481
20131031      12450      10969
20131129      -3600       7369
20131231      -6769        600       6975
20140131       3338       3937
20140228      79294      83231
20140331     -18075      65156
20140430      -5550      59606
20140530     -21262      38344
20140630     -17400      20944
20140731     -35756     -14813
20140829      -7369     -22181
20140930      -8362     -30544
20141031      -2156     -32700
20141128          0     -32700
20141231      14025     -18675     -19275
20150130     -24169     -42844
20150227      27131     -15713
20150331      -2625     -18338
20150430          0     -18338
20150529      -3506     -21844
20150630      -4275     -26119
20150731       7669     -18450
20150831     -12769     -31219
20150930       -769     -31988
20151030          0     -31988
20151130      -1988     -33975
20151231      -2475     -36450     -17775
20160129      -5606     -42056
20160229       -206     -42263
20160331     -11175     -53438
20160429     -12075     -65513
20160531         75     -65438
20160630      33300     -32138
20160729        825     -31313
20160831     -10800     -42113
20160930      -5944     -48056
20161031      10181     -37875
20161130     -11175     -49050
20161230      11925     -37125       -675
20170131     -12675     -49800
20170228          0     -49800
20170331       -788     -50588
20170428       -506     -51094
20170531       6075     -45019
20170630       8925     -36094
20170731      -8475     -44569
20170831     -17081     -61650
20170929      -1462     -63113
20171031      -1500     -64613
20171130      -5906     -70519
20171229      -2156     -72675     -35550
20180131          0     -72675
20180228      -2062     -74738
20180329       4106     -70631
20180430      -1575     -72206
20180531          0     -72206
20180629       1350     -70856
20180731       7800     -63056
20180831      16725     -46331
20180928       -975     -47306
20181031      -8812     -56119
20181130          0     -56119
20181231      -1594     -57713      14962
20190131      -2475     -60188
20190228       1481     -58706
20190329       5925     -52781
20190430       5775     -47006
20190531       -994     -48000
20190628       3112     -44888
20190731     -10425     -55313
20190830      -1856     -57169
20190930      -3206     -60375
20191031      -2044     -62419
20191129      12844     -49575
20191231      15975     -33600      24112
20200131     -11569     -45169
20200228      -8644     -53813
20200331     -14456     -68269
20200430      -5400     -73669
20200529       3412     -70256
20200630      -6919     -77175
20200731      17738     -59438
20200831      11100     -48338
20200930     -11325     -59663
20201030        169     -59494
20201130      -5512     -65006
20201231       1763     -63244     -29644
20210129      -8719     -71963
20210226      18750     -53213
20210331     -17456     -70669
20210430     -11737     -82406
20210528      31350     -51056
20210630     -22425     -73481
20210730     -20700     -94181
20210831      19875     -74306
20210930      -2850     -77156
20211029      14925     -62231
20211130      38475     -23756
20211231      -8700     -32456      30787
20220131          0     -32456
20220228     -17175     -49631
20220331     -20606     -70238     -37781
-----------------------------------------
-----------------------------------------
Sys Name : PythonTurtFunc_1R
Mkt Symb : NG Mkt Name : Nat.Gas
Profit/Loss : -32100.0
Num Trades : 206
Percent Wins : 0.388
Avg Win  : 4045.13
Avg Loss : -2823.1
Avg Trade: -155.83
Max DrawDown: 137460.0
Avg DrawDown: 44280.0
AVG Monthly Return: -218.36735
Monthly StdDev: 12137.18892
-----------------------------------------
20100129      -5350      -5350
20100226          0      -5350
20100331      28070      22720
20100430     -18860       3860
20100528      -3630        230
20100630     -10140      -9910
20100730          0      -9910
20100831      12920       3010
20100930      -6240      -3230
20101029       1020      -2210
20101130     -11490     -13700
20101231       1210     -12490     -12490
20110131      -3240     -15730
20110228     -17940     -33670
20110331      -6250     -39920
20110429        750     -39170
20110531      -1500     -40670
20110630     -16000     -56670
20110729     -12100     -68770
20110831      -4550     -73320
20110930       3210     -70110
20111031      -3210     -73320
20111130      21040     -52280
20111230      23960     -28320     -15830
20120131      21040      -7280
20120229       1080      -6200
20120330      23320      17120
20120430      -2840      14280
20120531       -440      13840
20120629       -350      13490
20120731      11060      24550
20120831     -17360       7190
20120928          0       7190
20121031      -5630       1560
20121130        460       2020
20121231       7090       9110      37430
20130131      -4560       4550
20130228      -4690       -140
20130329       6590       6450
20130430      11280      17730
20130531     -14680       3050
20130628      11670      14720
20130731       4880      19600
20130830      -4680      14920
20130930          0      14920
20131031          0      14920
20131129      -9260       5660
20131231       -240       5420      -3690
20140131      11150      16570
20140228     -36810     -20240
20140331      -9640     -29880
20140430      17040     -12840
20140530     -10920     -23760
20140630      -4080     -27840
20140731       9040     -18800
20140829      -7200     -26000
20140930      -2990     -28990
20141031       -850     -29840
20141128     -17710     -47550
20141231      17190     -30360     -35780
20150130       6680     -23680
20150227     -13080     -36760
20150331        240     -36520
20150430      -5400     -41920
20150529      -8660     -50580
20150630       3380     -47200
20150731      -2300     -49500
20150831       -720     -50220
20150930       2480     -47740
20151030      19720     -28020
20151130       8280     -19740
20151231      -2840     -22580       7780
20160129          0     -22580
20160229        660     -21920
20160331      -5750     -27670
20160429          0     -27670
20160531          0     -27670
20160630      14020     -13650
20160729     -11160     -24810
20160831          0     -24810
20160930      -3850     -28660
20161031     -17300     -45960
20161130      -4080     -50040
20161230      -1590     -51630     -29050
20170131      -6210     -57840
20170228       6880     -50960
20170331     -12640     -63600
20170428          0     -63600
20170531       2500     -61100
20170630       -630     -61730
20170731      -1650     -63380
20170831      -4490     -67870
20170929      -3920     -71790
20171031        510     -71280
20171130      -1330     -72610
20171229       2520     -70090     -18460
20180131      -9250     -79340
20180228     -14800     -94140
20180329        960     -93180
20180430       -200     -93380
20180531       6320     -87060
20180629      -1120     -88180
20180731      -8660     -96840
20180831      -1380     -98220
20180928      -1580     -99800
20181031       7680     -92120
20181130      52160     -39960
20181231     -25510     -65470       4620
20190131        310     -65160
20190228      -1780     -66940
20190329      -2640     -69580
20190430       -170     -69750
20190531      -2460     -72210
20190628       4650     -67560
20190731      -4640     -72200
20190830      -3480     -75680
20190930     -12250     -87930
20191031          0     -87930
20191129      -4440     -92370
20191231       3500     -88870     -23400
20200131      13000     -75870
20200228      -4480     -80350
20200331       4450     -75900
20200430      -5720     -81620
20200529      -5150     -86770
20200630        320     -86450
20200731      -6280     -92730
20200831      18170     -74560
20200930     -10840     -85400
20201030      -6030     -91430
20201130       4090     -87340
20201231       6580     -80760       8110
20210129     -16250     -97010
20210226       3190     -93820
20210331       -640     -94460
20210430          0     -94460
20210528      -3170     -97630
20210630      21510     -76120
20210730      11280     -64840
20210831      -3350     -68190
20210930      56430     -11760
20211029     -25200     -36960
20211130      -5760     -42720
20211231      21420     -21300      59460
20220131     -16560     -37860
20220228     -17810     -55670
20220331      23570     -32100     -10800
-----------------------------------------
-----------------------------------------
Sys Name : PythonTurtFunc_1R
Mkt Symb : S_ Mkt Name : SoyBean
Profit/Loss : 221950.0
Num Trades : 167
Percent Wins : 0.461
Avg Win  : 6248.38
Avg Loss : -2879.72
Avg Trade: 1329.04
Max DrawDown: 98412.5
Avg DrawDown: 35072.92
AVG Monthly Return: 1509.86395
Monthly StdDev: 10512.70841
-----------------------------------------
20100129      12212      12212
20100226      -6550       5662
20100331          0       5662
20100430       -462       5200
20100528      -3650       1550
20100630      -1062        488
20100730       5888       6375
20100831      -1300       5075
20100930      19350      24425
20101029      23650      48075
20101130     -11950      36125
20101231      12475      48600      48600
20110131       2000      50600
20110228      -3750      46850
20110331     -12650      34200
20110429       1950      36150
20110531       1800      37950
20110630       6975      44925
20110729      -5400      39525
20110831      -1462      38062
20110930     -18200      19862
20111031      -5850      14012
20111130      17200      31212
20111230      -5500      25712     -22888
20120131          0      25712
20120229      10112      35825
20120330      16600      52425
20120430      21150      73575
20120531     -21050      52525
20120629      -8688      43838
20120731      38912      82750
20120831      23100     105850
20120928     -25250      80600
20121031      -3450      77150
20121130      13800      90950
20121231     -11950      79000      53288
20130131     -18300      60700
20130228      -8638      52062
20130329      -2375      49688
20130430     -10050      39638
20130531       7650      47288
20130628      -2250      45038
20130731      -2700      42338
20130830      -4400      37938
20130930     -14950      22988
20131031      -2650      20338
20131129      -7575      12762
20131231      -2500      10262     -68738
20140131          0      10262
20140228      16038      26300
20140331      10000      36300
20140430      10500      46800
20140530     -12300      34500
20140630       4225      38725
20140731      14812      53538
20140829      11550      65088
20140930      20600      85688
20141031     -13200      72488
20141128      -5075      67412
20141231        100      67512      57250
20150130      -2688      64825
20150227      -6525      58300
20150331       -788      57512
20150430      -2550      54962
20150529       1925      56888
20150630       7950      64838
20150731     -14400      50438
20150831      -1300      49138
20150930      -1450      47688
20151030          0      47688
20151130      -2400      45288
20151231          0      45288     -22225
20160129          0      45288
20160229          0      45288
20160331       2175      47462
20160429      21900      69362
20160531       9750      79112
20160630       9950      89062
20160729      -1150      87912
20160831      -6700      81212
20160930      -3225      77988
20161031      -1212      76775
20161130      -1275      75500
20161230      -8925      66575      21288
20170131       3800      70375
20170228          0      70375
20170331       8900      79275
20170428         50      79325
20170531      -1662      77662
20170630      -6500      71162
20170731      -9962      61200
20170831     -12400      48800
20170929       4600      53400
20171031       1050      54450
20171130        200      54650
20171229      -3575      51075     -15500
20180131      -2575      48500
20180228       9700      58200
20180329      -3450      54750
20180430      -2175      52575
20180531      -1900      50675
20180629      30262      80938
20180731      -1000      79938
20180831          0      79938
20180928      -2375      77562
20181031        650      78212
20181130      -4300      73912
20181231      -6650      67262      16188
20190131       2025      69288
20190228      -1825      67462
20190329      -1050      66412
20190430       8188      74600
20190531      -3850      70750
20190628      -1050      69700
20190731      -2075      67625
20190830      -2100      65525
20190930       -725      64800
20191031      -3250      61550
20191129         88      61638
20191231      -7175      54462     -12800
20200131       8512      62975
20200228      -2288      60688
20200331       1350      62038
20200430       7650      69688
20200529       2900      72588
20200630      -4025      68562
20200731         62      68625
20200831      12200      80825
20200930      14000      94825
20201030       7700     102525
20201130      22450     124975
20201231      28100     153075      98612
20210129      11800     164875
20210226       6350     171225
20210331      -8150     163075
20210430      13325     176400
20210528      -8800     167600
20210630        188     167788
20210730      -3250     164538
20210831          0     164538
20210930        212     164750
20211029        500     165250
20211130      -8900     156350
20211231       5100     161450       8375
20220131      30250     191700
20220228      30050     221750
20220331        200     221950      60500
-----------------------------------------
-----------------------------------------
Sys Name : PythonTurtFunc_1R
Mkt Symb : LH Mkt Name : LHogs
Profit/Loss : 27340.0
Num Trades : 205
Percent Wins : 0.493
Avg Win  : 2385.15
Avg Loss : -2053.46
Avg Trade: 133.37
Max DrawDown: 60170.0
Avg DrawDown: 27835.83
AVG Monthly Return: 185.98639
Monthly StdDev: 7287.13312
-----------------------------------------
20100129      -3790      -3790
20100226       6480       2690
20100331      -2430        260
20100430         90        350
20100528          0        350
20100630      -2060      -1710
20100730      -2780      -4490
20100831       3360      -1130
20100930      -2280      -3410
20101029       9030       5620
20101130      -6080       -460
20101231          0       -460       -460
20110131       8270       7810
20110228      -6560       1250
20110331          0       1250
20110429        -80       1170
20110531       5940       7110
20110630      -6480        630
20110729        640       1270
20110831      -4200      -2930
20110930          0      -2930
20111031      -3660      -6590
20111130       1520      -5070
20111230     -11010     -16080     -15620
20120131      -6540     -22620
20120229         40     -22580
20120330      10440     -12140
20120430      -2770     -14910
20120531      -2640     -17550
20120629          0     -17550
20120731      -1250     -18800
20120831      -9210     -28010
20120928      -5470     -33480
20121031     -10160     -43640
20121130       2710     -40930
20121231      -5280     -46210     -30130
20130131       -370     -46580
20130228       1860     -44720
20130328       2400     -42320
20130430      -2920     -45240
20130531       2720     -42520
20130628       6360     -36160
20130731      -1640     -37800
20130830          0     -37800
20130930       5560     -32240
20131031       4080     -28160
20131129      -4760     -32920
20131231       4920     -28000      18210
20140131      -2680     -30680
20140228      16980     -13700
20140331      26600      12900
20140430      -6240       6660
20140530       4890      11550
20140630      -7570       3980
20140731      -4070        -90
20140829       8080       7990
20140930      -9280      -1290
20141031          0      -1290
20141128          0      -1290
20141231       3510       2220      30220
20150130      17760      19980
20150227       7640      27620
20150331       8520      36140
20150430      -3920      32220
20150529       -750      31470
20150630      -4480      26990
20150731      -5040      21950
20150831      -6280      15670
20150930       5990      21660
20151030      -4800      16860
20151130      -5780      11080
20151231      -4800       6280       4060
20160129      -2750       3530
20160229      -1160       2370
20160331      -1400        970
20160429      -4730      -3760
20160531       1260      -2500
20160630      -6170      -8670
20160729      11150       2480
20160831      -6080      -3600
20160930      12030       8430
20161031      -1560       6870
20161130          0       6870
20161230       9590      16460      10180
20170131       2760      19220
20170228      -4680      14540
20170331       -590      13950
20170428      -3900      10050
20170531      -6430       3620
20170630      -5430      -1810
20170731      -4510      -6320
20170831      -5650     -11970
20170929       6880      -5090
20171031      -6480     -11570
20171130          0     -11570
20171229          0     -11570     -28030
20180131          0     -11570
20180228        210     -11360
20180329       9570      -1790
20180430       6160       4370
20180531      -3920        450
20180629      -8380      -7930
20180731      15010       7080
20180831      -9040      -1960
20180928       2240        280
20181031      -5980      -5700
20181130       -170      -5870
20181231       -140      -6010       5560
20190131        -50      -6060
20190228       6960        900
20190329      -4080      -3180
20190430       -520      -3700
20190531      -1230      -4930
20190628      15530      10600
20190731      -7800       2800
20190830       1550       4350
20190930      -4680       -330
20191031      10560      10230
20191129       7720      17950
20191231      -5440      12510      18520
20200131      11570      24080
20200228      -1080      23000
20200331     -11370      11630
20200430     -13870      -2240
20200529      -1800      -4040
20200630      12320       8280
20200731      -7120       1160
20200831      -9310      -8150
20200930      25440      17290
20201030       3960      21250
20201130      -2400      18850
20201231      -7500      11350      -1160
20210129        150      11500
20210226       9450      20950
20210331      21360      42310
20210430       7080      49390
20210528      13080      62470
20210630     -14210      48260
20210730        370      48630
20210831      -2380      46250
20210930      -7090      39160
20211029      -7460      31700
20211130      -3140      28560
20211231      -5720      22840      11490
20220131      -5270      17570
20220228      11770      29340
20220331      -2000      27340       4500
-----------------------------------------
-----------------------------------------
Sys Name : PythonTurtFunc_1R
Mkt Symb : SB Mkt Name : Sugar
Profit/Loss : 78948.8
Num Trades : 194
Percent Wins : 0.552
Avg Win  : 1636.87
Avg Loss : -1105.71
Avg Trade: 406.95
Max DrawDown: 69977.6
Avg DrawDown: 17169.6
AVG Monthly Return: 537.06667
Monthly StdDev: 5338.04015
-----------------------------------------
20100129       7683       7683
20100226      -7840       -157
20100331      17002      16845
20100430       6854      23699
20100528       4301      28000
20100630      -7034      20966
20100730       9666      30632
20100831        806      31438
20100930      21549      52987
20101029      25267      78254
20101130     -11782      66472
20101231      -7414      59058      59058
20110131          0      59058
20110228      -6910      52147
20110331      -7224      44923
20110429       9946      54869
20110531      -3181      51688
20110630       2531      54219
20110729      15546      69765
20110831     -14885      54880
20110930      -4872      50008
20111031      -1613      48395
20111130       7370      55765
20111230       1747      57512      -1546
20120131      -6978      50534
20120229       6608      57142
20120330      -7717      49426
20120430      -3416      46010
20120531       7616      53626
20120629      -6810      46816
20120731      -1848      44968
20120831     -12813      32155
20120928      -3360      28795
20121031       2094      30890
20121130        202      31091
20121231       -762      30330     -27182
20130131       3270      33600
20130228        762      34362
20130328      -1322      33040
20130430      -1590      31450
20130531       2789      34238
20130628      -2565      31674
20130731      -2285      29389
20130830          0      29389
20130930        347      29736
20131031       1658      31394
20131129        168      31562
20131231       2934      34496       4166
20140131       3853      38349
20140228       -571      37778
20140331      -1165      36613
20140430       -784      35829
20140530      -2766      33062
20140630      -1378      31685
20140731       3573      35258
20140829       4346      39603
20140930       3718      43322
20141031          0      43322
20141128          0      43322
20141231       1086      44408       9912
20150130      -1210      43198
20150227      -1355      41843
20150331       7739      49582
20150430      -5846      43736
20150529      -3651      40085
20150630      -1882      38203
20150731        806      39010
20150831        784      39794
20150930          0      39794
20151030       4110      43904
20151130       1837      45741
20151231      -3046      42694      -1714
20160129       3382      46077
20160229      -1926      44150
20160331      -2610      41541
20160429       3405      44946
20160531       5242      50187
20160630      12141      62328
20160729      -5421      56907
20160831          0      56907
20160930       3147      60054
20161031      -2957      57098
20161130        179      57277
20161230        213      57490      14795
20170131      -3674      53816
20170228       1456      55272
20170331      11054      66326
20170428       3181      69507
20170531       1064      70571
20170630       4894      75466
20170731      -2643      72822
20170831          0      72822
20170929          0      72822
20171031          0      72822
20171130       -616      72206
20171229      -4693      67514      10024
20180131       2576      70090
20180228      -3181      66909
20180329       1882      68790
20180430       3539      72330
20180531      -1030      71299
20180629          0      71299
20180731       2072      73371
20180831       -224      73147
20180928      -1882      71266
20181031       1098      72363
20181130          0      72363
20181231        246      72610       5096
20190131      -3573      69037
20190228      -3618      65419
20190329       -560      64859
20190430      -1075      63784
20190531         67      63851
20190628      -1478      62373
20190731      -1523      60850
20190830       2677      63526
20190930      -2150      61376
20191031          0      61376
20191129          0      61376
20191231       1478      62854      -9755
20200131       5331      68186
20200228      -1165      67021
20200331       7874      74894
20200430       1030      75925
20200529      -2912      73013
20200630      -1938      71075
20200731        246      71322
20200831       -381      70941
20200930      -1792      69149
20201030       1288      70437
20201130        672      71109
20201231       -986      70123       7269
20210129       -739      69384
20210226       6899      76283
20210331      -2733      73550
20210430       -571      72979
20210528      -1467      71512
20210630        986      72498
20210730         90      72587
20210831       8646      81234
20210930      -2643      78590
20211029       -157      78434
20211130       2475      80909
20211231      -1254      79654       9531
20220131       -627      79027
20220228          0      79027
20220331        -78      78949       -706
-----------------------------------------
-----------------------------------------
Sys Name : PythonTurtFunc_1R
Mkt Symb : SI Mkt Name : Silver
Profit/Loss : 128810.0
Num Trades : 196
Percent Wins : 0.342
Avg Win  : 13785.6
Avg Loss : -6209.57
Avg Trade: 657.19
Max DrawDown: 520915.0
Avg DrawDown: 109492.08
AVG Monthly Return: 876.2585
Monthly StdDev: 36888.58646
-----------------------------------------
20100129      -6480      -6480
20100226      -7610     -14090
20100331     -10900     -24990
20100430         -5     -24995
20100528     -11140     -36135
20100630       4820     -31315
20100730     -14160     -45475
20100831      27920     -17555
20100930      47780      30225
20101029      54860      85085
20101130      72060     157145
20101231      54500     211645     211645
20110131     -52340     159305
20110228      31750     191055
20110331      81360     272415
20110429     213800     486215
20110531    -210260     275955
20110630          0     275955
20110729      -3895     272060
20110831     -46325     225735
20110930     -63310     162425
20111031     -70140      92285
20111130          0      92285
20111230      -2240      90045    -121600
20120131     -32025      58020
20120229     -13360      44660
20120330     -43160       1500
20120430     -32250     -30750
20120531      53910      23160
20120629       3780      26940
20120731      -6040      20900
20120831       8000      28900
20120928      62700      91600
20121031     -24440      67160
20121130          0      67160
20121231        -95      67065     -22980
20130131     -25745      41320
20130228      59580     100900
20130329       2180     103080
20130430      83600     186680
20130531      38840     225520
20130628      55980     281500
20130731     -20900     260600
20130830      -2705     257895
20130930     -14240     243655
20131031     -22405     221250
20131129       1265     222515
20131231      11000     233515     166450
20140131     -26025     207490
20140228      -4265     203225
20140331     -13040     190185
20140430       -270     189915
20140530       3575     193490
20140630      -8055     185435
20140731      -8620     176815
20140829          0     176815
20140930      39300     216115
20141031      19020     235135
20141128      12100     247235
20141231     -47455     199780     -33735
20150130      22070     221850
20150227      -9460     212390
20150331      -4755     207635
20150430          0     207635
20150529      -8670     198965
20150630     -11585     187380
20150731      12280     199660
20150831     -24540     175120
20150930      -3830     171290
20151030      -5860     165430
20151130      -3885     161545
20151231       1990     163535     -36245
20160129      -8800     154735
20160229      -7915     146820
20160331      10920     157740
20160429      46120     203860
20160531     -20400     183460
20160630       4935     188395
20160729      33520     221915
20160831     -21640     200275
20160930          0     200275
20161031       1030     201305
20161130        940     202245
20161230     -11310     190935      27400
20170131     -10335     180600
20170228       7250     187850
20170331     -16860     170990
20170428     -13790     157200
20170531     -19775     137425
20170630      16840     154265
20170731      -3180     151085
20170831       4380     155465
20170929      -4800     150665
20171031          0     150665
20171130       -175     150490
20171229      -7400     143090     -47845
20180131      -3180     139910
20180228      -8990     130920
20180329      -5540     125380
20180430          0     125380
20180531      -2950     122430
20180629        235     122665
20180731      11440     134105
20180831      22540     156645
20180928       3240     159885
20181031          0     159885
20181130      -5225     154660
20181231       1570     156230      13140
20190131      10640     166870
20190228     -10720     156150
20190329      -2570     153580
20190430        105     153685
20190531       7025     160710
20190628     -10515     150195
20190731      17100     167295
20190830      35840     203135
20190930     -17540     185595
20191031          0     185595
20191129      -1260     184335
20191231      -7510     176825      20595
20200131      -5605     171220
20200228     -24780     146440
20200331      41830     188270
20200430     -38780     149490
20200529      33350     182840
20200630     -22580     160260
20200731      93725     253985
20200831      84460     338445
20200930     -52280     286165
20201030          0     286165
20201130     -16160     270005
20201231      17305     287310     110485
20210129       5320     292630
20210226     -10560     282070
20210331       7260     289330
20210430     -19960     269370
20210528      -5585     263785
20210630     -18590     245195
20210730     -15015     230180
20210831      -8420     221760
20210930     -10680     211080
20211029     -13470     197610
20211130     -23225     174385
20211231     -23235     151150    -136160
20220131       4795     155945
20220228     -14030     141915
20220331     -13105     128810     -22340
-----------------------------------------
-----------------------------------------
Sys Name : PythonTurtFunc_1R
Mkt Symb : TY Mkt Name : TenYr
Profit/Loss : 46895.12
Num Trades : 184
Percent Wins : 0.429
Avg Win  : 2289.14
Avg Loss : -1275.68
Avg Trade: 254.86
Max DrawDown: 57915.08
Avg DrawDown: 18671.05
AVG Monthly Return: 319.01446
Monthly StdDev: 4993.23321
-----------------------------------------
20100129      -1141      -1141
20100226          0      -1141
20100331       -969      -2109
20100430        188      -1922
20100528       9782       7860
20100630      10688      18548
20100730       5062      23610
20100831      10500      34110
20100930      -8468      25642
20101029      -3595      22047
20101130      -2641      19406
20101231       4059      23466      23466
20110131      -2812      20653
20110228      -3171      17482
20110331      -7468      10014
20110429       8438      18452
20110531      11438      29889
20110630      -1000      28889
20110729        861      29750
20110831      16439      46189
20110930       4250      50439
20111031      -5422      45017
20111130      -1016      44002
20111230       -843      43158      19693
20120131      -3597      39561
20120229      -2031      37530
20120330      -5141      32389
20120430     -10202      22188
20120531       9344      31532
20120629      -2250      29282
20120731       5125      34407
20120831      -8548      25859
20120928        469      26328
20121031        906      27234
20121130      -1374      25860
20121231      -4145      21715     -21443
20130131       1266      22981
20130228      -3236      19745
20130329      -1328      18418
20130430       4110      22528
20130531      -4359      18169
20130628       8326      26495
20130731        500      26995
20130830       3938      30932
20130930      -1672      29260
20131031       2392      31652
20131129      -6381      25271
20131231       1060      26331       4616
20140131      -3810      22521
20140228       -141      22380
20140331      -3750      18630
20140430       2766      21396
20140530       6703      28099
20140630      -6687      21412
20140731          0      21412
20140829        329      21741
20140930      -2580      19161
20141031      -2238      16923
20141128          0      16923
20141231          0      16923      -9408
20150130       8002      24925
20150227      -8625      16300
20150331          0      16300
20150430          0      16300
20150529          0      16300
20150630      -4502      11798
20150731      -5062       6735
20150831      -3608       3128
20150930       6688       9815
20151030      -2312       7503
20151130      -1469       6034
20151231       -437       5597     -11326
20160129       7314      12911
20160229       5187      18099
20160331      -2812      15286
20160429          0      15286
20160531       -484      14802
20160630      -4075      10727
20160729       -265      10462
20160831      -4625       5837
20160930        812       6650
20161031      -5626       1024
20161130      17108      18132
20161230        938      19069      13472
20170131      -2688      16382
20170228       -437      15944
20170331        -16      15929
20170428       1535      17463
20170531      -2141      15323
20170630      -2122      13201
20170731          0      13201
20170831        -16      13185
20170929      -7998       5187
20171031      -2487       2700
20171130       2625       5325
20171229          0       5325     -13744
20180131       9875      15200
20180228       3875      19075
20180329      -2750      16326
20180430      -1205      15121
20180531      -8547       6573
20180629       -250       6323
20180731       -766       5558
20180831        953       6511
20180928      -1689       4822
20181031      -1375       3447
20181130        517       3964
20181231      10001      13966       8640
20190131      -2125      11841
20190228          0      11841
20190329       4316      16156
20190430      -3812      12344
20190531       4393      16737
20190628       4875      21612
20190731      -4937      16674
20190830       8892      25567
20190930      -4812      20754
20191031      -1861      18894
20191129      -1955      16939
20191231       1875      18814       4849
20200131       1877      20691
20200228      12813      33503
20200331      -1937      31566
20200430          0      31566
20200529          0      31566
20200630       -266      31300
20200731       1376      32677
20200831      -3782      28894
20200930          0      28894
20201030        514      29408
20201130      -1547      27861
20201231        375      28236       9422
20210129       4188      32424
20210226      12875      45299
20210331       7125      52424
20210430      -5500      46924
20210528          0      46924
20210630      -1124      45800
20210730       7001      52801
20210831      -1625      51176
20210930      -1892      49284
20211029       3625      52909
20211130      -7923      44986
20211231      -2750      42236      13999
20220131       1139      43375
20220228       1875      45250
20220331       1646      46895       4659
-----------------------------------------
