CL,EC,GC,KC,NG,S_,LH,SB,SI,TY,
20100129,0,3112.5,0,337.5,0,0,-1630.0,2184.0,0,0,
20100226,0,2987.5,0,125.0,0,0,-1900.0,2084.0,0,0,
20100331,0,2987.5,0,125.0,0,0,-1900.0,2084.0,0,0,
20100430,0,2987.5,0,125.0,0,0,-1900.0,3808.8,0,0,
20100528,0,2987.5,0,125.0,0,0,-1900.0,4884.0,0,0,
20100630,0,3537.5,0,7531.25,-5810.0,0,-1900.0,2040.0,0,2734.38,
20100730,0,-5100.0,0,11450.0,-7940.0,0,-1900.0,3361.6,0,4000.0,
20100831,0,-5100.0,0,11637.5,-7940.0,-1837.5,-1900.0,3563.2,0,6625.0,
20100930,0,-5100.0,0,13362.5,-7940.0,3000.0,-1900.0,8950.4,0,7046.88,
20101029,0,-5100.0,0,12381.25,-7940.0,8912.5,-1900.0,15267.2,3195.0,7281.25,
20101130,0,-5100.0,-830.0,10525.0,-7940.0,9262.5,-1900.0,13508.8,21210.0,7181.25,
20101231,0,-5100.0,2700.0,25262.5,-7940.0,16762.5,-1900.0,18627.2,34835.0,7181.25,
20110131,0,-5100.0,-5390.0,26875.0,-7940.0,17262.5,-1900.0,20699.2,14325.0,7181.25,
20110228,0,-5100.0,-5440.0,27056.25,-7940.0,11362.5,-3730.0,20599.2,14325.0,7181.25,
20110331,0,-5100.0,-5440.0,20212.5,-7940.0,11362.5,-4650.0,20599.2,14325.0,7181.25,
20110429,0,-5100.0,-5440.0,20618.75,-7940.0,11362.5,-4650.0,20599.2,14325.0,7181.25,
20110531,0,-5100.0,-5440.0,7056.25,-7940.0,11362.5,-4650.0,19490.4,14325.0,7181.25,
20110630,-2250.0,-5100.0,-5440.0,2312.5,-12880.0,11362.5,-7990.0,17553.6,14325.0,5665.62,
20110729,-2210.0,-5100.0,-5440.0,12081.25,-12880.0,11362.5,-7990.0,20420.8,14325.0,9025.0,
20110831,-2810.0,-5100.0,-5440.0,3487.5,-12880.0,11362.5,-7990.0,20275.2,14325.0,13337.5,
20110930,-2370.0,-5100.0,-30140.0,-5800.0,-12880.0,11362.5,-7990.0,17957.6,-17490.0,14400.0,
20111031,-14770.0,-15475.0,-30140.0,-5068.75,-14210.0,11362.5,-7990.0,17957.6,-38845.0,11471.88,
20111130,-14770.0,-15475.0,-30140.0,-4962.5,-14310.0,11362.5,-7990.0,17957.6,-30610.0,11471.88,
20111230,-14770.0,-15475.0,-30140.0,-4962.5,-11290.0,11362.5,-7990.0,17957.6,-30710.0,11268.75,
20120131,-14770.0,-19062.5,-30140.0,-4962.5,-6030.0,11362.5,-7990.0,17957.6,-30710.0,10653.12,
20120229,-13710.0,-22725.0,-30140.0,-4962.5,-5760.0,11362.5,-7990.0,17957.6,-30710.0,10653.12,
20120330,-13810.0,-22725.0,-30140.0,-987.5,-5860.0,14662.5,-7990.0,17128.8,-30710.0,10653.12,
20120430,-13810.0,-22725.0,-30140.0,962.5,-5860.0,19950.0,-6490.0,15528.0,-30710.0,10653.12,
20120531,-2640.0,-22725.0,-30140.0,8050.0,-5860.0,12950.0,-7840.0,17320.0,-30710.0,10653.12,
20120629,-740.0,-22725.0,-30140.0,4956.25,-5860.0,12950.0,-8510.0,14990.4,-30710.0,10653.12,
20120731,-3540.0,-22725.0,-30140.0,1725.0,-2890.0,12950.0,-8510.0,14397.6,-30710.0,10653.12,
20120831,-7630.0,-22725.0,-30140.0,1725.0,-7400.0,14262.5,-8510.0,14397.6,-30710.0,10653.12,
20120928,-7630.0,-22725.0,-30140.0,1725.0,-7400.0,6487.5,-8510.0,14397.6,-30710.0,10653.12,
20121031,-7630.0,-22725.0,-30140.0,1725.0,-7400.0,4325.0,-8510.0,14397.6,-30710.0,10653.12,
20121130,-11460.0,-22725.0,-30140.0,1725.0,-7400.0,4325.0,-8510.0,14397.6,-30710.0,10653.12,
20121231,-11500.0,-22725.0,-30140.0,1725.0,-7400.0,4325.0,-8510.0,14397.6,-30710.0,10653.12,
20130131,-11500.0,-22725.0,-30500.0,1725.0,-7400.0,4325.0,-8510.0,14397.6,-40835.0,10653.12,
20130228,-11500.0,-29375.0,-30920.0,1725.0,-7400.0,4325.0,-8510.0,14397.6,-40835.0,10653.12,
20130329,-11500.0,-29825.0,-32440.0,1725.0,-7400.0,4325.0,-8460.0,14397.6,-39825.0,10653.12,
20130430,-17250.0,-29875.0,-20080.0,1725.0,-5970.0,4325.0,-9060.0,14397.6,-18925.0,10653.12,
20130531,-19470.0,-29875.0,-12090.0,1725.0,-10030.0,4325.0,-9700.0,14397.6,-9215.0,10653.12,
20130628,-19470.0,-29875.0,4840.0,1725.0,-10340.0,2275.0,-9700.0,14397.6,4780.0,11668.75,
20130731,-19470.0,-29875.0,-4050.0,1725.0,-10340.0,-325.0,-9700.0,13490.4,3990.0,11793.75,
20130830,-19470.0,-29875.0,-9410.0,1725.0,-12490.0,-325.0,-9700.0,13412.8,-7295.0,12778.12,
20130930,-19470.0,-29950.0,-9410.0,1725.0,-14190.0,-5437.5,-9490.0,13412.8,-7295.0,11271.88,
20131031,-19470.0,-29137.5,-9410.0,1725.0,-14190.0,-5750.0,-8470.0,13412.8,-7295.0,11162.5,
20131129,-19470.0,-31425.0,-9410.0,18.75,-14190.0,-5750.0,-9980.0,13412.8,-7295.0,10443.75,
20131231,-19470.0,-31425.0,-7690.0,-1731.25,-13860.0,-5750.0,-9980.0,12908.8,-8295.0,10203.12,
20140131,-19470.0,-31425.0,-11470.0,-1731.25,-5000.0,-5750.0,-9980.0,13872.0,-7045.0,10203.12,
20140228,-19450.0,-31425.0,-11790.0,18162.5,-90.0,-5750.0,-9040.0,12416.8,-7020.0,10203.12,
20140331,-19640.0,-31425.0,-18410.0,17262.5,-2500.0,-4075.0,-2390.0,12416.8,-7020.0,10203.12,
20140430,-20550.0,-31425.0,-17860.0,26881.25,1760.0,-1450.0,-4010.0,12416.8,-7020.0,10203.12,
20140530,-17210.0,-31425.0,-17860.0,26706.25,-2420.0,-2425.0,-6840.0,12416.8,-7020.0,10203.12,
20140630,-17100.0,-33312.5,-17860.0,26706.25,-2420.0,-4987.5,-6840.0,12416.8,-7020.0,10203.12,
20140731,-17100.0,-29487.5,-17860.0,26706.25,1510.0,-4987.5,-6840.0,12416.8,-12285.0,10203.12,
20140829,-19590.0,-26275.0,-17860.0,26706.25,-310.0,-4987.5,-6840.0,12416.8,-12445.0,10203.12,
20140930,-16010.0,-19887.5,-17860.0,26706.25,-330.0,-4987.5,-6840.0,12416.8,-12445.0,10203.12,
20141031,-16310.0,-18575.0,-14080.0,26706.25,-520.0,-4987.5,-6840.0,12416.8,-12445.0,10203.12,
20141128,-4220.0,-17400.0,-14400.0,26706.25,-8790.0,-4987.5,-6840.0,12416.8,-13250.0,10203.12,
20141231,8990.0,-13175.0,-20070.0,26706.25,-620.0,-4987.5,-6840.0,12416.8,-13465.0,10203.12,
20150130,14500.0,-13312.5,-18620.0,26706.25,1050.0,-4987.5,-3440.0,12416.8,-25680.0,12578.12,
20150227,13660.0,-13312.5,-25710.0,26706.25,760.0,-4987.5,-1530.0,12416.8,-29420.0,8962.5,
20150331,13870.0,-14125.0,-25710.0,26706.25,1090.0,-4987.5,600.0,12416.8,-29420.0,8962.5,
20150430,13870.0,-20525.0,-25710.0,26706.25,1090.0,-4987.5,-1930.0,12416.8,-29420.0,8962.5,
20150529,13870.0,-20100.0,-25710.0,26706.25,1090.0,-4987.5,-1930.0,12416.8,-29420.0,8962.5,
20150630,13870.0,-20100.0,-25710.0,26706.25,1090.0,-4987.5,-1930.0,12416.8,-29420.0,8962.5,
20150731,13870.0,-20100.0,-25710.0,26706.25,1090.0,-10050.0,-1930.0,12416.8,-29420.0,8962.5,
20150831,13870.0,-20100.0,-25710.0,26706.25,1090.0,-11125.0,-1930.0,12416.8,-29420.0,8962.5,
20150930,13870.0,-20100.0,-25710.0,25787.5,2440.0,-11350.0,-1930.0,12416.8,-29420.0,8962.5,
20151030,13870.0,-20100.0,-25710.0,25706.25,2360.0,-11062.5,-1930.0,12416.8,-29420.0,8962.5,
20151130,14190.0,-18112.5,-25710.0,25706.25,4270.0,-11250.0,-1930.0,12248.8,-29420.0,8962.5,
20151231,20030.0,-21662.5,-25710.0,25706.25,3750.0,-11250.0,-1930.0,12596.0,-29420.0,8962.5,
20160129,24420.0,-22556.25,-25710.0,25706.25,4110.0,-11250.0,-1930.0,12428.8,-29420.0,8962.5,
20160229,26450.0,-22556.25,-25710.0,25706.25,10450.0,-11250.0,-1930.0,12428.8,-29420.0,10243.75,
20160331,21930.0,-22556.25,-26230.0,25706.25,8730.0,-11250.0,-1930.0,12428.8,-29975.0,10118.75,
20160429,21930.0,-21800.0,-20740.0,25706.25,8590.0,-11250.0,-1930.0,12428.8,-18445.0,8800.0,
20160531,21930.0,-24887.5,-27160.0,25706.25,8590.0,-9150.0,-1930.0,12428.8,-27570.0,8800.0,
20160630,21930.0,-24887.5,-23340.0,25706.25,8590.0,-4000.0,-1930.0,12428.8,-26225.0,8800.0,
20160729,21450.0,-24887.5,-20400.0,24300.0,8590.0,-10262.5,-1930.0,10737.6,-17605.0,8800.0,
20160831,21600.0,-24887.5,-25010.0,19906.25,8590.0,-10262.5,-1930.0,11868.8,-26275.0,8800.0,
20160930,21600.0,-24887.5,-25080.0,19906.25,8590.0,-10262.5,-1930.0,11735.2,-26310.0,8800.0,
20161031,21600.0,-24887.5,-25080.0,22100.0,8590.0,-10262.5,-4260.0,9741.6,-26310.0,8800.0,
20161130,21600.0,-21231.25,-25080.0,17650.0,8590.0,-10262.5,-5400.0,9216.0,-26310.0,11706.25,
20161230,21600.0,-21275.0,-25080.0,18737.5,8590.0,-13000.0,-5400.0,8644.8,-26310.0,11940.62,
20170131,21600.0,-21275.0,-25080.0,12225.0,8590.0,-13000.0,-4810.0,7592.0,-26310.0,11753.12,
20170228,21600.0,-21275.0,-25080.0,12225.0,8590.0,-13000.0,-5470.0,7436.0,-26310.0,10965.62,
20170331,21600.0,-21275.0,-25080.0,12225.0,8590.0,-13000.0,-6540.0,7436.0,-26310.0,10965.62,
20170428,21600.0,-21275.0,-25080.0,12225.0,8590.0,-13000.0,-6540.0,7436.0,-26310.0,10965.62,
20170531,21600.0,-21275.0,-25080.0,12225.0,8590.0,-13000.0,-6540.0,7436.0,-26310.0,11121.88,
20170630,21600.0,-19700.0,-25080.0,13218.75,8590.0,-13000.0,-6040.0,6596.0,-26310.0,10356.25,
20170731,21600.0,-14781.25,-25080.0,9800.0,9050.0,-14687.5,-6140.0,5364.0,-26310.0,9818.75,
20170831,21600.0,-14137.5,-25080.0,9800.0,8790.0,-17125.0,-6140.0,5264.0,-26310.0,9818.75,
20170929,21600.0,-15450.0,-25080.0,9800.0,8790.0,-17125.0,-6140.0,5264.0,-26310.0,9818.75,
20171031,21600.0,-16912.5,-25080.0,9800.0,8790.0,-17125.0,-6140.0,5264.0,-26310.0,9818.75,
20171130,21600.0,-16912.5,-25080.0,9800.0,8790.0,-17125.0,-6140.0,5264.0,-26310.0,9818.75,
20171229,21600.0,-16912.5,-25080.0,9800.0,8930.0,-17125.0,-6140.0,5264.0,-26310.0,9818.75,
20180131,24420.0,-16912.5,-25080.0,9800.0,5820.0,-17125.0,-6140.0,5264.0,-26310.0,9818.75,
20180228,21500.0,-16912.5,-25080.0,9800.0,1310.0,-17125.0,-6140.0,5264.0,-26310.0,10287.5,
20180329,21310.0,-16912.5,-25080.0,9800.0,1310.0,-17125.0,-6140.0,5264.0,-26310.0,9193.75,
20180430,21310.0,-16912.5,-25080.0,7531.25,1310.0,-17125.0,-6140.0,4883.2,-26310.0,9203.12,
20180531,21310.0,-16912.5,-25080.0,6850.0,1310.0,-17125.0,-6140.0,3853.6,-26310.0,9203.12,
20180629,21310.0,-16662.5,-25080.0,8050.0,1310.0,-17125.0,-6140.0,3853.6,-26310.0,9203.12,
20180731,21310.0,-16675.0,-25080.0,8025.0,1310.0,-19550.0,-6140.0,3853.6,-26310.0,9203.12,
20180831,21310.0,-15068.75,-25640.0,11137.5,1310.0,-15775.0,-6140.0,3808.8,-23570.0,9203.12,
20180928,21310.0,-15168.75,-24590.0,10893.75,1310.0,-15875.0,-6140.0,2544.0,-24345.0,9156.25,
20181031,21310.0,-15168.75,-27840.0,4043.75,1310.0,-17200.0,-6140.0,2275.2,-22195.0,9500.0,
20181130,33560.0,-16068.75,-27840.0,1918.75,11460.0,-17200.0,-6140.0,1883.2,-21185.0,9321.88,
20181231,39350.0,-16475.0,-27840.0,1918.75,1200.0,-17200.0,-6140.0,1906.4,-21875.0,9321.88,
20190131,31210.0,-16475.0,-27840.0,1918.75,1200.0,-17200.0,-6140.0,1906.4,-21875.0,9321.88,
20190228,28830.0,-16475.0,-28830.0,1918.75,1200.0,-17200.0,-6140.0,1906.4,-24495.0,9321.88,
20190329,28830.0,-16475.0,-31680.0,1918.75,1200.0,-17200.0,-8600.0,1906.4,-26640.0,9478.12,
20190430,28830.0,-16475.0,-31680.0,2556.25,1200.0,-15025.0,-8730.0,1906.4,-26640.0,8931.25,
20190531,28830.0,-16475.0,-31680.0,-168.75,1200.0,-16212.5,-10670.0,2074.4,-26640.0,8846.88,
20190628,28830.0,-16475.0,-25350.0,975.0,1200.0,-16800.0,-11200.0,1515.2,-26640.0,9784.38,
20190731,28830.0,-16475.0,-24230.0,1737.5,1200.0,-16800.0,-11990.0,1515.2,-22540.0,9237.5,
20190830,28830.0,-16475.0,-15070.0,1737.5,1200.0,-16800.0,-9000.0,1772.8,-13580.0,12878.12,
20190930,28830.0,-16475.0,-20720.0,1737.5,1200.0,-16800.0,-10170.0,1605.6,-20300.0,9903.12,
20191031,28830.0,-19600.0,-19630.0,1737.5,1200.0,-16800.0,-7530.0,1605.6,-14955.0,9903.12,
20191129,28830.0,-19600.0,-19630.0,1737.5,1200.0,-16800.0,-5600.0,1605.6,-14790.0,9903.12,
20191231,28830.0,-19600.0,-19630.0,1737.5,1200.0,-16800.0,-6900.0,1605.6,-14790.0,9903.12,
20200131,28830.0,-19600.0,-19630.0,1737.5,1200.0,-16800.0,-7070.0,2568.8,-14790.0,9903.12,
20200228,35350.0,-19600.0,-24460.0,1737.5,1200.0,-16800.0,-7070.0,2557.6,-26015.0,13668.75,
20200331,60010.0,-28925.0,-24850.0,1737.5,1200.0,-18212.5,-7940.0,3308.8,-14180.0,17606.25,
20200430,67310.0,-28925.0,-29660.0,1737.5,-2820.0,-16300.0,-7450.0,3566.4,-17610.0,17981.25,
20200529,50980.0,-28925.0,-26170.0,1737.5,-3460.0,-15575.0,-7450.0,2961.6,-28970.0,18246.88,
20200630,51160.0,-28925.0,-26460.0,1737.5,-3370.0,-15812.5,-7450.0,2794.4,-28970.0,18356.25,
20200731,51160.0,-25762.5,-26460.0,1737.5,-3370.0,-15812.5,-7450.0,2794.4,-28970.0,18240.62,
20200831,51160.0,-24012.5,-26460.0,1737.5,-3370.0,-15812.5,-7450.0,2794.4,-24875.0,18240.62,
20200930,51160.0,-26850.0,-26460.0,1737.5,-3370.0,-15812.5,-7450.0,2794.4,-52970.0,18240.62,
20201030,51160.0,-27593.75,-26460.0,1737.5,-3370.0,-13875.0,-8040.0,2794.4,-52970.0,18240.62,
20201130,51160.0,-27593.75,-26460.0,1737.5,-3370.0,-8262.5,-7440.0,2245.6,-52970.0,18240.62,
20201231,51160.0,-27593.75,-26460.0,1737.5,-3370.0,-1237.5,-7470.0,3343.2,-52970.0,18240.62,
20210129,53490.0,-29756.25,-26460.0,1737.5,-3370.0,1712.5,-7470.0,3422.4,-52970.0,18240.62,
20210226,62770.0,-29875.0,-26460.0,1737.5,-3370.0,3300.0,-7470.0,3422.4,-52970.0,18240.62,
20210331,60400.0,-29875.0,-26460.0,1737.5,-3370.0,4925.0,-2410.0,3422.4,-52970.0,18646.88,
20210430,64770.0,-29875.0,-26460.0,1737.5,-3370.0,5187.5,-640.0,3422.4,-52970.0,17553.12,
20210528,64730.0,-29875.0,-26460.0,6350.0,-3370.0,5187.5,2630.0,3187.2,-52970.0,16500.0,
20210630,64730.0,-29875.0,-26460.0,4587.5,-3370.0,5187.5,-2540.0,2034.4,-52970.0,16500.0,
20210730,56490.0,-29875.0,-26460.0,4993.75,-910.0,5187.5,-2540.0,2034.4,-52970.0,16500.0,
20210831,56490.0,-29875.0,-26460.0,4993.75,3520.0,5187.5,-2540.0,3468.0,-52970.0,16015.62,
20210930,56490.0,-29875.0,-29560.0,4993.75,17750.0,5187.5,-2540.0,3199.2,-55630.0,15243.75,
20211029,63030.0,-29875.0,-33320.0,4993.75,11530.0,5187.5,-2540.0,3065.6,-67345.0,15243.75,
20211130,49610.0,-27893.75,-33320.0,4993.75,6790.0,5187.5,-2540.0,3065.6,-67345.0,15243.75,
20211231,49610.0,-28506.25,-33320.0,531.25,6790.0,5187.5,-2540.0,3043.2,-67345.0,15243.75,
20220131,49610.0,-26643.75,-33320.0,450.0,6790.0,5187.5,-2540.0,2876.0,-67345.0,15243.75,
20220228,49610.0,-26581.25,-33320.0,450.0,6790.0,7962.5,-2540.0,2876.0,-67345.0,14587.5,
20220331,44100.0,-26581.25,-33320.0,450.0,8520.0,7037.5,-2540.0,2876.0,-67345.0,19150.0,
