20100104     0.00
20100105     0.00
20100106     0.00
20100107 -1687.50
20100108 -2350.00
20100111 -1337.50
20100112 -3625.00
20100113 -2362.50
20100114 -2675.00
20100115 -3212.50
20100119 -1187.50
20100120 -3487.50
20100121 -4987.50
20100122 -3687.50
20100125 -2537.50
20100126 -3875.00
20100127 -6800.00
20100128 -9912.50
20100129 -9500.00
20100201 -9500.00
20100202 -9500.00
20100203 -9500.00
20100204 -9500.00
20100205 -9500.00
20100208 -9500.00
20100209 -9500.00
20100210 -9500.00
20100211 -9500.00
20100212 -9500.00
20100216 -9500.00
20100217 -9500.00
20100218 -9500.00
20100219 -9500.00
20100222 -9500.00
20100223 -9500.00
20100224 -9500.00
20100225 -9500.00
20100226 -9500.00
20100301 -9500.00
20100302 -9500.00
20100303 -9500.00
20100304 -9500.00
20100305 -9500.00
20100308 -9500.00
20100309 -9500.00
20100310 -9500.00
20100311 -9500.00
20100312 -9500.00
20100315 -9500.00
20100316 -9500.00
20100317 -9500.00
20100318 -9500.00
20100319 -9500.00
20100322 -9500.00
20100323 -9500.00
20100324 -9500.00
20100325 -9500.00
20100326 -9500.00
20100329 -9500.00
20100330 -9500.00
20100331 -9500.00
20100401 -9500.00
20100405 -9500.00
20100406 -9500.00
20100407 -9500.00
20100408 -9500.00
20100409 -9500.00
20100412 -9500.00
20100413 -9500.00
20100414 -9500.00
20100415 -9500.00
20100416 -9500.00
20100419 -9500.00
20100420 -9500.00
20100421 -9500.00
20100422 -9500.00
20100423 -9500.00
20100426 -9500.00
20100427 -9500.00
20100428 -9500.00
20100429 -9500.00
20100430 -9500.00
20100503 -9500.00
20100504 -9500.00
20100505 -9500.00
20100506 -9500.00
20100507 -9500.00
20100510 -9500.00
20100511 -9500.00
20100512 -9500.00
20100513 -9500.00
20100514 -9500.00
20100517 -9500.00
20100518 -9500.00
20100519 -9500.00
20100520 -9500.00
20100521 -9500.00
20100524 -9500.00
20100525 -9500.00
20100526 -9500.00
20100527 -9500.00
20100528 -9500.00
20100601 -9500.00
20100602 -9500.00
20100603 -9500.00
20100604 -9500.00
20100607 -8525.00
20100608 -8862.50
20100609 -10625.00
20100610 -10937.50
20100611 -11975.00
20100614 -14175.00
20100615 -14487.50
20100616 -14262.50
20100617 -11475.00
20100618 -11475.00
20100621 -12625.00
20100622 -13287.50
20100623 -12950.00
20100624 -14537.50
20100625 -16575.00
20100628 -16275.00
20100629 -12250.00
20100630 -12787.50
20100701 -10950.00
20100702 -12450.00
20100706 -13112.50
20100707 -15150.00
20100708 -14825.00
20100709 -15750.00
20100712 -14575.00
20100713 -15025.00
20100714 -13875.00
20100715 -14575.00
20100716 -12462.50
20100719 -12387.50
20100720 -14612.50
20100721 -15837.50
20100722 -18150.00
20100723 -18962.50
20100726 -19062.50
20100727 -19062.50
20100728 -19062.50
20100729 -19062.50
20100730 -19062.50
20100802 -19062.50
20100803 -19062.50
20100804 -19062.50
20100805 -19062.50
20100806 -19062.50
20100809 -19062.50
20100810 -19062.50
20100811 -19062.50
20100812 -19062.50
20100813 -19062.50
20100816 -19062.50
20100817 -19062.50
20100818 -19062.50
20100819 -19062.50
20100820 -19062.50
20100823 -19062.50
20100824 -19062.50
20100825 -19062.50
20100826 -19062.50
20100827 -19062.50
20100830 -19062.50
20100831 -19062.50
20100901 -19062.50
20100902 -19062.50
20100903 -18875.00
20100907 -19612.50
20100908 -18862.50
20100909 -20287.50
20100910 -21212.50
20100913 -19400.00
20100914 -19662.50
20100915 -19712.50
20100916 -19037.50
20100917 -18325.00
20100920 -18762.50
20100921 -19350.00
20100922 -17250.00
20100923 -16612.50
20100924 -15925.00
20100927 -16450.00
20100928 -15450.00
20100929 -14837.50
20100930 -15087.50
20101001 -14112.50
20101004 -14775.00
20101005 -13212.50
20101006 -12550.00
20101007 -14387.50
20101008 -12012.50
20101011 -11637.50
20101012 -11637.50
20101013 -10862.50
20101014 -10987.50
20101015 -10400.00
20101018 -10000.00
20101019 -12437.50
20101020 -11537.50
20101021 -15767.50
20101022 -15485.00
20101025 -11705.00
20101026 -10125.00
20101027 -14592.50
20101028 -11937.50
20101029 -9842.50
20101101 -8615.00
20101102 -5845.00
20101103 -9195.00
20101104     0.00
20101105     0.00
20101108     0.00
20101109     0.00
20101110 -11415.00
20101111 -6977.50
20101112 -21297.50
20101115 -19460.00
20101116 -31702.50
20101117 -30412.50
20101118 -19650.00
20101119 -17932.50
20101122 -18022.50
20101123 -16712.50
20101124 -16067.50
20101126 -21385.00
20101129 -17992.50
20101130 -10200.00
20101201 -9395.00
20101202 -8600.00
20101203 -5105.00
20101206 -2785.00
20101207 -2575.00
20101208 -10200.00
20101209 -7375.00
20101210 -8435.00
20101213 -3340.00
20101214 -2520.00
20101215 -5195.00
20101216 -7550.00
20101217 -5795.00
20101220 -4685.00
20101221 -4490.00
20101222 -4535.00
20101223 -4820.00
20101227 -5185.00
20101228     0.00
20101229     0.00
20101230  -955.00
20101231     0.00
20110103     0.00
20110104 -8085.00
20110105 -9635.00
20110106 -11857.50
20110107 -15307.50
20110110 -14807.50
20110111 -9505.00
20110112 -7712.50
20110113 -9985.00
20110114 -13825.00
20110118 -10465.00
20110119 -12470.00
20110120 -21560.00
20110121 -20865.00
20110124 -20407.50
20110125 -26050.00
20110126 -24875.00
20110127 -23087.50
20110128 -22225.00
20110131 -20087.50
20110201 -20100.00
20110202 -20100.00
20110203 -20100.00
20110204 -20100.00
20110207 -20100.00
20110208 -20100.00
20110209 -20100.00
20110210 -20100.00
20110211 -20100.00
20110214 -20100.00
20110215 -20100.00
20110216 -20100.00
20110217 -20100.00
20110218 -20100.00
20110222 -20100.00
20110223 -20100.00
20110224 -20100.00
20110225 -20100.00
20110228 -20100.00
20110301 -20100.00
20110302 -20100.00
20110303 -20100.00
20110304 -20100.00
20110307 -20100.00
20110308 -20100.00
20110309 -20100.00
20110310 -20100.00
20110311 -20100.00
20110314 -20100.00
20110315 -20100.00
20110316 -20100.00
20110317 -20100.00
20110318 -20100.00
20110321 -20100.00
20110322 -19330.00
20110323 -14685.00
20110324 -13800.00
20110325 -15430.00
20110328 -15235.00
20110329 -15740.00
20110330 -13120.00
20110331 -11235.00
20110401 -12015.00
20110404 -8205.00
20110405 -4760.00
20110406 -3740.00
20110407 -2915.00
20110408     0.00
20110411     0.00
20110412 -2730.00
20110413 -1875.00
20110414     0.00
20110415     0.00
20110418     0.00
20110419     0.00
20110420     0.00
20110421     0.00
20110425     0.00
20110426 -10495.00
20110427 -5955.00
20110428     0.00
20110429     0.00
20110502 -12575.00
20110503 -30070.00
20110504 -46055.00
20110505 -61795.00
20110506 -66560.00
20110509 -64645.00
20110510 -64645.00
20110511 -64645.00
20110512 -64645.00
20110513 -64645.00
20110516 -64645.00
20110517 -64645.00
20110518 -64645.00
20110519 -64645.00
20110520 -64645.00
20110523 -64645.00
20110524 -64645.00
20110525 -64645.00
20110526 -64645.00
20110527 -64645.00
20110531 -64645.00
20110601 -64645.00
20110602 -64645.00
20110603 -64645.00
20110606 -64645.00
20110607 -64645.00
20110608 -64645.00
20110609 -64645.00
20110610 -64645.00
20110613 -64645.00
20110614 -64645.00
20110615 -64645.00
20110616 -64645.00
20110617 -64645.00
20110620 -64645.00
20110621 -64645.00
20110622 -64645.00
20110623 -64645.00
20110624 -64645.00
20110627 -64645.00
20110628 -64645.00
20110629 -64645.00
20110630 -64645.00
20110701 -64645.00
20110705 -64645.00
20110706 -64645.00
20110707 -64645.00
20110708 -64645.00
20110711 -64645.00
20110712 -64645.00
20110713 -64645.00
20110714 -64645.00
20110715 -64645.00
20110718 -64645.00
20110719 -64645.00
20110720 -64645.00
20110721 -64645.00
20110722 -64645.00
20110725 -64645.00
20110726 -64645.00
20110727 -64645.00
20110728 -64645.00
20110729 -64645.00
20110801 -64645.00
20110802 -64645.00
20110803 -64645.00
20110804 -64645.00
20110805 -64645.00
20110808 -64645.00
20110809 -64645.00
20110810 -64645.00
20110811 -64645.00
20110812 -64645.00
20110815 -64645.00
20110816 -64645.00
20110817 -64645.00
20110818 -64645.00
20110819 -64645.00
20110822 -64645.00
20110823 -64645.00
20110824 -64645.00
20110825 -64645.00
20110826 -64645.00
20110829 -64645.00
20110830 -64645.00
20110831 -64645.00
20110901 -64645.00
20110902 -64645.00
20110906 -67915.00
20110907 -73485.00
20110908 -69495.00
20110909 -69295.00
20110912 -73915.00
20110913 -72235.00
20110914 -72595.00
20110915 -77105.00
20110916 -73775.00
20110919 -77355.00
20110920 -72597.50
20110921 -73660.00
20110922 -73412.50
20110923 -78390.00
20110926 -76545.00
20110927 -80457.50
20110928 -75632.50
20110929 -75620.00
20110930 -73270.00
20111003 -73232.50
20111004 -72057.50
20111005 -72120.00
20111006 -75632.50
20111007 -76307.50
20111010 -78670.00
20111011 -76732.50
20111012 -79307.50
20111013 -77145.00
20111014 -79682.50
20111017 -78920.00
20111018 -78470.00
20111019 -75920.00
20111020 -70907.50
20111021 -75045.00
20111024 -80695.00
20111025 -79982.50
20111026 -81720.00
20111027 -86770.00
20111028 -87120.00
20111031 -85270.00
20111101 -82032.50
20111102 -83995.00
20111103 -84182.50
20111104 -83582.50
20111107 -82857.50
20111108 -82795.00
20111109 -80495.00
20111110 -78820.00
20111111 -81057.50
20111114 -81670.00
20111115 -82007.50
20111116 -81582.50
20111117 -79032.50
20111118 -79520.00
20111121 -77045.00
20111122 -77795.00
20111123 -76445.00
20111125 -76220.00
20111128 -78482.50
20111129 -78870.00
20111130 -83495.00
20111201 -82457.50
20111202 -83720.00
20111205 -84495.00
20111206 -83495.00
20111207 -83007.50
20111208 -81607.50
20111209 -83045.00
20111212 -80707.50
20111213 -80145.00
20111214 -76070.00
20111215 -75782.50
20111216 -77382.50
20111219 -76820.00
20111220 -78345.00
20111221 -78970.00
20111222 -79495.00
20111223 -80845.00
20111227 -79332.50
20111228 -78245.00
20111229 -78357.50
20111230 -80007.50
20120103 -80557.50
20120104 -80557.50
20120105 -80557.50
20120106 -80557.50
20120109 -80557.50
20120110 -80557.50
20120111 -80557.50
20120112 -80557.50
20120113 -80557.50
20120117 -80557.50
20120118 -80557.50
20120119 -80557.50
20120120 -80557.50
20120123 -80557.50
20120124 -80557.50
20120125 -80557.50
20120126 -80557.50
20120127 -80557.50
20120130 -80557.50
20120131 -80557.50
20120201 -80557.50
20120202 -80557.50
20120203 -80557.50
20120206 -80557.50
20120207 -80557.50
20120208 -80557.50
20120209 -80557.50
20120210 -80557.50
20120213 -80557.50
20120214 -80557.50
20120215 -80557.50
20120216 -80557.50
20120217 -80557.50
20120221 -80557.50
20120222 -80557.50
20120223 -80557.50
20120224 -80557.50
20120227 -80557.50
20120228 -80557.50
20120229 -92247.50
20120301 -87152.50
20120302 -92832.50
20120305 -96982.50
20120306 -101542.50
20120307 -97532.50
20120308 -96302.50
20120309 -94397.50
20120312 -98392.50
20120313 -97552.50
20120314 -104552.50
20120315 -101827.50
20120316 -102437.50
20120319 -100682.50
20120320 -106287.50
20120321 -104782.50
20120322 -104782.50
20120323 -104782.50
20120326 -104782.50
20120327 -104782.50
20120328 -104782.50
20120329 -104782.50
20120330 -104782.50
20120402 -104782.50
20120403 -104782.50
20120404 -104782.50
20120405 -104782.50
20120409 -104782.50
20120410 -104782.50
20120411 -104782.50
20120412 -104782.50
20120413 -104782.50
20120416 -104782.50
20120417 -104782.50
20120418 -104782.50
20120419 -104782.50
20120420 -104782.50
20120423 -104782.50
20120424 -104782.50
20120425 -104782.50
20120426 -104782.50
20120427 -104782.50
20120430 -104782.50
20120501 -104782.50
20120502 -104782.50
20120503 -104782.50
20120504 -104782.50
20120507 -104782.50
20120508 -104782.50
20120509 -104782.50
20120510 -104782.50
20120511 -104782.50
20120514 -104782.50
20120515 -104782.50
20120516 -104782.50
20120517 -104782.50
20120518 -104782.50
20120521 -104782.50
20120522 -104782.50
20120523 -104782.50
20120524 -104782.50
20120525 -104782.50
20120529 -104782.50
20120530 -104782.50
20120531 -104782.50
20120601 -104782.50
20120604 -104782.50
20120605 -104782.50
20120606 -104782.50
20120607 -104782.50
20120608 -104782.50
20120611 -103545.00
20120612 -103357.50
20120613 -103457.50
20120614 -103832.50
20120615 -104557.50
20120618 -104857.50
20120619 -105807.50
20120620 -104657.50
20120621 -102420.00
20120622 -102620.00
20120625 -102870.00
20120626 -102795.00
20120627 -103707.50
20120628 -103120.00
20120629 -107245.00
20120702 -106557.50
20120703 -108332.50
20120705 -107157.50
20120706 -105070.00
20120709 -105620.00
20120710 -104782.50
20120711 -106020.00
20120712 -105207.50
20120713 -107432.50
20120716 -106957.50
20120717 -106220.00
20120718 -106682.50
20120719 -108195.00
20120720 -106032.50
20120723 -104332.50
20120724 -103657.50
20120725 -104195.00
20120726 -104670.00
20120727 -105482.50
20120730 -105232.50
20120731 -105270.00
20120801 -105370.00
20120802 -105370.00
20120803 -105370.00
20120806 -105370.00
20120807 -105370.00
20120808 -105370.00
20120809 -105370.00
20120810 -105370.00
20120813 -105370.00
20120814 -105370.00
20120815 -105370.00
20120816 -105370.00
20120817 -105370.00
20120820 -105370.00
20120821 -105370.00
20120822 -105370.00
20120823 -105370.00
20120824 -105370.00
20120827 -105370.00
20120828 -105370.00
20120829 -105370.00
20120830 -105370.00
20120831 -105370.00
20120903 -105370.00
20120904 -105370.00
20120905 -105370.00
20120906 -105370.00
20120907 -105370.00
20120910 -105370.00
20120911 -105370.00
20120912 -105370.00
20120913 -105370.00
20120914 -105370.00
20120917 -105370.00
20120918 -105370.00
20120919 -105370.00
20120920 -105370.00
20120921 -105370.00
20120924 -105370.00
20120925 -105370.00
20120926 -105370.00
20120927 -105370.00
20120928 -105370.00
20121001 -105370.00
20121002 -104745.00
20121003 -105170.00
20121004 -105120.00
20121005 -105320.00
20121008 -106820.00
20121009 -106820.00
20121010 -106820.00
20121011 -105982.50
20121012 -107195.00
20121015 -107232.50
20121016 -107270.00
20121017 -106070.00
20121018 -106195.00
20121019 -108832.50
20121022 -109220.00
20121023 -110532.50
20121024 -110570.00
20121025 -111007.50
20121026 -110982.50
20121029 -110982.50
20121030 -110982.50
20121031 -110982.50
20121101 -110982.50
20121102 -110982.50
20121105 -110982.50
20121106 -110982.50
20121107 -110982.50
20121108 -110982.50
20121109 -110982.50
20121112 -110982.50
20121113 -110982.50
20121114 -110982.50
20121115 -110982.50
20121116 -110982.50
20121119 -110982.50
20121120 -110982.50
20121121 -110982.50
20121123 -110982.50
20121126 -110982.50
20121127 -110982.50
20121128 -110982.50
20121129 -110982.50
20121130 -110982.50
20121203 -110982.50
20121204 -110982.50
20121205 -110982.50
20121206 -110982.50
20121207 -110982.50
20121210 -110982.50
20121211 -110982.50
20121212 -110982.50
20121213 -110982.50
20121214 -110982.50
20121217 -110982.50
20121218 -110982.50
20121219 -110982.50
20121220 -110982.50
20121221 -110982.50
20121224 -110982.50
20121226 -110982.50
20121227 -110982.50
20121228 -110982.50
20121231 -110982.50
20130102 -110982.50
20130103 -110982.50
20130104 -110982.50
20130107 -109217.50
20130108 -112722.50
20130109 -110972.50
20130110 -116567.50
20130111 -112277.50
20130114 -116667.50
20130115 -120212.50
20130116 -120207.50
20130117 -122307.50
20130118 -122537.50
20130122 -124382.50
20130123 -125042.50
20130124 -122467.50
20130125 -121137.50
20130128 -120767.50
20130129 -121537.50
20130130 -123427.50
20130131 -121467.50
20130201 -122327.50
20130204 -122907.50
20130205 -122617.50
20130206 -123147.50
20130207 -122397.50
20130208 -121957.50
20130211 -120177.50
20130212 -120227.50
20130213 -119777.50
20130214 -118817.50
20130215 -116217.50
20130219 -115687.50
20130220 -113067.50
20130221 -113127.50
20130222 -112547.50
20130225 -113927.50
20130226 -116817.50
20130227 -114837.50
20130228 -113077.50
20130301 -112497.50
20130304 -112507.50
20130305 -112757.50
20130306 -112757.50
20130307 -112777.50
20130308 -112957.50
20130311 -113067.50
20130312 -114437.50
20130313 -114107.50
20130314 -114337.50
20130315 -114527.50
20130318 -115727.50
20130319 -116397.50
20130320 -116017.50
20130321 -116647.50
20130322 -115877.50
20130325 -115717.50
20130326 -114797.50
20130327 -115787.50
20130328 -114637.50
20130329 -114637.50
20130401 -115157.50
20130402 -112895.00
20130403 -107477.50
20130404 -107680.00
20130405 -112107.50
20130408 -112032.50
20130409 -118930.00
20130410 -114412.50
20130411 -115630.00
20130412 -100362.50
20130415 -69557.50
20130416 -74335.00
20130417 -69310.00
20130418 -70405.00
20130419 -67890.00
20130422 -71832.50
20130423 -67107.50
20130424 -70277.50
20130425 -82642.50
20130426 -78420.00
20130429 -82702.50
20130430 -82292.50
20130501 -72805.00
20130502 -77992.50
20130503 -83822.50
20130506 -83807.50
20130507 -80942.50
20130508 -85737.50
20130509 -84397.50
20130510 -80245.00
20130513 -80367.50
20130514 -76015.00
20130515 -69005.00
20130516 -68817.50
20130517 -65775.00
20130520 -69790.00
20130521 -68092.50
20130522 -68082.50
20130523 -68790.00
20130524 -67997.50
20130528 -66200.00
20130529 -68260.00
20130530 -71927.50
20130531 -67217.50
20130603 -72447.50
20130604 -70380.00
20130605 -70887.50
20130606 -72480.00
20130607 -63117.50
20130610 -63640.00
20130611 -60195.00
20130612 -63207.50
20130613 -59710.00
20130614 -62957.50
20130617 -61427.50
20130618 -58340.00
20130619 -58430.00
20130620 -38675.00
20130621 -40772.50
20130624 -35177.50
20130625 -36342.50
20130626 -26230.00
20130627 -24585.00
20130628 -30330.00
20130701 -36557.50
20130702 -33632.50
20130703 -37225.00
20130705 -25747.50
20130708 -30340.00
20130709 -31065.00
20130710 -32012.50
20130711 -41380.00
20130712 -39767.50
20130715 -40330.00
20130716 -42550.00
20130717 -37235.00
20130718 -37825.00
20130719 -39262.50
20130722 -49942.50
20130723 -48862.50
20130724 -45697.50
20130725 -47460.00
20130726 -42855.00
20130729 -44100.00
20130730 -41062.50
20130731 -41535.00
20130801 -41435.00
20130802 -42805.00
20130805 -41035.00
20130806 -38060.00
20130807 -38265.00
20130808 -44150.00
20130809 -45450.00
20130812 -52310.00
20130813 -50960.00
20130814 -54470.00
20130815 -57710.00
20130816 -58280.00
20130819 -58280.00
20130820 -58280.00
20130821 -58280.00
20130822 -58280.00
20130823 -58280.00
20130826 -58280.00
20130827 -58280.00
20130828 -58280.00
20130829 -58280.00
20130830 -58280.00
20130903 -58280.00
20130904 -58280.00
20130905 -58280.00
20130906 -58280.00
20130909 -58280.00
20130910 -58280.00
20130911 -58280.00
20130912 -58280.00
20130913 -58280.00
20130916 -58280.00
20130917 -58280.00
20130918 -58280.00
20130919 -58280.00
20130920 -58280.00
20130923 -58280.00
20130924 -58280.00
20130925 -58280.00
20130926 -58280.00
20130927 -58280.00
20130930 -58280.00
20131001 -58280.00
20131002 -58280.00
20131003 -58280.00
20131004 -58280.00
20131007 -58280.00
20131008 -58280.00
20131009 -58280.00
20131010 -58280.00
20131011 -58280.00
20131014 -58280.00
20131015 -58280.00
20131016 -58280.00
20131017 -58280.00
20131018 -58280.00
20131021 -58280.00
20131022 -58280.00
20131023 -58280.00
20131024 -58280.00
20131025 -58280.00
20131028 -58280.00
20131029 -58280.00
20131030 -58280.00
20131031 -58280.00
20131101 -58280.00
20131104 -58280.00
20131105 -58280.00
20131106 -58280.00
20131107 -58280.00
20131108 -58280.00
20131111 -58280.00
20131112 -58280.00
20131113 -58280.00
20131114 -58280.00
20131115 -58280.00
20131118 -58280.00
20131119 -58280.00
20131120 -58280.00
20131121 -58280.00
20131122 -58280.00
20131125 -58280.00
20131126 -58280.00
20131127 -58280.00
20131129 -58280.00
20131202 -58280.00
20131203 -58410.00
20131204 -61050.00
20131205 -59520.00
20131206 -59230.00
20131209 -59750.00
20131210 -62440.00
20131211 -62050.00
20131212 -58820.00
20131213 -59790.00
20131216 -60770.00
20131217 -59340.00
20131218 -59830.00
20131219 -55690.00
20131220 -56700.00
20131223 -56030.00
20131224 -56660.00
20131226 -57560.00
20131227 -57730.00
20131230 -56710.00
20131231 -56560.00
20140102 -58850.00
20140103 -60190.00
20140106 -60130.00
20140107 -59290.00
20140108 -58880.00
20140109 -59270.00
20140110 -61020.00
20140113 -61440.00
20140114 -60870.00
20140115 -60160.00
20140116 -60350.00
20140117 -61520.00
20140121 -60510.00
20140122 -60190.00
20140123 -62560.00
20140124 -62760.00
20140127 -62670.00
20140128 -61410.00
20140129 -62580.00
20140130 -60610.00
20140131 -60340.00
20140203 -62350.00
20140204 -61480.00
20140205 -62050.00
20140206 -62080.00
20140207 -62650.00
20140210 -63000.00
20140211 -63000.00
20140212 -63000.00
20140213 -63000.00
20140214 -63000.00
20140218 -63000.00
20140219 -63000.00
20140220 -63000.00
20140221 -63000.00
20140224 -63000.00
20140225 -62370.00
20140226 -63840.00
20140227 -63460.00
20140228 -64480.00
20140303 -61610.00
20140304 -62850.00
20140305 -62610.00
20140306 -61460.00
20140307 -62820.00
20140310 -62490.00
20140311 -61970.00
20140312 -59590.00
20140313 -59400.00
20140314 -58740.00
20140317 -59350.00
20140318 -60740.00
20140319 -62510.00
20140320 -63590.00
20140321 -63040.00
20140324 -65520.00
20140325 -65500.00
20140326 -66300.00
20140327 -67160.00
20140328 -67210.00
20140331 -68260.00
20140401 -68640.00
20140402 -67560.00
20140403 -68180.00
20140404 -66290.00
20140407 -66810.00
20140408 -65730.00
20140409 -66050.00
20140410 -64590.00
20140411 -64740.00
20140414 -63890.00
20140415 -66610.00
20140416 -66290.00
20140417 -67250.00
20140421 -67790.00
20140422 -67710.00
20140423 -67710.00
20140424 -67710.00
20140425 -67710.00
20140428 -67710.00
20140429 -67710.00
20140430 -67710.00
20140501 -67710.00
20140502 -67710.00
20140505 -67710.00
20140506 -67710.00
20140507 -67710.00
20140508 -67710.00
20140509 -67710.00
20140512 -67710.00
20140513 -67710.00
20140514 -67710.00
20140515 -67710.00
20140516 -67710.00
20140519 -67710.00
20140520 -67710.00
20140521 -67710.00
20140522 -67710.00
20140523 -67710.00
20140527 -67710.00
20140528 -67710.00
20140529 -67710.00
20140530 -67710.00
20140602 -67710.00
20140603 -67710.00
20140604 -67710.00
20140605 -67710.00
20140606 -67710.00
20140609 -67710.00
20140610 -67710.00
20140611 -67710.00
20140612 -67710.00
20140613 -67710.00
20140616 -67710.00
20140617 -67710.00
20140618 -67710.00
20140619 -67710.00
20140620 -67710.00
20140623 -67710.00
20140624 -67710.00
20140625 -67710.00
20140626 -67710.00
20140627 -67710.00
20140630 -67710.00
20140701 -67710.00
20140702 -67710.00
20140703 -67710.00
20140707 -67710.00
20140708 -67710.00
20140709 -67710.00
20140710 -67710.00
20140711 -67730.00
20140714 -70465.00
20140715 -70590.00
20140716 -71160.00
20140717 -69365.00
20140718 -70605.00
20140721 -69975.00
20140722 -69995.00
20140723 -70060.00
20140724 -72960.00
20140725 -71855.00
20140728 -72200.00
20140729 -72120.00
20140730 -72050.00
20140731 -72975.00
20140801 -73135.00
20140804 -73135.00
20140805 -73135.00
20140806 -73135.00
20140807 -73135.00
20140808 -73135.00
20140811 -73135.00
20140812 -73135.00
20140813 -73135.00
20140814 -73135.00
20140815 -73135.00
20140818 -73135.00
20140819 -73135.00
20140820 -73135.00
20140821 -73135.00
20140822 -73135.00
20140825 -73135.00
20140826 -73135.00
20140827 -73135.00
20140828 -73135.00
20140829 -73135.00
20140902 -73135.00
20140903 -73135.00
20140904 -73135.00
20140905 -73135.00
20140908 -73135.00
20140909 -73135.00
20140910 -73135.00
20140911 -73135.00
20140912 -73135.00
20140915 -73135.00
20140916 -73135.00
20140917 -73135.00
20140918 -73135.00
20140919 -73135.00
20140922 -72730.00
20140923 -72755.00
20140924 -72370.00
20140925 -71050.00
20140926 -71545.00
20140929 -71695.00
20140930 -69145.00
20141001 -70765.00
20141002 -69665.00
20141003 -66340.00
20141006 -69775.00
20141007 -70360.00
20141008 -68840.00
20141009 -72540.00
20141010 -71605.00
20141013 -72645.00
20141014 -73365.00
20141015 -74720.00
20141016 -74225.00
20141017 -73475.00
20141020 -74160.00
20141021 -75835.00
20141022 -73625.00
20141023 -71620.00
20141024 -72010.00
20141027 -71655.00
20141028 -71990.00
20141029 -71730.00
20141030 -64880.00
20141031 -60610.00
20141103 -61135.00
20141104 -59895.00
20141105 -57325.00
20141106 -57195.00
20141107 -58700.00
20141110 -58485.00
20141111 -58520.00
20141112 -58245.00
20141113 -58235.00
20141114 -61700.00
20141117 -60415.00
20141118 -61000.00
20141119 -61600.00
20141120 -60815.00
20141121 -62105.00
20141124 -62010.00
20141125 -62895.00
20141126 -62885.00
20141128 -57635.00
20141201 -63315.00
20141202 -62135.00
20141203 -61915.00
20141204 -62730.00
20141205 -61145.00
20141208 -61235.00
20141209 -65525.00
20141210 -65790.00
20141211 -65415.00
20141212 -65140.00
20141215 -62670.00
20141216 -58615.00
20141217 -59495.00
20141218 -59525.00
20141219 -60005.00
20141222 -58295.00
20141223 -58690.00
20141224 -58405.00
20141226 -60590.00
20141229 -58750.00
20141230 -61235.00
20141231 -57850.00
20150102 -58695.00
20150105 -60920.00
20150106 -62977.50
20150107 -62300.00
20150108 -61780.00
20150109 -61575.00
20150112 -61575.00
20150113 -62497.50
20150114 -58705.00
20150115 -60017.50
20150116 -60152.50
20150120 -57847.50
20150121 -58360.00
20150122 -55810.00
20150123 -54995.00
20150126 -58937.50
20150127 -55190.00
20150128 -56165.00
20150129 -65170.00
20150130 -61740.00
20150202 -61642.50
20150203 -65240.00
20150204 -64687.50
20150205 -65962.50
20150206 -71045.00
20150209 -68350.00
20150210 -69540.00
20150211 -71097.50
20150212 -72347.50
20150213 -69282.50
20150217 -75125.00
20150218 -75570.00
20150219 -75707.50
20150220 -75070.00
20150223 -75020.00
20150224 -76407.50
20150225 -76795.00
20150226 -78070.00
20150227 -77995.00
20150302 -78145.00
20150303 -77120.00
20150304 -77195.00
20150305 -77020.00
20150306 -75932.50
20150309 -77470.00
20150310 -76307.50
20150311 -75857.50
20150312 -77170.00
20150313 -77295.00
20150316 -77395.00
20150317 -76532.50
20150318 -74970.00
20150319 -77207.50
20150320 -79732.50
20150323 -79832.50
20150324 -79832.50
20150325 -79832.50
20150326 -79832.50
20150327 -79832.50
20150330 -79832.50
20150331 -79832.50
20150401 -79832.50
20150402 -79832.50
20150406 -79832.50
20150407 -79832.50
20150408 -79832.50
20150409 -79832.50
20150410 -79832.50
20150413 -79832.50
20150414 -79832.50
20150415 -79832.50
20150416 -79832.50
20150417 -79832.50
20150420 -79832.50
20150421 -79832.50
20150422 -79832.50
20150423 -79832.50
20150424 -79832.50
20150427 -79832.50
20150428 -79832.50
20150429 -79832.50
20150430 -79832.50
20150501 -79832.50
20150504 -79832.50
20150505 -79832.50
20150506 -79832.50
20150507 -79832.50
20150508 -79832.50
20150511 -79832.50
20150512 -79832.50
20150513 -79832.50
20150514 -79832.50
20150515 -79832.50
20150518 -79832.50
20150519 -79832.50
20150520 -79832.50
20150521 -79832.50
20150522 -79832.50
20150526 -79832.50
20150527 -79832.50
20150528 -79832.50
20150529 -79832.50
20150601 -79832.50
20150602 -79832.50
20150603 -79832.50
20150604 -79832.50
20150605 -79832.50
20150608 -79832.50
20150609 -79832.50
20150610 -79832.50
20150611 -79832.50
20150612 -79832.50
20150615 -79832.50
20150616 -79832.50
20150617 -79832.50
20150618 -79832.50
20150619 -79832.50
20150622 -79832.50
20150623 -79832.50
20150624 -79832.50
20150625 -79832.50
20150626 -79832.50
20150629 -79832.50
20150630 -79832.50
20150701 -79832.50
20150702 -79832.50
20150706 -79832.50
20150707 -79832.50
20150708 -79832.50
20150709 -79832.50
20150710 -79832.50
20150713 -79832.50
20150714 -79832.50
20150715 -79832.50
20150716 -79832.50
20150717 -79832.50
20150720 -79832.50
20150721 -79832.50
20150722 -79832.50
20150723 -79832.50
20150724 -79832.50
20150727 -79832.50
20150728 -79832.50
20150729 -79832.50
20150730 -79832.50
20150731 -79832.50
20150803 -79832.50
20150804 -79832.50
20150805 -79832.50
20150806 -79832.50
20150807 -79832.50
20150810 -79832.50
20150811 -79832.50
20150812 -79832.50
20150813 -79832.50
20150814 -79832.50
20150817 -79832.50
20150818 -79832.50
20150819 -79832.50
20150820 -79832.50
20150821 -79832.50
20150824 -79832.50
20150825 -79832.50
20150826 -79832.50
20150827 -79832.50
20150828 -79832.50
20150831 -79832.50
20150901 -79832.50
20150902 -79832.50
20150903 -79832.50
20150904 -79832.50
20150908 -79832.50
20150909 -79832.50
20150910 -79832.50
20150911 -79832.50
20150914 -79832.50
20150915 -79832.50
20150916 -79832.50
20150917 -79832.50
20150918 -79832.50
20150921 -79832.50
20150922 -79832.50
20150923 -79832.50
20150924 -79832.50
20150925 -79832.50
20150928 -79832.50
20150929 -79832.50
20150930 -79832.50
20151001 -79832.50
20151002 -79832.50
20151005 -79832.50
20151006 -79832.50
20151007 -79832.50
20151008 -79832.50
20151009 -79832.50
20151012 -79832.50
20151013 -79832.50
20151014 -79832.50
20151015 -79832.50
20151016 -79832.50
20151019 -79832.50
20151020 -79832.50
20151021 -79832.50
20151022 -79832.50
20151023 -79832.50
20151026 -79832.50
20151027 -79832.50
20151028 -79832.50
20151029 -79832.50
20151030 -79832.50
20151102 -79832.50
20151103 -79832.50
20151104 -79832.50
20151105 -79832.50
20151106 -79832.50
20151109 -79832.50
20151110 -79832.50
20151111 -79832.50
20151112 -79832.50
20151113 -79832.50
20151116 -79832.50
20151117 -79832.50
20151118 -79832.50
20151119 -79832.50
20151120 -79832.50
20151123 -79832.50
20151124 -79832.50
20151125 -79832.50
20151127 -79832.50
20151130 -80762.50
20151201 -80582.50
20151202 -79612.50
20151203 -80727.50
20151204 -83467.50
20151207 -81877.50
20151208 -81962.50
20151209 -82382.50
20151210 -82095.00
20151211 -83565.00
20151214 -82210.00
20151215 -80655.00
20151216 -82550.00
20151217 -79130.00
20151218 -82395.00
20151221 -84642.50
20151222 -83217.50
20151223 -83025.00
20151224 -83772.50
20151228 -81887.50
20151229 -83295.00
20151230 -82725.00
20151231 -82477.50
20160104 -82770.00
20160105 -82770.00
20160106 -82770.00
20160107 -82770.00
20160108 -82770.00
20160111 -82770.00
20160112 -82770.00
20160113 -82770.00
20160114 -82770.00
20160115 -82770.00
20160119 -82770.00
20160120 -82770.00
20160121 -82770.00
20160122 -82770.00
20160125 -82770.00
20160126 -82770.00
20160127 -82770.00
20160128 -82770.00
20160129 -82770.00
20160201 -82770.00
20160202 -82770.00
20160203 -82770.00
20160204 -82770.00
20160205 -82770.00
20160208 -82770.00
20160209 -82770.00
20160210 -82770.00
20160211 -82770.00
20160212 -82770.00
20160216 -82770.00
20160217 -82770.00
20160218 -82770.00
20160219 -82770.00
20160222 -82770.00
20160223 -82770.00
20160224 -82770.00
20160225 -82770.00
20160226 -82770.00
20160229 -82770.00
20160301 -83580.00
20160302 -82480.00
20160303 -80840.00
20160304 -79590.00
20160307 -79970.00
20160308 -81295.00
20160309 -81965.00
20160310 -79510.00
20160311 -80570.00
20160314 -82420.00
20160315 -85130.00
20160316 -85460.00
20160317 -77870.00
20160318 -80050.00
20160321 -80880.00
20160322 -80250.00
20160323 -85775.00
20160324 -86380.00
20160328 -86575.00
20160329 -84810.00
20160330 -85810.00
20160331 -83845.00
20160401 -85250.00
20160404 -85670.00
20160405 -84640.00
20160406 -85220.00
20160407 -83850.00
20160408 -83220.00
20160411 -81800.00
20160412 -81510.00
20160413 -82770.00
20160414 -84950.00
20160415 -84140.00
20160418 -84100.00
20160419 -82170.00
20160420 -82160.00
20160421 -82570.00
20160422 -84600.00
20160425 -83580.00
20160426 -83260.00
20160427 -82560.00
20160428 -80960.00
20160429 -78550.00
20160502 -78020.00
20160503 -78420.00
20160504 -80160.00
20160505 -80370.00
20160506 -78200.00
20160509 -80940.00
20160510 -81120.00
20160511 -80050.00
20160512 -80480.00
20160513 -80330.00
20160516 -80180.00
20160517 -79910.00
20160518 -80160.00
20160519 -82120.00
20160520 -82310.00
20160523 -82450.00
20160524 -84680.00
20160525 -84970.00
20160526 -84970.00
20160527 -84970.00
20160531 -84970.00
20160601 -84970.00
20160602 -84970.00
20160603 -84970.00
20160606 -84970.00
20160607 -84970.00
20160608 -84970.00
20160609 -84970.00
20160610 -84970.00
20160613 -84970.00
20160614 -84970.00
20160615 -84970.00
20160616 -84970.00
20160617 -84970.00
20160620 -84970.00
20160621 -84970.00
20160622 -84970.00
20160623 -84970.00
20160624 -84970.00
20160627 -84970.00
20160628 -84970.00
20160629 -84970.00
20160630 -83655.00
20160701 -78830.00
20160705 -77235.00
20160706 -75755.00
20160707 -77580.00
20160708 -76275.00
20160711 -75250.00
20160712 -75915.00
20160713 -74705.00
20160714 -75160.00
20160715 -75945.00
20160718 -76395.00
20160719 -76735.00
20160720 -78705.00
20160721 -77695.00
20160722 -78325.00
20160725 -78535.00
20160726 -78355.00
20160727 -76795.00
20160728 -75810.00
20160729 -75035.00
20160801 -74270.00
20160802 -73265.00
20160803 -74415.00
20160804 -74555.00
20160805 -77685.00
20160808 -77745.00
20160809 -77520.00
20160810 -75920.00
20160811 -76670.00
20160812 -78255.00
20160815 -77535.00
20160816 -77400.00
20160817 -78530.00
20160818 -78070.00
20160819 -80185.00
20160822 -82475.00
20160823 -82160.00
20160824 -83990.00
20160825 -84325.00
20160826 -83515.00
20160829 -82945.00
20160830 -83875.00
20160831 -83705.00
20160901 -82525.00
20160902 -80410.00
20160906 -76550.00
20160907 -78000.00
20160908 -78850.00
20160909 -80400.00
20160912 -82240.00
20160913 -82365.00
20160914 -81910.00
20160915 -82035.00
20160916 -82930.00
20160919 -83115.00
20160920 -83115.00
20160921 -83115.00
20160922 -83115.00
20160923 -83115.00
20160926 -83115.00
20160927 -83115.00
20160928 -83115.00
20160929 -83115.00
20160930 -83115.00
20161003 -83115.00
20161004 -83115.00
20161005 -83115.00
20161006 -83115.00
20161007 -83115.00
20161010 -83115.00
20161011 -83115.00
20161012 -83115.00
20161013 -83115.00
20161014 -83115.00
20161017 -83115.00
20161018 -83115.00
20161019 -83115.00
20161020 -83115.00
20161021 -83115.00
20161024 -83115.00
20161025 -83115.00
20161026 -83115.00
20161027 -83115.00
20161028 -83115.00
20161031 -83115.00
20161101 -83115.00
20161102 -83115.00
20161103 -83115.00
20161104 -83115.00
20161107 -83115.00
20161108 -83115.00
20161109 -83115.00
20161110 -83115.00
20161111 -83115.00
20161114 -82515.00
20161115 -82795.00
20161116 -82735.00
20161117 -82035.00
20161118 -81215.00
20161121 -81325.00
20161122 -81465.00
20161123 -79275.00
20161125 -78185.00
20161128 -79465.00
20161129 -79165.00
20161130 -77475.00
20161201 -77695.00
20161202 -77695.00
20161205 -77695.00
20161206 -77695.00
20161207 -77695.00
20161208 -77695.00
20161209 -77695.00
20161212 -77695.00
20161213 -77695.00
20161214 -77695.00
20161215 -77695.00
20161216 -77695.00
20161219 -77695.00
20161220 -77695.00
20161221 -77695.00
20161222 -77695.00
20161223 -77695.00
20161227 -77695.00
20161228 -77695.00
20161229 -77695.00
20161230 -77695.00
20170103 -77695.00
20170104 -77695.00
20170105 -77695.00
20170106 -77695.00
20170109 -77695.00
20170110 -77695.00
20170111 -77695.00
20170112 -77695.00
20170113 -77695.00
20170117 -77695.00
20170118 -77695.00
20170119 -77695.00
20170120 -77695.00
20170123 -77695.00
20170124 -77695.00
20170125 -77695.00
20170126 -77695.00
20170127 -77695.00
20170130 -77695.00
20170131 -77695.00
20170201 -77695.00
20170202 -77695.00
20170203 -77695.00
20170206 -77695.00
20170207 -77695.00
20170208 -77695.00
20170209 -77695.00
20170210 -77695.00
20170213 -77695.00
20170214 -77695.00
20170215 -77695.00
20170216 -77695.00
20170217 -77695.00
20170221 -77695.00
20170222 -77695.00
20170223 -77695.00
20170224 -77695.00
20170227 -77695.00
20170228 -77695.00
20170301 -77695.00
20170302 -77695.00
20170303 -77695.00
20170306 -77695.00
20170307 -77695.00
20170308 -77695.00
20170309 -77695.00
20170310 -77695.00
20170313 -77695.00
20170314 -77695.00
20170315 -77695.00
20170316 -77695.00
20170317 -77695.00
20170320 -77695.00
20170321 -77695.00
20170322 -77695.00
20170323 -77695.00
20170324 -77695.00
20170327 -77695.00
20170328 -77695.00
20170329 -77695.00
20170330 -77695.00
20170331 -77695.00
20170403 -77695.00
20170404 -77695.00
20170405 -77695.00
20170406 -77695.00
20170407 -77695.00
20170410 -77695.00
20170411 -77695.00
20170412 -77695.00
20170413 -77695.00
20170417 -77695.00
20170418 -77695.00
20170419 -77695.00
20170420 -77695.00
20170421 -77695.00
20170424 -77695.00
20170425 -77695.00
20170426 -77695.00
20170427 -77695.00
20170428 -77695.00
20170501 -77695.00
20170502 -77695.00
20170503 -77695.00
20170504 -77695.00
20170505 -77695.00
20170508 -77695.00
20170509 -77695.00
20170510 -77695.00
20170511 -77695.00
20170512 -77695.00
20170515 -77695.00
20170516 -77695.00
20170517 -77695.00
20170518 -77695.00
20170519 -77695.00
20170522 -77695.00
20170523 -77695.00
20170524 -77695.00
20170525 -77695.00
20170526 -77695.00
20170530 -77695.00
20170531 -77695.00
20170601 -77695.00
20170602 -77695.00
20170605 -77695.00
20170606 -77695.00
20170607 -77695.00
20170608 -77695.00
20170609 -77695.00
20170612 -77695.00
20170613 -77695.00
20170614 -77695.00
20170615 -77695.00
20170616 -77695.00
20170619 -77695.00
20170620 -77695.00
20170621 -77695.00
20170622 -77695.00
20170623 -77695.00
20170626 -77695.00
20170627 -77695.00
20170628 -77695.00
20170629 -77695.00
20170630 -77695.00
20170703 -77695.00
20170705 -77695.00
20170706 -77695.00
20170707 -77695.00
20170710 -77695.00
20170711 -77695.00
20170712 -77695.00
20170713 -77695.00
20170714 -77695.00
20170717 -77695.00
20170718 -77695.00
20170719 -77695.00
20170720 -77695.00
20170721 -77695.00
20170724 -77695.00
20170725 -77695.00
20170726 -77695.00
20170727 -77695.00
20170728 -77695.00
20170731 -77695.00
20170801 -77695.00
20170802 -77695.00
20170803 -77695.00
20170804 -77695.00
20170807 -77695.00
20170808 -77695.00
20170809 -77695.00
20170810 -77695.00
20170811 -77695.00
20170814 -77695.00
20170815 -77695.00
20170816 -77695.00
20170817 -77695.00
20170818 -77695.00
20170821 -77695.00
20170822 -77695.00
20170823 -77695.00
20170824 -77695.00
20170825 -77695.00
20170828 -77695.00
20170829 -77695.00
20170830 -77695.00
20170831 -77695.00
20170901 -77295.00
20170905 -77045.00
20170906 -76457.50
20170907 -76657.50
20170908 -79207.50
20170911 -78595.00
20170912 -79345.00
20170913 -80720.00
20170914 -81307.50
20170915 -81520.00
20170918 -81020.00
20170919 -81007.50
20170920 -81020.00
20170921 -81882.50
20170922 -81632.50
20170925 -81807.50
20170926 -82270.00
20170927 -82007.50
20170928 -80720.00
20170929 -81370.00
20171002 -81357.50
20171003 -81157.50
20171004 -81270.00
20171005 -79082.50
20171006 -79520.00
20171009 -79470.00
20171010 -78732.50
20171011 -77857.50
20171012 -77245.00
20171013 -76907.50
20171016 -74270.00
20171017 -75357.50
20171018 -75795.00
20171019 -76057.50
20171020 -76107.50
20171023 -75545.00
20171024 -75295.00
20171025 -75670.00
20171026 -75807.50
20171027 -77657.50
20171030 -77445.00
20171031 -77720.00
20171101 -76682.50
20171102 -76657.50
20171103 -77307.50
20171106 -76307.50
20171107 -78020.00
20171108 -77757.50
20171109 -78095.00
20171110 -78345.00
20171113 -77332.50
20171114 -78620.00
20171115 -78882.50
20171116 -79045.00
20171117 -78570.00
20171120 -77920.00
20171121 -77032.50
20171122 -76820.00
20171124 -76020.00
20171127 -76882.50
20171128 -78357.50
20171129 -79107.50
20171130 -79245.00
20171201 -79245.00
20171204 -79245.00
20171205 -79245.00
20171206 -79245.00
20171207 -79245.00
20171208 -79245.00
20171211 -79245.00
20171212 -79245.00
20171213 -79245.00
20171214 -79245.00
20171215 -79245.00
20171218 -79245.00
20171219 -79245.00
20171220 -79245.00
20171221 -79245.00
20171222 -79245.00
20171226 -79245.00
20171227 -79245.00
20171228 -79245.00
20171229 -79245.00
20180102 -79245.00
20180103 -79245.00
20180104 -79245.00
20180105 -79245.00
20180108 -79245.00
20180109 -79245.00
20180110 -79245.00
20180111 -79245.00
20180112 -79245.00
20180116 -79245.00
20180117 -79245.00
20180118 -79245.00
20180119 -79245.00
20180122 -79245.00
20180123 -79245.00
20180124 -79245.00
20180125 -79245.00
20180126 -79245.00
20180129 -79245.00
20180130 -79245.00
20180131 -79245.00
20180201 -79245.00
20180202 -79245.00
20180205 -79245.00
20180206 -79245.00
20180207 -79245.00
20180208 -79245.00
20180209 -79245.00
20180212 -79245.00
20180213 -79245.00
20180214 -79245.00
20180215 -79245.00
20180216 -79245.00
20180220 -79245.00
20180221 -79245.00
20180222 -79245.00
20180223 -79245.00
20180226 -79245.00
20180227 -79245.00
20180228 -79245.00
20180301 -79245.00
20180302 -79245.00
20180305 -79245.00
20180306 -79245.00
20180307 -79245.00
20180308 -79245.00
20180309 -79245.00
20180312 -79245.00
20180313 -79245.00
20180314 -79245.00
20180315 -79245.00
20180316 -79245.00
20180319 -79245.00
20180320 -79245.00
20180321 -79245.00
20180322 -79245.00
20180323 -79245.00
20180326 -79245.00
20180327 -79245.00
20180328 -79245.00
20180329 -79245.00
20180402 -79245.00
20180403 -79245.00
20180404 -79245.00
20180405 -79245.00
20180406 -79245.00
20180409 -79245.00
20180410 -79245.00
20180411 -79245.00
20180412 -79245.00
20180413 -79245.00
20180416 -79245.00
20180417 -79245.00
20180418 -79245.00
20180419 -79245.00
20180420 -79245.00
20180423 -79245.00
20180424 -79245.00
20180425 -79245.00
20180426 -79245.00
20180427 -79245.00
20180430 -79245.00
20180501 -79245.00
20180502 -79245.00
20180503 -79245.00
20180504 -79245.00
20180507 -79245.00
20180508 -79245.00
20180509 -79245.00
20180510 -79245.00
20180511 -79245.00
20180514 -79245.00
20180515 -79245.00
20180516 -79245.00
20180517 -79245.00
20180518 -79245.00
20180521 -79245.00
20180522 -79245.00
20180523 -79245.00
20180524 -79245.00
20180525 -79245.00
20180529 -79245.00
20180530 -79245.00
20180531 -79245.00
20180601 -79245.00
20180604 -79245.00
20180605 -79245.00
20180606 -79245.00
20180607 -79245.00
20180608 -79245.00
20180611 -79245.00
20180612 -79245.00
20180613 -79245.00
20180614 -79245.00
20180615 -79245.00
20180618 -79245.00
20180619 -79245.00
20180620 -79245.00
20180621 -79245.00
20180622 -79245.00
20180625 -79245.00
20180626 -79245.00
20180627 -79245.00
20180628 -79245.00
20180629 -79245.00
20180702 -79245.00
20180703 -79245.00
20180705 -79245.00
20180706 -79245.00
20180709 -79245.00
20180710 -79245.00
20180711 -79245.00
20180712 -79675.00
20180713 -79135.00
20180716 -78985.00
20180717 -77745.00
20180718 -77805.00
20180719 -77415.00
20180720 -78125.00
20180723 -77575.00
20180724 -77565.00
20180725 -78195.00
20180726 -77585.00
20180727 -77325.00
20180730 -77205.00
20180731 -77415.00
20180801 -76815.00
20180802 -76065.00
20180803 -76375.00
20180806 -75825.00
20180807 -75885.00
20180808 -76155.00
20180809 -76045.00
20180810 -75955.00
20180813 -73945.00
20180814 -74490.00
20180815 -69925.00
20180816 -71957.50
20180817 -71880.00
20180820 -74102.50
20180821 -75797.50
20180822 -75497.50
20180823 -73052.50
20180824 -77392.50
20180827 -78187.50
20180828 -78290.00
20180829 -77005.00
20180830 -74800.00
20180831 -73622.50
20180904 -69252.50
20180905 -69872.50
20180906 -70640.00
20180907 -69845.00
20180910 -69977.50
20180911 -69915.00
20180912 -72847.50
20180913 -72507.50
20180914 -70362.50
20180917 -71362.50
20180918 -72870.00
20180919 -73860.00
20180920 -74547.50
20180921 -76755.00
20180924 -76437.50
20180925 -76955.00
20180926 -76007.50
20180927 -73157.50
20180928 -76697.50
20181001 -75222.50
20181002 -77682.50
20181003 -77157.50
20181004 -76627.50
20181005 -77322.50
20181008 -74022.50
20181009 -74667.50
20181010 -74487.50
20181011 -79307.50
20181012 -79562.50
20181015 -80022.50
20181016 -79892.50
20181017 -79702.50
20181018 -79407.50
20181019 -79637.50
20181022 -79322.50
20181023 -80352.50
20181024 -79767.50
20181025 -79537.50
20181026 -79887.50
20181029 -78597.50
20181030 -78697.50
20181031 -77797.50
20181101 -77787.50
20181102 -77787.50
20181105 -77787.50
20181106 -77787.50
20181107 -77787.50
20181108 -77787.50
20181109 -77787.50
20181112 -77787.50
20181113 -77787.50
20181114 -77787.50
20181115 -77787.50
20181116 -77787.50
20181119 -77787.50
20181120 -77787.50
20181121 -77787.50
20181123 -77787.50
20181126 -77787.50
20181127 -77787.50
20181128 -77787.50
20181129 -77787.50
20181130 -77787.50
20181203 -77787.50
20181204 -77787.50
20181205 -77787.50
20181206 -77787.50
20181207 -77787.50
20181210 -77787.50
20181211 -77787.50
20181212 -77787.50
20181213 -77787.50
20181214 -77787.50
20181217 -77787.50
20181218 -77787.50
20181219 -77787.50
20181220 -77787.50
20181221 -77787.50
20181224 -77787.50
20181226 -77787.50
20181227 -77787.50
20181228 -77787.50
20181231 -77787.50
20190102 -77787.50
20190103 -77787.50
20190104 -77787.50
20190107 -77787.50
20190108 -77787.50
20190109 -77787.50
20190110 -77787.50
20190111 -77787.50
20190114 -77787.50
20190115 -77787.50
20190116 -77787.50
20190117 -77787.50
20190118 -77787.50
20190122 -77787.50
20190123 -77787.50
20190124 -77787.50
20190125 -77787.50
20190128 -77787.50
20190129 -77787.50
20190130 -77787.50
20190131 -77787.50
20190201 -78822.50
20190204 -79327.50
20190205 -79587.50
20190206 -80742.50
20190207 -80702.50
20190208 -79792.50
20190211 -81047.50
20190212 -80837.50
20190213 -80917.50
20190214 -81657.50
20190215 -79762.50
20190219 -76372.50
20190220 -75012.50
20190221 -78902.50
20190222 -77837.50
20190225 -78587.50
20190226 -78697.50
20190227 -80227.50
20190228 -81397.50
20190301 -83207.50
20190304 -84377.50
20190305 -84657.50
20190306 -84367.50
20190307 -84517.50
20190308 -83197.50
20190311 -84017.50
20190312 -83317.50
20190313 -82197.50
20190314 -83617.50
20190315 -82837.50
20190318 -82977.50
20190319 -82477.50
20190320 -82957.50
20190321 -82397.50
20190322 -81897.50
20190325 -80867.50
20190326 -81627.50
20190327 -82077.50
20190328 -84237.50
20190329 -84367.50
20190401 -84367.50
20190402 -84367.50
20190403 -84367.50
20190404 -84367.50
20190405 -84367.50
20190408 -84367.50
20190409 -84367.50
20190410 -84367.50
20190411 -84367.50
20190412 -84367.50
20190415 -84367.50
20190416 -84367.50
20190417 -84367.50
20190418 -84367.50
20190422 -84367.50
20190423 -84367.50
20190424 -84367.50
20190425 -84367.50
20190426 -84367.50
20190429 -84367.50
20190430 -84367.50
20190501 -84367.50
20190502 -84367.50
20190503 -86157.50
20190506 -85902.50
20190507 -85897.50
20190508 -85577.50
20190509 -85132.50
20190510 -85217.50
20190513 -85152.50
20190514 -85327.50
20190515 -85327.50
20190516 -83962.50
20190517 -83207.50
20190520 -83492.50
20190521 -83317.50
20190522 -83512.50
20190523 -84457.50
20190524 -84642.50
20190528 -83380.00
20190529 -83035.00
20190530 -83185.00
20190531 -83215.00
20190603 -84330.00
20190604 -84950.00
20190605 -83910.00
20190606 -85167.50
20190607 -85222.50
20190610 -84112.50
20190611 -84867.50
20190612 -84495.00
20190613 -85252.50
20190614 -84132.50
20190617 -84687.50
20190618 -86920.00
20190619 -86182.50
20190620 -89640.00
20190621 -89417.50
20190624 -89442.50
20190625 -90192.50
20190626 -89705.00
20190627 -89730.00
20190628 -89655.00
20190701 -89017.50
20190702 -88417.50
20190703 -89272.50
20190705 -90802.50
20190708 -90762.50
20190709 -89862.50
20190710 -90387.50
20190711 -90805.00
20190712 -90417.50
20190715 -90712.50
20190716 -90667.50
20190717 -87927.50
20190718 -86162.50
20190719 -87380.00
20190722 -85517.50
20190723 -85162.50
20190724 -84522.50
20190725 -86275.00
20190726 -85422.50
20190729 -85910.00
20190730 -83495.00
20190731 -84347.50
20190801 -85950.00
20190802 -82990.00
20190805 -80475.00
20190806 -79445.00
20190807 -72150.00
20190808 -74460.00
20190809 -74585.00
20190812 -73015.00
20190813 -73755.00
20190814 -70910.00
20190815 -70900.00
20190816 -72120.00
20190819 -74230.00
20190820 -72780.00
20190821 -72765.00
20190822 -74040.00
20190823 -69265.00
20190826 -68165.00
20190827 -64145.00
20190828 -63625.00
20190829 -65510.00
20190830 -66165.00
20190903 -59040.00
20190904 -57040.00
20190905 -64230.00
20190906 -68670.00
20190909 -68870.00
20190910 -69965.00
20190911 -69645.00
20190912 -69190.00
20190913 -73020.00
20190916 -69535.00
20190917 -68775.00
20190918 -69640.00
20190919 -70775.00
20190920 -70060.00
20190923 -64110.00
20190924 -63655.00
20190925 -69220.00
20190926 -69735.00
20190927 -71915.00
20190930 -78535.00
20191001 -75405.00
20191002 -71610.00
20191003 -71055.00
20191004 -71400.00
20191007 -72675.00
20191008 -71925.00
20191009 -70485.00
20191010 -72715.00
20191011 -74225.00
20191014 -72505.00
20191015 -75545.00
20191016 -75300.00
20191017 -74375.00
20191018 -74545.00
20191021 -74425.00
20191022 -74935.00
20191023 -74535.00
20191024 -73415.00
20191025 -72805.00
20191028 -73055.00
20191029 -73280.00
20191030 -73100.00
20191031 -72100.00
20191101 -71935.00
20191104 -71935.00
20191105 -71935.00
20191106 -71935.00
20191107 -71935.00
20191108 -71935.00
20191111 -71935.00
20191112 -71935.00
20191113 -71935.00
20191114 -71935.00
20191115 -71935.00
20191118 -71935.00
20191119 -71935.00
20191120 -71935.00
20191121 -71935.00
20191122 -71935.00
20191125 -71935.00
20191126 -71935.00
20191127 -71935.00
20191129 -71935.00
20191202 -71935.00
20191203 -71935.00
20191204 -71935.00
20191205 -71935.00
20191206 -71935.00
20191209 -71935.00
20191210 -71935.00
20191211 -71935.00
20191212 -71935.00
20191213 -71935.00
20191216 -71935.00
20191217 -71935.00
20191218 -71935.00
20191219 -71935.00
20191220 -71935.00
20191223 -71935.00
20191224 -71935.00
20191226 -71935.00
20191227 -71935.00
20191230 -71935.00
20191231 -71935.00
20200102 -71935.00
20200103 -71935.00
20200106 -71935.00
20200107 -71935.00
20200108 -71935.00
20200109 -71935.00
20200110 -71935.00
20200113 -71935.00
20200114 -71497.50
20200115 -71685.00
20200116 -72160.00
20200117 -72197.50
20200121 -73497.50
20200122 -74210.00
20200123 -75185.00
20200124 -76235.00
20200127 -76747.50
20200128 -76747.50
20200129 -76747.50
20200130 -76747.50
20200131 -76035.00
20200203 -75785.00
20200204 -76660.00
20200205 -77472.50
20200206 -77935.00
20200207 -76935.00
20200210 -76872.50
20200211 -77685.00
20200212 -78110.00
20200213 -78435.00
20200214 -78097.50
20200218 -78210.00
20200219 -78260.00
20200220 -77260.00
20200221 -74930.00
20200224 -71375.00
20200225 -76230.00
20200226 -78477.50
20200227 -79382.50
20200228 -92565.00
20200302 -91015.00
20200303 -85505.00
20200304 -85970.00
20200305 -83145.00
20200306 -82392.50
20200309 -80812.50
20200310 -82627.50
20200311 -83940.00
20200312 -88402.50
20200313 -95550.00
20200316 -89152.50
20200317 -87177.50
20200318 -83115.00
20200319 -83977.50
20200320 -83627.50
20200323 -81852.50
20200324 -83840.00
20200325 -84440.00
20200326 -83790.00
20200327 -83640.00
20200330 -83227.50
20200331 -85040.00
20200401 -83702.50
20200402 -84802.50
20200403 -84152.50
20200406 -84777.50
20200407 -86152.50
20200408 -85840.00
20200409 -85827.50
20200413 -84992.50
20200414 -84917.50
20200415 -86950.00
20200416 -87675.00
20200417 -92302.50
20200420 -90450.00
20200421 -90527.50
20200422 -86990.00
20200423 -86830.00
20200424 -88435.00
20200427 -89940.00
20200428 -90112.50
20200429 -91617.50
20200430 -92875.00
20200501 -91405.00
20200504 -90177.50
20200505 -90947.50
20200506 -93520.00
20200507 -90627.50
20200508 -92455.00
20200511 -93395.00
20200512 -91990.00
20200513 -90705.00
20200514 -88255.00
20200515 -86327.50
20200518 -90355.00
20200519 -89847.50
20200520 -89197.50
20200521 -92217.50
20200522 -90857.50
20200526 -93847.50
20200527 -93987.50
20200528 -93837.50
20200529 -91497.50
20200601 -91787.50
20200602 -91787.50
20200603 -91787.50
20200604 -91787.50
20200605 -91787.50
20200608 -91787.50
20200609 -91787.50
20200610 -91787.50
20200611 -91787.50
20200612 -91787.50
20200615 -91787.50
20200616 -91787.50
20200617 -91787.50
20200618 -91787.50
20200619 -91787.50
20200622 -91787.50
20200623 -91787.50
20200624 -91787.50
20200625 -91787.50
20200626 -91787.50
20200629 -91787.50
20200630 -91787.50
20200701 -91700.00
20200702 -91337.50
20200706 -90687.50
20200707 -90125.00
20200708 -89450.00
20200709 -89087.50
20200710 -87612.50
20200713 -86175.00
20200714 -86737.50
20200715 -87925.00
20200716 -87512.50
20200717 -87437.50
20200720 -87162.50
20200721 -86100.00
20200722 -86937.50
20200723 -86587.50
20200724 -87737.50
20200727 -87612.50
20200728 -87112.50
20200729 -87075.00
20200730 -87200.00
20200731 -88350.00
20200803 -87250.00
20200804 -87687.50
20200805 -87125.00
20200806 -87287.50
20200807 -90237.50
20200810 -88512.50
20200811 -88162.50
20200812 -87775.00
20200813 -89875.00
20200814 -96230.00
20200817 -87277.50
20200818 -83400.00
20200819 -85875.00
20200820 -88052.50
20200821 -91552.50
20200824 -91952.50
20200825 -93435.00
20200826 -86867.50
20200827 -88672.50
20200828 -84987.50
20200831 -79917.50
20200901 -80487.50
20200902 -86937.50
20200903 -90675.00
20200904 -89315.00
20200908 -88845.00
20200909 -87722.50
20200910 -88007.50
20200911 -89152.50
20200914 -85950.00
20200915 -85530.00
20200916 -85520.00
20200917 -87150.00
20200918 -85880.00
20200921 -101690.00
20200922 -100285.00
20200923 -109075.00
20200924 -109245.00
20200925 -109685.00
20200928 -109800.00
20200929 -109800.00
20200930 -108737.50
20201001 -109250.00
20201002 -109250.00
20201005 -109250.00
20201006 -109250.00
20201007 -109250.00
20201008 -109250.00
20201009 -109250.00
20201012 -109250.00
20201013 -109250.00
20201014 -109250.00
20201015 -109250.00
20201016 -109250.00
20201019 -109250.00
20201020 -109250.00
20201021 -109250.00
20201022 -109250.00
20201023 -109250.00
20201026 -109250.00
20201027 -109250.00
20201028 -109250.00
20201029 -109250.00
20201030 -109250.00
20201102 -109250.00
20201103 -109250.00
20201104 -109250.00
20201105 -109250.00
20201106 -109250.00
20201109 -109250.00
20201110 -109250.00
20201111 -109250.00
20201112 -109250.00
20201113 -109250.00
20201116 -109250.00
20201117 -109250.00
20201118 -109250.00
20201119 -109250.00
20201120 -109250.00
20201123 -109250.00
20201124 -109250.00
20201125 -109250.00
20201127 -109250.00
20201130 -109250.00
20201201 -109250.00
20201202 -109250.00
20201203 -109250.00
20201204 -109250.00
20201207 -109250.00
20201208 -109250.00
20201209 -109250.00
20201210 -109250.00
20201211 -109250.00
20201214 -109250.00
20201215 -109250.00
20201216 -109250.00
20201217 -109250.00
20201218 -109250.00
20201221 -109250.00
20201222 -109250.00
20201223 -109250.00
20201224 -109250.00
20201228 -109250.00
20201229 -109250.00
20201230 -109250.00
20201231 -109250.00
20210104 -109250.00
20210105 -109250.00
20210106 -109250.00
20210107 -109250.00
20210108 -109250.00
20210111 -109250.00
20210112 -109250.00
20210113 -109250.00
20210114 -109250.00
20210115 -109250.00
20210119 -109250.00
20210120 -109250.00
20210121 -109250.00
20210122 -109250.00
20210125 -109250.00
20210126 -109250.00
20210127 -109250.00
20210128 -109250.00
20210129 -109250.00
20210201 -109250.00
20210202 -109250.00
20210203 -109250.00
20210204 -109250.00
20210205 -109250.00
20210208 -109250.00
20210209 -109250.00
20210210 -109250.00
20210211 -109250.00
20210212 -109250.00
20210216 -109250.00
20210217 -109250.00
20210218 -109250.00
20210219 -109250.00
20210222 -107512.50
20210223 -106575.00
20210224 -103662.50
20210225 -104675.00
20210226 -108950.00
20210301 -107457.50
20210302 -105792.50
20210303 -106012.50
20210304 -108590.00
20210305 -105945.00
20210308 -103457.50
20210309 -109460.00
20210310 -109350.00
20210311 -106767.50
20210312 -106462.50
20210315 -107390.00
20210316 -109285.00
20210317 -107717.50
20210318 -108532.50
20210319 -109327.50
20210322 -108305.00
20210323 -108505.00
20210324 -109702.50
20210325 -111042.50
20210326 -109512.50
20210329 -108340.00
20210330 -106880.00
20210331 -109415.00
20210401 -111082.50
20210405 -111122.50
20210406 -112542.50
20210407 -112402.50
20210408 -114062.50
20210409 -112722.50
20210412 -111512.50
20210413 -113002.50
20210414 -111872.50
20210415 -114922.50
20210416 -116262.50
20210419 -115302.50
20210420 -116082.50
20210421 -117552.50
20210422 -116442.50
20210423 -116022.50
20210426 -116252.50
20210427 -116122.50
20210428 -115632.50
20210429 -115072.50
20210430 -115012.50
20210503 -115152.50
20210504 -115327.50
20210505 -115265.00
20210506 -113302.50
20210507 -109652.50
20210510 -110465.00
20210511 -109315.00
20210512 -109965.00
20210513 -111102.50
20210514 -112002.50
20210517 -110577.50
20210518 -110227.50
20210519 -113952.50
20210520 -114165.00
20210521 -116340.00
20210524 -115227.50
20210525 -115702.50
20210526 -115127.50
20210527 -111790.00
20210528 -111427.50
20210601 -112027.50
20210602 -113577.50
20210603 -116790.00
20210604 -115140.00
20210607 -115202.50
20210608 -114465.00
20210609 -115090.00
20210610 -116240.00
20210611 -114927.50
20210614 -115190.00
20210615 -120040.00
20210616 -118740.00
20210617 -123915.00
20210618 -124152.50
20210621 -124152.50
20210622 -124152.50
20210623 -124152.50
20210624 -124152.50
20210625 -124152.50
20210628 -124152.50
20210629 -124152.50
20210630 -124152.50
20210701 -124152.50
20210702 -124152.50
20210706 -124152.50
20210707 -124152.50
20210708 -124152.50
20210709 -124152.50
20210712 -124152.50
20210713 -124152.50
20210714 -124152.50
20210715 -124152.50
20210716 -124152.50
20210719 -124152.50
20210720 -124152.50
20210721 -124152.50
20210722 -124152.50
20210723 -124152.50
20210726 -124152.50
20210727 -124152.50
20210728 -124152.50
20210729 -124152.50
20210730 -124152.50
20210802 -124152.50
20210803 -124152.50
20210804 -124152.50
20210805 -124152.50
20210806 -124152.50
20210809 -118797.50
20210810 -119412.50
20210811 -119892.50
20210812 -118032.50
20210813 -121347.50
20210816 -121407.50
20210817 -120747.50
20210818 -119562.50
20210819 -118602.50
20210820 -118012.50
20210823 -120732.50
20210824 -121922.50
20210825 -121327.50
20210826 -120202.50
20210827 -122772.50
20210830 -122252.50
20210831 -122252.50
20210901 -123327.50
20210902 -121812.50
20210903 -126232.50
20210907 -124087.50
20210908 -122502.50
20210909 -123107.50
20210910 -121722.50
20210913 -121202.50
20210914 -121647.50
20210915 -121227.50
20210916 -116192.50
20210917 -113907.50
20210920 -113242.50
20210921 -115277.50
20210922 -116757.50
20210923 -115617.50
20210924 -114347.50
20210927 -115692.50
20210928 -114557.50
20210929 -109647.50
20210930 -112457.50
20211001 -114902.50
20211004 -115442.50
20211005 -115262.50
20211006 -114882.50
20211007 -115512.50
20211008 -115747.50
20211011 -115547.50
20211012 -114792.50
20211013 -118072.50
20211014 -119607.50
20211015 -118967.50
20211018 -118542.50
20211019 -121637.50
20211020 -124447.50
20211021 -124172.50
20211022 -124172.50
20211025 -124172.50
20211026 -124172.50
20211027 -124172.50
20211028 -124172.50
20211029 -124172.50
20211101 -124172.50
20211102 -124172.50
20211103 -124172.50
20211104 -124172.50
20211105 -124172.50
20211108 -124172.50
20211109 -124172.50
20211110 -124172.50
20211111 -124172.50
20211112 -124172.50
20211115 -124172.50
20211116 -124172.50
20211117 -124172.50
20211118 -124172.50
20211119 -124172.50
20211122 -124172.50
20211123 -124172.50
20211124 -124172.50
20211126 -124172.50
20211129 -124172.50
20211130 -124172.50
20211201 -124172.50
20211202 -124172.50
20211203 -124172.50
20211206 -124172.50
20211207 -124172.50
20211208 -124172.50
20211209 -124172.50
20211210 -124172.50
20211213 -124172.50
20211214 -124172.50
20211215 -124172.50
20211216 -124172.50
20211217 -124172.50
20211220 -124172.50
20211221 -124172.50
20211222 -124172.50
20211223 -124172.50
20211227 -124172.50
20211228 -124172.50
20211229 -124172.50
20211230 -124172.50
20211231 -124172.50
20220103 -124172.50
20220104 -124172.50
20220105 -124172.50
20220106 -124172.50
20220107 -124172.50
20220110 -124172.50
20220111 -124172.50
20220112 -124172.50
20220113 -124172.50
20220114 -124172.50
20220118 -124172.50
20220119 -124172.50
20220120 -124172.50
20220121 -124172.50
20220124 -124172.50
20220125 -124172.50
20220126 -124172.50
20220127 -124172.50
20220128 -124172.50
20220131 -124172.50
20220201 -124172.50
20220202 -124172.50
20220203 -124172.50
20220204 -124172.50
20220207 -124172.50
20220208 -124172.50
20220209 -124172.50
20220210 -124172.50
20220211 -124172.50
20220214 -124172.50
20220215 -124172.50
20220216 -124172.50
20220217 -124172.50
20220218 -124172.50
20220222 -124172.50
20220223 -124172.50
20220224 -124172.50
20220225 -124172.50
20220228 -124172.50
20220301 -124172.50
20220302 -124172.50
20220303 -124172.50
20220304 -124172.50
20220307 -124172.50
20220308 -124172.50
20220309 -124172.50
20220310 -124172.50
20220311 -124172.50
20220314 -124172.50
20220315 -124172.50
20220316 -124172.50
20220317 -124172.50
20220318 -124172.50
20220321 -124172.50
20220322 -124172.50
20220323 -124172.50
20220324 -124172.50
20220325 -124172.50
20220328 -124172.50
20220329 -124172.50
20220330 -124172.50
20220331 -124172.50
