-----------------------------------------
Sys Name : TF-Boll-Omni2_1R
Mkt Symb : EC Mkt Name : EuroCur
20100121  TF-Bol-S-Cl  1   1.55655       0.00       0.00
20100716         Sxit  1   1.43825   14687.50   14687.50
20100923  TF-Bol-B-Cl  1   1.48525       0.00       0.00
20101124         Lxit  1   1.48365    -300.00   14387.50
20110307  TF-Bol-B-Cl  1   1.54575       0.00       0.00
20110524         Lxit  1   1.55305     812.50   15200.00
20110909  TF-Bol-S-Cl  1   1.54105       0.00       0.00
20111028         Sxit  1   1.56995   -3712.50   11487.50
20111215  TF-Bol-S-Cl  1   1.45135       0.00       0.00
20120224         Sxit  1   1.48835   -4725.00    6762.50
20120510  TF-Bol-S-Cl  1   1.44395       0.00       0.00
20120823         Sxit  1   1.40185    5162.50   11925.00
20120910  TF-Bol-B-Cl  1   1.42955       0.00       0.00
20121113         Lxit  1   1.41875   -1450.00   10475.00
20121220  TF-Bol-B-Cl  1   1.46805       0.00       0.00
20130226         Lxit  1   1.45255   -2037.50    8437.50
20130328  TF-Bol-S-Cl  1   1.42355       0.00       0.00
20130417         Sxit  1   1.46295   -5025.00    3412.50
20130612  TF-Bol-B-Cl  1   1.47685       0.00       0.00
20130627         Lxit  1   1.44595   -3962.50    -550.00
20130920  TF-Bol-B-Cl  1   1.49745       0.00       0.00
20131108         Lxit  1   1.48585   -1550.00   -2100.00
20140307  TF-Bol-B-Cl  1   1.53035       0.00       0.00
20140407         Lxit  1   1.51445   -2087.50   -4187.50
20140611  TF-Bol-S-Cl  1   1.49915       0.00       0.00
20150501         Sxit  1   1.26425   29262.50   25075.00
20150825  TF-Bol-B-Cl  1   1.29895       0.00       0.00
20150904         Lxit  1   1.25245   -5912.50   19162.50
20151015  TF-Bol-B-Cl  1   1.28785       0.00       0.00
20151023         Lxit  1   1.24995   -4837.50   14325.00
20151109  TF-Bol-S-Cl  1   1.21215       0.00       0.00
20160129         Sxit  1   1.23100   -2456.25   11868.75
20160212  TF-Bol-B-Cl  1   1.26845       0.00       0.00
20160301         Lxit  1   1.22470   -5568.75    6300.00
20160401  TF-Bol-B-Cl  1   1.27325       0.00       0.00
20160519         Lxit  1   1.25540   -2331.25    3968.75
20160628  TF-Bol-S-Cl  1   1.23450       0.00       0.00
20160817         Sxit  1   1.25795   -3031.25     937.50
20161017  TF-Bol-S-Cl  1   1.22465       0.00       0.00
20170201         Sxit  1   1.20160    2781.25    3718.75
20170328  TF-Bol-B-Cl  1   1.20600       0.00       0.00
20170407         Lxit  1   1.18295   -2981.25     737.50
20170501  TF-Bol-B-Cl  1   1.20740       0.00       0.00
20171006         Lxit  1   1.27965    8931.25    9668.75
20171108  TF-Bol-S-Cl  1   1.26570       0.00       0.00
20171127         Sxit  1   1.29885   -4243.75    5425.00
20180105  TF-Bol-B-Cl  1   1.30880       0.00       0.00
20180406         Lxit  1   1.31840    1100.00    6525.00
20180427  TF-Bol-S-Cl  1   1.30270       0.00       0.00
20180914         Sxit  1   1.24900    6612.50   13137.50
20181025  TF-Bol-S-Cl  1   1.21595       0.00       0.00
20190110         Sxit  1   1.22335   -1025.00   12112.50
20190212  TF-Bol-S-Cl  1   1.19290       0.00       0.00
20190321         Sxit  1   1.20440   -1537.50   10575.00
20190329  TF-Bol-S-Cl  1   1.18350       0.00       0.00
20190610         Sxit  1   1.18685    -518.75   10056.25
20190724  TF-Bol-S-Cl  1   1.16545       0.00       0.00
20191021         Sxit  1   1.15770     868.75   10925.00
20200102  TF-Bol-B-Cl  1   1.15770       0.00       0.00
20200109         Lxit  1   1.14630   -1525.00    9400.00
20200128  TF-Bol-S-Cl  1   1.13610       0.00       0.00
20200303         Sxit  1   1.14645   -1393.75    8006.25
20200310  TF-Bol-B-Cl  1   1.17615       0.00       0.00
20200316         Lxit  1   1.14825   -3587.50    4418.75
20200605  TF-Bol-B-Cl  1   1.16070       0.00       0.00
20201030         Lxit  1   1.19060    3637.50    8056.25
20201202  TF-Bol-B-Cl  1   1.22980       0.00       0.00
20210205         Lxit  1   1.21650   -1762.50    6293.75
20210324  TF-Bol-S-Cl  1   1.20365       0.00       0.00
20210426         Sxit  1   1.22765   -3100.00    3193.75
20210930  TF-Bol-S-Cl  1   1.17375       0.00       0.00
20220204         Sxit  1   1.15470    2281.25    5475.00
20220302  TF-Bol-S-Cl  1   1.12225       0.00       0.00
20220331   Sx-EOFData  1   1.11590     693.75    6168.75
-----------------------------------------
Sys Name : TF-Boll-Omni2_1R
Mkt Symb : JY Mkt Name : J.Yen
20100104  TF-Bol-S-Cl  1   1.20835       0.00       0.00
20100125         Sxit  1   1.24415   -4575.00   -4575.00
20100401  TF-Bol-S-Cl  1   1.20195       0.00       0.00
20100507         Sxit  1   1.23325   -4012.50   -8587.50
20100630  TF-Bol-B-Cl  1   1.26025       0.00       0.00
20101119         Lxit  1   1.32715    8262.50    -325.00
20110316  TF-Bol-B-Cl  1   1.36665       0.00       0.00
20110330         Lxit  1   1.34095   -3312.50   -3637.50
20110406  TF-Bol-S-Cl  1   1.30305       0.00       0.00
20110420         Sxit  1   1.33905   -4600.00   -8237.50
20110727  TF-Bol-B-Cl  1   1.41095       0.00       0.00
20111101         Lxit  1   1.40715    -575.00   -8812.50
20120217  TF-Bol-S-Cl  1   1.39065       0.00       0.00
20120501         Sxit  1   1.37515    1837.50   -6975.00
20120914  TF-Bol-B-Cl  1   1.41055       0.00       0.00
20120919         Lxit  1   1.38915   -2775.00   -9750.00
20121023  TF-Bol-S-Cl  1   1.37045       0.00       0.00
20130612         Sxit  1   1.15725   26550.00   16800.00
20131118  TF-Bol-S-Cl  1   1.11225       0.00       0.00
20140204         Sxit  1   1.10385     950.00   17750.00
20140731  TF-Bol-S-Cl  1   1.08635       0.00       0.00
20150330         Sxit  1   0.95055   16875.00   34625.00
20150527  TF-Bol-S-Cl  1   0.92345       0.00       0.00
20150709         Sxit  1   0.93965   -2125.00   32500.00
20150825  TF-Bol-B-Cl  1   0.95375       0.00       0.00
20151105         Lxit  1   0.93150   -2881.25   29618.75
20160108  TF-Bol-B-Cl  1   0.95775       0.00       0.00
20160201         Lxit  1   0.93090   -3456.25   26162.50
20160408  TF-Bol-B-Cl  1   1.02905       0.00       0.00
20161005         Lxit  1   1.07125    5175.00   31337.50
20161111  TF-Bol-S-Cl  1   1.03445       0.00       0.00
20170227         Sxit  1   0.98475    6112.50   37450.00
20170328  TF-Bol-B-Cl  1   0.99630       0.00       0.00
20170504         Lxit  1   0.97825   -2356.25   35093.75
20170710  TF-Bol-S-Cl  1   0.96485       0.00       0.00
20170724         Sxit  1   0.98750   -2931.25   32162.50
20170911  TF-Bol-B-Cl  1   1.00980       0.00       0.00
20170914         Lxit  1   0.99020   -2550.00   29612.50
20180117  TF-Bol-B-Cl  1   0.98525       0.00       0.00
20180424         Lxit  1   0.99380     968.75   30581.25
20180518  TF-Bol-S-Cl  1   0.97500       0.00       0.00
20181221         Sxit  1   0.95680    2175.00   32756.25
20190102  TF-Bol-B-Cl  1   0.96885       0.00       0.00
20190214         Lxit  1   0.95435   -1912.50   30843.75
20190603  TF-Bol-B-Cl  1   0.96950       0.00       0.00
20190911         Lxit  1   0.96945    -106.25   30737.50
20200117  TF-Bol-S-Cl  1   0.93810       0.00       0.00
20200203         Sxit  1   0.95290   -1950.00   28787.50
20200207  TF-Bol-S-Cl  1   0.93835       0.00       0.00
20200302         Sxit  1   0.96090   -2918.75   25868.75
20200727  TF-Bol-B-Cl  1   0.96665       0.00       0.00
20201112         Lxit  1   0.97065     400.00   26268.75
20201119  TF-Bol-B-Cl  1   0.98515       0.00       0.00
20210129         Lxit  1   0.98005    -737.50   25531.25
20210205  TF-Bol-S-Cl  1   0.96825       0.00       0.00
20210720         Sxit  1   0.93280    4331.25   29862.50
20210928  TF-Bol-S-Cl  1   0.91960       0.00       0.00
20220124         Sxit  1   0.89740    2675.00   32537.50
20220314  TF-Bol-S-Cl  1   0.86895       0.00       0.00
20220331   Sx-EOFData  1   0.83875    3675.00   36212.50
-----------------------------------------
Sys Name : TF-Boll-Omni2_1R
Mkt Symb : BP Mkt Name : B.Pound
20100205  TF-Bol-S-Cl  1   1.62270       0.00       0.00
20100624         Sxit  1   1.54300    4881.25    4881.25
20100803  TF-Bol-B-Cl  1   1.63500       0.00       0.00
20101129         Lxit  1   1.60890   -1731.25    3150.00
20110428  TF-Bol-B-Cl  1   1.71420       0.00       0.00
20110516         Lxit  1   1.66950   -2893.75     256.25
20110912  TF-Bol-S-Cl  1   1.63640       0.00       0.00
20111026         Sxit  1   1.65530   -1281.25   -1025.00
20120426  TF-Bol-B-Cl  1   1.67580       0.00       0.00
20120518         Lxit  1   1.63740   -2500.00   -3525.00
20120601  TF-Bol-S-Cl  1   1.59970       0.00       0.00
20120817         Sxit  1   1.63610   -2375.00   -5900.00
20120907  TF-Bol-B-Cl  1   1.65610       0.00       0.00
20121112         Lxit  1   1.65310    -287.50   -6187.50
20130122  TF-Bol-S-Cl  1   1.64580       0.00       0.00
20130429         Sxit  1   1.61140    2050.00   -4137.50
20130607  TF-Bol-B-Cl  1   1.62260       0.00       0.00
20130628         Lxit  1   1.58980   -2150.00   -6287.50
20130708  TF-Bol-S-Cl  1   1.55190       0.00       0.00
20130723         Sxit  1   1.59940   -3068.75   -9356.25
20130916  TF-Bol-B-Cl  1   1.65720       0.00       0.00
20140801         Lxit  1   1.75550    6043.75   -3312.50
20140820  TF-Bol-S-Cl  1   1.72850       0.00       0.00
20150226         Sxit  1   1.62210    6550.00    3237.50
20150312  TF-Bol-S-Cl  1   1.56140       0.00       0.00
20150427         Sxit  1   1.58650   -1668.75    1568.75
20150512  TF-Bol-B-Cl  1   1.62740       0.00       0.00
20150827         Lxit  1   1.61670    -768.75     800.00
20150908  TF-Bol-S-Cl  1   1.59060       0.00       0.00
20150918         Sxit  1   1.62850   -2468.75   -1668.75
20151001  TF-Bol-S-Cl  1   1.58280       0.00       0.00
20151015         Sxit  1   1.61850   -2331.25   -4000.00
20151109  TF-Bol-S-Cl  1   1.57570       0.00       0.00
20160420         Sxit  1   1.50990    4012.50      12.50
20160624  TF-Bol-B-Cl  1   1.56870       0.00       0.00
20160627         Lxit  1   1.41350   -9800.00   -9787.50
20160627  TF-Bol-S-Cl  1   1.41350       0.00       0.00
20170124         Sxit  1   1.31950    5775.00   -4012.50
20170419  TF-Bol-B-Cl  1   1.34810       0.00       0.00
20170621         Lxit  1   1.32400   -1606.25   -5618.75
20170802  TF-Bol-B-Cl  1   1.38080       0.00       0.00
20170816         Lxit  1   1.34650   -2243.75   -7862.50
20170913  TF-Bol-B-Cl  1   1.38710       0.00       0.00
20171009         Lxit  1   1.36500   -1481.25   -9343.75
20180116  TF-Bol-B-Cl  1   1.43190       0.00       0.00
20180424         Lxit  1   1.44060     443.75   -8900.00
20180502  TF-Bol-S-Cl  1   1.40760       0.00       0.00
20180918         Sxit  1   1.35370    3268.75   -5631.25
20181031  TF-Bol-S-Cl  1   1.30620       0.00       0.00
20181106         Sxit  1   1.34080   -2262.50   -7893.75
20181211  TF-Bol-S-Cl  1   1.28940       0.00       0.00
20190118         Sxit  1   1.32910   -2581.25  -10475.00
20190227  TF-Bol-B-Cl  1   1.35380       0.00       0.00
20190418         Lxit  1   1.32800   -1712.50  -12187.50
20190516  TF-Bol-S-Cl  1   1.30710       0.00       0.00
20190916         Sxit  1   1.26550    2500.00   -9687.50
20191016  TF-Bol-B-Cl  1   1.29000       0.00       0.00
20200204         Lxit  1   1.30850    1056.25   -8631.25
20200302  TF-Bol-S-Cl  1   1.28710       0.00       0.00
20200310         Sxit  1   1.31630   -1925.00  -10556.25
20200313  TF-Bol-S-Cl  1   1.26500       0.00       0.00
20200602         Sxit  1   1.25540     500.00  -10056.25
20200722  TF-Bol-B-Cl  1   1.27880       0.00       0.00
20200922         Lxit  1   1.28670     393.75   -9662.50
20201218  TF-Bol-B-Cl  1   1.36350       0.00       0.00
20210325         Lxit  1   1.37240     456.25   -9206.25
20210511  TF-Bol-B-Cl  1   1.41540       0.00       0.00
20210618         Lxit  1   1.39580   -1325.00  -10531.25
20210929  TF-Bol-S-Cl  1   1.35690       0.00       0.00
20211020         Sxit  1   1.38260   -1706.25  -12237.50
20211105  TF-Bol-S-Cl  1   1.35310       0.00       0.00
20220105         Sxit  1   1.35500    -218.75  -12456.25
20220308  TF-Bol-S-Cl  1   1.31250       0.00       0.00
20220331   Sx-EOFData  1   1.31600    -318.75  -12775.00
