-----------------------------------------
Sys Name : TF-Boll-Notional
Mkt Symb : C_ Mkt Name : Corn
20100128     TF-Bol-S  3 411.25000       0.00       0.00
20100506        Sxit1  3 409.75000      75.00      75.00
20100607     TF-Bol-S  3 373.50000       0.00       0.00
20100621        Sxit1  3 399.25000   -4012.50   -3937.50
20100629     TF-Bol-S  3 366.25000       0.00       0.00
20100701        Sxit1  3 394.50000   -4387.50   -8325.00
20100719     TF-Bol-B  3 410.75000       0.00       0.00
20100726         Lxit  3 393.50000   -2737.50  -11062.50
20100805     TF-Bol-B  3 423.25000       0.00       0.00
20110315         Lxit  3 627.50000   30487.50   19425.00
20110405     TF-Bol-B  1 741.75000       0.00       0.00
20110505         Lxit  1 685.00000   -2887.50   16537.50
20110705     TF-Bol-S  1 612.75000       0.00       0.00
20110715        Sxit1  1 699.50000   -4387.50   12150.00
20111003     TF-Bol-S  2 575.50000       0.00       0.00
20111228        Sxit1  2 622.25000   -4775.00    7375.00
20120419     TF-Bol-S  1 578.00000       0.00       0.00
20120427        Sxit1  1 614.25000   -1862.50    5512.50
20120514     TF-Bol-S  1 583.75000       0.00       0.00
20120516        Sxit1  1 615.00000   -1612.50    3900.00
20120525     TF-Bol-S  1 584.75000       0.00       0.00
20120614        Sxit1  1 609.00000   -1262.50    2637.50
20120702     TF-Bol-B  1 670.00000       0.00       0.00
20120926         Lxit  1 754.75000    4187.50    6825.00
20121220     TF-Bol-S  1 721.50000       0.00       0.00
20130122        Sxit1  1 752.25000   -1587.50    5237.50
20130402     TF-Bol-S  1 672.50000       0.00       0.00
20130523        Sxit1  1 709.00000   -1875.00    3362.50
20130725     TF-Bol-S  2 635.00000       0.00       0.00
20140128        Sxit1  2 567.25000    6675.00   10037.50
20140219     TF-Bol-B  2 582.25000       0.00       0.00
20140515         Lxit  2 606.50000    2325.00   12362.50
20140606     TF-Bol-S  2 571.50000       0.00       0.00
20141024        Sxit1  2 478.75000    9175.00   21537.50
20150318     TF-Bol-S  2 469.25000       0.00       0.00
20150326        Sxit1  2 494.25000   -2600.00   18937.50
20150427     TF-Bol-S  2 461.50000       0.00       0.00
20150625        Sxit1  2 466.50000    -600.00   18337.50
20150701     TF-Bol-B  2 507.50000       0.00       0.00
20150727         Lxit  2 471.50000   -3700.00   14637.50
20151111     TF-Bol-S  2 436.50000       0.00       0.00
20160202        Sxit1  2 442.25000    -675.00   13962.50
20160302     TF-Bol-S  2 420.00000       0.00       0.00
20160317        Sxit1  2 434.00000   -1500.00   12462.50
20160401     TF-Bol-S  2 416.00000       0.00       0.00
20160413        Sxit1  2 430.50000   -1550.00   10912.50
20160419     TF-Bol-B  2 444.25000       0.00       0.00
20160505         Lxit  2 433.00000   -1225.00    9687.50
20160517     TF-Bol-B  3 451.75000       0.00       0.00
20160623         Lxit  3 446.75000    -900.00    8787.50
20160707     TF-Bol-S  3 398.00000       0.00       0.00
20161012        Sxit1  3 393.25000     562.50    9350.00
20170123     TF-Bol-B  3 407.00000       0.00       0.00
20170130         Lxit  3 394.25000   -2062.50    7287.50
20170213     TF-Bol-B  3 411.00000       0.00       0.00
20170309         Lxit  3 398.00000   -2100.00    5187.50
20170612     TF-Bol-B  3 409.75000       0.00       0.00
20170615         Lxit  3 396.25000   -2175.00    3012.50
20170626     TF-Bol-S  3 382.25000       0.00       0.00
20170630        Sxit1  3 394.25000   -1950.00    1062.50
20170706     TF-Bol-B  3 405.50000       0.00       0.00
20170713         Lxit  3 395.25000   -1687.50    -625.00
20170802     TF-Bol-S  3 379.75000       0.00       0.00
20180124        Sxit1  3 343.25000    5325.00    4700.00
20180213     TF-Bol-B  3 353.75000       0.00       0.00
20180530         Lxit  3 363.25000    1275.00    5975.00
20180607     TF-Bol-S  3 348.75000       0.00       0.00
20181005        Sxit1  3 315.25000    4875.00   10850.00
20190220     TF-Bol-S  3 305.25000       0.00       0.00
20190516        Sxit1  3 294.25000    1500.00   12350.00
20190529     TF-Bol-B  3 343.75000       0.00       0.00
20190731         Lxit  3 317.75000   -4050.00    8300.00
20200227     TF-Bol-S  3 258.75000       0.00       0.00
20200304        Sxit1  3 271.25000   -2025.00    6275.00
20200310     TF-Bol-S  3 259.75000       0.00       0.00
20200630        Sxit1  3 210.75000    7200.00   13475.00
20200805     TF-Bol-S  5 183.00000       0.00       0.00
20200813        Sxit1  5 200.25000   -4562.50    8912.50
20200914     TF-Bol-B  4 228.75000       0.00       0.00
20210726         Lxit  4 539.00000   61850.00   70762.50
20210908     TF-Bol-S  2 514.75000       0.00       0.00
20210930        Sxit1  2 551.00000   -3725.00   67037.50
20211102     TF-Bol-B  2 582.25000       0.00       0.00
20220331   Lx-EOFData  2 749.50000   16625.00   83662.50
-----------------------------------------
Sys Name : TF-Boll-Notional
Mkt Symb : S_ Mkt Name : SoyBean
20100201     TF-Bol-S  2 625.00000       0.00       0.00
20100414        Sxit1  2 673.00000   -4900.00   -4900.00
20100712     TF-Bol-B  1 697.75000       0.00       0.00
20110222         Lxit  1 1055.50000   17837.50   12937.50
20110810     TF-Bol-S  1 1009.25000       0.00       0.00
20110817        Sxit1  1 1063.00000   -2737.50   10200.00
20110829     TF-Bol-B  1 1127.00000       0.00       0.00
20110915         Lxit  1 1076.50000   -2575.00    7625.00
20110923     TF-Bol-S  1 991.50000       0.00       0.00
20120103        Sxit1  1 920.00000    3525.00   11150.00
20120228     TF-Bol-B  1 978.50000       0.00       0.00
20120523         Lxit  1 1045.75000    3312.50   14462.50
20120703     TF-Bol-B  1 1208.75000       0.00       0.00
20120927         Lxit  1 1348.50000    6937.50   21400.00
20121113     TF-Bol-S  1 1195.50000       0.00       0.00
20121217        Sxit1  1 1295.50000   -5050.00   16350.00
20130520     TF-Bol-B  1 1308.00000       0.00       0.00
20130726         Lxit  1 1316.00000     350.00   16700.00
20130827     TF-Bol-B  1 1495.50000       0.00       0.00
20130930         Lxit  1 1395.50000   -5050.00   11650.00
20140219     TF-Bol-B  1 1485.75000       0.00       0.00
20140611         Lxit  1 1590.75000    5200.00   16850.00
20140701     TF-Bol-S  1 1480.00000       0.00       0.00
20141028        Sxit1  1 1347.00000    6600.00   23450.00
20150521     TF-Bol-S  1 1252.50000       0.00       0.00
20150617        Sxit1  1 1279.25000   -1387.50   22062.50
20150629     TF-Bol-B  1 1316.50000       0.00       0.00
20150727         Lxit  1 1289.00000   -1425.00   20637.50
20150827     TF-Bol-S  1 1199.75000       0.00       0.00
20151201        Sxit1  1 1219.00000   -1012.50   19625.00
20160322     TF-Bol-B  1 1234.75000       0.00       0.00
20160719         Lxit  1 1381.75000    7300.00   26925.00
20161123     TF-Bol-B  1 1371.25000       0.00       0.00
20161222         Lxit  1 1336.25000   -1800.00   25125.00
20170118     TF-Bol-B  1 1399.50000       0.00       0.00
20170130         Lxit  1 1351.25000   -2462.50   22662.50
20170316     TF-Bol-S  1 1320.50000       0.00       0.00
20170703        Sxit1  1 1267.50000    2600.00   25262.50
20170711     TF-Bol-B  1 1344.75000       0.00       0.00
20170803         Lxit  1 1270.50000   -3762.50   21500.00
20171221     TF-Bol-S  1 1246.00000       0.00       0.00
20180124        Sxit1  1 1270.25000   -1262.50   20237.50
20180216     TF-Bol-B  1 1304.75000       0.00       0.00
20180323         Lxit  1 1280.50000   -1262.50   18975.00
20180607     TF-Bol-S  1 1253.25000       0.00       0.00
20181005        Sxit1  1 1108.00000    7212.50   26187.50
20181205     TF-Bol-B  1 1135.25000       0.00       0.00
20181226         Lxit  1 1101.75000   -1725.00   24462.50
20190312     TF-Bol-S  1 1089.00000       0.00       0.00
20190604        Sxit1  1 1077.25000     537.50   25000.00
20191015     TF-Bol-B  1 1101.25000       0.00       0.00
20191114         Lxit  1 1059.00000   -2162.50   22837.50
20200131     TF-Bol-S  1 1019.00000       0.00       0.00
20200604        Sxit1  1 988.50000    1475.00   24312.50
20200702     TF-Bol-B  1 1021.50000       0.00       0.00
20210614         Lxit  1 1612.75000   29512.50   53825.00
20211005     TF-Bol-S  1 1449.00000       0.00       0.00
20211117        Sxit1  1 1491.25000   -2162.50   51662.50
20211223     TF-Bol-B  1 1531.25000       0.00       0.00
20220331   Lx-EOFData  1 1818.75000   14325.00   65987.50
-----------------------------------------
Sys Name : TF-Boll-Notional
Mkt Symb : W_ Mkt Name : Wheat
20100201     TF-Bol-S  1 1250.50000       0.00       0.00
20100426        Sxit1  1 1262.50000    -650.00    -650.00
20100602     TF-Bol-S  1 1199.50000       0.00       0.00
20100630        Sxit1  1 1226.00000   -1375.00   -2025.00
20100709     TF-Bol-B  1 1280.75000       0.00       0.00
20101004         Lxit  1 1348.75000    3350.00    1325.00
20101117     TF-Bol-S  1 1328.75000       0.00       0.00
20101201        Sxit1  1 1398.75000   -3550.00   -2225.00
20110125     TF-Bol-B  1 1496.25000       0.00       0.00
20110222         Lxit  1 1441.50000   -2787.50   -5012.50
20110316     TF-Bol-S  1 1294.50000       0.00       0.00
20110331        Sxit1  1 1394.50000   -5050.00  -10062.50
20110616     TF-Bol-S  1 1300.50000       0.00       0.00
20110822        Sxit1  1 1293.25000     312.50   -9750.00
20110923     TF-Bol-S  1 1154.25000       0.00       0.00
20111228        Sxit1  1 1147.25000     300.00   -9450.00
20120510     TF-Bol-S  1 1083.00000       0.00       0.00
20120517        Sxit1  1 1130.75000   -2437.50  -11887.50
20120521     TF-Bol-B  1 1183.00000       0.00       0.00
20120530         Lxit  1 1131.50000   -2625.00  -14512.50
20120626     TF-Bol-B  1 1206.25000       0.00       0.00
20121005         Lxit  1 1304.00000    4837.50   -9675.00
20121119     TF-Bol-S  1 1277.75000       0.00       0.00
20121128        Sxit1  1 1320.25000   -2175.00  -11850.00
20121212     TF-Bol-S  1 1250.50000       0.00       0.00
20130430        Sxit1  1 1152.25000    4862.50   -6987.50
20130627     TF-Bol-S  1 1086.75000       0.00       0.00
20130925        Sxit1  1 1069.75000     800.00   -6187.50
20131021     TF-Bol-B  1 1103.25000       0.00       0.00
20131031         Lxit  1 1064.75000   -1975.00   -8162.50
20131216     TF-Bol-S  1 1016.00000       0.00       0.00
20140225        Sxit1  1 1005.50000     475.00   -7687.50
20140319     TF-Bol-B  1 1076.25000       0.00       0.00
20140519         Lxit  1 1039.00000   -1912.50   -9600.00
20140612     TF-Bol-S  1 964.25000       0.00       0.00
20141024        Sxit1  1 885.00000    3912.50   -5687.50
20141202     TF-Bol-B  1 953.00000       0.00       0.00
20150113         Lxit  1 897.50000   -2825.00   -8512.50
20150505     TF-Bol-S  1 816.50000       0.00       0.00
20150514        Sxit1  1 853.75000   -1912.50  -10425.00
20150629     TF-Bol-B  1 902.25000       0.00       0.00
20150722         Lxit  1 861.50000   -2087.50  -12512.50
20151201     TF-Bol-S  1 800.50000       0.00       0.00
20160328        Sxit1  1 794.75000     237.50  -12275.00
20160412     TF-Bol-S  1 766.00000       0.00       0.00
20160418        Sxit1  1 789.50000   -1225.00  -13500.00
20160421     TF-Bol-B  1 821.00000       0.00       0.00
20160422         Lxit  1 789.75000   -1612.50  -15112.50
20160606     TF-Bol-B  1 806.00000       0.00       0.00
20160616         Lxit  1 786.50000   -1025.00  -16137.50
20160628     TF-Bol-S  1 756.50000       0.00       0.00
20161103        Sxit1  1 694.50000    3050.00  -13087.50
20161202     TF-Bol-S  2 649.25000       0.00       0.00
20170105        Sxit1  2 673.50000   -2525.00  -15612.50
20170214     TF-Bol-B  1 701.25000       0.00       0.00
20170227         Lxit  1 674.25000   -1400.00  -17012.50
20170421     TF-Bol-S  1 641.25000       0.00       0.00
20170501        Sxit1  1 672.75000   -1625.00  -18637.50
20170621     TF-Bol-B  1 690.50000       0.00       0.00
20170801         Lxit  1 670.25000   -1062.50  -19700.00
20171207     TF-Bol-S  2 579.75000       0.00       0.00
20180125        Sxit1  2 592.50000   -1375.00  -21075.00
20180213     TF-Bol-B  2 619.50000       0.00       0.00
20180319         Lxit  2 598.00000   -2250.00  -23325.00
20180502     TF-Bol-B  1 658.75000       0.00       0.00
20180515         Lxit  1 616.25000   -2175.00  -25500.00
20180524     TF-Bol-B  1 660.75000       0.00       0.00
20180614         Lxit  1 628.50000   -1662.50  -27162.50
20180802     TF-Bol-B  1 675.75000       0.00       0.00
20180822         Lxit  1 640.25000   -1825.00  -28987.50
20190220     TF-Bol-S  1 572.75000       0.00       0.00
20190520        Sxit1  1 545.25000    1325.00  -27662.50
20190612     TF-Bol-B  1 590.00000       0.00       0.00
20190722         Lxit  1 554.00000   -1850.00  -29512.50
20191021     TF-Bol-B  1 594.75000       0.00       0.00
20200212         Lxit  1 600.50000     237.50  -29275.00
20200317     TF-Bol-S  1 560.25000       0.00       0.00
20200320        Sxit1  1 605.75000   -2325.00  -31600.00
20200902     TF-Bol-B  1 616.00000       0.00       0.00
20201201         Lxit  1 623.25000     312.50  -31287.50
20210106     TF-Bol-B  2 698.75000       0.00       0.00
20210315         Lxit  2 677.00000   -2275.00  -33562.50
20210423     TF-Bol-B  2 750.00000       0.00       0.00
20210524         Lxit  2 705.25000   -4575.00  -38137.50
20211102     TF-Bol-B  1 822.00000       0.00       0.00
20211215         Lxit  1 778.50000   -2225.00  -40362.50
20220224     TF-Bol-B  2 892.75000       0.00       0.00
20220331   Lx-EOFData  2 1007.25000   11350.00  -29012.50
