20100104     0.00
20100105     0.00
20100106     0.00
20100107  -437.50
20100108 -2400.00
20100111 -2612.50
20100112 -4600.00
20100113 -3625.00
20100114 -3837.50
20100115 -2912.50
20100119     0.00
20100120   -25.00
20100121 -1225.00
20100122  -600.00
20100125     0.00
20100126  -325.00
20100127 -2650.00
20100128 -4277.50
20100129 -2767.50
20100201 -6042.50
20100202 -6870.00
20100203 -3865.00
20100204     0.00
20100205     0.00
20100208 -2943.15
20100209 -13347.50
20100210 -12326.95
20100211 -18944.40
20100212 -12945.95
20100216 -27219.25
20100217 -24882.30
20100218 -25465.00
20100219 -27973.75
20100222 -26937.50
20100223 -23773.75
20100224 -24333.75
20100225 -24408.75
20100226 -27197.50
20100301 -24525.00
20100302 -28062.50
20100303 -31310.00
20100304 -29435.00
20100305 -30610.00
20100308 -30310.00
20100309 -29447.50
20100310 -30091.25
20100311 -30847.50
20100312 -32853.75
20100315 -31362.50
20100316 -33122.50
20100317 -32888.75
20100318 -28615.00
20100319 -26998.75
20100322 -27030.00
20100323 -26458.75
20100324 -22740.00
20100325 -20637.50
20100326 -21928.75
20100329 -23201.25
20100330 -23715.00
20100331 -24837.50
20100401 -28283.15
20100405 -24607.05
20100406 -21624.70
20100407 -22454.50
20100408 -23313.90
20100409 -26873.80
20100412 -28758.25
20100413 -31126.90
20100414 -28647.60
20100415 -25776.70
20100416 -32863.50
20100419 -36306.45
20100420 -33492.40
20100421 -30645.95
20100422 -34444.55
20100423 -33563.55
20100426 -34252.60
20100427 -33820.70
20100428 -33426.55
20100429 -29963.55
20100430 -27023.55
20100503 -24897.50
20100504 -26776.45
20100505 -30076.45
20100506 -26608.95
20100507 -26502.70
20100510 -33315.20
20100511 -28873.95
20100512 -23433.95
20100513 -23750.20
20100514 -17175.20
20100517 -13292.70
20100518 -12425.20
20100519 -17928.95
20100520 -17387.20
20100521 -21793.80
20100524 -17851.75
20100525 -12948.80
20100526 -13283.05
20100527 -25540.90
20100528 -22032.50
20100601 -16195.30
20100602 -21036.30
20100603 -24414.45
20100604 -12363.15
20100607 -8609.60
20100608 -8859.85
20100609 -17586.70
20100610 -23643.60
20100611 -19863.60
20100614 -27420.05
20100615 -31164.25
20100616 -35128.95
20100617 -30312.85
20100618 -31417.85
20100621 -37979.10
20100622 -38359.10
20100623 -39464.10
20100624 -40334.10
20100625 -41214.10
20100628 -44266.60
20100629 -39551.60
20100630 -38334.10
20100701 -41716.60
20100702 -44449.00
20100706 -47270.40
20100707 -54920.90
20100708 -59390.60
20100709 -59714.90
20100712 -56527.60
20100713 -61628.80
20100714 -60994.20
20100715 -60909.10
20100716 -59632.60
20100719 -60317.00
20100720 -63545.40
20100721 -62259.40
20100722 -71023.80
20100723 -70204.00
20100726 -69872.20
20100727 -66577.80
20100728 -66536.80
20100729 -70438.00
20100730 -73680.00
20100802 -77311.70
20100803 -76886.70
20100804 -77324.20
20100805 -77261.70
20100806 -76967.95
20100809 -77286.70
20100810 -77517.95
20100811 -78774.20
20100812 -79224.20
20100813 -79149.20
20100816 -78705.45
20100817 -79211.70
20100818 -79130.45
20100819 -79161.70
20100820 -79474.20
20100823 -79661.70
20100824 -80424.20
20100825 -79602.95
20100826 -78616.70
20100827 -78646.70
20100830 -80096.70
20100831 -79059.20
20100901 -77826.70
20100902 -76215.45
20100903 -76129.20
20100907 -76840.45
20100908 -74491.70
20100909 -76545.45
20100910 -79101.70
20100913 -75852.95
20100914 -74062.95
20100915 -73476.70
20100916 -71917.95
20100917 -70255.45
20100920 -68920.45
20100921 -71455.45
20100922 -65351.70
20100923 -64984.20
20100924 -58750.45
20100927 -58404.20
20100928 -54135.45
20100929 -51770.45
20100930 -50863.65
20101001 -43469.15
20101004 -45215.10
20101005 -34893.30
20101006 -32064.90
20101007 -39130.65
20101008 -30656.45
20101011 -29273.25
20101012 -32403.75
20101013 -22080.60
20101014 -17359.95
20101015 -22017.65
20101018 -17391.30
20101019 -38465.65
20101020 -27592.15
20101021 -36764.75
20101022 -33171.55
20101025 -26495.00
20101026 -26700.00
20101027 -35420.15
20101028 -28549.75
20101029 -27248.65
20101101 -22148.65
20101102 -15723.35
20101103 -16864.00
20101104     0.00
20101105     0.00
20101108     0.00
20101109     0.00
20101110 -7895.35
20101111 -4335.45
20101112 -22662.00
20101115 -22687.35
20101116 -42042.15
20101117 -46684.10
20101118 -31627.20
20101119 -32392.85
20101122 -34668.95
20101123 -38563.20
20101124 -34730.40
20101126 -40417.50
20101129 -35038.40
20101130 -29593.70
20101201 -21908.30
20101202 -18167.80
20101203 -10575.20
20101206 -7341.60
20101207 -7725.10
20101208 -17464.10
20101209 -13670.40
20101210 -15866.00
20101213 -5942.60
20101214 -4659.20
20101215 -10061.50
20101216 -15571.40
20101217 -11830.60
20101220 -7422.00
20101221 -3627.20
20101222 -2669.00
20101223 -2509.90
20101227 -3623.80
20101228     0.00
20101229     0.00
20101230 -3148.00
20101231     0.00
20110103     0.00
20110104 -18822.10
20110105 -17487.70
20110106 -23232.20
20110107 -29348.00
20110110 -24696.40
20110111 -15320.50
20110112 -12366.40
20110113 -15497.90
20110114 -17681.70
20110118 -14452.30
20110119 -16524.70
20110120 -28900.70
20110121 -27116.50
20110124 -33332.00
20110125 -38573.30
20110126 -34208.50
20110127 -34789.40
20110128 -34724.70
20110131 -29931.00
20110201 -27597.10
20110202 -26050.45
20110203 -29024.05
20110204 -30047.20
20110207 -30506.15
20110208 -31291.75
20110209 -30898.55
20110210 -32567.95
20110211 -33843.75
20110214 -29683.05
20110215 -33599.35
20110216 -32938.25
20110217 -33339.05
20110218 -32105.55
20110222 -32122.80
20110223 -24127.80
20110224 -25320.75
20110225 -22712.90
20110228 -17747.60
20110301 -6086.90
20110302     0.00
20110303 -5724.05
20110304     0.00
20110307 -2514.95
20110308 -8938.15
20110309 -5299.95
20110310 -15916.05
20110311 -12138.85
20110314 -9112.25
20110315 -31391.00
20110316 -28563.20
20110317 -23549.80
20110318 -19348.75
20110321 -10620.60
20110322 -7466.45
20110323 -4806.85
20110324 -4997.85
20110325 -9987.75
20110328 -12842.30
20110329 -12403.85
20110330 -8813.90
20110331  -252.95
20110401     0.00
20110404     0.00
20110405     0.00
20110406     0.00
20110407     0.00
20110408     0.00
20110411 -6372.40
20110412 -17415.70
20110413 -14688.55
20110414 -4321.90
20110415     0.00
20110418 -4497.55
20110419     0.00
20110420     0.00
20110421     0.00
20110425     0.00
20110426 -9502.80
20110427  -141.20
20110428     0.00
20110429     0.00
20110502 -14341.65
20110503 -41657.50
20110504 -60313.85
20110505 -100672.40
20110506 -101477.40
20110509 -101179.90
20110510 -99953.65
20110511 -100816.15
20110512 -101632.40
20110513 -105396.15
20110516 -106689.90
20110517 -107949.90
20110518 -109032.40
20110519 -108059.90
20110520 -108134.90
20110523 -104234.90
20110524 -103982.40
20110525 -105992.40
20110526 -106482.40
20110527 -107007.40
20110531 -106864.90
20110601 -104819.90
20110602 -103669.90
20110603 -104819.90
20110606 -103327.40
20110607 -103794.90
20110608 -103139.90
20110609 -104444.90
20110610 -103677.40
20110613 -105609.90
20110614 -108392.40
20110615 -107427.40
20110616 -108594.90
20110617 -106867.40
20110620 -106094.90
20110621 -106569.90
20110622 -107097.40
20110623 -102405.60
20110624 -104524.30
20110627 -103887.50
20110628 -109434.85
20110629 -117340.50
20110630 -119225.20
20110701 -119240.85
20110705 -122439.05
20110706 -122061.70
20110707 -128670.35
20110708 -126637.85
20110711 -124819.10
20110712 -128649.10
20110713 -131207.85
20110714 -128505.35
20110715 -129931.60
20110718 -126279.10
20110719 -129112.85
20110720 -131504.10
20110721 -135199.10
20110722 -134489.10
20110725 -132749.10
20110726 -132679.10
20110727 -130659.10
20110728 -130869.10
20110729 -127629.10
20110801 -127769.10
20110802 -124389.10
20110803 -120349.10
20110804 -115089.10
20110805 -116059.10
20110808 -104070.70
20110809 -99670.90
20110810 -101404.40
20110811 -112988.20
20110812 -113334.70
20110815 -116131.50
20110816 -109848.50
20110817 -112076.50
20110818 -98350.90
20110819 -98208.30
20110822 -97039.95
20110823 -109571.80
20110824 -136253.70
20110825 -131932.80
20110826 -128873.00
20110829 -132303.00
20110830 -128730.50
20110831 -128380.50
20110901 -129900.50
20110902 -113175.50
20110906 -119751.75
20110907 -131134.25
20110908 -120246.75
20110909 -119079.25
20110912 -129971.75
20110913 -127944.25
20110914 -131156.75
20110915 -141619.25
20110916 -128240.50
20110919 -134203.00
20110920 -126175.50
20110921 -122798.00
20110922 -121933.00
20110923 -105808.70
20110926 -106946.85
20110927 -129824.80
20110928 -110351.65
20110929 -112418.15
20110930 -100342.80
20111003 -97470.25
20111004 -88227.50
20111005 -98419.40
20111006 -117535.90
20111007 -112586.80
20111010 -128983.50
20111011 -127731.90
20111012 -136643.35
20111013 -129776.65
20111014 -140609.15
20111017 -135435.40
20111018 -135407.90
20111019 -131654.15
20111020 -122551.65
20111021 -133389.15
20111024 -142437.90
20111025 -149211.65
20111026 -151094.15
20111027 -166494.15
20111028 -169314.15
20111031 -162904.15
20111101 -150021.65
20111102 -157724.15
20111103 -160976.65
20111104 -158356.65
20111107 -160481.65
20111108 -162534.15
20111109 -155344.15
20111110 -152364.15
20111111 -158003.45
20111114 -155870.75
20111115 -156216.05
20111116 -150342.45
20111117 -142656.25
20111118 -150193.15
20111121 -144787.35
20111122 -153782.35
20111123 -149387.35
20111125 -144842.35
20111128 -149999.85
20111129 -148347.35
20111130 -155842.35
20111201 -155719.85
20111202 -155217.35
20111205 -153649.85
20111206 -155479.85
20111207 -155024.85
20111208 -152089.85
20111209 -153194.85
20111212 -147949.85
20111213 -147132.35
20111214 -138084.85
20111215 -140187.35
20111216 -144732.35
20111219 -139543.85
20111220 -145696.85
20111221 -144854.95
20111222 -142791.25
20111223 -141268.95
20111227 -137716.55
20111228 -126477.35
20111229 -124051.15
20111230 -130070.85
20120103 -141854.75
20120104 -139982.25
20120105 -140067.25
20120106 -136954.75
20120109 -136719.75
20120110 -143019.75
20120111 -142717.25
20120112 -147347.25
20120113 -141127.25
20120117 -143186.00
20120118 -147109.75
20120119 -145401.00
20120120 -155463.50
20120123 -157527.25
20120124 -158547.25
20120125 -160472.25
20120126 -157509.75
20120127 -160194.75
20120130 -161094.75
20120131 -159694.75
20120201 -158967.25
20120202 -162984.75
20120203 -159559.75
20120206 -161224.45
20120207 -160846.05
20120208 -159889.85
20120209 -158613.10
20120210 -162634.40
20120213 -163665.10
20120214 -165098.50
20120215 -163227.90
20120216 -164150.20
20120217 -168268.80
20120221 -160859.50
20120222 -159684.30
20120223 -157656.80
20120224 -152749.80
20120227 -153841.30
20120228 -153461.40
20120229 -168372.80
20120301 -155763.00
20120302 -167592.50
20120305 -170864.80
20120306 -181731.20
20120307 -173673.30
20120308 -169006.60
20120309 -165366.00
20120312 -171273.80
20120313 -167550.20
20120314 -177792.50
20120315 -178475.60
20120316 -174988.30
20120319 -174348.50
20120320 -179674.20
20120321 -179210.20
20120322 -183795.20
20120323 -179941.40
20120326 -176531.00
20120327 -176803.15
20120328 -181652.55
20120329 -184982.10
20120330 -183489.50
20120402 -177854.25
20120403 -180101.20
20120404 -185688.40
20120405 -185063.55
20120406 -184776.05
20120409 -188781.25
20120410 -188321.25
20120411 -187582.50
20120412 -187141.25
20120413 -187865.00
20120416 -187890.00
20120417 -186958.75
20120418 -186458.75
20120419 -185843.75
20120420 -185718.75
20120423 -186418.75
20120424 -186023.75
20120425 -186818.75
20120426 -186272.50
20120427 -186422.50
20120430 -187637.50
20120501 -188572.50
20120502 -187536.25
20120503 -188500.00
20120504 -188908.65
20120507 -187540.35
20120508 -187668.25
20120509 -187508.75
20120510 -187923.10
20120511 -183071.50
20120514 -171754.30
20120515 -167702.55
20120516 -158213.25
20120517 -163784.55
20120518 -167119.05
20120521 -168636.65
20120522 -164502.85
20120523 -150262.25
20120524 -155746.35
20120525 -158908.65
20120529 -152961.15
20120530 -145955.10
20120531 -140373.65
20120601 -142569.80
20120604 -140832.80
20120605 -142589.20
20120606 -156214.40
20120607 -147412.45
20120608 -143027.45
20120611 -143032.40
20120612 -146714.75
20120613 -147020.80
20120614 -146920.60
20120615 -152459.75
20120618 -149553.90
20120619 -151845.95
20120620 -144657.55
20120621 -121725.60
20120622 -123144.65
20120625 -128522.50
20120626 -126902.25
20120627 -128772.15
20120628 -117562.40
20120629 -150805.80
20120702 -145402.80
20120703 -160509.50
20120705 -150739.05
20120706 -136517.05
20120709 -143569.25
20120710 -136320.25
20120711 -139875.60
20120712 -138568.60
20120713 -147568.15
20120716 -151350.90
20120717 -152083.65
20120718 -149587.95
20120719 -156737.05
20120720 -151129.55
20120723 -142533.30
20120724 -139362.05
20120725 -149470.80
20120726 -152610.80
20120727 -155917.05
20120730 -155402.05
20120731 -153724.55
20120801 -151122.05
20120802 -146252.05
20120803 -159852.05
20120806 -160614.55
20120807 -162669.55
20120808 -161737.05
20120809 -161064.55
20120810 -161789.55
20120813 -160262.05
20120814 -159292.05
20120815 -159634.55
20120816 -163612.05
20120817 -164217.05
20120820 -163722.05
20120821 -167397.05
20120822 -169877.05
20120823 -164457.05
20120824 -163622.05
20120827 -163783.25
20120828 -164881.25
20120829 -165949.45
20120830 -168461.65
20120831 -158461.85
20120903 -153489.85
20120904 -154179.65
20120905 -156016.05
20120906 -152022.75
20120907 -140165.20
20120910 -139868.40
20120911 -137330.85
20120912 -137075.60
20120913 -124088.15
20120914 -118303.75
20120917 -124211.20
20120918 -124883.30
20120919 -128042.25
20120920 -128087.75
20120921 -125372.10
20120924 -133118.60
20120925 -132259.05
20120926 -136048.40
20120927 -125643.55
20120928 -127458.25
20121001 -124089.80
20121002 -125384.90
20121003 -129745.85
20121004 -118555.60
20121005 -124529.35
20121008 -131156.55
20121009 -130572.75
20121010 -129290.70
20121011 -124243.95
20121012 -129410.85
20121015 -138353.70
20121016 -135882.65
20121017 -131412.35
20121018 -134478.70
20121019 -145741.90
20121022 -148977.00
20121023 -157627.40
20121024 -158569.90
20121025 -155394.90
20121026 -156877.40
20121029 -157847.40
20121030 -157437.40
20121031 -154487.40
20121101 -156286.15
20121102 -165617.40
20121105 -167194.90
20121106 -169761.15
20121107 -166128.65
20121108 -167097.40
20121109 -169152.40
20121112 -168652.40
20121113 -168462.40
20121114 -169402.40
20121115 -168522.40
20121116 -169572.40
20121119 -171932.40
20121120 -169402.40
20121121 -170032.40
20121123 -170932.40
20121126 -170392.40
20121127 -169832.40
20121128 -169142.40
20121129 -170722.40
20121130 -171562.40
20121203 -171742.40
20121204 -171152.40
20121205 -170532.40
20121206 -168122.80
20121207 -166621.00
20121210 -165448.80
20121211 -166972.40
20121212 -169624.00
20121213 -167773.80
20121214 -170497.80
20121217 -170383.00
20121218 -173822.65
20121219 -175689.85
20121220 -169657.15
20121221 -172985.45
20121224 -169594.55
20121226 -174804.25
20121227 -177630.45
20121228 -176320.45
20121231 -178677.95
20130102 -183722.95
20130103 -183692.95
20130104 -178680.45
20130107 -178390.45
20130108 -181777.95
20130109 -179340.45
20130110 -183272.95
20130111 -179235.45
20130114 -183597.95
20130115 -188975.45
20130116 -188870.45
20130117 -190380.45
20130118 -191942.95
20130122 -192855.45
20130123 -194975.45
20130124 -190220.45
20130125 -187902.95
20130128 -184217.95
20130129 -183775.45
20130130 -185490.45
20130131 -184745.45
20130201 -182166.75
20130204 -187113.95
20130205 -183552.35
20130206 -185323.35
20130207 -185545.45
20130208 -185039.15
20130211 -180308.95
20130212 -178404.05
20130213 -178482.35
20130214 -176136.55
20130215 -175720.15
20130219 -175094.25
20130220 -170494.85
20130221 -176935.05
20130222 -175369.30
20130225 -181296.90
20130226 -187378.30
20130227 -183715.80
20130228 -180035.80
20130301 -177495.80
20130304 -179440.80
20130305 -180645.80
20130306 -180740.80
20130307 -180485.80
20130308 -180328.30
20130311 -179925.80
20130312 -182610.80
20130313 -181390.80
20130314 -182815.80
20130315 -183238.30
20130318 -184410.80
20130319 -184274.40
20130320 -186230.40
20130321 -189811.80
20130322 -187410.30
20130325 -187064.60
20130326 -184244.30
20130327 -185012.80
20130328 -183298.70
20130329 -183298.70
20130401 -183387.60
20130402 -176790.50
20130403 -169098.70
20130404 -169518.40
20130405 -172118.80
20130408 -173130.10
20130409 -183234.30
20130410 -176711.50
20130411 -176951.90
20130412 -158707.80
20130415 -124611.10
20130416 -131171.45
20130417 -118909.15
20130418 -121633.15
20130419 -118987.65
20130422 -126788.25
20130423 -121989.85
20130424 -129685.55
20130425 -149427.35
20130426 -144313.85
20130429 -148665.75
20130430 -147603.35
20130501 -136156.45
20130502 -147151.15
20130503 -154034.95
20130506 -155823.55
20130507 -154183.55
20130508 -157852.55
20130509 -157382.35
20130510 -152683.05
20130513 -152017.15
20130514 -145918.65
20130515 -138746.85
20130516 -141140.55
20130517 -138056.65
20130520 -142301.25
20130521 -138668.15
20130522 -136391.35
20130523 -135777.65
20130524 -135094.95
20130528 -135984.85
20130529 -136886.65
20130530 -141298.95
20130531 -134341.35
20130603 -142065.35
20130604 -141320.85
20130605 -141429.35
20130606 -143575.10
20130607 -135436.50
20130610 -135424.65
20130611 -130175.05
20130612 -134277.20
20130613 -131898.70
20130614 -135171.20
20130617 -134582.45
20130618 -130358.70
20130619 -133363.70
20130620 -117923.70
20130621 -121794.95
20130624 -116306.20
20130625 -118002.45
20130626 -109558.70
20130627 -107223.70
20130628 -112798.70
20130701 -119146.20
20130702 -116991.20
20130703 -119303.70
20130705 -104816.20
20130708 -111034.95
20130709 -110029.95
20130710 -108561.20
20130711 -120537.45
20130712 -117644.95
20130715 -118137.45
20130716 -120982.35
20130717 -114061.75
20130718 -113839.00
20130719 -115736.10
20130722 -127604.60
20130723 -126772.80
20130724 -125934.40
20130725 -127560.90
20130726 -123951.70
20130729 -124180.50
20130730 -122633.00
20130731 -119363.50
20130801 -115153.80
20130802 -118294.70
20130805 -117318.60
20130806 -118537.40
20130807 -120814.60
20130808 -130001.25
20130809 -128673.75
20130812 -137033.75
20130813 -135318.75
20130814 -137171.25
20130815 -138291.25
20130816 -137831.25
20130819 -139123.75
20130820 -139721.25
20130821 -141703.75
20130822 -141648.75
20130823 -139283.75
20130826 -140188.75
20130827 -135701.55
20130828 -134603.25
20130829 -139924.25
20130830 -146448.15
20130903 -142130.50
20130904 -149150.90
20130905 -147621.70
20130906 -140823.70
20130909 -145360.50
20130910 -152948.50
20130911 -151631.00
20130912 -154624.05
20130913 -157243.70
20130916 -159806.20
20130917 -164551.75
20130918 -163100.50
20130919 -164720.50
20130920 -165993.00
20130923 -167303.00
20130924 -168866.75
20130925 -167854.25
20130926 -168504.25
20130927 -167541.75
20130930 -167141.75
20131001 -166998.00
20131002 -166198.00
20131003 -166091.75
20131004 -167754.25
20131007 -167060.50
20131008 -167266.75
20131009 -168598.00
20131010 -168298.00
20131011 -168173.00
20131014 -167666.75
20131015 -168379.25
20131016 -168523.00
20131017 -165404.25
20131018 -165366.75
20131021 -165473.00
20131022 -162513.00
20131023 -161548.00
20131024 -160479.00
20131025 -161763.80
20131028 -164984.95
20131029 -165917.35
20131030 -165491.75
20131031 -165608.70
20131101 -162852.30
20131104 -161710.85
20131105 -160294.60
20131106 -161475.60
20131107 -161096.30
20131108 -163813.45
20131111 -165462.00
20131112 -163605.55
20131113 -164699.55
20131114 -168385.10
20131115 -169398.70
20131118 -166367.30
20131119 -166083.50
20131120 -166757.65
20131121 -169443.80
20131122 -169419.90
20131125 -169017.40
20131126 -167908.65
20131127 -165093.65
20131129 -166594.90
20131202 -162647.40
20131203 -163337.40
20131204 -173303.65
20131205 -168677.40
20131206 -169064.90
20131209 -168703.65
20131210 -175858.65
20131211 -174009.90
20131212 -165829.90
20131213 -167578.65
20131216 -172587.40
20131217 -169697.40
20131218 -171188.65
20131219 -161929.90
20131220 -165224.90
20131223 -163394.90
20131224 -164734.90
20131226 -167148.65
20131227 -172211.90
20131230 -168775.15
20131231 -168525.45
20140102 -179967.45
20140103 -184394.60
20140106 -184037.10
20140107 -181674.60
20140108 -181004.60
20140109 -185187.10
20140110 -188962.10
20140113 -190592.10
20140114 -189475.85
20140115 -187894.60
20140116 -188134.60
20140117 -190117.10
20140121 -186405.85
20140122 -184648.35
20140123 -188950.25
20140124 -182082.45
20140127 -187037.45
20140128 -181651.40
20140129 -174169.80
20140130 -176887.85
20140131 -179089.65
20140203 -181271.60
20140204 -178032.30
20140205 -182813.50
20140206 -184489.90
20140207 -183771.50
20140210 -188803.90
20140211 -185298.90
20140212 -186914.10
20140213 -182458.45
20140214 -180003.45
20140218 -174875.20
20140219 -166173.50
20140220 -166046.95
20140221 -169271.45
20140224 -175881.70
20140225 -175332.25
20140226 -180190.15
20140227 -181132.85
20140228 -180714.15
20140303 -173386.50
20140304 -177365.60
20140305 -181981.35
20140306 -177846.50
20140307 -179965.55
20140310 -182026.70
20140311 -181881.75
20140312 -181380.25
20140313 -182666.80
20140314 -178866.05
20140317 -182456.40
20140318 -185867.75
20140319 -190621.75
20140320 -194084.15
20140321 -194775.80
20140324 -197295.30
20140325 -197159.50
20140326 -197687.70
20140327 -197154.10
20140328 -198690.80
20140331 -200936.80
20140401 -204055.80
20140402 -203959.00
20140403 -203819.00
20140404 -202126.50
20140407 -202701.50
20140408 -201329.00
20140409 -200785.25
20140410 -198872.75
20140411 -199541.50
20140414 -199560.25
20140415 -202384.00
20140416 -203216.50
20140417 -201587.75
20140421 -201965.25
20140422 -201670.25
20140423 -202154.00
20140424 -203829.00
20140425 -204566.50
20140428 -203081.50
20140429 -202142.75
20140430 -200815.25
20140501 -203035.25
20140502 -207369.00
20140505 -206941.50
20140506 -205564.00
20140507 -204182.75
20140508 -207255.25
20140509 -210286.50
20140512 -213162.75
20140513 -213451.50
20140514 -214916.50
20140515 -213305.25
20140516 -212367.75
20140519 -212506.50
20140520 -212599.00
20140521 -211877.75
20140522 -213311.50
20140523 -212479.00
20140527 -211014.00
20140528 -212995.25
20140529 -211835.25
20140530 -210326.50
20140602 -210764.00
20140603 -210744.00
20140604 -211041.70
20140605 -215808.90
20140606 -214594.40
20140609 -213449.40
20140610 -213791.20
20140611 -214532.10
20140612 -217611.90
20140613 -217326.90
20140616 -218056.90
20140617 -218314.40
20140618 -218758.30
20140619 -220944.20
20140620 -220402.10
20140623 -221855.80
20140624 -222092.80
20140625 -222468.40
20140626 -222987.90
20140627 -224234.60
20140630 -225351.50
20140701 -224734.70
20140702 -225055.40
20140703 -224637.90
20140707 -225197.90
20140708 -225280.40
20140709 -226350.40
20140710 -224777.90
20140711 -225597.90
20140714 -229417.90
20140715 -228160.10
20140716 -229509.20
20140717 -226285.50
20140718 -228020.00
20140721 -226791.20
20140722 -225085.50
20140723 -226240.90
20140724 -228939.40
20140725 -229406.00
20140728 -228263.40
20140729 -230313.00
20140730 -229186.70
20140731 -230617.70
20140801 -230330.60
20140804 -230694.80
20140805 -231789.20
20140806 -234400.60
20140807 -234166.30
20140808 -234961.70
20140811 -234700.80
20140812 -233666.90
20140813 -234951.70
20140814 -231805.90
20140815 -233872.90
20140818 -230236.40
20140819 -230068.85
20140820 -229659.25
20140821 -231458.15
20140822 -229711.20
20140825 -230159.20
20140826 -230232.05
20140827 -231976.65
20140828 -232400.30
20140829 -233600.15
20140902 -225451.10
20140903 -230702.05
20140904 -224730.55
20140905 -222842.35
20140908 -220637.00
20140909 -221030.20
20140910 -218564.55
20140911 -218572.15
20140912 -217490.70
20140915 -218846.65
20140916 -222939.30
20140917 -221640.15
20140918 -217618.80
20140919 -212536.90
20140922 -210671.65
20140923 -211780.35
20140924 -212649.75
20140925 -210923.30
20140926 -211149.25
20140929 -214739.30
20140930 -203582.15
20141001 -205053.85
20141002 -203213.40
20141003 -194488.25
20141006 -201745.75
20141007 -201027.75
20141008 -197011.45
20141009 -197370.85
20141010 -196264.55
20141013 -197900.50
20141014 -191254.80
20141015 -191678.60
20141016 -193026.25
20141017 -194051.60
20141020 -194501.35
20141021 -198188.05
20141022 -190091.45
20141023 -190855.40
20141024 -189969.70
20141027 -190157.50
20141028 -193668.85
20141029 -194993.65
20141030 -185114.15
20141031 -179434.45
20141103 -178459.95
20141104 -173262.55
20141105 -169150.80
20141106 -164899.55
20141107 -172866.90
20141110 -169922.25
20141111 -171940.80
20141112 -168963.95
20141113 -164019.85
20141114 -175310.35
20141117 -171439.20
20141118 -172447.50
20141119 -171849.65
20141120 -171372.90
20141121 -175193.15
20141124 -176308.90
20141125 -175077.00
20141126 -175283.40
20141128 -148360.35
20141201 -165900.75
20141202 -156263.50
20141203 -155239.00
20141204 -154864.60
20141205 -149831.30
20141208 -143833.25
20141209 -155379.20
20141210 -151900.00
20141211 -150413.75
20141212 -148901.95
20141215 -141190.10
20141216 -135091.20
20141217 -136586.95
20141218 -130411.60
20141219 -132699.85
20141222 -124847.50
20141223 -127841.85
20141224 -122543.65
20141226 -121030.50
20141229 -115812.15
20141230 -120739.65
20141231 -112856.15
20150102 -109769.35
20150105 -103568.85
20150106 -102297.85
20150107 -99515.75
20150108 -99080.70
20150109 -99537.20
20150112 -93764.65
20150113 -91619.70
20150114 -95185.85
20150115 -88941.05
20150116 -92572.65
20150120 -82553.40
20150121 -85777.50
20150122 -76844.25
20150123 -75532.60
20150126 -78332.80
20150127 -79612.55
20150128 -75481.80
20150129 -82493.60
20150130 -86329.80
20150202 -90377.45
20150203 -104507.95
20150204 -94592.15
20150205 -100296.50
20150206 -105350.90
20150209 -107536.75
20150210 -103844.60
20150211 -104182.15
20150212 -113814.10
20150213 -118405.00
20150217 -119241.50
20150218 -119434.00
20150219 -118267.75
20150220 -118067.75
20150223 -115512.75
20150224 -116727.75
20150225 -119155.25
20150226 -113922.75
20150227 -115757.75
20150302 -115290.25
20150303 -115235.25
20150304 -115577.75
20150305 -114765.25
20150306 -110395.25
20150309 -110812.75
20150310 -106442.75
20150311 -104649.00
20150312 -104222.75
20150313 -99692.75
20150316 -100810.25
20150317 -101247.75
20150318 -104301.50
20150319 -103981.50
20150320 -110836.50
20150323 -113121.50
20150324 -113181.50
20150325 -115404.00
20150326 -117610.25
20150327 -115216.50
20150330 -113670.25
20150331 -111737.75
20150401 -114034.00
20150402 -115770.25
20150403 -117501.50
20150406 -119771.50
20150407 -118206.50
20150408 -117540.25
20150409 -113449.00
20150410 -112572.75
20150413 -112304.00
20150414 -114262.75
20150415 -115794.00
20150416 -118640.25
20150417 -118084.00
20150420 -116041.50
20150421 -116544.00
20150422 -117679.00
20150423 -118047.75
20150424 -118929.00
20150427 -118519.00
20150428 -119974.00
20150429 -122904.00
20150430 -122591.50
20150501 -122246.50
20150504 -123031.50
20150505 -121199.00
20150506 -120894.00
20150507 -123084.00
20150508 -122571.50
20150511 -122986.50
20150512 -120224.00
20150513 -120092.75
20150514 -120737.75
20150515 -121100.25
20150518 -122754.00
20150519 -128349.00
20150520 -127595.25
20150521 -124234.00
20150522 -127947.75
20150526 -131796.50
20150527 -132867.75
20150528 -133280.25
20150529 -131835.25
20150601 -132472.75
20150602 -130506.50
20150603 -132345.25
20150604 -133641.50
20150605 -133092.75
20150608 -133726.50
20150609 -131470.25
20150610 -129224.00
20150611 -129934.00
20150612 -130525.25
20150615 -130634.00
20150616 -129921.50
20150617 -128840.25
20150618 -128075.25
20150619 -129000.25
20150622 -128852.75
20150623 -130091.50
20150624 -131200.25
20150625 -131539.00
20150626 -132015.25
20150629 -133234.00
20150630 -131650.25
20150701 -135032.75
20150702 -135051.50
20150706 -132701.50
20150707 -130712.80
20150708 -134755.35
20150709 -137495.20
20150710 -136897.75
20150713 -135943.60
20150714 -134158.30
20150715 -129530.05
20150716 -128917.35
20150717 -126380.40
20150720 -122393.50
20150721 -123371.00
20150722 -118500.85
20150723 -116632.65
20150724 -113310.35
20150727 -111769.65
20150728 -113869.25
20150729 -114594.30
20150730 -113044.55
20150731 -111300.30
20150803 -104940.00
20150804 -107057.75
20150805 -105034.75
20150806 -106406.05
20150807 -106696.45
20150810 -114865.95
20150811 -110367.05
20150812 -114607.55
20150813 -111663.15
20150814 -110222.05
20150817 -109694.35
20150818 -107023.95
20150819 -106238.75
20150820 -110655.45
20150821 -107621.05
20150824 -96914.55
20150825 -101208.65
20150826 -96468.05
20150827 -110114.75
20150828 -118599.95
20150831 -126241.65
20150901 -115960.55
20150902 -119210.15
20150903 -123883.35
20150904 -118473.25
20150908 -124213.35
20150909 -118501.20
20150910 -123352.40
20150911 -120331.25
20150914 -116538.25
20150915 -117047.50
20150916 -126097.55
20150917 -127003.65
20150918 -124390.65
20150921 -126989.25
20150922 -127185.25
20150923 -124328.95
20150924 -125576.65
20150925 -125630.00
20150928 -122716.15
20150929 -123571.45
20150930 -123084.30
20151001 -121166.35
20151002 -122513.05
20151005 -124190.85
20151006 -129790.25
20151007 -129826.70
20151008 -131217.85
20151009 -130706.30
20151012 -127450.55
20151013 -125084.60
20151014 -127542.10
20151015 -127200.60
20151016 -128193.20
20151019 -129338.20
20151020 -128686.40
20151021 -130096.00
20151022 -132223.50
20151023 -131158.30
20151026 -126991.30
20151027 -127268.30
20151028 -125957.30
20151029 -131907.10
20151030 -133820.70
20151102 -134104.10
20151103 -138061.30
20151104 -136301.30
20151105 -136636.70
20151106 -135545.00
20151109 -134628.85
20151110 -134223.55
20151111 -132892.70
20151112 -130936.50
20151113 -129757.65
20151116 -128894.75
20151117 -126762.00
20151118 -126272.35
20151119 -127322.40
20151120 -123848.90
20151123 -121837.40
20151124 -125729.20
20151125 -124878.95
20151127 -118685.15
20151130 -118273.85
20151201 -120312.95
20151202 -112030.75
20151203 -122794.90
20151204 -122257.00
20151207 -113919.40
20151208 -113137.60
20151209 -115068.75
20151210 -112162.90
20151211 -110072.65
20151214 -107227.10
20151215 -105165.10
20151216 -104379.85
20151217 -96502.55
20151218 -100678.15
20151221 -104434.25
20151222 -102459.15
20151223 -105722.60
20151224 -107617.75
20151228 -105790.50
20151229 -110208.95
20151230 -104599.30
20151231 -105226.10
20160104 -104502.35
20160105 -102958.65
20160106 -99974.20
20160107 -101520.00
20160108 -100724.25
20160111 -95220.60
20160112 -90537.75
20160113 -90115.85
20160114 -90064.65
20160115 -85816.65
20160119 -84150.20
20160120 -80800.45
20160121 -84834.80
20160122 -92179.20
20160125 -87713.65
20160126 -91845.70
20160127 -95081.95
20160128 -96975.35
20160129 -99588.35
20160201 -95324.70
20160202 -91045.75
20160203 -98587.90
20160204 -98347.70
20160205 -96187.20
20160208 -92586.75
20160209 -86443.75
20160210 -86077.50
20160211 -78080.15
20160212 -87391.05
20160216 -90478.20
20160217 -95211.00
20160218 -92953.10
20160219 -88757.70
20160222 -95669.65
20160223 -90206.15
20160224 -89467.75
20160225 -91094.20
20160226 -95316.95
20160229 -94528.00
20160301 -97132.85
20160302 -95379.35
20160303 -94089.75
20160304 -92058.45
20160307 -96266.30
20160308 -99315.05
20160309 -100178.80
20160310 -98771.30
20160311 -100265.05
20160314 -101566.30
20160315 -103865.05
20160316 -104777.55
20160317 -97542.55
20160318 -100307.55
20160321 -99772.55
20160322 -98805.05
20160323 -104915.05
20160324 -106165.05
20160328 -106718.80
20160329 -105810.05
20160330 -107141.30
20160331 -104231.30
20160401 -106970.05
20160404 -109257.55
20160405 -106346.30
20160406 -106231.30
20160407 -106105.05
20160408 -104208.80
20160411 -99630.05
20160412 -99436.30
20160413 -101526.30
20160414 -103656.30
20160415 -101547.55
20160418 -102300.05
20160419 -98100.05
20160420 -97133.25
20160421 -99222.80
20160422 -102658.10
20160425 -101480.55
20160426 -98514.40
20160427 -94216.65
20160428 -89343.55
20160429 -85906.20
20160502 -87238.45
20160503 -91599.15
20160504 -94755.05
20160505 -95711.55
20160506 -92209.10
20160509 -100682.35
20160510 -97570.70
20160511 -90496.80
20160512 -92300.20
20160513 -93500.50
20160516 -89901.50
20160517 -87014.90
20160518 -87774.25
20160519 -93094.85
20160520 -93579.45
20160523 -95238.20
20160524 -95526.55
20160525 -92981.05
20160526 -93486.10
20160527 -94487.70
20160531 -97170.00
20160601 -97565.65
20160602 -96846.10
20160603 -98158.00
20160606 -96121.75
20160607 -93177.70
20160608 -91455.95
20160609 -91584.05
20160610 -96124.95
20160613 -96087.95
20160614 -96812.95
20160615 -99099.35
20160616 -102345.15
20160617 -97985.55
20160620 -93696.15
20160621 -96418.05
20160622 -98647.85
20160623 -96759.25
20160624 -106369.35
20160627 -103859.30
20160628 -100823.25
20160629 -94175.40
20160630 -95553.35
20160701 -87640.75
20160705 -89057.30
20160706 -85897.55
20160707 -90047.30
20160708 -89050.90
20160711 -89465.40
20160712 -91758.10
20160713 -92494.40
20160714 -95408.15
20160715 -94839.40
20160718 -95883.15
20160719 -94125.65
20160720 -98320.65
20160721 -96250.65
20160722 -95440.65
20160725 -96909.40
20160726 -96955.65
20160727 -95689.40
20160728 -91953.15
20160729 -91846.90
20160801 -90187.90
20160802 -89452.85
20160803 -91637.35
20160804 -92795.15
20160805 -97628.85
20160808 -100194.80
20160809 -100043.00
20160810 -97780.15
20160811 -102711.90
20160812 -107218.55
20160815 -109124.05
20160816 -110564.05
20160817 -112757.80
20160818 -112547.80
20160819 -115331.55
20160822 -118251.55
20160823 -118029.05
20160824 -121724.05
20160825 -122539.05
20160826 -122134.05
20160829 -121901.55
20160830 -123285.30
20160831 -123547.80
20160901 -124447.80
20160902 -124597.80
20160906 -125485.30
20160907 -124847.80
20160908 -124622.80
20160909 -124441.55
20160912 -124822.80
20160913 -123891.55
20160914 -124210.30
20160915 -124229.05
20160916 -122741.55
20160919 -122935.30
20160920 -122577.80
20160921 -122609.05
20160922 -123735.30
20160923 -123385.30
20160926 -123002.80
20160927 -123402.80
20160928 -123889.05
20160929 -123962.80
20160930 -124555.30
20161003 -123622.80
20161004 -120544.05
20161005 -119789.05
20161006 -116510.30
20161007 -114060.30
20161010 -115229.10
20161011 -114033.40
20161012 -115359.40
20161013 -114569.30
20161014 -113969.65
20161017 -115368.80
20161018 -116478.80
20161019 -117141.95
20161020 -117148.05
20161021 -116975.75
20161024 -117707.15
20161025 -120216.05
20161026 -119693.80
20161027 -118857.05
20161028 -122660.95
20161031 -124683.85
20161101 -129570.35
20161102 -134068.45
20161103 -133132.20
20161104 -133482.20
20161107 -127724.70
20161108 -124523.45
20161109 -132528.45
20161110 -130304.70
20161111 -129002.20
20161114 -127299.70
20161115 -128129.70
20161116 -128345.95
20161117 -124810.95
20161118 -124575.95
20161121 -124909.70
20161122 -124930.95
20161123 -119600.95
20161125 -118540.95
20161128 -121762.20
20161129 -124518.45
20161130 -120319.70
20161201 -120980.55
20161202 -124403.40
20161205 -124462.90
20161206 -123971.80
20161207 -129280.80
20161208 -126179.55
20161209 -122714.05
20161212 -124705.95
20161213 -123087.45
20161214 -127665.35
20161215 -116013.35
20161216 -116793.25
20161219 -117978.10
20161220 -116732.75
20161221 -118605.65
20161222 -116517.50
20161223 -116756.00
20161227 -115227.55
20161228 -115358.00
20161229 -119246.20
20161230 -117391.80
20170103 -122881.05
20170104 -121286.45
20170105 -124779.80
20170106 -121816.80
20170109 -129328.25
20170110 -130353.65
20170111 -128474.15
20170112 -126113.50
20170113 -126859.90
20170117 -132902.50
20170118 -136158.55
20170119 -133157.60
20170120 -131625.90
20170123 -135123.20
20170124 -132705.70
20170125 -134828.05
20170126 -134173.05
20170127 -134370.55
20170130 -135691.80
20170131 -134793.05
20170201 -134123.05
20170202 -135113.05
20170203 -136560.55
20170206 -136493.05
20170207 -138270.55
20170208 -137408.05
20170209 -137733.05
20170210 -134870.55
20170213 -134495.55
20170214 -135645.55
20170215 -135558.05
20170216 -136108.05
20170217 -136395.55
20170221 -134063.05
20170222 -135745.55
20170223 -136053.05
20170224 -136828.05
20170227 -135838.05
20170228 -136248.05
20170301 -135948.05
20170302 -137135.55
20170303 -137215.55
20170306 -139068.05
20170307 -139048.05
20170308 -139611.80
20170309 -140385.55
20170310 -140359.50
20170313 -140837.25
20170314 -138298.10
20170315 -141547.85
20170316 -140726.40
20170317 -141670.30
20170320 -142754.25
20170321 -142150.65
20170322 -140857.65
20170323 -140636.25
20170324 -141471.25
20170327 -141098.30
20170328 -143550.95
20170329 -146956.25
20170330 -148892.75
20170331 -150218.70
20170403 -148768.30
20170404 -152422.10
20170405 -153432.50
20170406 -154377.30
20170407 -156693.50
20170410 -156693.50
20170411 -156693.50
20170412 -156693.50
20170413 -156693.50
20170417 -156783.50
20170418 -155438.50
20170419 -157739.75
20170420 -157681.00
20170421 -157182.25
20170424 -158842.25
20170425 -159247.25
20170426 -160228.50
20170427 -159696.00
20170428 -159412.25
20170501 -162499.90
20170502 -161007.05
20170503 -163447.25
20170504 -155463.90
20170505 -156995.75
20170508 -157948.75
20170509 -156914.25
20170510 -160369.10
20170511 -162386.85
20170512 -162987.15
20170515 -165299.25
20170516 -164771.10
20170517 -165719.30
20170518 -165578.65
20170519 -168142.25
20170522 -170777.25
20170523 -172043.50
20170524 -171564.75
20170525 -172326.00
20170526 -173401.00
20170530 -173371.00
20170531 -172734.75
20170601 -172756.00
20170602 -172773.50
20170605 -172736.00
20170606 -172894.75
20170607 -172515.40
20170608 -176357.85
20170609 -180491.65
20170612 -180473.05
20170613 -181202.15
20170614 -176787.15
20170615 -180864.45
20170616 -180985.25
20170619 -178916.20
20170620 -177695.80
20170621 -174899.10
20170622 -175623.45
20170623 -175622.65
20170626 -177542.15
20170627 -177877.90
20170628 -179105.30
20170629 -178639.55
20170630 -181205.00
20170703 -183461.15
20170705 -180799.75
20170706 -181117.25
20170707 -176497.25
20170710 -178687.25
20170711 -180318.50
20170712 -182086.00
20170713 -181419.75
20170714 -183543.50
20170717 -184648.50
20170718 -186184.75
20170719 -187893.50
20170720 -186416.00
20170721 -185318.50
20170724 -185208.50
20170725 -185512.25
20170726 -183633.50
20170727 -184864.75
20170728 -184314.75
20170731 -182031.00
20170801 -182708.50
20170802 -182643.50
20170803 -183239.75
20170804 -184723.50
20170807 -184099.75
20170808 -184228.50
20170809 -185144.75
20170810 -188440.85
20170811 -187738.50
20170814 -189406.05
20170815 -190591.00
20170816 -189011.90
20170817 -189838.95
20170818 -188659.90
20170821 -189243.80
20170822 -189325.05
20170823 -186769.40
20170824 -186273.45
20170825 -184136.35
20170828 -180224.55
20170829 -178526.85
20170830 -180201.80
20170831 -176362.55
20170901 -175515.50
20170905 -173022.60
20170906 -172797.10
20170907 -168569.90
20170908 -171589.20
20170911 -175578.95
20170912 -175958.40
20170913 -178571.60
20170914 -177322.35
20170915 -176077.75
20170918 -180911.65
20170919 -179816.90
20170920 -179142.10
20170921 -182661.00
20170922 -182236.50
20170925 -180382.75
20170926 -183314.75
20170927 -185000.80
20170928 -184195.70
20170929 -186306.30
20171002 -191142.05
20171003 -191764.05
20171004 -191590.00
20171005 -189651.70
20171006 -193107.50
20171009 -192832.90
20171010 -190088.00
20171011 -187922.60
20171012 -189875.30
20171013 -187804.80
20171016 -184079.50
20171017 -185287.20
20171018 -185898.70
20171019 -188197.40
20171020 -187140.40
20171023 -188318.70
20171024 -186058.10
20171025 -186886.90
20171026 -185569.00
20171027 -184762.20
20171030 -183899.70
20171031 -183064.10
20171101 -182832.60
20171102 -183348.80
20171103 -182015.40
20171106 -178751.45
20171107 -181460.30
20171108 -181694.15
20171109 -181240.30
20171110 -182636.80
20171113 -181746.90
20171114 -186723.60
20171115 -187834.70
20171116 -188869.40
20171117 -185640.40
20171120 -186539.40
20171121 -185969.80
20171122 -184918.40
20171124 -181965.80
20171127 -184030.00
20171128 -185159.20
20171129 -187581.40
20171130 -186941.80
20171201 -184076.40
20171204 -186097.00
20171205 -182897.20
20171206 -186281.40
20171207 -181457.00
20171208 -179176.40
20171211 -177850.80
20171212 -176809.80
20171213 -180641.20
20171214 -180835.20
20171215 -180819.00
20171218 -182857.60
20171219 -180980.20
20171220 -180869.60
20171221 -179877.60
20171222 -181496.20
20171226 -178286.50
20171227 -180496.40
20171228 -181860.10
20171229 -181377.30
20180102 -184122.20
20180103 -183212.75
20180104 -182244.75
20180105 -184645.85
20180108 -186139.45
20180109 -184854.60
20180110 -183580.60
20180111 -182111.10
20180112 -177347.50
20180116 -177123.45
20180117 -177071.55
20180118 -178249.85
20180119 -178928.45
20180122 -177601.45
20180123 -175971.30
20180124 -168668.80
20180125 -168340.70
20180126 -166521.75
20180129 -170557.90
20180130 -172499.80
20180131 -173764.20
20180201 -170927.45
20180202 -175481.00
20180205 -180756.05
20180206 -183913.80
20180207 -191150.25
20180208 -191325.25
20180209 -195917.75
20180212 -194122.75
20180213 -192510.25
20180214 -188037.75
20180215 -186820.25
20180216 -188292.75
20180220 -192061.50
20180221 -192734.00
20180222 -192199.00
20180223 -192801.50
20180226 -192426.50
20180227 -195077.75
20180228 -196522.75
20180301 -196919.00
20180302 -195856.50
20180305 -195669.00
20180306 -194331.50
20180307 -194281.50
20180308 -196181.50
20180309 -195756.50
20180312 -195125.25
20180313 -193925.25
20180314 -194212.75
20180315 -195394.00
20180316 -195650.25
20180319 -194050.25
20180320 -195719.00
20180321 -193975.25
20180322 -194850.25
20180323 -193206.50
20180326 -191037.75
20180327 -192975.25
20180328 -194681.50
20180329 -195981.50
20180402 -196306.50
20180403 -196969.00
20180404 -195350.25
20180405 -197887.75
20180406 -196975.25
20180409 -197144.00
20180410 -198331.50
20180411 -198086.50
20180412 -196161.50
20180413 -195966.50
20180416 -197161.50
20180417 -196755.25
20180418 -197564.00
20180419 -198510.25
20180420 -198784.00
20180423 -198962.75
20180424 -199902.75
20180425 -199552.75
20180426 -199344.00
20180427 -199609.00
20180430 -200200.70
20180501 -201088.90
20180502 -199142.05
20180503 -199546.65
20180504 -196165.80
20180507 -193406.30
20180508 -195164.15
20180509 -190650.30
20180510 -191708.70
20180511 -192604.80
20180514 -191035.60
20180515 -186358.30
20180516 -184712.40
20180517 -184071.45
20180518 -184629.05
20180521 -182804.20
20180522 -182953.80
20180523 -181139.35
20180524 -185267.40
20180525 -189914.15
20180529 -189394.50
20180530 -188157.10
20180531 -189817.40
20180601 -192001.00
20180604 -193345.60
20180605 -195362.15
20180606 -196502.15
20180607 -194314.80
20180608 -194152.50
20180611 -194826.20
20180612 -194156.25
20180613 -193336.40
20180614 -191757.70
20180615 -196734.10
20180618 -198960.20
20180619 -198320.20
20180620 -197507.70
20180621 -197853.95
20180622 -198705.20
20180625 -199490.20
20180626 -197633.95
20180627 -194862.70
20180628 -191748.95
20180629 -194387.70
20180702 -190366.45
20180703 -192387.70
20180705 -193048.95
20180706 -192842.70
20180709 -194147.70
20180710 -192945.20
20180711 -190550.20
20180712 -192376.45
20180713 -190490.20
20180716 -193558.95
20180717 -189581.45
20180718 -189163.95
20180719 -185926.45
20180720 -190615.20
20180723 -188538.95
20180724 -190766.45
20180725 -192322.70
20180726 -190130.20
20180727 -189597.70
20180730 -190235.20
20180731 -191305.20
20180801 -187651.45
20180802 -184653.95
20180803 -185767.70
20180806 -183166.45
20180807 -184270.20
20180808 -184847.70
20180809 -183956.45
20180810 -180125.20
20180813 -176125.20
20180814 -174466.45
20180815 -166813.95
20180816 -169721.45
20180817 -170856.45
20180820 -173585.20
20180821 -177323.95
20180822 -177273.95
20180823 -173528.95
20180824 -179168.95
20180827 -180901.45
20180828 -181460.20
20180829 -181131.45
20180830 -178870.20
20180831 -177336.45
20180904 -173706.55
20180905 -175431.20
20180906 -177484.25
20180907 -176244.55
20180910 -177043.85
20180911 -175407.45
20180912 -178400.55
20180913 -179834.45
20180914 -178583.80
20180917 -179701.40
20180918 -179978.30
20180919 -180510.50
20180920 -181979.20
20180921 -184558.20
20180924 -182802.40
20180925 -182327.60
20180926 -183009.60
20180927 -179038.00
20180928 -180433.00
20181001 -173553.20
20181002 -175375.80
20181003 -172381.35
20181004 -176087.60
20181005 -177434.65
20181008 -172396.10
20181009 -171244.15
20181010 -174219.20
20181011 -185003.85
20181012 -185452.90
20181015 -184715.60
20181016 -183785.35
20181017 -185645.05
20181018 -186700.45
20181019 -186662.25
20181022 -186241.05
20181023 -189458.45
20181024 -188159.30
20181025 -186197.30
20181026 -186399.00
20181029 -185939.60
20181030 -186249.50
20181031 -185008.00
20181101 -191580.40
20181102 -190994.15
20181105 -188536.65
20181106 -187679.15
20181107 -187664.15
20181108 -185502.90
20181109 -183000.40
20181112 -180850.40
20181113 -173712.90
20181114 -169171.95
20181115 -176942.60
20181116 -175567.05
20181119 -172996.70
20181120 -165412.55
20181121 -166717.55
20181123 -159445.80
20181126 -161833.90
20181127 -160621.15
20181128 -154930.00
20181129 -156608.90
20181130 -154727.65
20181203 -162211.60
20181204 -161893.15
20181205 -161390.30
20181206 -160646.00
20181207 -160888.25
20181210 -155153.80
20181211 -156998.55
20181212 -160231.90
20181213 -163185.85
20181214 -162784.20
20181217 -163464.25
20181218 -156720.40
20181219 -160310.90
20181220 -156000.25
20181221 -154395.00
20181224 -148029.00
20181226 -152799.05
20181227 -148305.05
20181228 -147792.35
20181231 -148420.35
20190102 -147222.00
20190103 -147038.30
20190104 -152743.20
20190107 -154354.60
20190108 -157927.05
20190109 -163527.90
20190110 -164921.75
20190111 -163781.70
20190114 -161110.55
20190115 -164145.45
20190116 -165631.25
20190117 -165781.15
20190118 -171472.55
20190122 -168619.25
20190123 -167244.25
20190124 -168198.25
20190125 -167310.35
20190128 -161278.95
20190129 -165279.75
20190130 -166168.05
20190131 -163214.05
20190201 -167181.65
20190204 -166764.05
20190205 -165708.25
20190206 -167830.65
20190207 -165929.25
20190208 -165435.25
20190211 -165201.90
20190212 -167005.65
20190213 -168680.75
20190214 -170634.50
20190215 -168658.25
20190219 -165374.50
20190220 -162995.75
20190221 -167242.00
20190222 -164833.25
20190225 -166064.50
20190226 -166174.50
20190227 -166842.00
20190228 -168718.25
20190301 -172909.50
20190304 -174435.75
20190305 -173753.25
20190306 -173869.50
20190307 -173820.75
20190308 -175370.75
20190311 -174277.00
20190312 -174727.00
20190313 -174102.00
20190314 -174708.25
20190315 -174289.50
20190318 -174608.25
20190319 -174352.00
20190320 -175539.50
20190321 -177002.00
20190322 -177758.25
20190325 -177570.75
20190326 -177395.75
20190327 -177027.00
20190328 -177570.75
20190329 -176433.25
20190401 -176677.00
20190402 -176628.25
20190403 -176179.50
20190404 -177227.00
20190405 -176590.75
20190408 -174883.25
20190409 -175303.25
20190410 -174923.25
20190411 -176684.50
20190412 -175399.50
20190415 -176245.75
20190416 -175502.00
20190417 -175088.25
20190418 -175114.50
20190422 -174625.75
20190423 -173084.50
20190424 -173389.50
20190425 -174920.75
20190426 -178024.50
20190429 -176594.50
20190430 -177153.25
20190501 -177213.25
20190502 -176910.75
20190503 -179759.50
20190506 -179550.75
20190507 -180282.00
20190508 -178934.50
20190509 -179664.50
20190510 -180084.50
20190513 -182067.00
20190514 -180639.50
20190515 -180205.75
20190516 -176216.00
20190517 -174733.15
20190520 -175895.45
20190521 -174753.10
20190522 -176668.20
20190523 -181697.85
20190524 -182709.10
20190528 -179527.85
20190529 -178744.10
20190530 -179566.75
20190531 -178493.70
20190603 -178887.40
20190604 -180959.90
20190605 -176625.65
20190606 -178173.00
20190607 -182132.25
20190610 -180770.25
20190611 -182816.35
20190612 -177413.95
20190613 -179032.85
20190614 -179917.95
20190617 -178094.65
20190618 -181525.75
20190619 -181910.45
20190620 -182746.25
20190621 -184394.25
20190624 -183989.45
20190625 -184648.45
20190626 -187772.55
20190627 -187671.05
20190628 -185927.95
20190701 -188762.75
20190702 -182762.75
20190703 -182618.55
20190705 -185043.15
20190708 -184308.25
20190709 -183670.85
20190710 -188165.55
20190711 -188553.05
20190712 -189085.55
20190715 -188293.05
20190716 -185658.05
20190717 -183738.05
20190718 -183090.55
20190719 -183885.55
20190722 -183183.05
20190723 -182489.30
20190724 -181018.05
20190725 -182945.55
20190726 -180704.30
20190729 -178264.30
20190730 -176371.80
20190731 -177578.05
20190801 -178701.80
20190802 -175363.05
20190805 -173194.30
20190806 -172961.80
20190807 -165788.20
20190808 -171337.25
20190809 -173438.55
20190812 -172441.15
20190813 -179011.65
20190814 -171482.95
20190815 -170473.20
20190816 -172257.65
20190819 -176344.00
20190820 -175835.65
20190821 -174516.65
20190822 -175598.40
20190823 -168919.00
20190826 -165947.10
20190827 -164769.10
20190828 -166004.35
20190829 -169478.10
20190830 -165145.95
20190903 -154254.20
20190904 -161904.00
20190905 -173433.90
20190906 -177248.90
20190909 -178365.15
20190910 -179553.90
20190911 -178270.15
20190912 -179713.90
20190913 -184762.65
20190916 -175827.40
20190917 -183451.30
20190918 -185914.65
20190919 -186812.45
20190920 -186499.90
20190923 -179376.75
20190924 -182094.05
20190925 -188849.45
20190926 -189887.10
20190927 -193178.60
20190930 -201666.95
20191001 -199977.20
20191002 -196688.45
20191003 -196814.70
20191004 -197844.70
20191007 -199284.70
20191008 -197977.20
20191009 -196690.95
20191010 -201405.95
20191011 -206104.70
20191014 -204002.20
20191015 -204895.95
20191016 -205343.45
20191017 -205369.70
20191018 -205523.45
20191021 -204899.70
20191022 -206923.45
20191023 -207749.70
20191024 -206892.20
20191025 -206513.45
20191028 -206600.95
20191029 -206807.20
20191030 -206445.95
20191031 -205139.70
20191101 -205245.95
20191104 -205305.95
20191105 -207367.20
20191106 -208195.95
20191107 -208962.20
20191108 -209029.70
20191111 -210112.20
20191112 -210253.45
20191113 -210582.20
20191114 -209887.20
20191115 -209308.45
20191118 -210209.70
20191119 -211004.70
20191120 -210942.20
20191121 -211067.20
20191122 -211517.20
20191125 -211220.95
20191126 -211779.70
20191127 -210838.45
20191129 -211994.70
20191202 -212049.70
20191203 -214389.70
20191204 -212887.20
20191205 -213069.70
20191206 -211002.20
20191209 -209465.95
20191210 -209648.45
20191211 -210737.20
20191212 -211659.70
20191213 -210798.45
20191216 -210960.00
20191217 -209994.95
20191218 -210167.65
20191219 -210528.75
20191220 -212642.15
20191223 -213979.10
20191224 -213666.90
20191226 -212632.05
20191227 -212088.00
20191230 -212043.20
20191231 -212918.95
20200102 -213849.35
20200103 -210397.75
20200106 -208555.25
20200107 -210283.25
20200108 -221003.30
20200109 -223573.30
20200110 -222715.80
20200113 -224158.30
20200114 -225453.30
20200115 -223227.05
20200116 -222907.05
20200117 -220817.05
20200121 -222308.05
20200122 -222547.55
20200123 -222996.35
20200124 -218639.65
20200127 -216003.15
20200128 -221405.70
20200129 -220338.65
20200130 -215572.05
20200131 -215239.60
20200203 -212523.60
20200204 -215808.10
20200205 -218328.60
20200206 -218583.60
20200207 -214857.90
20200210 -210409.30
20200211 -213523.20
20200212 -216246.20
20200213 -215472.80
20200214 -215771.20
20200218 -213302.60
20200219 -214967.40
20200220 -213076.00
20200221 -211381.50
20200224 -199936.20
20200225 -203656.30
20200226 -202162.70
20200227 -202737.60
20200228 -206086.00
20200302 -212417.30
20200303 -210627.90
20200304 -211948.80
20200305 -207526.40
20200306 -197900.30
20200309 -177569.95
20200310 -189967.70
20200311 -189020.40
20200312 -186497.25
20200313 -180567.70
20200316 -162532.85
20200317 -155028.80
20200318 -133334.55
20200319 -142405.80
20200320 -137856.50
20200323 -142301.85
20200324 -156240.75
20200325 -165844.50
20200326 -162169.50
20200327 -164140.50
20200330 -158743.60
20200331 -164971.50
20200401 -159237.60
20200402 -166480.20
20200403 -170348.70
20200406 -167504.15
20200407 -169681.00
20200408 -168322.90
20200409 -161613.95
20200413 -160245.45
20200414 -158578.65
20200415 -154968.10
20200416 -157935.60
20200417 -161711.85
20200420 -155546.10
20200421 -135290.80
20200422 -136672.20
20200423 -139710.00
20200424 -137578.65
20200427 -133571.55
20200428 -133610.20
20200429 -140663.10
20200430 -147271.80
20200501 -144300.30
20200504 -142979.30
20200505 -153472.35
20200506 -151300.85
20200507 -151468.55
20200508 -158369.70
20200511 -156434.50
20200512 -155319.40
20200513 -151639.15
20200514 -157485.70
20200515 -157435.90
20200518 -169244.15
20200519 -168082.80
20200520 -168768.05
20200521 -171572.10
20200522 -169125.60
20200526 -175306.45
20200527 -172016.70
20200528 -171265.10
20200529 -173745.60
20200601 -173972.65
20200602 -178282.85
20200603 -180487.85
20200604 -177911.85
20200605 -185111.10
20200608 -183813.00
20200609 -184489.55
20200610 -185085.50
20200611 -188334.25
20200612 -188045.50
20200615 -187181.75
20200616 -187256.75
20200617 -187390.50
20200618 -187721.75
20200619 -187744.25
20200622 -185725.50
20200623 -184668.00
20200624 -185230.50
20200625 -184318.00
20200626 -184141.75
20200629 -185360.50
20200630 -184886.75
20200701 -183824.25
20200702 -184316.75
20200706 -183526.75
20200707 -183799.25
20200708 -181985.50
20200709 -181679.25
20200710 -180426.75
20200713 -177648.00
20200714 -177780.50
20200715 -179144.25
20200716 -178544.25
20200717 -177675.50
20200720 -176231.75
20200721 -166259.25
20200722 -156751.75
20200723 -155213.00
20200724 -155883.00
20200727 -141411.75
20200728 -141218.00
20200729 -139830.50
20200730 -143080.50
20200731 -138244.25
20200803 -138179.25
20200804 -126941.75
20200805 -117883.00
20200806 -108104.25
20200807 -121269.25
20200810 -110150.50
20200811 -135213.00
20200812 -134655.50
20200813 -125589.25
20200814 -133249.25
20200817 -119170.50
20200818 -111273.00
20200819 -119788.00
20200820 -124523.00
20200821 -128563.00
20200824 -129261.75
20200825 -131498.00
20200826 -122160.50
20200827 -124408.00
20200828 -115329.25
20200831 -109378.00
20200901 -111241.75
20200902 -122971.75
20200903 -127326.75
20200904 -125250.50
20200908 -128526.75
20200909 -125836.75
20200910 -126980.50
20200911 -130568.00
20200914 -124950.50
20200915 -123916.75
20200916 -125120.50
20200917 -129790.50
20200918 -127138.00
20200921 -149329.25
20200922 -148843.00
20200923 -161314.25
20200924 -161839.25
20200925 -162314.25
20200928 -161320.50
20200929 -160408.00
20200930 -159601.75
20201001 -164032.85
20201002 -162301.60
20201005 -165718.95
20201006 -169779.05
20201007 -167716.45
20201008 -170320.70
20201009 -169518.95
20201012 -168192.30
20201013 -169504.60
20201014 -170416.60
20201015 -170938.25
20201016 -170272.55
20201019 -168778.05
20201020 -168568.60
20201021 -165457.40
20201022 -168006.00
20201023 -167717.45
20201026 -168034.70
20201027 -169455.00
20201028 -168589.35
20201029 -166448.05
20201030 -166251.05
20201102 -167642.35
20201103 -168726.45
20201104 -171802.75
20201105 -171203.95
20201106 -167319.95
20201109 -173361.95
20201110 -173374.45
20201111 -173911.95
20201112 -173636.95
20201113 -172811.95
20201116 -171711.95
20201117 -172311.95
20201118 -172311.95
20201119 -171861.95
20201120 -170216.95
20201123 -172046.95
20201124 -166812.15
20201125 -165145.90
20201127 -160297.75
20201130 -162559.75
20201201 -172739.45
20201202 -170920.65
20201203 -166929.95
20201204 -166302.55
20201207 -171258.40
20201208 -172533.40
20201209 -165807.25
20201210 -162877.90
20201211 -165890.00
20201214 -163288.75
20201215 -166268.75
20201216 -167029.25
20201217 -166828.90
20201218 -165958.80
20201221 -170311.50
20201222 -175843.85
20201223 -169647.30
20201224 -168548.55
20201228 -167866.80
20201229 -167853.75
20201230 -166142.80
20201231 -168795.40
20210104 -169643.15
20210105 -161629.60
20210106 -163485.50
20210107 -161494.45
20210108 -171624.40
20210111 -175955.15
20210112 -173184.50
20210113 -173898.35
20210114 -170864.85
20210115 -176352.85
20210119 -177076.75
20210120 -179267.85
20210121 -178104.45
20210122 -179715.15
20210125 -178763.35
20210126 -177804.35
20210127 -179231.70
20210128 -183125.15
20210129 -180130.60
20210201 -166839.85
20210202 -177883.95
20210203 -173077.40
20210204 -171114.90
20210205 -166033.00
20210208 -161715.80
20210209 -160377.00
20210210 -160522.65
20210211 -160472.70
20210212 -155664.60
20210216 -149329.85
20210217 -145347.50
20210218 -144712.10
20210219 -141340.35
20210222 -134277.20
20210223 -134516.15
20210224 -126581.45
20210225 -126899.65
20210226 -137627.50
20210301 -137352.55
20210302 -135776.25
20210303 -135817.05
20210304 -136940.70
20210305 -130313.45
20210308 -130506.95
20210309 -137768.60
20210310 -136852.35
20210311 -131327.90
20210312 -131073.95
20210315 -132915.15
20210316 -135761.80
20210317 -136124.00
20210318 -145922.55
20210319 -144024.85
20210322 -143050.85
20210323 -149958.90
20210324 -144658.75
20210325 -151305.10
20210326 -144921.45
20210329 -142823.50
20210330 -143915.20
20210331 -150797.40
20210401 -149978.05
20210405 -151295.70
20210406 -154615.55
20210407 -155043.45
20210408 -158114.90
20210409 -157028.55
20210412 -153694.25
20210413 -157413.75
20210414 -148514.00
20210415 -150867.70
20210416 -155123.35
20210419 -153064.00
20210420 -156074.80
20210421 -158713.60
20210422 -158485.40
20210423 -155667.00
20210426 -153062.00
20210427 -149714.60
20210428 -147125.40
20210429 -145292.80
20210430 -148869.50
20210503 -145208.00
20210504 -142213.20
20210505 -142055.30
20210506 -141558.80
20210507 -136832.60
20210510 -137023.10
20210511 -134315.15
20210512 -133603.80
20210513 -139988.75
20210514 -137499.90
20210517 -134238.50
20210518 -135967.75
20210519 -145120.85
20210520 -148170.50
20210521 -151514.65
20210524 -143455.05
20210525 -142138.50
20210526 -141718.50
20210527 -136937.65
20210528 -136864.95
20210601 -134491.80
20210602 -132380.35
20210603 -143584.65
20210604 -135982.75
20210607 -135188.35
20210608 -134822.30
20210609 -134597.05
20210610 -134260.75
20210611 -134220.40
20210614 -136215.10
20210615 -144276.95
20210616 -143915.75
20210617 -159780.45
20210618 -158541.65
20210621 -155540.45
20210622 -154124.05
20210623 -152791.25
20210624 -151599.45
20210625 -150565.45
20210628 -152264.85
20210629 -151669.45
20210630 -150819.85
20210701 -147778.05
20210702 -146496.25
20210706 -152032.65
20210707 -154276.25
20210708 -151301.65
20210709 -148360.05
20210712 -148296.85
20210713 -146223.65
20210714 -150421.45
20210715 -153659.25
20210716 -152849.85
20210719 -161752.85
20210720 -160751.60
20210721 -160484.10
20210722 -160412.85
20210723 -159711.60
20210726 -159692.85
20210727 -162074.10
20210728 -163082.85
20210729 -167006.60
20210730 -167281.60
20210802 -167211.60
20210803 -166326.60
20210804 -164411.60
20210805 -163746.60
20210806 -158916.60
20210809 -153521.60
20210810 -154366.60
20210811 -157306.60
20210812 -156556.60
20210813 -163231.60
20210816 -163601.60
20210817 -163831.60
20210818 -162069.10
20210819 -159946.80
20210820 -158983.20
20210823 -170238.00
20210824 -175254.40
20210825 -174178.05
20210826 -169694.30
20210827 -175199.30
20210830 -177230.55
20210831 -176435.55
20210901 -172836.80
20210902 -172086.80
20210903 -176803.05
20210907 -174204.30
20210908 -167903.05
20210909 -169013.05
20210910 -171026.80
20210913 -167495.55
20210914 -168163.05
20210915 -166091.65
20210916 -162067.25
20210917 -162162.05
20210920 -165138.75
20210921 -168639.65
20210922 -171682.05
20210923 -166732.05
20210924 -164498.55
20210927 -159229.75
20210928 -155694.20
20210929 -152266.30
20210930 -150247.95
20211001 -155750.30
20211004 -153705.25
20211005 -142291.25
20211006 -150013.45
20211007 -151416.75
20211008 -152774.55
20211011 -151406.20
20211012 -149038.70
20211013 -154856.25
20211014 -150352.40
20211015 -149233.30
20211018 -154243.55
20211019 -156034.30
20211020 -153860.85
20211021 -161126.50
20211022 -160319.90
20211025 -152236.30
20211026 -152197.10
20211027 -157416.20
20211028 -162037.50
20211029 -165918.70
20211101 -167407.65
20211102 -163460.95
20211103 -168688.85
20211104 -170288.15
20211105 -167570.15
20211108 -168742.15
20211109 -169001.40
20211110 -170035.90
20211111 -167323.40
20211112 -170104.95
20211115 -169865.15
20211116 -168995.05
20211117 -173055.55
20211118 -173096.10
20211119 -179380.90
20211122 -181607.15
20211123 -181612.15
20211124 -180322.15
20211126 -186689.65
20211129 -185802.15
20211130 -186308.40
20211201 -186195.90
20211202 -186164.65
20211203 -185495.90
20211206 -183755.90
20211207 -183790.90
20211208 -185879.65
20211209 -184763.40
20211210 -186785.90
20211213 -184719.65
20211214 -183855.90
20211215 -184524.65
20211216 -190383.40
20211217 -188207.15
20211220 -188055.90
20211221 -190420.90
20211222 -194772.15
20211223 -193708.40
20211227 -197235.90
20211228 -198102.15
20211229 -199052.15
20211230 -196174.65
20211231 -199170.90
20220103 -198902.15
20220104 -197797.15
20220105 -199728.40
20220106 -198728.40
20220107 -200724.65
20220110 -201854.65
20220111 -204110.90
20220112 -210973.40
20220113 -211329.65
20220114 -211800.05
20220118 -210792.65
20220119 -209054.05
20220120 -210165.05
20220121 -209760.25
20220124 -214269.85
20220125 -210228.45
20220126 -205332.65
20220127 -205016.20
20220128 -205070.40
20220131 -204839.30
20220201 -203824.55
20220202 -203313.65
20220203 -199688.45
20220204 -196153.25
20220207 -197970.65
20220208 -202568.25
20220209 -201736.65
20220210 -199995.05
20220211 -199367.15
20220214 -192101.85
20220215 -200508.45
20220216 -197347.45
20220217 -199419.55
20220218 -199754.45
20220222 -195952.85
20220223 -195688.55
20220224 -194351.45
20220225 -205316.50
20220228 -193110.50
20220301 -161203.90
20220302 -141756.45
20220303 -139126.05
20220304 -107961.75
20220307 -99470.85
20220308 -64154.75
20220309 -136950.75
20220310 -139602.20
20220311 -132532.15
20220314 -154591.75
20220315 -175453.95
20220316 -177293.40
20220317 -144056.80
20220318 -140627.40
20220321 -124204.80
20220322 -126022.45
20220323 -104424.75
20220324 -98152.30
20220325 -99853.15
20220328 -124799.80
20220329 -137326.55
20220330 -124826.45
20220331 -133238.90
