-----------------------------------------
Sys Name : TF-Boll-Omni_1R
Mkt Symb : EC Mkt Name : EuroCur
20100121  TF-Bol-S-Cl  1   1.55655       0.00       0.00
20100716        Sxit1  1   1.43825   14687.50   14687.50
20100923  TF-Bol-B-Cl  1   1.48525       0.00       0.00
20101124         Lxit  1   1.48365    -300.00   14387.50
20110307  TF-Bol-B-Cl  1   1.54575       0.00       0.00
20110517         Lxit  1   1.56375    2150.00   16537.50
20110909  TF-Bol-S-Cl  1   1.54105       0.00       0.00
20111028        Sxit1  1   1.56995   -3712.50   12825.00
20111215  TF-Bol-S-Cl  1   1.45135       0.00       0.00
20120210        Sxit1  1   1.48015   -3700.00    9125.00
20120510  TF-Bol-S-Cl  1   1.44395       0.00       0.00
20120823        Sxit1  1   1.40185    5162.50   14287.50
20120910  TF-Bol-B-Cl  1   1.42955       0.00       0.00
20121112         Lxit  1   1.41945   -1362.50   12925.00
20121220  TF-Bol-B-Cl  1   1.46805       0.00       0.00
20130225         Lxit  1   1.46575    -387.50   12537.50
20130328  TF-Bol-S-Cl  1   1.42355       0.00       0.00
20130417        Sxit1  1   1.46295   -5025.00    7512.50
20130612  TF-Bol-B-Cl  1   1.47685       0.00       0.00
20130627         Lxit  1   1.44595   -3962.50    3550.00
20130920  TF-Bol-B-Cl  1   1.49745       0.00       0.00
20131108         Lxit  1   1.48585   -1550.00    2000.00
20140307  TF-Bol-B-Cl  1   1.53035       0.00       0.00
20140331         Lxit  1   1.51975   -1425.00     575.00
20140611  TF-Bol-S-Cl  1   1.49915       0.00       0.00
20150430        Sxit1  1   1.25425   30512.50   31087.50
20150825  TF-Bol-B-Cl  1   1.29895       0.00       0.00
20150904         Lxit  1   1.25245   -5912.50   25175.00
20151015  TF-Bol-B-Cl  1   1.28785       0.00       0.00
20151023         Lxit  1   1.24995   -4837.50   20337.50
20151109  TF-Bol-S-Cl  1   1.21215       0.00       0.00
20160119        Sxit1  1   1.22905   -2212.50   18125.00
20160212  TF-Bol-B-Cl  1   1.26845       0.00       0.00
20160229         Lxit  1   1.22835   -5112.50   13012.50
20160318  TF-Bol-B-Cl  1   1.26720       0.00       0.00
20160519         Lxit  1   1.25540   -1575.00   11437.50
20160628  TF-Bol-S-Cl  1   1.23450       0.00       0.00
20160817        Sxit1  1   1.25795   -3031.25    8406.25
20161017  TF-Bol-S-Cl  1   1.22465       0.00       0.00
20161110        Sxit1  1   1.21880     631.25    9037.50
20161111  TF-Bol-S-Cl  1   1.21450       0.00       0.00
20170201        Sxit1  1   1.20160    1512.50   10550.00
20170328  TF-Bol-B-Cl  1   1.20600       0.00       0.00
20170403         Lxit  1   1.18515   -2706.25    7843.75
20170426  TF-Bol-B-Cl  1   1.21085       0.00       0.00
20171006         Lxit  1   1.27965    8500.00   16343.75
20171108  TF-Bol-S-Cl  1   1.26570       0.00       0.00
20171116        Sxit1  1   1.28430   -2425.00   13918.75
20180105  TF-Bol-B-Cl  1   1.30880       0.00       0.00
20180406         Lxit  1   1.31840    1100.00   15018.75
20180427  TF-Bol-S-Cl  1   1.30270       0.00       0.00
20180829        Sxit1  1   1.25055    6418.75   21437.50
20181025  TF-Bol-S-Cl  1   1.21595       0.00       0.00
20190110        Sxit1  1   1.22335   -1025.00   20412.50
20190212  TF-Bol-S-Cl  1   1.19290       0.00       0.00
20190321        Sxit1  1   1.20440   -1537.50   18875.00
20190329  TF-Bol-S-Cl  1   1.18350       0.00       0.00
20190607        Sxit1  1   1.18195      93.75   18968.75
20190724  TF-Bol-S-Cl  1   1.16545       0.00       0.00
20191021        Sxit1  1   1.15770     868.75   19837.50
20200102  TF-Bol-B-Cl  1   1.15770       0.00       0.00
20200109         Lxit  1   1.14630   -1525.00   18312.50
20200128  TF-Bol-S-Cl  1   1.13610       0.00       0.00
20200303        Sxit1  1   1.14645   -1393.75   16918.75
20200310  TF-Bol-B-Cl  1   1.17615       0.00       0.00
20200313         Lxit  1   1.14755   -3675.00   13243.75
20200320  TF-Bol-S-Cl  1   1.09825       0.00       0.00
20200330        Sxit1  1   1.14335   -5737.50    7506.25
20200605  TF-Bol-B-Cl  1   1.16070       0.00       0.00
20201016         Lxit  1   1.19445    4118.75   11625.00
20201202  TF-Bol-B-Cl  1   1.22980       0.00       0.00
20210203         Lxit  1   1.22445    -768.75   10856.25
20210324  TF-Bol-S-Cl  1   1.20365       0.00       0.00
20210421        Sxit1  1   1.22180   -2368.75    8487.50
20210930  TF-Bol-S-Cl  1   1.17375       0.00       0.00
20220114        Sxit1  1   1.15660    2043.75   10531.25
20220302  TF-Bol-S-Cl  1   1.12225       0.00       0.00
20220331   Sx-EOFData  1   1.11590     693.75   11225.00
-----------------------------------------
Sys Name : TF-Boll-Omni_1R
Mkt Symb : JY Mkt Name : J.Yen
20100104  TF-Bol-S-Cl  1   1.20835       0.00       0.00
20100122        Sxit1  1   1.23825   -3837.50   -3837.50
20100401  TF-Bol-S-Cl  1   1.20195       0.00       0.00
20100507        Sxit1  1   1.23325   -4012.50   -7850.00
20100630  TF-Bol-B-Cl  1   1.26025       0.00       0.00
20101119         Lxit  1   1.32715    8262.50     412.50
20110316  TF-Bol-B-Cl  1   1.36665       0.00       0.00
20110330         Lxit  1   1.34095   -3312.50   -2900.00
20110406  TF-Bol-S-Cl  1   1.30305       0.00       0.00
20110419        Sxit1  1   1.33975   -4687.50   -7587.50
20110727  TF-Bol-B-Cl  1   1.41095       0.00       0.00
20111101         Lxit  1   1.40715    -575.00   -8162.50
20120217  TF-Bol-S-Cl  1   1.39065       0.00       0.00
20120501        Sxit1  1   1.37515    1837.50   -6325.00
20120914  TF-Bol-B-Cl  1   1.41055       0.00       0.00
20120918         Lxit  1   1.39035   -2625.00   -8950.00
20121023  TF-Bol-S-Cl  1   1.37045       0.00       0.00
20130607        Sxit1  1   1.14345   28275.00   19325.00
20131118  TF-Bol-S-Cl  1   1.11225       0.00       0.00
20140204        Sxit1  1   1.10385     950.00   20275.00
20140731  TF-Bol-S-Cl  1   1.08635       0.00       0.00
20140807        Sxit1  1   1.09295    -925.00   19350.00
20140820  TF-Bol-S-Cl  1   1.08505       0.00       0.00
20150326        Sxit1  1   0.94875   16937.50   36287.50
20150527  TF-Bol-S-Cl  1   0.92345       0.00       0.00
20150709        Sxit1  1   0.93965   -2125.00   34162.50
20150825  TF-Bol-B-Cl  1   0.95375       0.00       0.00
20151026         Lxit  1   0.93230   -2781.25   31381.25
20160108  TF-Bol-B-Cl  1   0.95775       0.00       0.00
20160201         Lxit  1   0.93090   -3456.25   27925.00
20160205  TF-Bol-B-Cl  1   0.96305       0.00       0.00
20160601         Lxit  1   1.00730    5431.25   33356.25
20160617  TF-Bol-B-Cl  1   1.06280       0.00       0.00
20160722         Lxit  1   1.04470   -2362.50   30993.75
20160803  TF-Bol-B-Cl  1   1.09380       0.00       0.00
20160906         Lxit  1   1.06235   -4031.25   26962.50
20161111  TF-Bol-S-Cl  1   1.03445       0.00       0.00
20170227        Sxit1  1   0.98475    6112.50   33075.00
20170328  TF-Bol-B-Cl  1   0.99630       0.00       0.00
20170503         Lxit  1   0.98370   -1675.00   31400.00
20170710  TF-Bol-S-Cl  1   0.96485       0.00       0.00
20170724        Sxit1  1   0.98750   -2931.25   28468.75
20170911  TF-Bol-B-Cl  1   1.00980       0.00       0.00
20170914         Lxit  1   0.99020   -2550.00   25918.75
20180117  TF-Bol-B-Cl  1   0.98525       0.00       0.00
20180423         Lxit  1   1.00215    2012.50   27931.25
20180518  TF-Bol-S-Cl  1   0.97500       0.00       0.00
20180821        Sxit1  1   0.97540    -150.00   27781.25
20180925  TF-Bol-S-Cl  1   0.95095       0.00       0.00
20181029        Sxit1  1   0.95600    -731.25   27050.00
20181109  TF-Bol-S-Cl  1   0.93805       0.00       0.00
20181220        Sxit1  1   0.94780   -1318.75   25731.25
20190102  TF-Bol-B-Cl  1   0.96885       0.00       0.00
20190214         Lxit  1   0.95435   -1912.50   23818.75
20190603  TF-Bol-B-Cl  1   0.96950       0.00       0.00
20190731         Lxit  1   0.96290    -925.00   22893.75
20190806  TF-Bol-B-Cl  1   0.98845       0.00       0.00
20190911         Lxit  1   0.96945   -2475.00   20418.75
20200117  TF-Bol-S-Cl  1   0.93810       0.00       0.00
20200203        Sxit1  1   0.95290   -1950.00   18468.75
20200207  TF-Bol-S-Cl  1   0.93835       0.00       0.00
20200302        Sxit1  1   0.96090   -2918.75   15550.00
20200306  TF-Bol-B-Cl  1   0.97010       0.00       0.00
20200319         Lxit  1   0.95290   -2250.00   13300.00
20200727  TF-Bol-B-Cl  1   0.96665       0.00       0.00
20200813         Lxit  1   0.95890   -1068.75   12231.25
20200918  TF-Bol-B-Cl  1   0.97750       0.00       0.00
20201110         Lxit  1   0.97220    -762.50   11468.75
20201119  TF-Bol-B-Cl  1   0.98515       0.00       0.00
20210112         Lxit  1   0.98065    -662.50   10806.25
20210205  TF-Bol-S-Cl  1   0.96825       0.00       0.00
20210720        Sxit1  1   0.93280    4331.25   15137.50
20210928  TF-Bol-S-Cl  1   0.91960       0.00       0.00
20220118        Sxit1  1   0.89320    3200.00   18337.50
20220314  TF-Bol-S-Cl  1   0.86895       0.00       0.00
20220331   Sx-EOFData  1   0.83875    3675.00   22012.50
-----------------------------------------
Sys Name : TF-Boll-Omni_1R
Mkt Symb : BP Mkt Name : B.Pound
20100205  TF-Bol-S-Cl  1   1.62270       0.00       0.00
20100624        Sxit1  1   1.54300    4881.25    4881.25
20100803  TF-Bol-B-Cl  1   1.63500       0.00       0.00
20101124         Lxit  1   1.62670    -618.75    4262.50
20110428  TF-Bol-B-Cl  1   1.71420       0.00       0.00
20110516         Lxit  1   1.66950   -2893.75    1368.75
20110912  TF-Bol-S-Cl  1   1.63640       0.00       0.00
20111026        Sxit1  1   1.65530   -1281.25      87.50
20120426  TF-Bol-B-Cl  1   1.67580       0.00       0.00
20120517         Lxit  1   1.65030   -1693.75   -1606.25
20120531  TF-Bol-S-Cl  1   1.60740       0.00       0.00
20120730        Sxit1  1   1.63580   -1875.00   -3481.25
20120907  TF-Bol-B-Cl  1   1.65610       0.00       0.00
20121109         Lxit  1   1.66090     200.00   -3281.25
20130122  TF-Bol-S-Cl  1   1.64580       0.00       0.00
20130426        Sxit1  1   1.60670    2343.75    -937.50
20130607  TF-Bol-B-Cl  1   1.62260       0.00       0.00
20130627         Lxit  1   1.59520   -1812.50   -2750.00
20130708  TF-Bol-S-Cl  1   1.55190       0.00       0.00
20130723        Sxit1  1   1.59940   -3068.75   -5818.75
20130916  TF-Bol-B-Cl  1   1.65720       0.00       0.00
20140205         Lxit  1   1.69760    2425.00   -3393.75
20140218  TF-Bol-B-Cl  1   1.74070       0.00       0.00
20140321         Lxit  1   1.71610   -1637.50   -5031.25
20140507  TF-Bol-B-Cl  1   1.76300       0.00       0.00
20140605         Lxit  1   1.73980   -1550.00   -6581.25
20140616  TF-Bol-B-Cl  1   1.76390       0.00       0.00
20140731         Lxit  1   1.75810    -462.50   -7043.75
20140820  TF-Bol-S-Cl  1   1.72850       0.00       0.00
20150226        Sxit1  1   1.62210    6550.00    -493.75
20150312  TF-Bol-S-Cl  1   1.56140       0.00       0.00
20150427        Sxit1  1   1.58650   -1668.75   -2162.50
20150512  TF-Bol-B-Cl  1   1.62740       0.00       0.00
20150810         Lxit  1   1.61870    -643.75   -2806.25
20150908  TF-Bol-S-Cl  1   1.59060       0.00       0.00
20150917        Sxit1  1   1.61950   -1906.25   -4712.50
20150928  TF-Bol-S-Cl  1   1.59060       0.00       0.00
20151015        Sxit1  1   1.61850   -1843.75   -6556.25
20151109  TF-Bol-S-Cl  1   1.57570       0.00       0.00
20160420        Sxit1  1   1.50990    4012.50   -2543.75
20160624  TF-Bol-B-Cl  1   1.56870       0.00       0.00
20160627         Lxit  1   1.41350   -9800.00  -12343.75
20160627  TF-Bol-S-Cl  1   1.41350       0.00       0.00
20161205        Sxit1  1   1.33250    4962.50   -7381.25
20170419  TF-Bol-B-Cl  1   1.34810       0.00       0.00
20170612         Lxit  1   1.33490    -925.00   -8306.25
20170802  TF-Bol-B-Cl  1   1.38080       0.00       0.00
20170814         Lxit  1   1.36060   -1362.50   -9668.75
20170913  TF-Bol-B-Cl  1   1.38710       0.00       0.00
20171009         Lxit  1   1.36500   -1481.25  -11150.00
20180116  TF-Bol-B-Cl  1   1.43190       0.00       0.00
20180424         Lxit  1   1.44060     443.75  -10706.25
20180502  TF-Bol-S-Cl  1   1.40760       0.00       0.00
20180917        Sxit1  1   1.34510    3806.25   -6900.00
20181031  TF-Bol-S-Cl  1   1.30620       0.00       0.00
20181105        Sxit1  1   1.33560   -1937.50   -8837.50
20181211  TF-Bol-S-Cl  1   1.28940       0.00       0.00
20190115        Sxit1  1   1.31710   -1831.25  -10668.75
20190227  TF-Bol-B-Cl  1   1.35380       0.00       0.00
20190401         Lxit  1   1.32920   -1637.50  -12306.25
20190516  TF-Bol-S-Cl  1   1.30710       0.00       0.00
20190916        Sxit1  1   1.26550    2500.00   -9806.25
20191016  TF-Bol-B-Cl  1   1.29000       0.00       0.00
20200131         Lxit  1   1.31790    1643.75   -8162.50
20200302  TF-Bol-S-Cl  1   1.28710       0.00       0.00
20200309        Sxit1  1   1.31480   -1831.25   -9993.75
20200313  TF-Bol-S-Cl  1   1.26500       0.00       0.00
20200602        Sxit1  1   1.25540     500.00   -9493.75
20200722  TF-Bol-B-Cl  1   1.27880       0.00       0.00
20200914         Lxit  1   1.28480     275.00   -9218.75
20201218  TF-Bol-B-Cl  1   1.36350       0.00       0.00
20210325         Lxit  1   1.37240     456.25   -8762.50
20210511  TF-Bol-B-Cl  1   1.41540       0.00       0.00
20210618         Lxit  1   1.39580   -1325.00  -10087.50
20210929  TF-Bol-S-Cl  1   1.35690       0.00       0.00
20211018        Sxit1  1   1.37840   -1443.75  -11531.25
20211105  TF-Bol-S-Cl  1   1.35310       0.00       0.00
20220103        Sxit1  1   1.35490    -212.50  -11743.75
20220308  TF-Bol-S-Cl  1   1.31250       0.00       0.00
20220331   Sx-EOFData  1   1.31600    -318.75  -12062.50
