-----------------------------------------
Sys Name : TF-Boll-FR_1R
Mkt Symb : EC Mkt Name : EuroCur
Profit/Loss : 10531.25
Num Trades : 44
Percent Wins : 0.364
Avg Win  : 5302.73
Avg Loss : -2657.59
Avg Trade: 239.35
Max DrawDown: 38068.75
Avg DrawDown: 11438.02
AVG Monthly Return: 71.64116
Monthly StdDev: 3279.08754
-----------------------------------------
20100129       5656       5656
20100226       2825       8481
20100331       1463       9944
20100430       2675      12619
20100528      12838      25456
20100630        413      25869
20100730      -6912      18956
20100831          0      18956
20100930       3169      22125
20101029       3912      26038
20101130      -6981      19056
20101231          0      19056      19056
20110131          0      19056
20110228          0      19056
20110331       2250      21306
20110429       8525      29831
20110531      -9819      20013
20110630          0      20013
20110729      -5288      14725
20110831          0      14725
20110930       7156      21881
20111031      -7388      14494
20111130          0      14494
20111230       1100      15594      -3462
20120131      -1488      14106
20120229      -3056      11050
20120330          0      11050
20120430          0      11050
20120531       7069      18119
20120629      -3575      14544
20120731       4438      18981
20120831      -2763      16219
20120928        813      17031
20121031       1312      18344
20121130      -3356      14988
20121231       -269      14719       -875
20130131       4625      19344
20130228      -5481      13863
20130329       -137      13725
20130430      -4606       9119
20130531          0       9119
20130628      -3144       5975
20130731          0       5975
20130830      -2394       3581
20130930       -575       3006
20131031        812       3819
20131129      -2200       1619
20131231       -956        663     -14056
20140131      -2650      -1987
20140228          0      -1987
20140331       -850      -2837
20140430       -912      -3750
20140530      -2925      -6675
20140630      -1400      -8075
20140731       3825      -4250
20140829       3212      -1037
20140930       6388       5350
20141031       1312       6663
20141128       1175       7838
20141231       4225      12063      11400
20150130      10138      22200
20150227       1262      23463
20150331       5587      29050
20150430      -4838      24213
20150529          0      24213
20150630          0      24213
20150731          0      24213
20150831      -2550      21663
20150930      -1362      20300
20151030      -3819      16481
20151130       3044      19525
20151231      -3550      15975       3913
20160129      -1481      14494
20160229      -5069       9425
20160331       1262      10688
20160429        663      11350
20160531      -2988       8363
20160630       -388       7975
20160729      -1175       6800
20160831       -594       6206
20160930          0       6206
20161031        637       6844
20161130       1469       8313
20161230        950       9263      -6713
20170131      -2806       6456
20170228          0       6456
20170331      -2656       3800
20170428        350       4150
20170531       4187       8338
20170630       1956      10294
20170731       4919      15213
20170831        644      15856
20170929      -1312      14544
20171031      -1563      12981
20171130      -3113       9869
20171229          0       9869        606
20180131       3994      13863
20180228      -2881      10981
20180329        700      11681
20180430       -187      11494
20180531       5281      16775
20180629        594      17369
20180731        -12      17356
20180831        -94      17263
20180928          0      17263
20181031       2262      19525
20181130        419      19944
20181231      -1325      18619       8750
20190131       -788      17831
20190228       -569      17263
20190329         75      17338
20190430        275      17613
20190531        994      18606
20190628      -1731      16875
20190731       1137      18013
20190830       1725      19738
20190930       1275      21013
20191031      -3131      17881
20191129          0      17881
20191231        400      18281       -338
20200131      -4800      13481
20200228       1975      15456
20200331      -7475       7981
20200430          0       7981
20200529          0       7981
20200630       -800       7181
20200731       6825      14006
20200831       1750      15756
20200930      -2837      12919
20201030        162      13081
20201130       -169      12913
20201231       3319      16231      -2050
20210129      -1287      14944
20210226      -1556      13388
20210331       1644      15031
20210430      -4213      10819
20210528          0      10819
20210630          0      10819
20210730          0      10819
20210831          0      10819
20210930        225      11044
20211029        394      11438
20211130       3025      14463
20211231       -613      13850      -2381
20220131      -2425      11425
20220228      -2962       8463
20220331       2069      10531      -3319
-----------------------------------------
-----------------------------------------
Sys Name : TF-Boll-FR_1R
Mkt Symb : BP Mkt Name : B.Pound
Profit/Loss : -2806.25
Num Trades : 49
Percent Wins : 0.306
Avg Win  : 3220.83
Avg Loss : -1506.43
Avg Trade: -57.27
Max DrawDown: 20100.0
Avg DrawDown: 7237.5
AVG Monthly Return: -19.09014
Monthly StdDev: 2021.55733
-----------------------------------------
20100129          0          0
20100226       3388       3388
20100331        363       3750
20100430       -606       3144
20100528       5169       8312
20100630      -3287       5025
20100730          0       5025
20100831      -2550       2475
20100930       2388       4863
20101029       2063       6925
20101130      -1856       5069
20101231          0       5069       5069
20110131          0       5069
20110228        225       5294
20110331      -1344       3950
20110429       4231       8181
20110531      -3231       4950
20110630       -625       4325
20110729      -1275       3050
20110831      -2387        662
20110930       1919       2581
20111031      -2756       -175
20111130          0       -175
20111230          0       -175      -5244
20120131      -2650      -2825
20120229          0      -2825
20120330        150      -2675
20120430       1362      -1313
20120531      -1275      -2588
20120629      -1906      -4494
20120731       -531      -5025
20120831          0      -5025
20120928       1325      -3700
20121031        -56      -3756
20121130      -1344      -5100
20121231      -2850      -7950      -7775
20130131      -2938     -10887
20130228       8513      -2375
20130329          0      -2375
20130430      -3825      -6200
20130531          0      -6200
20130628      -1938      -8137
20130731      -2375     -10512
20130830          0     -10512
20130930       2250      -8262
20131031       -806      -9069
20131129       1950      -7119
20131231       1275      -5844       2106
20140131       -813      -6656
20140228       -537      -7194
20140331      -1844      -9037
20140430        594      -8444
20140530       -744      -9187
20140630       1450      -7737
20140731      -2762     -10500
20140829        406     -10094
20140930       2238      -7856
20141031       1287      -6569
20141128       2300      -4269
20141231        238      -4031       1812
20150130       3231       -800
20150227      -2806      -3606
20150331        637      -2969
20150430      -1669      -4637
20150529      -1694      -6331
20150630       2787      -3544
20150731       -719      -4262
20150831      -1044      -5306
20150930      -1169      -6475
20151030      -2381      -8856
20151130        350      -8506
20151231       2031      -6475      -2444
20160129       3075      -3400
20160229       2037      -1362
20160331      -2825      -4187
20160429       -312      -4500
20160531       -913      -5412
20160630       1844      -3569
20160729          6      -3562
20160831        731      -2831
20160930        963      -1869
20161031       4644       2775
20161130      -1600       1175
20161230      -1525       -350       6125
20170131          0       -350
20170228          0       -350
20170331      -1675      -2025
20170428       1706       -319
20170531       -400       -719
20170630      -1637      -2356
20170731         -6      -2362
20170831      -1738      -4100
20170929       1231      -2869
20171031      -2212      -5081
20171130          0      -5081
20171229          0      -5081      -4731
20180131       3469      -1612
20180228      -2638      -4250
20180329       1394      -2856
20180430       -438      -3294
20180531       2356       -937
20180629        756       -181
20180731        537        356
20180831       1162       1519
20180928      -1219        300
20181031       -113        188
20181130      -1725      -1537
20181231        137      -1400       3681
20190131      -1162      -2562
20190228        294      -2269
20190329      -2025      -4294
20190430          0      -4294
20190531       3050      -1244
20190628       -675      -1919
20190731       7013       5094
20190830        337       5431
20190930      -4037       1394
20191031        937       2331
20191129       -125       2206
20191231       1981       4188       5588
20200131       -469       3719
20200228      -1325       2394
20200331       -988       1406
20200430       -912        494
20200529       1725       2219
20200630      -1156       1063
20200731       2325       3388
20200831       1694       5081
20200930      -3931       1150
20201030          0       1150
20201130       -169        981
20201231       1900       2881      -1306
20210129        288       3169
20210226       1506       4675
20210331      -1706       2969
20210430          0       2969
20210528        731       3700
20210630      -1550       2150
20210730      -2044        106
20210831       -706       -600
20210930       -313       -912
20211029      -1925      -2837
20211130       3088        250
20211231      -3300      -3050      -5931
20220131          0      -3050
20220228          0      -3050
20220331        244      -2806        244
-----------------------------------------
-----------------------------------------
Sys Name : TF-Boll-FR_1R
Mkt Symb : CL Mkt Name : Crude
Profit/Loss : 36930.0
Num Trades : 45
Percent Wins : 0.267
Avg Win  : 12550.83
Avg Loss : -3447.88
Avg Trade: 820.67
Max DrawDown: 52170.0
Avg DrawDown: 18260.83
AVG Monthly Return: 251.22449
Monthly StdDev: 5226.21001
-----------------------------------------
20100129          0          0
20100226      -6120      -6120
20100331          0      -6120
20100430      -5420     -11540
20100528       4160      -7380
20100630       -580      -7960
20100730      -2950     -10910
20100831       -820     -11730
20100930          0     -11730
20101029      -2760     -14490
20101130      -1110     -15600
20101231       2020     -13580     -13580
20110131      -4620     -18200
20110228       -720     -18920
20110331       8970      -9950
20110429       6650      -3300
20110531     -12270     -15570
20110630      -1140     -16710
20110729         40     -16670
20110831       7020      -9650
20110930       9830        180
20111031     -10020      -9840
20111130        800      -9040
20111230      -1750     -10790       2790
20120131       -520     -11310
20120229        490     -10820
20120330      -4970     -15790
20120430          0     -15790
20120531      11690      -4100
20120629       1900      -2200
20120731      -2800      -5000
20120831      -3760      -8760
20120928          0      -8760
20121031       -340      -9100
20121130      -2240     -11340
20121231      -1410     -12750      -1960
20130131       1530     -11220
20130228      -6040     -17260
20130329          0     -17260
20130430      -4690     -21950
20130531          0     -21950
20130628      -4590     -26540
20130731       5560     -20980
20130830       2760     -18220
20130930      -4530     -22750
20131031       2980     -19770
20131129       4310     -15460
20131231      -7390     -22850     -10100
20140131          0     -22850
20140228       1630     -21220
20140331      -5110     -26330
20140430          0     -26330
20140530      -1300     -27630
20140630       3150     -24480
20140731      -3780     -28260
20140829      -2000     -30260
20140930       3580     -26680
20141031       9870     -16810
20141128      14410      -2400
20141231      13210      10810      33660
20150130       5510      16320
20150227       -840      15480
20150331       4150      19630
20150430      -4340      15290
20150529       -290      15000
20150630      -1240      13760
20150731       1700      15460
20150831      -1540      13920
20150930       4410      18330
20151030      -4220      14110
20151130        510      14620
20151231       5840      20460       9650
20160129       4390      24850
20160229       2030      26880
20160331      -4410      22470
20160429        890      23360
20160531       2500      25860
20160630      -1300      24560
20160729      -2490      22070
20160831      -5630      16440
20160930          0      16440
20161031          0      16440
20161130          0      16440
20161230       -460      15980      -4480
20170131      -1690      14290
20170228      -1090      13200
20170331      -1550      11650
20170428      -2430       9220
20170531      -3720       5500
20170630       -410       5090
20170731      -2240       2850
20170831          0       2850
20170929        -20       2830
20171031       2480       5310
20171130       2830       8140
20171229       2980      11120      -4860
20180131       4360      15480
20180228      -6050       9430
20180329          0       9430
20180430       1580      11010
20180531      -1610       9400
20180629       -100       9300
20180731      -6180       3120
20180831          0       3120
20180928        550       3670
20181031      -3880       -210
20181130      12800      12590
20181231       5790      18380       7260
20190131      -8140      10240
20190228       -980       9260
20190329          0       9260
20190430       1550      10810
20190531      -4280       6530
20190628      -4730       1800
20190731      -1700        100
20190830      -4410      -4310
20190930      -7110     -11420
20191031      -4250     -15670
20191129          0     -15670
20191231       1400     -14270     -32650
20200131      -3590     -17860
20200228       7070     -10790
20200331      24660      13870
20200430       7300      21170
20200529     -16680       4490
20200630          0       4490
20200731          0       4490
20200831          0       4490
20200930          0       4490
20201030      -1340       3150
20201130      -4940      -1790
20201231       2970       1180      15450
20210129       3630       4810
20210226       9280      14090
20210331      -2370      11720
20210430       4370      16090
20210528       2730      18820
20210630       7410      26230
20210730      -7020      19210
20210831          0      19210
20210930       -230      18980
20211029       9090      28070
20211130      -9090      18980
20211231          0      18980      17800
20220131       2660      21640
20220228       9400      31040
20220331       5890      36930      17950
-----------------------------------------
-----------------------------------------
Sys Name : TF-Boll-FR_1R
Mkt Symb : NG Mkt Name : Nat.Gas
Profit/Loss : 1960.0
Num Trades : 46
Percent Wins : 0.304
Avg Win  : 6171.43
Avg Loss : -2641.88
Avg Trade: 42.61
Max DrawDown: 28490.0
Avg DrawDown: 11554.17
AVG Monthly Return: 13.33333
Monthly StdDev: 3344.33304
-----------------------------------------
20100129          0          0
20100226          0          0
20100331       5160       5160
20100430        380       5540
20100528      -3630       1910
20100630      -6770      -4860
20100730      -1800      -6660
20100831       1190      -5470
20100930        720      -4750
20101029       1830      -2920
20101130      -2540      -5460
20101231          0      -5460      -5460
20110131      -3820      -9280
20110228       -980     -10260
20110331      -2420     -12680
20110429          0     -12680
20110531        -20     -12700
20110630      -3000     -15700
20110729          0     -15700
20110831       -690     -16390
20110930       4510     -11880
20111031       -740     -12620
20111130       5260      -7360
20111230       5990      -1370       4090
20120131       5260       3890
20120229        270       4160
20120330       5830       9990
20120430       -710       9280
20120531      -2440       6840
20120629       -230       6610
20120731       4030      10640
20120831      -5280       5360
20120928          0       5360
20121031       -870       4490
20121130      -1500       2990
20121231       -390       2600       3970
20130131        310       2910
20130228       -890       2020
20130329       -420       1600
20130430       2820       4420
20130531      -4060        360
20130628        550        910
20130731       1220       2130
20130830       -950       1180
20130930      -1360       -180
20131031          0       -180
20131129      -2360      -2540
20131231       1610       -930      -3530
20140131       2640       1710
20140228       4910       6620
20140331      -2410       4210
20140430       4260       8470
20140530      -3750       4720
20140630          0       4720
20140731       4620       9340
20140829      -1820       7520
20140930       -640       6880
20141031      -1470       5410
20141128      -6910      -1500
20141231       9870       8370       9300
20150130       1670      10040
20150227       -290       9750
20150331       1180      10930
20150430       -720      10210
20150529      -3310       6900
20150630          0       6900
20150731          0       6900
20150831       -530       6370
20150930        660       7030
20151030       4930      11960
20151130       2070      14030
20151231       -520      13510       5140
20160129        360      13870
20160229       6340      20210
20160331      -1720      18490
20160429      -1360      17130
20160531          0      17130
20160630       4510      21640
20160729       -130      21510
20160831      -3590      17920
20160930      -1970      15950
20161031         50      16000
20161130      -2650      13350
20161230          0      13350       -160
20170131          0      13350
20170228        360      13710
20170331      -3390      10320
20170428      -1450       8870
20170531          0       8870
20170630         10       8880
20170731       2240      11120
20170831      -2130       8990
20170929       -210       8780
20171031      -2120       6660
20171130      -2550       4110
20171229        630       4740      -8610
20180131      -1570       3170
20180228      -3660       -490
20180329          0       -490
20180430          0       -490
20180531       -140       -630
20180629       -280       -910
20180731       -870      -1780
20180831          0      -1780
20180928       -130      -1910
20181031       1920         10
20181130      13040      13050
20181231     -10740       2310      -2430
20190131          0       2310
20190228          0       2310
20190329          0       2310
20190430          0       2310
20190531        180       2490
20190628       1290       3780
20190731        570       4350
20190830       -480       3870
20190930      -3410        460
20191031          0        460
20191129      -2910      -2450
20191231       1070      -1380      -3690
20200131       3250       1870
20200228       1690       3560
20200331       1200       4760
20200430      -2980       1780
20200529         40       1820
20200630       1520       3340
20200731        110       3450
20200831        700       4150
20200930      -5110       -960
20201030          0       -960
20201130      -1350      -2310
20201231       3230        920       2300
20210129      -3600      -2680
20210226          0      -2680
20210331          0      -2680
20210430          0      -2680
20210528      -3050      -5730
20210630       3910      -1820
20210730       2820       1000
20210831       4430       5430
20210930      14230      19660
20211029      -6220      13440
20211130      -4060       9380
20211231        -50       9330       8410
20220131     -11040      -1710
20220228          0      -1710
20220331       3670       1960      -7370
-----------------------------------------
-----------------------------------------
Sys Name : TF-Boll-FR_1R
Mkt Symb : HO Mkt Name : H.Oil
Profit/Loss : 36816.2
Num Trades : 47
Percent Wins : 0.255
Avg Win  : 18576.7
Avg Loss : -5320.12
Avg Trade: 783.32
Max DrawDown: 101087.2
Avg DrawDown: 25907.42
AVG Monthly Return: 250.45034
Monthly StdDev: 6085.64355
-----------------------------------------
20100129          0          0
20100226      -6400      -6400
20100331          0      -6400
20100430       2755      -3645
20100528     -10730     -14375
20100630      -5447     -19822
20100730      -6203     -26025
20100831      -1994     -28019
20100930       1382     -26637
20101029      -1995     -28632
20101130       2957     -25676
20101231       8635     -17040     -17040
20110131       8291      -8750
20110228       7673      -1076
20110331       6628       5551
20110429       6241      11793
20110531     -12372       -580
20110630      -3608      -4188
20110729      -5421      -9609
20110831      -8256     -17865
20110930       1705     -16160
20111031      -8303     -24463
20111130      -9008     -33471
20111230      -4956     -38427     -21387
20120131      -3006     -41433
20120229       1033     -40400
20120330      -2104     -42504
20120430      -2263     -44767
20120531      12823     -31945
20120629       -428     -32373
20120731      -7870     -40243
20120831         25     -40218
20120928       -701     -40919
20121031      -5190     -46110
20121130          0     -46110
20121231      -4632     -50742     -12315
20130131          0     -50742
20130228      -5342     -56083
20130329      -3515     -59599
20130430       7237     -52362
20130531       2247     -50115
20130628      -6224     -56339
20130731        235     -56103
20130830      -5358     -61462
20130930      -5594     -67055
20131031      -1453     -68509
20131129      -2456     -70965
20131231      -1697     -72662     -21920
20140131      -1469     -74131
20140228       4578     -69553
20140331      -3431     -72984
20140430      -3002     -75986
20140530          0     -75986
20140630      -6400     -82386
20140731      -3086     -85473
20140829       1424     -84049
20140930       8883     -75166
20141031       5380     -69786
20141128      11857     -57929
20141231      12604     -45325      27337
20150130       4633     -40692
20150227     -12389     -53081
20150331          0     -53081
20150430          0     -53081
20150529          0     -53081
20150630          0     -53081
20150731       4246     -48835
20150831      -4003     -52838
20150930       7909     -44929
20151030       1714     -43216
20151130       7846     -35370
20151231      10899     -24471      20854
20160129       2394     -22077
20160229         -8     -22085
20160331      -3771     -25856
20160429       3163     -22694
20160531       4351     -18342
20160630       -895     -19237
20160729      -4065     -23302
20160831      -8403     -31705
20160930          0     -31705
20161031      -5435     -37140
20161130       -995     -38135
20161230       2465     -35669     -11198
20170131      -5140     -40809
20170228          0     -40809
20170331      -2549     -43359
20170428      -2595     -45953
20170531      -4090     -50043
20170630      -2079     -52122
20170731      -1591     -53713
20170831       3112     -50601
20170929       3150     -47451
20171031       3007     -44444
20171130        605     -43839
20171229       7182     -36657       -988
20180131        286     -36372
20180228      -5010     -41381
20180329          0     -41381
20180430       -844     -42226
20180531       2516     -39710
20180629      -5808     -45518
20180731          0     -45518
20180831          0     -45518
20180928       2377     -43140
20181031      -4095     -47235
20181130       8712     -38524
20181231       6065     -32459       4198
20190131      -8446     -40905
20190228      -2834     -43739
20190329          0     -43739
20190430          0     -43739
20190531      -2099     -45839
20190628      -3843     -49682
20190731      -2108     -51789
20190830      -2885     -54675
20190930      -8206     -62881
20191031       -184     -63065
20191129          0     -63065
20191231        462     -62603     -30144
20200131       5541     -57062
20200228       6229     -50833
20200331      19992     -30841
20200430      10987     -19854
20200529      -6989     -26843
20200630      -5757     -32600
20200731          0     -32600
20200831          0     -32600
20200930          0     -32600
20201030        403     -32197
20201130      -2666     -34863
20201231       4696     -30168      32435
20210129       4805     -25363
20210226      10576     -14787
20210331      -3137     -17925
20210430       6350     -11574
20210528       4931      -6644
20210630       3688      -2956
20210730      -5203      -8159
20210831      -5795     -13954
20210930       5368      -8587
20211029       6258      -2329
20211130      -8462     -10791
20211231          0     -10791      19377
20220131       5137      -5654
20220228      10559       4905
20220331      31912      36816      47607
-----------------------------------------
-----------------------------------------
Sys Name : TF-Boll-FR_1R
Mkt Symb : GC Mkt Name : Gold
Profit/Loss : -16080.0
Num Trades : 45
Percent Wins : 0.356
Avg Win  : 6788.75
Avg Loss : -4303.45
Avg Trade: -357.33
Max DrawDown: 81130.0
Avg DrawDown: 18757.5
AVG Monthly Return: -109.38776
Monthly StdDev: 5384.71075
-----------------------------------------
20100129          0          0
20100226          0          0
20100331          0          0
20100430       2830       2830
20100528       3180       6010
20100630       3090       9100
20100730      -5500       3600
20100831          0       3600
20100930       4030       7630
20101029       4800      12430
20101130       2700      15130
20101231       3530      18660      18660
20110131      -7660      11000
20110228      -3780       7220
20110331      -5320       1900
20110429      11650      13550
20110531      -2060      11490
20110630      -3400       8090
20110729       3540      11630
20110831      20050      31680
20110930     -16870      14810
20111031          0      14810
20111130          0      14810
20111230       2430      17240      -1420
20120131     -11220       6020
20120229          0       6020
20120330          0       6020
20120430          0       6020
20120531       3850       9870
20120629      -4000       5870
20120731       -650       5220
20120831       3030       8250
20120928       8630      16880
20121031      -5480      11400
20121130      -3010       8390
20121231       -950       7440      -9800
20130131       1590       9030
20130228       8390      17420
20130328      -1560      15860
20130430      12360      28220
20130531       7990      36210
20130628      16930      53140
20130731      -8890      44250
20130830      -3970      40280
20130930          0      40280
20131031          0      40280
20131129       1220      41500
20131231       4810      46310      38870
20140131      -6660      39650
20140228      -1310      38340
20140331      -3780      34560
20140430         20      34580
20140530        450      35030
20140630      -5630      29400
20140731          0      29400
20140829          0      29400
20140930       3050      32450
20141031       4000      36450
20141128       -320      36130
20141231      -4940      31190     -15120
20150130       2320      33510
20150227      -6230      27280
20150331      -7310      19970
20150430          0      19970
20150529          0      19970
20150630          0      19970
20150731       6040      26010
20150831      -6520      19490
20150930          0      19490
20151030      -4400      15090
20151130       -820      14270
20151231        510      14780     -16410
20160129      -4800       9980
20160229       5610      15590
20160331        -70      15520
20160429       5490      21010
20160531      -5260      15750
20160630      -4370      11380
20160729       2940      14320
20160831      -4580       9740
20160930          0       9740
20161031       1510      11250
20161130       2850      14100
20161230       2220      16320       1540
20170131      -6870       9450
20170228          0       9450
20170331          0       9450
20170428      -2450       7000
20170531      -3090       3910
20170630      -4120       -210
20170731      -4090      -4300
20170831       2010      -2290
20170929      -4370      -6660
20171031          0      -6660
20171130          0      -6660
20171229      -3640     -10300     -26620
20180131       1250      -9050
20180228      -2520     -11570
20180329       -990     -12560
20180430       -730     -13290
20180531       1980     -11310
20180629       5020      -6290
20180731       3050      -3240
20180831       2690       -550
20180928       1050        500
20181031      -2820      -2320
20181130          0      -2320
20181231       3390       1070      11370
20190131       3770       4840
20190228       -910       3930
20190329      -3570        360
20190430      -1030       -670
20190531      -1620      -2290
20190628       6800       4510
20190731       1120       5630
20190830       9160      14790
20190930      -5650       9140
20191031        610       9750
20191129      -1030       8720
20191231      -2650       6070       5000
20200131       4360      10430
20200228      -2120       8310
20200331     -10180      -1870
20200430       9760       7890
20200529       3490      11380
20200630      -6110       5270
20200731      13420      18690
20200831       -730      17960
20200930      -9530       8430
20201030          0       8430
20201130       6120      14550
20201231     -12160       2390      -3680
20210129      -3860      -1470
20210226      12150      10680
20210331       1560      12240
20210430      -8140       4100
20210528       2730       6830
20210630     -11230      -4400
20210730          0      -4400
20210831      -9030     -13430
20210930      -3000     -16430
20211029      -3190     -19620
20211130      -4890     -24510
20211231          0     -24510     -26900
20220131          0     -24510
20220228       3590     -20920
20220331       4840     -16080       8430
-----------------------------------------
-----------------------------------------
Sys Name : TF-Boll-FR_1R
Mkt Symb : HG Mkt Name : Copper
Profit/Loss : 22612.5
Num Trades : 42
Percent Wins : 0.381
Avg Win  : 6798.44
Avg Loss : -3317.79
Avg Trade: 538.39
Max DrawDown: 31100.0
Avg DrawDown: 13210.42
AVG Monthly Return: 153.82653
Monthly StdDev: 4261.82697
-----------------------------------------
20100129      -5425      -5425
20100226      -8488     -13913
20100331       -475     -14388
20100430      -4800     -19188
20100528      -2100     -21288
20100630       4200     -17088
20100730      -6000     -23088
20100831          0     -23088
20100930       4563     -18525
20101029       2050     -16475
20101130       2063     -14412
20101231      15537       1125       1125
20110131        288       1413
20110228        475       1887
20110331      -5750      -3863
20110429       -500      -4362
20110531         38      -4325
20110630       -587      -4912
20110729          0      -4912
20110831      -6612     -11525
20110930      17388       5863
20111031     -12000      -6137
20111130       1775      -4362
20111230      -1487      -5850      -6975
20120131       1975      -3875
20120229       2000      -1875
20120330      -1362      -3237
20120430      -2538      -5775
20120531       6637        863
20120629      -3137      -2275
20120731       1975       -300
20120831      -1025      -1325
20120928       5262       3938
20121031      -5100      -1162
20121130          0      -1162
20121231          0      -1162       4687
20130131          0      -1162
20130228          0      -1162
20130329       1825        663
20130430       5500       6163
20130531      -2625       3538
20130628       5963       9500
20130731      -1525       7975
20130830      -2338       5638
20130930          0       5638
20131031          0       5638
20131129      -1450       4188
20131231       -888       3300       4462
20140131      -2863        438
20140228          0        438
20140331       2037       2475
20140430       -837       1638
20140530      -1587         50
20140630          0         50
20140731        438        488
20140829      -2225      -1737
20140930        800       -937
20141031       -987      -1925
20141128       5538       3613
20141231        512       4125        825
20150130       8275      12400
20150227      -5425       6975
20150331       -225       6750
20150430        712       7463
20150529      -3950       3513
20150630      -1362       2150
20150731       6288       8438
20150831        325       8763
20150930      -3625       5138
20151030          0       5138
20151130       4962      10100
20151231      -2163       7938       3812
20160129       1700       9638
20160229      -1000       8638
20160331       -900       7738
20160429      -1737       6000
20160531          0       6000
20160630          0       6000
20160729          0       6000
20160831          0       6000
20160930          0       6000
20161031          0       6000
20161130       8700      14700
20161230      -3187      11513       3575
20170131       5550      17063
20170228       -725      16338
20170331      -2150      14188
20170428      -2325      11863
20170531      -2475       9388
20170630      -1125       8263
20170731       4237      12500
20170831       4600      17100
20170929      -3588      13513
20171031       3650      17163
20171130      -1750      15413
20171229        938      16350       4837
20180131      -4175      12175
20180228          0      12175
20180329       -562      11613
20180430      -3600       8013
20180531          0       8013
20180629      -2438       5575
20180731       3363       8938
20180831       4575      13513
20180928      -4950       8563
20181031          0       8563
20181130          0       8563
20181231        300       8863      -7487
20190131      -2687       6175
20190228       2175       8350
20190329       -300       8050
20190430       -950       7100
20190531        350       7450
20190628      -1850       5600
20190731      -1462       4138
20190830         25       4163
20190930      -2663       1500
20191031      -2800      -1300
20191129          0      -1300
20191231       1763        463      -8400
20200131      -1338       -875
20200228       -475      -1350
20200331       7800       6450
20200430      -3025       3425
20200529      -1700       1725
20200630       1162       2888
20200731       3488       6375
20200831       4337      10713
20200930       -725       9988
20201030      -5875       4113
20201130       9250      13363
20201231       2025      15388      14925
20210129        925      16313
20210226      13187      29500
20210331      -2425      27075
20210430      11875      38950
20210528       5238      44188
20210630      -9112      35075
20210730          0      35075
20210831      -5987      29088
20210930        112      29200
20211029      -9363      19838
20211130          0      19838
20211231          0      19838       4450
20220131          0      19838
20220228      -4638      15200
20220331       7412      22612       2775
-----------------------------------------
-----------------------------------------
Sys Name : TF-Boll-FR_1R
Mkt Symb : SI Mkt Name : Silver
Profit/Loss : -84885.0
Num Trades : 49
Percent Wins : 0.327
Avg Win  : 10073.44
Avg Loss : -7459.39
Avg Trade: -1732.35
Max DrawDown: 185770.0
Avg DrawDown: 33448.75
AVG Monthly Return: -577.44898
Monthly StdDev: 10686.02144
-----------------------------------------
20100129         70         70
20100226      -1545      -1475
20100331      -4150      -5625
20100430          0      -5625
20100528      -3895      -9520
20100630      -7920     -17440
20100730      -5980     -23420
20100831      -1205     -24625
20100930      11945     -12680
20101029      13715       1035
20101130      18015      19050
20101231      13625      32675      32675
20110131     -20450      12225
20110228       9290      21515
20110331      20340      41855
20110429      53450      95305
20110531     -67130      28175
20110630          0      28175
20110729          0      28175
20110831      -9875      18300
20110930       2400      20700
20111031     -21355       -655
20111130       8235       7580
20111230      24445      32025       -650
20120131     -17975      14050
20120229      -9415       4635
20120330     -12660      -8025
20120430          0      -8025
20120531       8910        885
20120629        945       1830
20120731      -1510        320
20120831       5035       5355
20120928      15675      21030
20121031     -11305       9725
20121130      -5625       4100
20121231       3385       7485     -24540
20130131     -11185      -3700
20130228       5560       1860
20130329        545       2405
20130430      20900      23305
20130531       9710      33015
20130628      13995      47010
20130731       -790      46220
20130830     -14835      31385
20130930     -10885      20500
20131031          0      20500
20131129          0      20500
20131231       1305      21805      14320
20140131       1250      23055
20140228     -10895      12160
20140331      -4835       7325
20140430          0       7325
20140530        345       7670
20140630      -6195       1475
20140731      -4520      -3045
20140829      -1980      -5025
20140930       5720        695
20141031       4755       5450
20141128       3025       8475
20141231       -215       8260     -13545
20150130      -9250       -990
20150227      -2710      -3700
20150331          0      -3700
20150430          0      -3700
20150529          0      -3700
20150630          0      -3700
20150731       2795       -905
20150831        920         15
20150930      -3665      -3650
20151030      -2560      -6210
20151130      -2415      -8625
20151231          0      -8625     -16885
20160129          0      -8625
20160229      -4880     -13505
20160331       2730     -10775
20160429      11530        755
20160531      -8955      -8200
20160630       2215      -5985
20160729       8620       2635
20160831      -9635      -7000
20160930          0      -7000
20161031      -1535      -8535
20161130      -3410     -11945
20161230       2465      -9480       -855
20170131      -6445     -15925
20170228          0     -15925
20170331          0     -15925
20170428          0     -15925
20170531      -3735     -19660
20170630      -1065     -20725
20170731      -4295     -25020
20170831       -830     -25850
20170929      -4825     -30675
20171031          0     -30675
20171130        100     -30575
20171229      -2525     -33100     -23620
20180131          0     -33100
20180228          0     -33100
20180329          0     -33100
20180430          0     -33100
20180531          0     -33100
20180629      -2315     -35415
20180731       3195     -32220
20180831       5635     -26585
20180928       -775     -27360
20181031       2150     -25210
20181130      -2965     -28175
20181231       2690     -25485       7615
20190131       2660     -22825
20190228      -2680     -25505
20190329      -1895     -27400
20190430       -565     -27965
20190531       2085     -25880
20190628      -2695     -28575
20190731       3780     -24795
20190830       8960     -15835
20190930      -6720     -22555
20191031       5345     -17210
20191129      -2790     -20000
20191231      -5350     -25350        135
20200131      -5275     -30625
20200228      -3890     -34515
20200331       6105     -28410
20200430      -3430     -31840
20200529      -6360     -38200
20200630          0     -38200
20200731      20475     -17725
20200831      21115       3390
20200930     -28090     -24700
20201030          0     -24700
20201130      -2385     -27085
20201231     -12215     -39300     -13950
20210129     -12235     -51535
20210226      -2640     -54175
20210331      -6735     -60910
20210430      -8315     -69225
20210528      -1305     -70530
20210630      -7070     -77600
20210730      -5015     -82615
20210831       7935     -74680
20210930       9795     -64885
20211029     -10715     -75600
20211130          0     -75600
20211231      -8900     -84500     -45200
20220131          0     -84500
20220228      -4220     -88720
20220331       3835     -84885       -385
-----------------------------------------
