-----------------------------------------
Sys Name : TF-Bollinger_PB_1R
Mkt Symb : TY Mkt Name : TenYr
Profit/Loss : 20760.2
Num Trades : 30
Percent Wins : 0.4
Avg Win  : 3022.28
Avg Loss : -861.51
Avg Trade: 692.01
Max DrawDown: 13860.35
Avg DrawDown: 3767.47
AVG Monthly Return: 141.22585
Monthly StdDev: 1284.17641
-----------------------------------------
20100129          0          0
20100226          0          0
20100331          0          0
20100430          0          0
20100528          0          0
20100630       3156       3156
20100730       1266       4422
20100831       2625       7047
20100930        422       7469
20101029        234       7703
20101130      -1097       6606
20101231       -312       6294       6294
20110131       -359       5934
20110228        516       6450
20110331       -424       6026
20110429          0       6026
20110531          0       6026
20110630       -250       5776
20110729       3359       9135
20110831       4312      13447
20110930       1062      14510
20111031      -2285      12225
20111130          0      12225
20111230        500      12725       6432
20120131       1125      13850
20120229      -1016      12835
20120330      -1036      11799
20120430       -955      10844
20120531       1438      12281
20120629       -562      11719
20120731       1281      13000
20120831      -1520      11481
20120928          0      11481
20121031          0      11481
20121130          0      11481
20121231          0      11481      -1245
20130131          0      11481
20130228          0      11481
20130329          0      11481
20130430          0      11481
20130531      -1332      10148
20130628          0      10148
20130731       -188       9961
20130830        984      10945
20130930      -1158       9787
20131031          0       9787
20131129        -47       9740
20131231      -1051       8689      -2792
20140131          0       8689
20140228          0       8689
20140331          0       8689
20140430          0       8689
20140530          0       8689
20140630        234       8923
20140731      -1301       7622
20140829        453       8075
20140930      -1255       6820
20141031       -703       6117
20141128       1312       7430
20141231       -250       7180      -1509
20150130       4078      11258
20150227      -3519       7738
20150331          0       7738
20150430          0       7738
20150529          0       7738
20150630       -562       7176
20150731      -1018       6158
20150831       -906       5252
20150930       1672       6923
20151030      -1047       5877
20151130       -300       5576
20151231          0       5576      -1604
20160129          0       5576
20160229          0       5576
20160331        781       6357
20160429      -1144       5213
20160531          0       5213
20160630       1672       6885
20160729         62       6948
20160831      -1410       5537
20160930          0       5537
20161031        516       6053
20161130      -1174       4879
20161230       -312       4567      -1009
20170131       -188       4379
20170228       -627       3752
20170331          0       3752
20170428        359       4111
20170531        875       4986
20170630       -766       4221
20170731       -301       3920
20170831          0       3920
20170929       -926       2993
20171031       -203       2790
20171130        656       3447
20171229          0       3447      -1120
20180131       2469       5915
20180228        969       6884
20180329      -1094       5790
20180430       1516       7306
20180531       -706       6600
20180629          0       6600
20180731          0       6600
20180831          0       6600
20180928          0       6600
20181031       -203       6396
20181130       -658       5739
20181231       1578       7317       3870
20190131        453       7770
20190228       -797       6973
20190329       2219       9192
20190430       -547       8645
20190531       2750      11395
20190628       1219      12614
20190731       -547      12067
20190830       3641      15707
20190930      -2786      12922
20191031          0      12922
20191129          0      12922
20191231          0      12922       5605
20200131          0      12922
20200228       4312      17234
20200331       3938      21172
20200430        375      21547
20200529        266      21813
20200630      -2128      19684
20200731          0      19684
20200831      -1003      18681
20200930          0      18681
20201030        672      19353
20201130      -1284      18069
20201231         94      18163       5241
20210129       1047      19210
20210226       3219      22429
20210331       1781      24210
20210430      -1094      23116
20210528      -1409      21707
20210630          0      21707
20210730       1484      23191
20210831       -406      22785
20210930       -723      22062
20211029        812      22874
20211130      -1315      21559
20211231          0      21559       3396
20220131        234      21793
20220228        469      22262
20220331      -1502      20760       -799
-----------------------------------------
-----------------------------------------
Sys Name : TF-Bollinger_PB_1R
Mkt Symb : FV Mkt Name : FiveYr
Profit/Loss : 18207.44
Num Trades : 31
Percent Wins : 0.258
Avg Win  : 3738.8
Avg Loss : -511.0
Avg Trade: 587.34
Max DrawDown: 9242.05
Avg DrawDown: 1846.51
AVG Monthly Return: 123.86012
Monthly StdDev: 766.28303
-----------------------------------------
20100129          0          0
20100226          0          0
20100331          0          0
20100430          0          0
20100528        469        469
20100630       1680       2148
20100730       1477       3625
20100831       1242       4867
20100930        547       5414
20101029        711       6125
20101130      -1243       4882
20101231       -164       4718       4718
20110131       -695       4022
20110228        555       4577
20110331       -147       4430
20110429          0       4430
20110531          0       4430
20110630        -47       4383
20110729       2250       6633
20110831       2031       8665
20110930        -62       8602
20111031       -792       7810
20111130          0       7810
20111230          0       7810       3093
20120131          0       7810
20120229          0       7810
20120330       -352       7459
20120430       -527       6932
20120531          0       6932
20120629          0       6932
20120731          0       6932
20120831          0       6932
20120928       -289       6643
20121031          0       6643
20121130          0       6643
20121231          0       6643      -1168
20130131          0       6643
20130228       -521       6122
20130329          0       6122
20130430          0       6122
20130531       -574       5547
20130628       1547       7094
20130731       -320       6774
20130830        773       7547
20130930       -623       6924
20131031          0       6924
20131129        367       7291
20131231       -953       6338       -305
20140131          0       6338
20140228          0       6338
20140331          0       6338
20140430          0       6338
20140530        258       6595
20140630       -958       5638
20140731          0       5638
20140829        164       5802
20140930       -489       5313
20141031        -94       5219
20141128        789       6008
20141231      -1145       4863      -1474
20150130          0       4863
20150227       -548       4316
20150331          0       4316
20150430       -477       3839
20150529       -417       3423
20150630          0       3423
20150731          0       3423
20150831        -39       3383
20150930       1078       4462
20151030       -818       3644
20151130          0       3644
20151231          0       3644      -1220
20160129          0       3644
20160229         31       3675
20160331      -1434       2241
20160429          0       2241
20160531          0       2241
20160630        969       3210
20160729       -148       3061
20160831       -834       2228
20160930          0       2228
20161031         78       2306
20161130       -542       1764
20161230       -164       1600      -2044
20170131       -203       1397
20170228       -617        779
20170331          0        779
20170428        188        967
20170531        430       1397
20170630       -477        920
20170731       -163        758
20170831          0        758
20170929       -546        212
20171031         62        274
20171130        656        930
20171229        180       1110       -490
20180131       1453       2563
20180228        484       3048
20180329       -531       2516
20180430        953       3469
20180531       -495       2974
20180629          0       2974
20180731          0       2974
20180831          0       2974
20180928          0       2974
20181031       -427       2547
20181130          0       2547
20181231       1188       3735       2625
20190131        172       3907
20190228       -453       3454
20190329       1266       4719
20190430       -188       4532
20190531       1523       6055
20190628        789       6844
20190731       -602       6243
20190830       1977       8219
20190930      -1401       6818
20191031          0       6818
20191129          0       6818
20191231          0       6818       3083
20200131          0       6818
20200228       2617       9435
20200331       2609      12045
20200430        125      12170
20200529        312      12482
20200630        117      12599
20200731        383      12982
20200831       -558      12425
20200930          0      12425
20201030         55      12479
20201130       -518      11961
20201231       -109      11852       5033
20210129       -372      11480
20210226          0      11480
20210331        539      12019
20210430       -539      11480
20210528       -549      10931
20210630          0      10931
20210730        523      11454
20210831       -708      10746
20210930          0      10746
20211029       1336      12082
20211130       -250      11832
20211231        422      12254        403
20220131       1773      14028
20220228        586      14614
20220331       3594      18207       5953
-----------------------------------------
-----------------------------------------
Sys Name : TF-Bollinger_PB_1R
Mkt Symb : US Mkt Name : 30YrBnd
Profit/Loss : 52677.2
Num Trades : 36
Percent Wins : 0.417
Avg Win  : 6533.62
Avg Loss : -2158.43
Avg Trade: 1463.26
Max DrawDown: 26949.0
Avg DrawDown: 9329.68
AVG Monthly Return: 358.3483
Monthly StdDev: 3140.16281
-----------------------------------------
20100129      -2925      -2925
20100226          0      -2925
20100331          0      -2925
20100430          0      -2925
20100528          0      -2925
20100630       5500       2575
20100730       1219       3794
20100831       7688      11481
20100930      -1312      10169
20101029      -3331       6838
20101130      -1375       5463
20101231       5156      10619      10619
20110131       1500      12119
20110228      -1281      10838
20110331       -269      10568
20110429          0      10568
20110531          0      10568
20110630       -906       9662
20110729       5094      14756
20110831       9156      23912
20110930       6594      30506
20111031      -7205      23301
20111130          0      23301
20111230        656      23957      13338
20120131      -3175      20782
20120229          0      20782
20120330         31      20813
20120430      -3051      17762
20120531          0      17762
20120629       -781      16981
20120731       3062      20044
20120831      -3300      16744
20120928      -2957      13787
20121031          0      13787
20121130          0      13787
20121231          0      13787     -10170
20130131          0      13787
20130228      -1688      12100
20130329       -269      11830
20130430       2438      14268
20130531      -4018      10250
20130628          0      10250
20130731        750      11000
20130830        750      11750
20130930      -1145      10605
20131031          0      10605
20131129      -2424       8182
20131231          0       8182      -5605
20140131          0       8182
20140228       1125       9307
20140331        156       9463
20140430       1719      11182
20140530       3281      14463
20140630       -281      14182
20140731      -2799      11383
20140829       4125      15508
20140930      -3862      11646
20141031       -656      10990
20141128       2969      13959
20141231       1938      15896       7714
20150130       6719      22615
20150227      -7049      15566
20150331          0      15566
20150430          0      15566
20150529      -1625      13941
20150630       4781      18722
20150731      -3801      14921
20150831      -2750      12171
20150930      -2392       9778
20151030          0       9778
20151130          0       9778
20151231          0       9778      -6118
20160129          0       9778
20160229          0       9778
20160331       1906      11685
20160429      -2800       8885
20160531          0       8885
20160630       6500      15385
20160729       2094      17479
20160831      -2625      14854
20160930      -1674      13180
20161031       2062      15242
20161130      10094      25336
20161230        625      25961      16183
20170131       -188      25774
20170228      -1332      24441
20170331       -925      23516
20170428       -438      23079
20170531      -2362      20717
20170630       -250      20467
20170731      -1830      18637
20170831          0      18637
20170929      -2361      16276
20171031          0      16276
20171130          0      16276
20171229          0      16276      -9685
20180131       2344      18620
20180228       3375      21995
20180329      -3188      18807
20180430       -488      18319
20180531      -1425      16894
20180629          0      16894
20180731          0      16894
20180831          0      16894
20180928          0      16894
20181031       2125      19019
20181130      -2457      16562
20181231          0      16562        286
20190131        844      17406
20190228      -1594      15812
20190329       5188      21000
20190430      -3737      17262
20190531       5188      22450
20190628       1875      24325
20190731          0      24325
20190830      10437      34762
20190930      -2937      31825
20191031      -2675      29150
20191129          0      29150
20191231          0      29150      12588
20200131          0      29150
20200228      10156      39307
20200331       8812      48119
20200430       1969      50088
20200529      -1094      48994
20200630      -3580      45414
20200731          0      45414
20200831      -3049      42365
20200930          0      42365
20201030       1906      44271
20201130      -1250      43021
20201231       1719      44740      15590
20210129       4469      49209
20210226       7938      57146
20210331       4625      61771
20210430      -2656      59115
20210528      -3050      56065
20210630       1812      57877
20210730       3969      61846
20210831       -188      61659
20210930      -1706      59953
20211029      -2188      57765
20211130       -989      56777
20211231      -2580      54196       9456
20220131        438      54634
20220228        594      55227
20220331      -2550      52677      -1519
-----------------------------------------
-----------------------------------------
Sys Name : TF-Bollinger_PB_1R
Mkt Symb : CL Mkt Name : Crude
Profit/Loss : 12360.0
Num Trades : 41
Percent Wins : 0.22
Avg Win  : 14236.67
Avg Loss : -3619.38
Avg Trade: 301.46
Max DrawDown: 50390.0
Avg DrawDown: 16490.83
AVG Monthly Return: 84.08163
Monthly StdDev: 4705.13342
-----------------------------------------
20100129          0          0
20100226      -4240      -4240
20100331          0      -4240
20100430      -5250      -9490
20100528        930      -8560
20100630       -580      -9140
20100730      -2950     -12090
20100831       -770     -12860
20100930          0     -12860
20101029          0     -12860
20101130      -4500     -17360
20101231       2130     -15230     -15230
20110131      -4570     -19800
20110228          0     -19800
20110331       8970     -10830
20110429       6650      -4180
20110531     -12220     -16400
20110630      -1020     -17420
20110729         40     -17380
20110831       7020     -10360
20110930       9830       -530
20111031      -9970     -10500
20111130       2820      -7680
20111230      -1750      -9430       5800
20120131       -520      -9950
20120229      -1780     -11730
20120330      -2780     -14510
20120430          0     -14510
20120531          0     -14510
20120629          0     -14510
20120731      -3110     -17620
20120831      -3710     -21330
20120928          0     -21330
20121031          0     -21330
20121130      -1570     -22900
20121231      -1360     -24260     -14830
20130131       1990     -22270
20130228      -5990     -28260
20130329          0     -28260
20130430      -3100     -31360
20130531          0     -31360
20130628          0     -31360
20130731        420     -30940
20130830       2760     -28180
20130930      -4480     -32660
20131031          0     -32660
20131129       2570     -30090
20131231      -7340     -37430     -13170
20140131          0     -37430
20140228          0     -37430
20140331      -3510     -40940
20140430          0     -40940
20140530       -350     -41290
20140630       3150     -38140
20140731      -3730     -41870
20140829       -820     -42690
20140930       3580     -39110
20141031       9870     -29240
20141128      14410     -14830
20141231      13210      -1620      35810
20150130       5510       3890
20150227       -840       3050
20150331       4150       7200
20150430      -5050       2150
20150529        320       2470
20150630      -1240       1230
20150731      -2120       -890
20150831      -6520      -7410
20150930       4410      -3000
20151030      -4170      -7170
20151130       1360      -5810
20151231       5840         30       1650
20160129       4390       4420
20160229       2030       6450
20160331      -4360       2090
20160429          0       2090
20160531       4570       6660
20160630      -1300       5360
20160729      -2350       3010
20160831      -4350      -1340
20160930          0      -1340
20161031          0      -1340
20161130          0      -1340
20161230          0      -1340      -1370
20170131          0      -1340
20170228          0      -1340
20170331      -1000      -2340
20170428      -2380      -4720
20170531      -4020      -8740
20170630      -2340     -11080
20170731      -2190     -13270
20170831          0     -13270
20170929         90     -13180
20171031       2480     -10700
20171130       2830      -7870
20171229       2980      -4890      -3550
20180131       4360       -530
20180228      -6000      -6530
20180329          0      -6530
20180430       2160      -4370
20180531      -1610      -5980
20180629      -1560      -7540
20180731      -5140     -12680
20180831          0     -12680
20180928          0     -12680
20181031      -3260     -15940
20181130          0     -15940
20181231          0     -15940     -11050
20190131      -6650     -22590
20190228       -930     -23520
20190329          0     -23520
20190430          0     -23520
20190531      -1780     -25300
20190628      -3990     -29290
20190731      -1650     -30940
20190830          0     -30940
20190930      -2800     -33740
20191031          0     -33740
20191129          0     -33740
20191231          0     -33740     -17800
20200131      -2720     -36460
20200228       7020     -29440
20200331      24660      -4780
20200430       7300       2520
20200529     -16630     -14110
20200630          0     -14110
20200731          0     -14110
20200831          0     -14110
20200930          0     -14110
20201030      -1700     -15810
20201130      -1770     -17580
20201231       3930     -13650      20090
20210129       3630     -10020
20210226       9280       -740
20210331      -2370      -3110
20210430       4370       1260
20210528       2730       3990
20210630       7410      11400
20210730      -6970       4430
20210831          0       4430
20210930          0       4430
20211029          0       4430
20211130      -5650      -1220
20211231          0      -1220      12430
20220131          0      -1220
20220228       7690       6470
20220331       5890      12360      13580
-----------------------------------------
-----------------------------------------
Sys Name : TF-Bollinger_PB_1R
Mkt Symb : NG Mkt Name : Nat.Gas
Profit/Loss : 6700.0
Num Trades : 41
Percent Wins : 0.317
Avg Win  : 5826.92
Avg Loss : -2466.07
Avg Trade: 163.41
Max DrawDown: 24280.0
Avg DrawDown: 10261.67
AVG Monthly Return: 45.57823
Monthly StdDev: 3244.45494
-----------------------------------------
20100129          0          0
20100226          0          0
20100331          0          0
20100430       4530       4530
20100528      -3630        900
20100630      -6000      -5100
20100730      -1750      -6850
20100831          0      -6850
20100930       1210      -5640
20101029       1830      -3810
20101130      -2490      -6300
20101231          0      -6300      -6300
20110131      -2950      -9250
20110228       -280      -9530
20110331      -2370     -11900
20110429          0     -11900
20110531          0     -11900
20110630      -2900     -14800
20110729          0     -14800
20110831        270     -14530
20110930       4510     -10020
20111031       -740     -10760
20111130       5260      -5500
20111230       5990        490       6790
20120131       5260       5750
20120229        270       6020
20120330       5830      11850
20120430       -710      11140
20120531      -2390       8750
20120629          0       8750
20120731       4460      13210
20120831      -5230       7980
20120928          0       7980
20121031       -480       7500
20121130      -1450       6050
20121231          0       6050       5560
20130131        590       6640
20130228       -890       5750
20130329       -770       4980
20130430       4020       9000
20130531      -4060       4940
20130628       -260       4680
20130731       2470       7150
20130830       -950       6200
20130930      -1310       4890
20131031          0       4890
20131129      -2040       2850
20131231      -1730       1120      -4930
20140131      -2600      -1480
20140228       7740       6260
20140331      -2410       3850
20140430       4260       8110
20140530      -3700       4410
20140630          0       4410
20140731          0       4410
20140829      -1260       3150
20140930       -590       2560
20141031       -800       1760
20141128      -5860      -4100
20141231      10830       6730       5610
20150130       1670       8400
20150227       -290       8110
20150331       1180       9290
20150430       -720       8570
20150529       -540       8030
20150630          0       8030
20150731          0       8030
20150831          0       8030
20150930          0       8030
20151030          0       8030
20151130       3350      11380
20151231       -520      10860       4130
20160129        360      11220
20160229       6340      17560
20160331      -1720      15840
20160429      -1310      14530
20160531          0      14530
20160630          0      14530
20160729       1940      16470
20160831      -3540      12930
20160930      -1470      11460
20161031        100      11560
20161130      -3020       8540
20161230          0       8540      -2320
20170131          0       8540
20170228          0       8540
20170331      -2020       6520
20170428      -1400       5120
20170531          0       5120
20170630        480       5600
20170731       2240       7840
20170831      -2130       5710
20170929       -160       5550
20171031      -1460       4090
20171130        370       4460
20171229        630       5090      -3450
20180131      -1400       3690
20180228      -3220        470
20180329          0        470
20180430          0        470
20180531        510        980
20180629       -280        700
20180731       -820       -120
20180831          0       -120
20180928        360        240
20181031       1920       2160
20181130      13040      15200
20181231     -10690       4510       -580
20190131          0       4510
20190228          0       4510
20190329          0       4510
20190430          0       4510
20190531          0       4510
20190628        640       5150
20190731        570       5720
20190830       -480       5240
20190930      -2820       2420
20191031          0       2420
20191129      -2730       -310
20191231       1670       1360      -3150
20200131       3250       4610
20200228       1690       6300
20200331       1200       7500
20200430      -2930       4570
20200529        620       5190
20200630       1520       6710
20200731        110       6820
20200831      -1480       5340
20200930      -3650       1690
20201030          0       1690
20201130       -650       1040
20201231       3230       4270       2910
20210129      -3550        720
20210226          0        720
20210331          0        720
20210430          0        720
20210528          0        720
20210630       4330       5050
20210730       2820       7870
20210831       4430      12300
20210930      14230      26530
20211029      -6220      20310
20211130      -4010      16300
20211231       1390      17690      13420
20220131     -10990       6700
20220228          0       6700
20220331          0       6700     -10990
-----------------------------------------
-----------------------------------------
Sys Name : TF-Bollinger_PB_1R
Mkt Symb : HO Mkt Name : H.Oil
Profit/Loss : 13489.2
Num Trades : 40
Percent Wins : 0.2
Avg Win  : 19961.42
Avg Loss : -4570.38
Avg Trade: 337.23
Max DrawDown: 82064.0
Avg DrawDown: 19576.72
AVG Monthly Return: 91.76327
Monthly StdDev: 5369.34064
-----------------------------------------
20100129          0          0
20100226      -4746      -4746
20100331          0      -4746
20100430       2961      -1785
20100528      -7135      -8920
20100630      -5397     -14317
20100730          0     -14317
20100831          0     -14317
20100930          0     -14317
20101029      -1331     -15648
20101130       2957     -12691
20101231       8635      -4056      -4056
20110131       8291       4235
20110228       7673      11908
20110331       6628      18536
20110429       6241      24777
20110531     -12322      12455
20110630       -458      11997
20110729      -5371       6625
20110831      -6514        112
20110930       4309       4421
20111031      -8253      -3832
20111130          0      -3832
20111230          0      -3832        224
20120131          0      -3832
20120229      -1084      -4915
20120330      -2104      -7020
20120430      -2213      -9233
20120531          0      -9233
20120629          0      -9233
20120731      -7606     -16838
20120831          0     -16838
20120928          0     -16838
20121031          0     -16838
20121130          0     -16838
20121231      -4342     -21181     -17349
20130131          0     -21181
20130228      -6211     -27392
20130329          0     -27392
20130430       3494     -23898
20130531       2247     -21651
20130628      -6174     -27824
20130731        374     -27451
20130830      -5489     -32940
20130930      -5161     -38101
20131031        105     -37996
20131129      -2406     -40402
20131231          0     -40402     -19221
20140131          0     -40402
20140228          0     -40402
20140331      -2201     -42603
20140430      -2952     -45555
20140530          0     -45555
20140630      -4426     -49982
20140731      -1276     -51258
20140829          0     -51258
20140930          0     -51258
20141031        315     -50943
20141128      11857     -39086
20141231      12604     -26482      13920
20150130       4633     -21850
20150227     -12339     -34189
20150331          0     -34189
20150430          0     -34189
20150529          0     -34189
20150630          0     -34189
20150731          0     -34189
20150831      -4208     -38397
20150930       7909     -30489
20151030       1714     -28775
20151130       7846     -20929
20151231      10899     -10030      16452
20160129       2394      -7636
20160229         -8      -7645
20160331      -3721     -11366
20160429       3461      -7905
20160531       4351      -3554
20160630       -895      -4448
20160729      -4015      -8463
20160831      -6484     -14947
20160930          0     -14947
20161031          0     -14947
20161130          0     -14947
20161230       3037     -11911      -1880
20170131      -5090     -17001
20170228          0     -17001
20170331      -1226     -18227
20170428      -2545     -20772
20170531      -4338     -25110
20170630      -1525     -26635
20170731      -1541     -28176
20170831          0     -28176
20170929          0     -28176
20171031       4813     -23363
20171130        605     -22758
20171229       7182     -15576      -3665
20180131        286     -15290
20180228      -4960     -20250
20180329          0     -20250
20180430          0     -20250
20180531       1159     -19091
20180629      -5758     -24849
20180731          0     -24849
20180831          0     -24849
20180928          0     -24849
20181031      -3507     -28356
20181130       -982     -29338
20181231          0     -29338     -13762
20190131      -6321     -35659
20190228      -2784     -38443
20190329          0     -38443
20190430          0     -38443
20190531          0     -38443
20190628      -1583     -40027
20190731      -2058     -42084
20190830      -1420     -43504
20190930      -6518     -50022
20191031       -134     -50156
20191129          0     -50156
20191231          0     -50156     -20818
20200131      -3502     -53658
20200228       8354     -45304
20200331      19992     -25312
20200430      10987     -14325
20200529      -6989     -21314
20200630      -5707     -27021
20200731          0     -27021
20200831          0     -27021
20200930          0     -27021
20201030       2209     -24812
20201130      -4573     -29386
20201231          0     -29386      20770
20210129          0     -29386
20210226          0     -29386
20210331      -1621     -31007
20210430       6350     -24656
20210528       4931     -19726
20210630       3688     -16038
20210730      -5153     -21191
20210831      -3561     -24752
20210930          0     -24752
20211029       -764     -25517
20211130      -8412     -33929
20211231          0     -33929      -4543
20220131       4948     -28981
20220228      10559     -18422
20220331      31912      13489      47418
-----------------------------------------
-----------------------------------------
Sys Name : TF-Bollinger_PB_1R
Mkt Symb : C_ Mkt Name : Corn
Profit/Loss : 23512.5
Num Trades : 42
Percent Wins : 0.31
Avg Win  : 3872.12
Avg Loss : -926.72
Avg Trade: 559.82
Max DrawDown: 20212.5
Avg DrawDown: 4159.38
AVG Monthly Return: 159.94898
Monthly StdDev: 1457.30178
-----------------------------------------
20100129          0          0
20100226       -812       -812
20100331       2200       1388
20100430      -1088        300
20100528       -138        162
20100630       -925       -762
20100730      -1000      -1762
20100831       1488       -275
20100930       2825       2550
20101029       4312       6862
20101130      -2650       4212
20101231       4250       8462       8462
20110131       1525       9988
20110228       3075      13062
20110331      -4400       8662
20110429       -150       8512
20110531      -2488       6025
20110630          0       6025
20110729      -2962       3062
20110831          0       3062
20110930          0       3062
20111031        -38       3025
20111130       2325       5350
20111230      -1862       3488      -4975
20120131          0       3488
20120229          0       3488
20120330          0       3488
20120430      -1000       2488
20120531       -862       1625
20120629      -1125        500
20120731          0        500
20120831          0        500
20120928      -2562      -2062
20121031          0      -2062
20121130          0      -2062
20121231          0      -2062      -5550
20130131      -1862      -3925
20130228          0      -3925
20130329          0      -3925
20130430       -512      -4438
20130531       -688      -5125
20130628          0      -5125
20130731          0      -5125
20130830       -725      -5850
20130930       2025      -3825
20131031        662      -3162
20131129        500      -2662
20131231        125      -2538       -475
20140131       -625      -3162
20140228        475      -2688
20140331       1925       -762
20140430        562       -200
20140530      -1800      -2000
20140630       1650       -350
20140731       3088       2738
20140829         62       2800
20140930       2200       5000
20141031      -2012       2988
20141128          0       2988
20141231          0       2988       5525
20150130          0       2988
20150227          0       2988
20150331       -625       2362
20150430          0       2362
20150529        812       3175
20150630      -1112       2062
20150731      -1775        288
20150831          0        288
20150930          0        288
20151030          0        288
20151130        -88        200
20151231        675        875      -2112
20160129       -662        212
20160229       -112        100
20160331       -488       -388
20160429        250       -138
20160531       -212       -350
20160630       -912      -1262
20160729       1275         12
20160831       1388       1400
20160930      -1062        338
20161031       -550       -212
20161130          0       -212
20161230          0       -212      -1088
20170131       -375       -588
20170228       -325       -912
20170331       -362      -1275
20170428          0      -1275
20170531          0      -1275
20170630       -888      -2162
20170731       -788      -2950
20170831       1300      -1650
20170929        125      -1525
20171031        475      -1050
20171130        150       -900
20171229        250       -650       -438
20180131       -312       -962
20180228        400       -562
20180329        288       -275
20180430        188        -88
20180531       -412       -500
20180629          0       -500
20180731      -1050      -1550
20180831       1125       -425
20180928        438         12
20181031       -712       -700
20181130          0       -700
20181231          0       -700        -50
20190131          0       -700
20190228        675        -25
20190329        712        688
20190430        188        875
20190531       -912        -38
20190628          0        -38
20190731      -1062      -1100
20190830          0      -1100
20190930          0      -1100
20191031          0      -1100
20191129          0      -1100
20191231          0      -1100       -400
20200131          0      -1100
20200228          0      -1100
20200331       1500        400
20200430       1425       1825
20200529       -288       1538
20200630       -438       1100
20200731          0       1100
20200831       -800        300
20200930        550        850
20201030        975       1825
20201130       1038       2862
20201231       2900       5762       6862
20210129       3150       8912
20210226         88       9000
20210331        838       9838
20210430       7500      17338
20210528       -825      16512
20210630       2438      18950
20210730      -3162      15788
20210831          0      15788
20210930      -1362      14425
20211029          0      14425
20211130       -100      14325
20211231       1288      15612       9850
20220131       1638      17250
20220228       3362      20612
20220331       2900      23512       7900
-----------------------------------------
-----------------------------------------
Sys Name : TF-Bollinger_PB_1R
Mkt Symb : S_ Mkt Name : SoyBean
Profit/Loss : 51600.0
Num Trades : 30
Percent Wins : 0.4
Avg Win  : 6751.04
Avg Loss : -1636.81
Avg Trade: 1720.0
Max DrawDown: 17662.5
Avg DrawDown: 7496.88
AVG Monthly Return: 351.02041
Monthly StdDev: 2600.02985
-----------------------------------------
20100129          0          0
20100226      -1150      -1150
20100331       1000       -150
20100430      -1588      -1738
20100528          0      -1738
20100630          0      -1738
20100730       2425        688
20100831       -325        362
20100930       4838       5200
20101029       5912      11112
20101130        350      11462
20101231       7500      18962      18962
20110131        500      19462
20110228      -3688      15775
20110331          0      15775
20110429          0      15775
20110531          0      15775
20110630          0      15775
20110729          0      15775
20110831      -1175      14600
20110930      -2650      11950
20111031       1288      13238
20111130       4300      17538
20111230      -3350      14188      -4775
20120131      -1312      12875
20120229          0      12875
20120330       2900      15775
20120430       5288      21062
20120531      -7188      13875
20120629          0      13875
20120731          0      13875
20120831       8625      22500
20120928     -10000      12500
20121031          0      12500
20121130        575      13075
20121231       1162      14238         50
20130131      -2600      11638
20130228          0      11638
20130329          0      11638
20130430          0      11638
20130531          0      11638
20130628       -562      11075
20130731      -2275       8800
20130830          0       8800
20130930      -3362       5438
20131031          0       5438
20131129          0       5438
20131231          0       5438      -8800
20140131          0       5438
20140228          0       5438
20140331       3762       9200
20140430       2625      11825
20140530       -975      10850
20140630      -2212       8638
20140731       1500      10138
20140829       2888      13025
20140930       5150      18175
20141031      -4962      13212
20141128          0      13212
20141231          0      13212       7775
20150130          0      13212
20150227          0      13212
20150331          0      13212
20150430          0      13212
20150529          0      13212
20150630      -1375      11838
20150731      -1750      10088
20150831       -375       9712
20150930       -225       9488
20151030        288       9775
20151130        238      10012
20151231       -238       9775      -3438
20160129          0       9775
20160229          0       9775
20160331          0       9775
20160429       5800      15575
20160531       2438      18012
20160630       5150      23162
20160729      -6225      16938
20160831          0      16938
20160930          0      16938
20161031          0      16938
20161130          0      16938
20161230      -1962      14975       5200
20170131      -2050      12925
20170228          0      12925
20170331          0      12925
20170428        650      13575
20170531       2012      15588
20170630      -1625      13962
20170731        475      14438
20170831      -2075      12362
20170929          0      12362
20171031          0      12362
20171130          0      12362
20171229        412      12775      -2200
20180131      -1412      11362
20180228          0      11362
20180329      -1325      10038
20180430          0      10038
20180531          0      10038
20180629          0      10038
20180731      -2200       7838
20180831       3775      11612
20180928       -100      11512
20181031      -1275      10238
20181130          0      10238
20181231      -1588       8650      -4125
20190131          0       8650
20190228          0       8650
20190329        838       9488
20190430       2188      11675
20190531      -1188      10488
20190628       -750       9738
20190731          0       9738
20190830          0       9738
20190930          0       9738
20191031       -525       9212
20191129      -1100       8112
20191231          0       8112       -538
20200131          0       8112
20200228        100       8212
20200331        338       8550
20200430       1912      10462
20200529        725      11188
20200630      -1325       9862
20200731        375      10238
20200831       3050      13288
20200930       3500      16788
20201030       1925      18712
20201130       5612      24325
20201231       7025      31350      23238
20210129       2950      34300
20210226       1588      35888
20210331       1625      37512
20210430       6388      43900
20210528       -188      43712
20210630      -3675      40038
20210730          0      40038
20210831          0      40038
20210930          0      40038
20211029        500      40538
20211130      -1875      38662
20211231          0      38662       7312
20220131       6350      45012
20220228       7512      52525
20220331       -925      51600      12938
-----------------------------------------
-----------------------------------------
Sys Name : TF-Bollinger_PB_1R
Mkt Symb : W_ Mkt Name : Wheat
Profit/Loss : -36912.5
Num Trades : 44
Percent Wins : 0.205
Avg Win  : 1656.94
Avg Loss : -1482.14
Avg Trade: -838.92
Max DrawDown: 43250.0
Avg DrawDown: 6209.38
AVG Monthly Return: -251.10544
Monthly StdDev: 1272.55248
-----------------------------------------
20100129          0          0
20100226       -888       -888
20100331       3438       2550
20100430      -2625        -75
20100528          0        -75
20100630      -1325      -1400
20100730          0      -1400
20100831       -612      -2012
20100930       -588      -2600
20101029      -1375      -3975
20101130        100      -3875
20101231      -2412      -6288      -6288
20110131        838      -5450
20110228      -3062      -8512
20110331      -1962     -10475
20110429      -2250     -12725
20110531          0     -12725
20110630          0     -12725
20110729        -62     -12788
20110831      -3150     -15938
20110930       2288     -13650
20111031       -950     -14600
20111130       1788     -12812
20111230      -1875     -14688      -8400
20120131          0     -14688
20120229          0     -14688
20120330          0     -14688
20120430          0     -14688
20120531      -2300     -16988
20120629          0     -16988
20120731          0     -16988
20120831       -512     -17500
20120928        650     -16850
20121031      -2088     -18938
20121130      -1712     -20650
20121231          0     -20650      -5962
20130131        162     -20488
20130228       3550     -16938
20130329       1338     -15600
20130430      -2200     -17800
20130531          0     -17800
20130628          0     -17800
20130731        600     -17200
20130830       1162     -16038
20130930      -1000     -17038
20131031      -1500     -18538
20131129          0     -18538
20131231          0     -18538       2112
20140131          0     -18538
20140228      -1712     -20250
20140331        -50     -20300
20140430        812     -19488
20140530      -2988     -22475
20140630          0     -22475
20140731          0     -22475
20140829        975     -21500
20140930       4288     -17212
20141031      -2788     -20000
20141128          0     -20000
20141231        225     -19775      -1238
20150130      -1975     -21750
20150227          0     -21750
20150331          0     -21750
20150430          0     -21750
20150529      -1450     -23200
20150630          0     -23200
20150731      -2312     -25512
20150831          0     -25512
20150930          0     -25512
20151030          0     -25512
20151130          0     -25512
20151231        475     -25038      -5262
20160129       -462     -25500
20160229       1725     -23775
20160331      -1225     -25000
20160429       -875     -25875
20160531       -488     -26362
20160630      -1000     -27362
20160729        988     -26375
20160831       2175     -24200
20160930       -688     -24888
20161031       -712     -25600
20161130       -238     -25838
20161230         25     -25812       -775
20170131       -788     -26600
20170228       -862     -27462
20170331          0     -27462
20170428        -88     -27550
20170531      -1225     -28775
20170630       2288     -26488
20170731      -2575     -29062
20170831       -325     -29388
20170929          0     -29388
20171031          0     -29388
20171130          0     -29388
20171229       -150     -29538      -3725
20180131       -600     -30138
20180228       1362     -28775
20180329      -2025     -30800
20180430          0     -30800
20180531      -1062     -31862
20180629      -1425     -33288
20180731          0     -33288
20180831      -1175     -34462
20180928          0     -34462
20181031          0     -34462
20181130          0     -34462
20181231          0     -34462      -4925
20190131          0     -34462
20190228          0     -34462
20190329        275     -34188
20190430       1788     -32400
20190531      -2375     -34775
20190628          0     -34775
20190731      -2138     -36912
20190830          0     -36912
20190930          0     -36912
20191031       -712     -37625
20191129       1612     -36012
20191231        850     -35162       -700
20200131       -250     -35412
20200228       -812     -36225
20200331      -1712     -37938
20200430          0     -37938
20200529          0     -37938
20200630          0     -37938
20200731          0     -37938
20200831          0     -37938
20200930       1450     -36488
20201030       1025     -35462
20201130       -988     -36450
20201231       -375     -36825      -1662
20210129        912     -35912
20210226       -362     -36275
20210331      -1225     -37500
20210430          0     -37500
20210528      -2162     -39662
20210630          0     -39662
20210730          0     -39662
20210831          0     -39662
20210930          0     -39662
20211029          0     -39662
20211130        -50     -39712
20211231       -988     -40700      -3875
20220131          0     -40700
20220228        188     -40512
20220331       3600     -36912       3788
-----------------------------------------
