Testing from : 20000103 to: 20240718
-----------------------------------------------------------------------------------------------------------
                                                                                      Avg.   Monthly    Avg.
SysName         Market     TotProfit  MaxDD ClsTrdDD AvgWin  AvgLoss PerWins #Trds  MonthRet.  StdDev  YearlyRet.
TF-BollOnOpe... EuroCur-EC     39318  40462   29375    6741    -2750    0.35     72      133    3347     1888
TF-BollOnOpe... J.Yen-JY       61412  29437   18175    6662    -2842    0.40     62      208    2626     2797
TF-BollOnOpe... B.Pound-BP     21931  20343   16856    4399    -1915    0.35     71       74    1943      969
TF-BollOnOpe... TenYr-TY        -625  38325   32784    3851    -1663    0.30     70       -2    1565      170
TF-BollOnOpe... FiveYr-FV       2704  18759   16264    2537    -1180    0.33     67        9    1026      258
TF-BollOnOpe... 30YrBnd-US    -12103  55509   51478    4674    -2843    0.36     73      -41    2993     -126
TF-BollOnOpe... MiniES-ES      -3975  52712   42150    5462    -3962    0.41     70      -13    4158     -876
TF-BollOnOpe... MiniNQ-NQ      58810 108085   90285    8774    -5017    0.43     68      199    6006      918
TF-BollOnOpe... MiniDow-EM   -940050 1612700  1398350  111477   -73752    0.32     68    -3507   68668   -40743
TF-BollOnOpe... Crude-CL       61480  81919   46530   11118    -4163    0.32     77      208    5328     3226
TF-BollOnOpe... Nat.Gas-NG    -33379 144249  100299   11339    -5657    0.31     75     -113    7294    -1104
TF-BollOnOpe... H.Oil-HO       21021 154724   99868   13919    -6539    0.33     75       71    6718     1678
TF-BollOnOpe... Gold-GC        12299  77640   60840    8284    -4550    0.37     65       41    4668     -736
TF-BollOnOpe... Copper-HG   11387700 4914100  3585300  1047600   -321789    0.35     71    38602   433606   457564
TF-BollOnOpe... Silver-SI  -10208100 23405100  16474550  1024819   -675580    0.32     73    -34603   837254   -525837
TF-BollOnOpe... Corn-C_        28537  25525   18725    3290    -1168    0.35     71       96    1486     1136
TF-BollOnOpe... SoyBean-S_       348   2297    1855     352     -134    0.29     59        1     150       26
TF-BollOnOpe... Wheat-W_      -56850  61737   56850    3414    -1714    0.21     87     -192    2012    -2098
TF-BollOnOpe... Sugar-SB       15793  20385   14041    2270     -989    0.37     73       53    1426      770
TF-BollOnOpe... Coffee-KC     -45181  74193   60850    9447    -3844    0.24     74     -153    3886    -1476
TF-BollOnOpe... Cotton-CT      23584  49115   32405    3699    -2042    0.41     70       79    2996      936
-------------------------------------------------------------------------------------------------------------------
Totals                        434678 24221614 or 114.5 % Avg. DD 3296121        1491
-----------------------------------------------------------------------------------------------------------
Combined Monthly Return
Date         Profit Cum.Profit
-------------------------------------------------------------------
20000131     -14038     -14038
20000229    -271784    -285823
20000331      16131    -269692
20000428     -88356    -358048
20000531    -111621    -469669
20000630     -13761    -483430
20000731     -10158    -493588
20000831      -2115    -495703
20000929      57877    -437826
20001031     -91945    -529772
20001130      39513    -490259
20001229     108516    -381742    -381742
20010131    -154782    -536524
20010228     -16425    -552949
20010330     131761    -421188
20010430     -85765    -506953
20010531    -100110    -607063
20010629      48437    -558626
20010731      56842    -501784
20010831       9002    -492782
20010928      42129    -450653
20011031    -144045    -594699
20011130     -82813    -677511
20011231    -183058    -860569    -478827
20020131      -1630    -862199
20020228      -8756    -870956
20020328     -10935    -881890
20020430    -207763   -1089653
20020531     126678    -962975
20020628     -80382   -1043357
20020731      38584   -1004772
20020830     -40876   -1045648
20020930     163243    -882405
20021031    -174662   -1057067
20021129      39672   -1017395
20021231    -106259   -1123654    -263085
20030131      58570   -1065084
20030228    -130669   -1195753
20030331    -202492   -1398245
20030430     -86896   -1485140
20030530       3677   -1481464
20030630      -4854   -1486318
20030731      88600   -1397718
20030829       3601   -1394117
20030930     -17002   -1411119
20031031     192979   -1218140
20031128     -30597   -1248737
20031231     704867    -543870     579784
20040130     396152    -147718
20040227     745104     597386
20040331     600908    1198294
20040430   -1233778     -35483
20040528      -9056     -44539
20040630     -25500     -70039
20040730      -1468     -71507
20040831     -44812    -116319
20040930     137547      21228
20041029    -216379    -195150
20041130     229829      34679
20041231    -468946    -434267     109603
20050131     -54213    -488480
20050228      49792    -438688
20050331     -16401    -455089
20050429    -214876    -669965
20050531    -255547    -925511
20050630    -114629   -1040140
20050729     -81010   -1121150
20050831     -68197   -1189348
20050930    -287295   -1476643
20051031     197036   -1279607
20051130     673369    -606237
20051230     492498    -113740     320528
20060131     987809     874070
20060228    -143844     730225
20060331    1584411    2314636
20060428    2985643    5300279
20060531     399108    5699387
20060630   -1427556    4271830
20060731     473018    4744848
20060831    -274036    4470812
20060929      16810    4487621
20061031      39536    4527158
20061130     506619    5033777
20061229     221896    5255673    5369412
20070131     335677    5591350
20070228    -626853    4964497
20070330    -881545    4082951
20070430     629827    4712778
20070531    -358164    4354615
20070629    -317215    4037400
20070731    -442156    3595244
20070831    -923845    2671399
20070928    -389127    2282272
20071031    -749822    1532450
20071130    -477193    1055257
20071231     722828    1778085   -3477587
20080131     395946    2174031
20080229    1878717    4052748
20080331   -1366155    2686593
20080430     -51795    2634798
20080530    -568731    2066067
20080630    -659782    1406285
20080731   -1715611    -309326
20080829     980095     670769
20080930    2094417    2765186
20081031    4197208    6962394
20081128     288597    7250992
20081231      92616    7343608    5565523
20090130     202679    7546287
20090227     -13513    7532774
20090331     135456    7668230
20090430      33627    7701857
20090529     850444    8552301
20090630    -828388    7723913
20090731     882816    8606729
20090831     549530    9156259
20090930     238948    9395207
20091030     128777    9523984
20091130    1790223   11314207
20091231    -342417   10971790    3628182
20100129    -669051   10302739
20100226    -178222   10124517
20100331    -330732    9793785
20100430    -735241    9058544
20100528    -897999    8160546
20100630    -128713    8031832
20100730    -700739    7331093
20100831      11471    7342564
20100930    1686298    9028862
20101029    1637661   10666523
20101130    2025493   12692016
20101231    3040022   15732038    4760249
20110131   -1985543   13746495
20110228     747193   14493689
20110331    1261719   15755408
20110429    5397203   21152611
20110531   -7105954   14046656
20110630    -177308   13869348
20110729      15977   13885326
20110831      35416   13920741
20110930   -1137819   12782922
20111031   -3484008    9298914
20111130     921607   10220521
20111230    2509457   12729978   -3002061
20120131   -1946904   10783074
20120229    -944325    9838749
20120330   -1530327    8308422
20120430    -279912    8028510
20120531    1271447    9299956
20120629    -331883    8968073
20120731      50813    9018886
20120831     -16734    9002152
20120928    1835938   10838090
20121031   -1692774    9145316
20121130    -792831    8352484
20121231    -150785    8201699   -4528278
20130131    -986499    7215201
20130228     509734    7724935
20130328     124650    7849584
20130430    2628745   10478329
20130531     751553   11229883
20130628    1929446   13159328
20130731    -231446   12927882
20130830   -1971298   10956584
20130930    -912907   10043677
20131031    -260206    9783471
20131129      18506    9801977
20131231     -12444    9789534    1587835
20140131    -269308    9520226
20140228    -677099    8843127
20140331     118892    8962019
20140430        209    8962228
20140530    -307034    8655194
20140630     -13488    8641707
20140731    -483756    8157951
20140829    -579257    7578693
20140930     419684    7998378
20141031     324801    8323179
20141128     848806    9171985
20141231     -19591    9152395    -637139
20150130    -277806    8874588
20150227    -946012    7928576
20150331    -212311    7716265
20150430     -15692    7700572
20150529    -395394    7305179
20150630      -2488    7302691
20150731     503993    7806684
20150831     217442    8024127
20150930      68403    8092530
20151030    -934404    7158126
20151130     209208    7367334
20151231    -210680    7156654   -1995741
20160129     133192    7289846
20160229    -125506    7164340
20160331    -352207    6812133
20160429     922590    7734724
20160531    -922793    6811931
20160630      69585    6881516
20160729     888988    7770504
20160831    -841406    6929098
20160930     176322    7105420
20161031    -230827    6874593
20161130    1476538    8351131
20161230       -483    8350648    1193994
20170131     -54670    8295977
20170228      75209    8371186
20170331    -322841    8048346
20170428     -35358    8012988
20170531    -637779    7375208
20170630    -233411    7141797
20170731    -107628    7034169
20170831     440656    7474825
20170929    -850929    6623896
20171031     467235    7091131
20171130     -51873    7039258
20171229    -193414    6845844   -1504804
20180131    -294917    6550927
20180228    -245409    6305518
20180329    -172250    6133268
20180430    -340475    5792792
20180531     -72649    5720143
20180629    -774662    4945481
20180731     645886    5591368
20180831     977939    6569307
20180928    -452822    6116485
20181031      20882    6137368
20181130    -167909    5969459
20181231     136968    6106427    -739417
20190131    -159744    5946684
20190228     -43006    5903678
20190329    -296604    5607074
20190430    -168730    5438344
20190531      33648    5471993
20190628    -775111    4696882
20190731     474421    5171303
20190830    1146251    6317554
20190930   -1062611    5254943
20191031     531091    5786034
20191129    -509468    5276565
20191231     188872    5465438    -640990
20200131    -242778    5222660
20200228   -1018607    4204053
20200331    2381011    6585064
20200430    -977574    5607489
20200529    -874134    4733355
20200630     -14983    4718373
20200731    2305081    7023453
20200831    2686906    9710360
20200930   -2921311    6789048
20201030    -180074    6608975
20201130    1027165    7636140
20201231     311039    7947179    2481741
20210129   -1313383    6633796
20210226     164346    6798142
20210331    -535457    6262685
20210430    1278583    7541268
20210528     449321    7990588
20210630   -2462624    5527964
20210730       9846    5537810
20210831    -477727    5060083
20210930     768014    5828097
20211029   -2034742    3793355
20211130    -256770    3536585
20211231    -647132    2889453   -5057726
20220131     -43902    2845551
20220228    -359232    2486319
20220331     475796    2962116
20220429   -1407736    1554379
20220531     -55893    1498486
20220630     974585    2473071
20220729     193382    2666454
20220831    1261655    3928109
20220930    -189661    3738448
20221031   -1486327    2252121
20221130     307584    2559705
20221230    1297029    3856734     967281
20230131     952917    4809651
20230228   -1229548    3580103
20230331   -2190745    1389358
20230428    -372366    1016991
20230531    -445058     571933
20230630    -661789     -89856
20230731     117052      27196
20230831    -153573    -126376
20230929    -205106    -331482
20231031    -896430   -1227912
20231130     -87109   -1315021
20231229   -1019307   -2334328   -6191062
20240131      29495   -2304833
20240229    -332077   -2636910
20240328    -231469   -2868379
20240430    2043871    -824508
20240531    1871145    1046637
20240628    -991484      55152
20240718     379526     434679    2769006
Average Monthly Return:     1473 StdDev: 1036684  Sharpe: 0.00
Average  Yearly Return:    17387 StdDev: 3084624  Sharpe: 0.01
