-----------------------------------------
Sys Name : TF-Boll-ATRNORM_1R
Mkt Symb : SB Mkt Name : Sugar
Profit/Loss : 59858.8
Num Trades : 37
Percent Wins : 0.405
Avg Win  : 7335.72
Avg Loss : -2286.45
Avg Trade: 1617.81
Max DrawDown: 29749.2
Avg DrawDown: 13508.58
AVG Monthly Return: 407.20272
Monthly StdDev: 4369.35519
-----------------------------------------
20100129       3248       3248
20100226      -4987      -1739
20100331       3584       1845
20100430       1714       3559
20100528       1075       4634
20100630      -2657       1977
20100730       5645       7622
20100831        605       8227
20100930      16162      24388
20101029      18950      43339
20101130      -5275      38064
20101231      15355      53419      53419
20110131       6216      59635
20110228     -11667      47968
20110331          0      47968
20110429       6854      54822
20110531      -3125      51697
20110630      -6795      44902
20110729      11659      56562
20110831       -437      56125
20110930      -7601      48523
20111031          0      48523
20111130       -907      47616
20111230       1310      48927      -4492
20120131      -4477      44450
20120229        336      44786
20120330      -1008      43778
20120430      -2965      40813
20120531       5712      46525
20120629      -8240      38286
20120731          0      38286
20120831          0      38286
20120928          0      38286
20121031          0      38286
20121130          0      38286
20121231      -3293      34993     -13934
20130131       2453      37446
20130228        571      38017
20130328      -1049      36967
20130430       -157      36811
20130531       2352      39163
20130628       -202      38961
20130731       -112      38849
20130830        -95      38754
20130930        470      39225
20131031        605      39829
20131129      -1621      38209
20131231       -851      37358       2365
20140131       3853      41210
20140228      -4535      36675
20140331          0      36675
20140430          0      36675
20140530          0      36675
20140630          0      36675
20140731       7190      43866
20140829       6518      50384
20140930       4032      54416
20141031       2755      57171
20141128       3024      60195
20141231       7190      67386      30028
20150130      -8080      59306
20150227       1960      61266
20150331      10304      71570
20150430      -7392      64178
20150529      -2197      61981
20150630      -2464      59517
20150731       7448      66965
20150831       2520      69485
20150930      -5613      63872
20151030       2442      66314
20151130        918      67232
20151231        694      67926        541
20160129      -1036      66891
20160229      -2397      64494
20160331      -2312      62182
20160429      -1775      60407
20160531          0      60407
20160630       2654      63061
20160729      -1434      61628
20160831       1131      62759
20160930       2733      65492
20161031      -1602      63890
20161130       -227      63663
20161230       -874      62790      -5137
20170131      -3724      59066
20170228          0      59066
20170331       2912      61978
20170428       1590      63569
20170531       2822      66391
20170630       2867      69258
20170731      -2464      66794
20170831       -296      66498
20170929          0      66498
20171031          0      66498
20171130      -1176      65322
20171229      -3731      61590      -1199
20180131        784      62374
20180228       -582      61792
20180329       2307      64099
20180430       1770      65869
20180531      -1932      63937
20180629          0      63937
20180731       1971      65908
20180831       -112      65796
20180928      -1954      63842
20181031          0      63842
20181130       -784      63058
20181231       -946      62112        522
20190131          0      62112
20190228          0      62112
20190329          0      62112
20190430          0      62112
20190531        739      62852
20190628      -1553      61298
20190731      -2330      58969
20190830       4794      63762
20190930      -3326      60437
20191031          0      60437
20191129       -392      60045
20191231       2688      62733        620
20200131       6664      69397
20200228        -56      69341
20200331       1521      70862
20200430       1030      71892
20200529      -2419      69473
20200630      -3550      65924
20200731          0      65924
20200831      -2598      63325
20200930      -3057      60268
20201030       2688      62956
20201130        672      63628
20201231       4390      68019       5286
20210129       1523      69542
20210226       6899      76441
20210331      -6372      70069
20210430       -403      69666
20210528       1277      70943
20210630      -2864      68079
20210730      -3629      64450
20210831       8646      73097
20210930      -1075      72021
20211029      -3818      68203
20211130       2688      70891
20211231      -9480      61411      -6607
20220131       5174      66586
20220228       -470      66115
20220331      -6257      59859      -1553
-----------------------------------------
-----------------------------------------
Sys Name : TF-Boll-ATRNORM_1R
Mkt Symb : KC Mkt Name : Coffee
Profit/Loss : 57525.0
Num Trades : 37
Percent Wins : 0.351
Avg Win  : 10012.02
Avg Loss : -3027.34
Avg Trade: 1554.73
Max DrawDown: 48875.0
Avg DrawDown: 13328.13
AVG Monthly Return: 391.32653
Monthly StdDev: 4259.15051
-----------------------------------------
20100129        619        619
20100226        788       1406
20100331      -2688      -1281
20100430          0      -1281
20100528          0      -1281
20100630       9131       7850
20100730       3919      11769
20100831        188      11956
20100930       1725      13681
20101029       -700      12981
20101130      -1856      11125
20101231      14738      25863      25863
20110131       1613      27475
20110228       9244      36719
20110331      -2831      33888
20110429      12300      46188
20110531     -10394      35794
20110630      -4350      31444
20110729       9769      41213
20110831      -8687      32525
20110930      -8369      24156
20111031        731      24888
20111130      -2456      22431
20111230       3769      26200        338
20120131      -2838      23363
20120229       5212      28575
20120330       7800      36375
20120430       1950      38325
20120531       7087      45412
20120629      -3094      42319
20120731      -1656      40663
20120831          0      40663
20120928          0      40663
20121031          0      40663
20121130       2512      43175
20121231       2550      45725      19525
20130131      -5294      40431
20130228      -1050      39381
20130328       2269      41650
20130430       1631      43281
20130531      -1581      41700
20130628       3281      44981
20130731      -4956      40025
20130830          0      40025
20130930        206      40231
20131031       3112      43344
20131129       -900      42444
20131231      -1431      41013      -4713
20140131       1031      42044
20140228      19819      61862
20140331       -900      60962
20140430       9619      70581
20140530      -9437      61144
20140630          0      61144
20140731          0      61144
20140829          0      61144
20140930      -6850      54294
20141031      -4881      49413
20141128          0      49413
20141231          0      49413       8400
20150130       -150      49263
20150227       9094      58356
20150331       2850      61206
20150430       -675      60531
20150529       4238      64769
20150630      -1425      63344
20150731       2681      66025
20150831      -3269      62756
20150930       1106      63863
20151030      -2425      61438
20151130          0      61438
20151231          0      61438      12025
20160129      -1012      60425
20160229      -2106      58319
20160331      -2875      55444
20160429      -2144      53300
20160531      -3456      49844
20160630       3356      53200
20160729        206      53406
20160831      -3737      49669
20160930      -2344      47325
20161031       1062      48388
20161130      -4169      44219
20161230       1481      45700     -15738
20170131      -6250      39450
20170228          0      39450
20170331          0      39450
20170428        863      40313
20170531       1519      41831
20170630       2231      44063
20170731      -3269      40794
20170831          0      40794
20170929          0      40794
20171031          0      40794
20171130          0      40794
20171229      -1144      39650      -6050
20180131      -1225      38425
20180228       -825      37600
20180329       1444      39044
20180430      -1013      38031
20180531       -137      37894
20180629       1144      39038
20180731       1950      40988
20180831       4181      45169
20180928       -244      44925
20181031      -6194      38731
20181130      -1469      37263
20181231          0      37263      -2388
20190131          0      37263
20190228          0      37263
20190329        225      37488
20190430       1444      38931
20190531      -1600      37331
20190628       1012      38344
20190731      -3550      34794
20190830          0      34794
20190930          0      34794
20191031          0      34794
20191129       2831      37625
20191231       3994      41619       4356
20200131      -6006      35613
20200228          0      35613
20200331          0      35613
20200430          0      35613
20200529        488      36100
20200630      -1088      35013
20200731      -2181      32831
20200831       2062      34894
20200930      -6475      28419
20201030          0      28419
20201130          0      28419
20201231          0      28419     -13200
20210129      -2625      25794
20210226       4688      30481
20210331      -3831      26650
20210430       1106      27756
20210528       7837      35594
20210630      -1762      33831
20210730       7425      41256
20210831       4969      46225
20210930       -712      45513
20211029       3731      49244
20211130       9619      58863
20211231      -2325      56538      28119
20220131       3375      59913
20220228       -119      59794
20220331      -2269      57525        987
-----------------------------------------
-----------------------------------------
Sys Name : TF-Boll-ATRNORM_1R
Mkt Symb : CT Mkt Name : Cotton
Profit/Loss : 151245.0
Num Trades : 37
Percent Wins : 0.432
Avg Win  : 13276.25
Avg Loss : -2915.48
Avg Trade: 4087.7
Max DrawDown: 51000.0
Avg DrawDown: 15983.33
AVG Monthly Return: 1028.87755
Monthly StdDev: 6082.8101
-----------------------------------------
20100129          0          0
20100226        245        245
20100331       -955       -710
20100430        995        285
20100528      -1460      -1175
20100630      -2550      -3725
20100730      -2520      -6245
20100831       3220      -3025
20100930      15720      12695
20101029      23340      36035
20101130      -1920      34115
20101231      27470      61585      61585
20110131      23630      85215
20110228      25780     110995
20110331       9000     119995
20110429     -19360     100635
20110531          0     100635
20110630          0     100635
20110729       1350     101985
20110831      -2020      99965
20110930      -4135      95830
20111031          0      95830
20111130        535      96365
20111230       -445      95920      34335
20120131      -2250      93670
20120229          0      93670
20120330          0      93670
20120430          0      93670
20120531       6030      99700
20120629      -3635      96065
20120731         -5      96060
20120831       -685      95375
20120928          0      95375
20121031      -6375      89000
20121130          0      89000
20121231          0      89000      -6920
20130131       5330      94330
20130228        570      94900
20130328       3170      98070
20130430      -5040      93030
20130531       1490      94520
20130628      -3700      90820
20130731          0      90820
20130830      -3830      86990
20130930          0      86990
20131031       1745      88735
20131129       -615      88120
20131231      -1655      86465      -2535
20140131          0      86465
20140228      -2790      83675
20140331       6380      90055
20140430       -600      89455
20140530      -2320      87135
20140630       7060      94195
20140731      21280     115475
20140829      -7400     108075
20140930      10400     118475
20141031      -7340     111135
20141128        850     111985
20141231      -2460     109525      23060
20150130      -2980     106545
20150227      -3605     102940
20150331      -5220      97720
20150430      -4150      93570
20150529      -3820      89750
20150630          0      89750
20150731          0      89750
20150831      -3120      86630
20150930       2560      89190
20151030      -3340      85850
20151130          0      85850
20151231          0      85850     -23675
20160129       -210      85640
20160229       4370      90010
20160331      -1940      88070
20160429      -1930      86140
20160531        170      86310
20160630       -640      85670
20160729       9870      95540
20160831      -6970      88570
20160930          0      88570
20161031          0      88570
20161130          0      88570
20161230          0      88570       2720
20170131       2000      90570
20170228       -230      90340
20170331        990      91330
20170428      -1810      89520
20170531      -2150      87370
20170630       1735      89105
20170731       -135      88970
20170831       -935      88035
20170929          0      88035
20171031          0      88035
20171130         20      88055
20171229       5820      93875       5305
20180131      -1350      92525
20180228       4280      96805
20180329      -1470      95335
20180430      -1180      94155
20180531       3335      97490
20180629      -3940      93550
20180731          0      93550
20180831          0      93550
20180928       1085      94635
20181031       -245      94390
20181130        -45      94345
20181231        725      95070       1195
20190131      -1100      93970
20190228       1580      95550
20190329      -1525      94025
20190430          0      94025
20190531       2010      96035
20190628        905      96940
20190731       1120      98060
20190830       2505     100565
20190930      -2260      98305
20191031       -745      97560
20191129       -445      97115
20191231       1845      98960       3890
20200131       -775      98185
20200228       2855     101040
20200331      10360     111400
20200430      -5530     105870
20200529       -260     105610
20200630      -1450     104160
20200731       -115     104045
20200831       1250     105295
20200930        315     105610
20201030       1565     107175
20201130        645     107820
20201231       2985     110805      11845
20210129       1260     112065
20210226       3400     115465
20210331      -3150     112315
20210430          0     112315
20210528          0     112315
20210630          0     112315
20210730          0     112315
20210831        540     112855
20210930       3570     116425
20211029       9050     125475
20211130      -5830     119645
20211231       6190     125835      15030
20220131      14970     140805
20220228      -6130     134675
20220331      16570     151245      25410
-----------------------------------------
