-----------------------------------------
Sys Name : TF-Boll-RiskFilt2_1R
Mkt Symb : EC Mkt Name : EuroCur
Profit/Loss : 18843.75
Num Trades : 23
Percent Wins : 0.348
Avg Win  : 6186.72
Avg Loss : -2280.36
Avg Trade: 819.29
Max DrawDown: 15056.25
Avg DrawDown: 4763.02
AVG Monthly Return: 128.18878
Monthly StdDev: 1828.73828
-----------------------------------------
20100129          0          0
20100226          0          0
20100331          0          0
20100430          0          0
20100528          0          0
20100630          0          0
20100730          0          0
20100831          0          0
20100930          0          0
20101029          0          0
20101130          0          0
20101231          0          0          0
20110131          0          0
20110228          0          0
20110331          0          0
20110429          0          0
20110531          0          0
20110630          0          0
20110729          0          0
20110831          0          0
20110930          0          0
20111031          0          0
20111130          0          0
20111230          0          0          0
20120131          0          0
20120229          0          0
20120330          0          0
20120430          0          0
20120531          0          0
20120629          0          0
20120731          0          0
20120831          0          0
20120928          0          0
20121031          0          0
20121130          0          0
20121231          0          0          0
20130131          0          0
20130228          0          0
20130329          0          0
20130430          0          0
20130531          0          0
20130628          0          0
20130731          0          0
20130830          0          0
20130930          0          0
20131031      -1644      -1644
20131129      -2150      -3794
20131231       -956      -4750      -4750
20140131      -2600      -7350
20140228          0      -7350
20140331       -850      -8200
20140430       -862      -9063
20140530      -2875     -11937
20140630      -1400     -13337
20140731       3825      -9512
20140829       3212      -6300
20140930       6388         88
20141031       1312       1400
20141128       1175       2575
20141231       4225       6800      11550
20150130      10138      16938
20150227       1262      18200
20150331       5587      23788
20150430      -4788      19000
20150529          0      19000
20150630          0      19000
20150731          0      19000
20150831          0      19000
20150930          0      19000
20151030          0      19000
20151130          0      19000
20151231          0      19000      12200
20160129          0      19000
20160229          0      19000
20160331          0      19000
20160429          0      19000
20160531          0      19000
20160630          0      19000
20160729          0      19000
20160831          0      19000
20160930          0      19000
20161031        637      19638
20161130      -2381      17256
20161230          0      17256      -1744
20170131          0      17256
20170228          0      17256
20170331      -2606      14650
20170428        350      15000
20170531       4187      19188
20170630       1956      21144
20170731       4919      26063
20170831        644      26706
20170929      -1312      25394
20171031      -1513      23881
20171130      -3063      20819
20171229          0      20819       3563
20180131       3994      24812
20180228      -2881      21931
20180329        700      22631
20180430       -544      22088
20180531       4006      26094
20180629        594      26688
20180731        -12      26675
20180831        -44      26631
20180928          0      26631
20181031        731      27363
20181130        419      27781
20181231      -1325      26456       5638
20190131       -738      25719
20190228       -569      25150
20190329        125      25275
20190430        275      25550
20190531        994      26544
20190628      -1681      24863
20190731       1137      26000
20190830       1725      27725
20190930       1275      29000
20191031      -3081      25919
20191129          0      25919
20191231        200      26119       -338
20200131      -2350      23769
20200228        988      24756
20200331      -3562      21194
20200430          0      21194
20200529          0      21194
20200630          0      21194
20200731          0      21194
20200831          0      21194
20200930          0      21194
20201030          0      21194
20201130       -169      21025
20201231       3319      24344      -1775
20210129      -1287      23056
20210226      -1506      21550
20210331       1644      23194
20210430      -4163      19031
20210528          0      19031
20210630          0      19031
20210730          0      19031
20210831          0      19031
20210930        225      19256
20211029        394      19650
20211130       3025      22675
20211231       -613      22063      -2281
20220131      -2375      19688
20220228      -2912      16775
20220331       2069      18844      -3219
-----------------------------------------
-----------------------------------------
Sys Name : TF-Boll-RiskFilt2_1R
Mkt Symb : JY Mkt Name : J.Yen
Profit/Loss : 23487.5
Num Trades : 36
Percent Wins : 0.222
Avg Win  : 7446.09
Avg Loss : -1530.09
Avg Trade: 652.43
Max DrawDown: 31975.0
Avg DrawDown: 6843.23
AVG Monthly Return: 159.77891
Monthly StdDev: 2033.89989
-----------------------------------------
20100129          0          0
20100226          0          0
20100331          0          0
20100430          0          0
20100528          0          0
20100630          0          0
20100730          0          0
20100831          0          0
20100930          0          0
20101029          0          0
20101130          0          0
20101231          0          0          0
20110131          0          0
20110228          0          0
20110331          0          0
20110429          0          0
20110531          0          0
20110630          0          0
20110729          0          0
20110831          0          0
20110930          0          0
20111031          0          0
20111130          0          0
20111230      -2487      -2487      -2487
20120131          0      -2487
20120229       5206       2719
20120330       3213       5931
20120430      -5612        319
20120531          0        319
20120629          0        319
20120731          0        319
20120831          0        319
20120928      -3181      -2862
20121031      -1250      -4112
20121130       5038        925
20121231       7488       8413      10900
20130131       7563      15975
20130228       1938      17913
20130329       2112      20025
20130430       4688      24713
20130531       4050      28763
20130628      -4619      24144
20130731          0      24144
20130830          0      24144
20130930          0      24144
20131031          0      24144
20131129       2806      26950
20131231       3275      30225      21812
20140131      -3400      26825
20140228      -1225      25600
20140331          0      25600
20140430          0      25600
20140530      -1456      24144
20140630       -300      23844
20140731       -912      22931
20140829        375      23306
20140930       6175      29481
20141031       2650      32131
20141128       6050      38181
20141231       1050      39231       9006
20150130      -2062      37169
20150227       2000      39169
20150331       -538      38631
20150430          0      38631
20150529       2169      40800
20150630      -1394      39406
20150731      -1062      38344
20150831      -1531      36812
20150930        906      37719
20151030      -1394      36325
20151130          0      36325
20151231      -2394      33931      -5300
20160129      -2013      31919
20160229          0      31919
20160331          0      31919
20160429          0      31919
20160531          0      31919
20160630          0      31919
20160729          0      31919
20160831          0      31919
20160930          0      31919
20161031          0      31919
20161130          0      31919
20161230          0      31919      -2013
20170131          0      31919
20170228          0      31919
20170331       -469      31450
20170428       -219      31231
20170531       -944      30287
20170630          0      30287
20170731      -2706      27581
20170831      -1356      26225
20170929       -681      25544
20171031       -537      25006
20171130      -2325      22681
20171229          0      22681      -9238
20180131       1762      24444
20180228       2463      26906
20180329        -19      26887
20180430      -1763      25125
20180531      -1725      23400
20180629       2581      25981
20180731       1219      27200
20180831      -1738      25462
20180928        956      26419
20181031      -2000      24419
20181130       -100      24319
20181231       -863      23456        775
20190131        556      24012
20190228      -2212      21800
20190329          0      21800
20190430          0      21800
20190531        406      22206
20190628        388      22594
20190731      -1537      21056
20190830       -200      20856
20190930      -1237      19619
20191031       -706      18912
20191129       1700      20612
20191231       -563      20050      -3406
20200131      -2050      18000
20200228       -962      17037
20200331      -1619      15419
20200430          0      15419
20200529          0      15419
20200630          0      15419
20200731        331      15750
20200831      -3187      12562
20200930       -738      11825
20201030        875      12700
20201130      -1356      11344
20201231       1094      12437      -7612
20210129      -1325      11112
20210226       1331      12444
20210331       4400      16844
20210430      -1450      15394
20210528        525      15919
20210630       1363      17281
20210730      -1644      15637
20210831          0      15637
20210930        438      16075
20211029       2512      18588
20211130       -775      17813
20211231       1919      19731       7294
20220131      -1475      18256
20220228       -912      17344
20220331       6144      23487       3756
-----------------------------------------
-----------------------------------------
Sys Name : TF-Boll-RiskFilt2_1R
Mkt Symb : BP Mkt Name : B.Pound
Profit/Loss : -19031.25
Num Trades : 49
Percent Wins : 0.245
Avg Win  : 2523.44
Avg Loss : -1376.56
Avg Trade: -388.39
Max DrawDown: 23343.75
Avg DrawDown: 6844.79
AVG Monthly Return: -129.46429
Monthly StdDev: 1597.72118
-----------------------------------------
20100129          0          0
20100226          0          0
20100331          0          0
20100430          0          0
20100528       1075       1075
20100630      -3237      -2163
20100730          0      -2163
20100831      -2550      -4712
20100930       2388      -2325
20101029       2063       -262
20101130      -1806      -2069
20101231          0      -2069      -2069
20110131          0      -2069
20110228        225      -1844
20110331      -1344      -3187
20110429       4231       1044
20110531      -3181      -2138
20110630       -625      -2763
20110729      -1225      -3988
20110831      -2337      -6325
20110930       1175      -5150
20111031      -2706      -7856
20111130          0      -7856
20111230          0      -7856      -5788
20120131      -2600     -10456
20120229          0     -10456
20120330        150     -10306
20120430       1362      -8944
20120531      -1225     -10169
20120629      -1906     -12075
20120731       -481     -12556
20120831          0     -12556
20120928       1325     -11231
20121031        -56     -11288
20121130      -1294     -12581
20121231      -1375     -13956      -6100
20130131      -1419     -15375
20130228       4256     -11119
20130329          0     -11119
20130430      -1862     -12981
20130531          0     -12981
20130628      -1888     -14869
20130731      -2325     -17194
20130830          0     -17194
20130930       2250     -14944
20131031       -806     -15750
20131129       1950     -13800
20131231       1275     -12525       1431
20140131       -813     -13338
20140228       -487     -13825
20140331      -1794     -15619
20140430        594     -15025
20140530       -744     -15769
20140630        550     -15219
20140731      -1331     -16550
20140829        406     -16144
20140930       2238     -13906
20141031       1287     -12619
20141128       2300     -10319
20141231        238     -10081       2444
20150130       3231      -6850
20150227      -2756      -9606
20150331        638      -8969
20150430      -1619     -10587
20150529      -1694     -12281
20150630       2788      -9494
20150731       -719     -10212
20150831       -994     -11206
20150930      -1119     -12325
20151030      -2331     -14656
20151130        350     -14306
20151231       2031     -12275      -2194
20160129       3075      -9200
20160229       2037      -7162
20160331      -2825      -9987
20160429       -262     -10250
20160531       -913     -11162
20160630      -3012     -14175
20160729          0     -14175
20160831          0     -14175
20160930          0     -14175
20161031        875     -13300
20161130      -1600     -14900
20161230      -1475     -16375      -4100
20170131          0     -16375
20170228          0     -16375
20170331      -1625     -18000
20170428       1706     -16294
20170531       -400     -16694
20170630      -1588     -18281
20170731         -6     -18287
20170831      -1688     -19975
20170929       1231     -18744
20171031      -2162     -20906
20171130          0     -20906
20171229          0     -20906      -4531
20180131       3469     -17437
20180228      -2638     -20075
20180329       1394     -18681
20180430       -388     -19069
20180531       2356     -16712
20180629        756     -15956
20180731        537     -15419
20180831       1162     -14256
20180928      -1169     -15425
20181031       -113     -15537
20181130      -1675     -17212
20181231        138     -17075       3831
20190131      -1112     -18187
20190228        294     -17894
20190329      -1975     -19869
20190430          0     -19869
20190531       1525     -18344
20190628       -338     -18681
20190731       3506     -15175
20190830        169     -15006
20190930      -1969     -16975
20191031        937     -16037
20191129       -125     -16162
20191231       1981     -14181       2894
20200131       -469     -14650
20200228      -1325     -15975
20200331        650     -15325
20200430       -912     -16237
20200529       1725     -14512
20200630      -1106     -15619
20200731       2325     -13294
20200831       1694     -11600
20200930      -3881     -15481
20201030          0     -15481
20201130       -169     -15650
20201231       1900     -13750        431
20210129        288     -13462
20210226       1506     -11956
20210331      -1656     -13612
20210430          0     -13612
20210528        731     -12881
20210630      -1500     -14381
20210730      -1994     -16375
20210831       -706     -17081
20210930       -263     -17344
20211029      -1875     -19219
20211130       1544     -17675
20211231      -1600     -19275      -5525
20220131          0     -19275
20220228          0     -19275
20220331        244     -19031        244
-----------------------------------------
-----------------------------------------
Sys Name : TF-Boll-RiskFilt2_1R
Mkt Symb : TY Mkt Name : TenYr
Profit/Loss : 25332.25
Num Trades : 39
Percent Wins : 0.385
Avg Win  : 3211.57
Avg Loss : -1094.31
Avg Trade: 649.54
Max DrawDown: 13238.23
Avg DrawDown: 4576.97
AVG Monthly Return: 172.32823
Monthly StdDev: 1412.35996
-----------------------------------------
20100129      -2239      -2239
20100226          0      -2239
20100331          0      -2239
20100430        -47      -2286
20100528       2781        496
20100630       2672       3168
20100730       1266       4433
20100831       2625       7058
20100930        422       7480
20101029        234       7714
20101130      -1097       6618
20101231       1922       8539       8539
20110131       -359       8180
20110228        516       8696
20110331       -424       8271
20110429        158       8429
20110531       2859      11288
20110630       -281      11007
20110729       3359      14366
20110831       4312      18679
20110930       1062      19741
20111031      -2285      17457
20111130          0      17457
20111230        -15      17441       8902
20120131       1125      18566
20120229      -1016      17551
20120330       -974      16577
20120430       -955      15622
20120531       2000      17622
20120629       -562      17060
20120731       1281      18341
20120831      -1520      16822
20120928          0      16822
20121031          0      16822
20121130        -62      16760
20121231      -1020      15740      -1701
20130131         62      15803
20130228      -1190      14612
20130329          0      14612
20130430        954      15566
20130531      -2287      13280
20130628       2656      15936
20130731        125      16061
20130830        984      17045
20130930      -1158      15887
20131031        235      16122
20131129       -719      15403
20131231      -1051      14352      -1389
20140131          0      14352
20140228          0      14352
20140331      -1894      12457
20140430          0      12457
20140530       1141      13598
20140630       -344      13254
20140731      -1301      11953
20140829        407      12361
20140930      -1255      11106
20141031        407      11513
20141128       1312      12825
20141231       -250      12575      -1776
20150130       4078      16653
20150227      -3519      13134
20150331          0      13134
20150430          0      13134
20150529      -1832      11302
20150630       -657      10645
20150731      -1018       9627
20150831       -921       8706
20150930       1672      10378
20151030      -1047       9331
20151130       -300       9031
20151231          0       9031      -3544
20160129        594       9625
20160229       1297      10922
20160331       -125      10797
20160429      -1144       9653
20160531          0       9653
20160630       1563      11216
20160729         62      11279
20160831      -1410       9868
20160930          0       9868
20161031        264      10133
20161130       1732      11865
20161230        234      12100       3069
20170131       -188      11912
20170228       -627      11285
20170331          0      11285
20170428        657      11941
20170531        875      12816
20170630       -766      12051
20170731       -301      11750
20170831        -77      11673
20170929       -957      10715
20171031       -500      10215
20171130        656      10871
20171229          0      10871      -1228
20180131       2469      13340
20180228        969      14309
20180329      -1094      13215
20180430       1516      14731
20180531      -2313      12418
20180629       -785      11632
20180731          0      11632
20180831          0      11632
20180928        139      11772
20181031        344      12115
20181130       -658      11458
20181231       1454      12912       2040
20190131        453      13365
20190228       -797      12568
20190329       2219      14787
20190430       -547      14240
20190531       2750      16990
20190628       1219      18209
20190731       -547      17662
20190830       3641      21302
20190930      -2786      18517
20191031          0      18517
20191129          0      18517
20191231       -423      18094       5182
20200131       -627      17467
20200228       3203      20670
20200331       3938      24608
20200430        375      24983
20200529        266      25249
20200630      -2128      23120
20200731        298      23419
20200831      -1144      22275
20200930          0      22275
20201030        467      22742
20201130      -1300      21442
20201231         94      21536       3442
20210129       1047      22583
20210226       3219      25801
20210331       1781      27583
20210430      -1094      26489
20210528      -1409      25080
20210630      -1955      23125
20210730       1953      25078
20210831       -406      24672
20210930      -1099      23573
20211029        906      24479
20211130      -1315      23164
20211231          0      23164       1628
20220131        874      24037
20220228        469      24506
20220331        826      25332       2169
-----------------------------------------
-----------------------------------------
Sys Name : TF-Boll-RiskFilt2_1R
Mkt Symb : FV Mkt Name : FiveYr
Profit/Loss : 12672.84
Num Trades : 44
Percent Wins : 0.25
Avg Win  : 2467.42
Avg Loss : -675.0
Avg Trade: 288.02
Max DrawDown: 11219.62
Avg DrawDown: 2850.94
AVG Monthly Return: 86.20981
Monthly StdDev: 881.04048
-----------------------------------------
20100129          0          0
20100226      -1388      -1388
20100331          0      -1388
20100430          0      -1388
20100528       1329        -59
20100630       1680       1621
20100730       1477       3097
20100831       1242       4339
20100930        547       4886
20101029        711       5597
20101130      -1243       4354
20101231        541       4895       4895
20110131       -695       4200
20110228        555       4754
20110331      -2032       2723
20110429        203       2925
20110531       1797       4722
20110630         55       4777
20110729       2250       7027
20110831       2031       9058
20110930        -62       8996
20111031       -792       8204
20111130          0       8204
20111230         24       8228       3333
20120131        789       9017
20120229      -1043       7975
20120330       -171       7803
20120430       -527       7277
20120531          0       7277
20120629       -492       6785
20120731        812       7597
20120831       -644       6954
20120928       -750       6204
20121031          0       6204
20121130          0       6204
20121231          0       6204      -2025
20130131       -659       5544
20130228       -521       5023
20130329          0       5023
20130430        353       5376
20130531       -563       4812
20130628       1367       6179
20130731       -320       5859
20130830        773       6632
20130930       -623       6009
20131031        241       6250
20131129         94       6343
20131231       -953       5390       -813
20140131          0       5390
20140228          0       5390
20140331          0       5390
20140430          0       5390
20140530        333       5723
20140630       -958       4766
20140731          0       4766
20140829        -87       4679
20140930      -1128       3551
20141031        471       4021
20141128        789       4811
20141231      -1145       3666      -1724
20150130       1320       4986
20150227      -1946       3040
20150331          0       3040
20150430       -633       2406
20150529       -417       1990
20150630          0       1990
20150731          0       1990
20150831       -282       1708
20150930       1078       2786
20151030       -818       1968
20151130       -633       1335
20151231       -647        688      -2977
20160129         22        710
20160229        391       1101
20160331      -1434       -333
20160429          0       -333
20160531          0       -333
20160630        781        448
20160729       -148        300
20160831       -834       -534
20160930          0       -534
20161031         30       -503
20161130       1154        650
20161230        180        830        141
20170131       -203        627
20170228       -617          9
20170331       -833       -823
20170428        317       -506
20170531        430        -76
20170630       -477       -553
20170731       -163       -715
20170831        136       -579
20170929       -538      -1117
20171031        104      -1013
20171130        656       -357
20171229        180       -177      -1007
20180131       1453       1276
20180228        484       1761
20180329       -531       1229
20180430        953       2182
20180531      -1066       1117
20180629       -379        738
20180731          0        738
20180831          0        738
20180928        183        920
20181031       -427        494
20181130          0        494
20181231       1089       1583       1760
20190131        172       1755
20190228       -453       1302
20190329       1266       2568
20190430       -188       2380
20190531       1523       3904
20190628        789       4693
20190731       -602       4091
20190830       1977       6068
20190930      -1401       4666
20191031      -1339       3327
20191129          0       3327
20191231       -454       2873       1290
20200131       -144       2730
20200228       1961       4691
20200331       2609       7300
20200430        125       7425
20200529        312       7738
20200630        117       7855
20200731        383       8238
20200831       -558       7680
20200930          0       7680
20201030         54       7734
20201130       -519       7215
20201231       -109       7106       4233
20210129       -380       6726
20210226       1216       7942
20210331        570       8512
20210430       -539       7973
20210528       -549       7424
20210630      -1524       5900
20210730        349       6249
20210831       -708       5542
20210930         14       5556
20211029        992       6548
20211130       -250       6298
20211231        422       6720       -386
20220131       1773       8493
20220228        586       9079
20220331       3594      12673       5953
-----------------------------------------
-----------------------------------------
Sys Name : TF-Boll-RiskFilt2_1R
Mkt Symb : US Mkt Name : 30YrBnd
Profit/Loss : 40700.4
Num Trades : 11
Percent Wins : 0.636
Avg Win  : 7284.67
Avg Loss : -2573.07
Avg Trade: 3700.04
Max DrawDown: 15910.8
Avg DrawDown: 3977.79
AVG Monthly Return: 276.87347
Monthly StdDev: 2222.09704
-----------------------------------------
20100129          0          0
20100226          0          0
20100331          0          0
20100430        531        531
20100528       4094       4624
20100630       4844       9468
20100730       1219      10687
20100831       7687      18374
20100930      -1312      17062
20101029      -3331      13731
20101130          0      13731
20101231          0      13731      13731
20110131          0      13731
20110228          0      13731
20110331          0      13731
20110429          0      13731
20110531       3374      17105
20110630      -1812      15293
20110729       5094      20386
20110831       9156      29543
20110930       6594      36136
20111031      -7205      28931
20111130          0      28931
20111230          0      28931      15200
20120131          0      28931
20120229          0      28931
20120330          0      28931
20120430          0      28931
20120531          0      28931
20120629          0      28931
20120731          0      28931
20120831          0      28931
20120928          0      28931
20121031          0      28931
20121130          0      28931
20121231          0      28931          0
20130131          0      28931
20130228          0      28931
20130329          0      28931
20130430          0      28931
20130531          0      28931
20130628          0      28931
20130731          0      28931
20130830          0      28931
20130930          0      28931
20131031       -813      28118
20131129      -2611      25507
20131231          0      25507      -3424
20140131          0      25507
20140228        468      25976
20140331        156      26132
20140430       1719      27851
20140530       3281      31132
20140630       -281      30851
20140731      -3643      27207
20140829       4125      31332
20140930      -3862      27470
20141031        750      28220
20141128       2969      31188
20141231       1938      33126       7619
20150130       6719      39845
20150227      -7049      32796
20150331          0      32796
20150430          0      32796
20150529          0      32796
20150630          0      32796
20150731          0      32796
20150831          0      32796
20150930          0      32796
20151030          0      32796
20151130          0      32796
20151231          0      32796       -330
20160129          0      32796
20160229          0      32796
20160331          0      32796
20160429          0      32796
20160531          0      32796
20160630          0      32796
20160729          0      32796
20160831          0      32796
20160930          0      32796
20161031          0      32796
20161130          0      32796
20161230          0      32796          0
20170131          0      32796
20170228          0      32796
20170331          0      32796
20170428          0      32796
20170531          0      32796
20170630      -1719      31076
20170731      -1830      29246
20170831          0      29246
20170929          0      29246
20171031          0      29246
20171130          0      29246
20171229          0      29246      -3549
20180131          0      29246
20180228          0      29246
20180329          0      29246
20180430          0      29246
20180531      -2706      26541
20180629          0      26541
20180731          0      26541
20180831          0      26541
20180928        562      27103
20181031       2375      29478
20181130      -2457      27021
20181231       1592      28613       -633
20190131        688      29301
20190228      -1594      27707
20190329       5188      32895
20190430      -3737      29157
20190531       4843      34000
20190628       1875      35875
20190731          0      35875
20190830      10438      46312
20190930      -2938      43375
20191031      -2675      40700
20191129          0      40700
20191231          0      40700      12087
20200131          0      40700
20200228          0      40700
20200331          0      40700
20200430          0      40700
20200529          0      40700
20200630          0      40700
20200731          0      40700
20200831          0      40700
20200930          0      40700
20201030          0      40700
20201130          0      40700
20201231          0      40700          0
20210129          0      40700
20210226          0      40700
20210331          0      40700
20210430          0      40700
20210528          0      40700
20210630          0      40700
20210730          0      40700
20210831          0      40700
20210930          0      40700
20211029          0      40700
20211130          0      40700
20211231          0      40700          0
20220131          0      40700
20220228          0      40700
20220331          0      40700          0
-----------------------------------------
-----------------------------------------
Sys Name : TF-Boll-RiskFilt2_1R
Mkt Symb : ES Mkt Name : MiniES
Profit/Loss : 11275.0
Num Trades : 24
Percent Wins : 0.333
Avg Win  : 5350.0
Avg Loss : -1970.31
Avg Trade: 469.79
Max DrawDown: 16900.0
Avg DrawDown: 6246.88
AVG Monthly Return: 76.70068
Monthly StdDev: 1757.57816
-----------------------------------------
20100129      -2338      -2338
20100226      -2912      -5250
20100331       1125      -4125
20100430        912      -3212
20100528      -2288      -5500
20100630          0      -5500
20100730          0      -5500
20100831          0      -5500
20100930        125      -5375
20101029       2150      -3225
20101130        -12      -3238
20101231       3925        688        688
20110131       1475       2162
20110228       2175       4338
20110331      -3288       1050
20110429        688       1738
20110531      -2288       -550
20110630      -2038      -2588
20110729          0      -2588
20110831       2175       -412
20110930       4300       3888
20111031      -4575       -688
20111130          0       -688
20111230          0       -688      -1375
20120131      -1025      -1712
20120229       2812       1100
20120330       2225       3325
20120430       -488       2838
20120531      -2050        788
20120629      -2550      -1762
20120731          0      -1762
20120831       -475      -2238
20120928       1812       -425
20121031      -1675      -2100
20121130      -3275      -5375
20121231          0      -5375      -4688
20130131        912      -4462
20130228       1000      -3462
20130328       2712       -750
20130430       1475        725
20130531       1838       2562
20130628      -2112        450
20130731       -250        200
20130830      -1950      -1750
20130930      -1950      -3700
20131031        238      -3462
20131129       2650       -812
20131231       2162       1350       6725
20140131      -3462      -2112
20140228       -300      -2412
20140331        700      -1712
20140430      -2038      -3750
20140530         38      -3712
20140630       1912      -1800
20140731      -1388      -3188
20140829       -662      -3850
20140930      -2738      -6588
20141031          0      -6588
20141128          0      -6588
20141231          0      -6588      -7938
20150130          0      -6588
20150227          0      -6588
20150331          0      -6588
20150430          0      -6588
20150529          0      -6588
20150630          0      -6588
20150731      -2200      -8788
20150831          0      -8788
20150930          0      -8788
20151030          0      -8788
20151130          0      -8788
20151231          0      -8788      -2200
20160129          0      -8788
20160229          0      -8788
20160331          0      -8788
20160429          0      -8788
20160531          0      -8788
20160630          0      -8788
20160729          0      -8788
20160831          0      -8788
20160930          0      -8788
20161031       -338      -9125
20161130      -1562     -10688
20161230       2138      -8550        238
20170131       1912      -6638
20170228       4412      -2225
20170331        -25      -2250
20170428       1062      -1188
20170531       1525        338
20170630        612        950
20170731       2350       3300
20170831      -2050       1250
20170929       1312       2562
20171031       2838       5400
20171130       3762       9162
20171229       1262      10425      18975
20180131       7488      17912
20180228      -8038       9875
20180329          0       9875
20180430          0       9875
20180531          0       9875
20180629          0       9875
20180731          0       9875
20180831        675      10550
20180928        600      11150
20181031      -3700       7450
20181130          0       7450
20181231          0       7450      -2975
20190131          0       7450
20190228          0       7450
20190329          0       7450
20190430          0       7450
20190531          0       7450
20190628          0       7450
20190731          0       7450
20190830          0       7450
20190930          0       7450
20191031          0       7450
20191129        588       8038
20191231       4225      12262       4812
20200131       -350      11912
20200228       -638      11275
20200331          0      11275
20200430          0      11275
20200529          0      11275
20200630          0      11275
20200731          0      11275
20200831          0      11275
20200930          0      11275
20201030          0      11275
20201130          0      11275
20201231          0      11275       -988
20210129          0      11275
20210226          0      11275
20210331          0      11275
20210430          0      11275
20210528          0      11275
20210630          0      11275
20210730          0      11275
20210831          0      11275
20210930          0      11275
20211029          0      11275
20211130          0      11275
20211231          0      11275          0
20220131          0      11275
20220228          0      11275
20220331          0      11275          0
-----------------------------------------
-----------------------------------------
Sys Name : TF-Boll-RiskFilt2_1R
Mkt Symb : NQ Mkt Name : MiniNQ
Profit/Loss : 20365.0
Num Trades : 17
Percent Wins : 0.412
Avg Win  : 5572.86
Avg Loss : -1864.5
Avg Trade: 1197.94
Max DrawDown: 11940.0
Avg DrawDown: 3625.36
AVG Monthly Return: 120.50296
Monthly StdDev: 1650.37339
-----------------------------------------
20100430          0          0
20100528          0          0
20100630          0          0
20100730          0          0
20100831          0          0
20100930       1290       1290
20101029       2530       3820
20101130       -100       3720
20101231       2010       5730       5730
20110131       1280       7010
20110228       1415       8425
20110331      -1695       6730
20110429         95       6825
20110531      -1455       5370
20110630      -1565       3805
20110729          0       3805
20110831       -750       3055
20110930       -440       2615
20111031          0       2615
20111130          0       2615
20111230          0       2615      -3115
20120131        650       3265
20120229       3175       6440
20120330       2665       9105
20120430       -630       8475
20120531      -2230       6245
20120629      -2585       3660
20120731       -470       3190
20120831        715       3905
20120928        555       4460
20121031      -1790       2670
20121130      -2120        550
20121231       -725       -175      -2790
20130131          0       -175
20130228          0       -175
20130329          0       -175
20130430      -1105      -1280
20130531       2005        725
20130628      -2145      -1420
20130731        305      -1115
20130830       -190      -1305
20130930       2845       1540
20131031       3200       4740
20131129       2370       7110
20131231       2025       9135       9310
20140131      -1395       7740
20140228       -510       7230
20140331      -2365       4865
20140430          0       4865
20140530          0       4865
20140630       1690       6555
20140731        885       7440
20140829       3945      11385
20140930       -595      10790
20141031      -2070       8720
20141128          0       8720
20141231      -4740       3980      -5155
20150130          0       3980
20150227          0       3980
20150331          0       3980
20150430          0       3980
20150529          0       3980
20150630          0       3980
20150731          0       3980
20150831          0       3980
20150930          0       3980
20151030          0       3980
20151130          0       3980
20151231          0       3980          0
20160129          0       3980
20160229          0       3980
20160331          0       3980
20160429          0       3980
20160531          0       3980
20160630          0       3980
20160729          0       3980
20160831       -170       3810
20160930       2020       5830
20161031      -1470       4360
20161130       -495       3865
20161230          0       3865       -115
20170131       1445       5310
20170228       4390       9700
20170331       2045      11745
20170428       2840      14585
20170531       4255      18840
20170630      -2960      15880
20170731      -1145      14735
20170831          0      14735
20170929          0      14735
20171031       1965      16700
20171130       2385      19085
20171229        420      19505      15640
20180131      11075      30580
20180228     -10215      20365
20180329          0      20365
20180430          0      20365
20180531          0      20365
20180629          0      20365
20180731          0      20365
20180831          0      20365
20180928          0      20365
20181031          0      20365
20181130          0      20365
20181231          0      20365        860
20190131          0      20365
20190228          0      20365
20190329          0      20365
20190430          0      20365
20190531          0      20365
20190628          0      20365
20190731          0      20365
20190830          0      20365
20190930          0      20365
20191031          0      20365
20191129          0      20365
20191231          0      20365          0
20200131          0      20365
20200228          0      20365
20200331          0      20365
20200430          0      20365
20200529          0      20365
20200630          0      20365
20200731          0      20365
20200831          0      20365
20200930          0      20365
20201030          0      20365
20201130          0      20365
20201231          0      20365          0
20210129          0      20365
20210226          0      20365
20210331          0      20365
20210430          0      20365
20210528          0      20365
20210630          0      20365
20210730          0      20365
20210831          0      20365
20210930          0      20365
20211029          0      20365
20211130          0      20365
20211231          0      20365          0
20220131          0      20365
20220228          0      20365
20220331          0      20365
20220429          0      20365
20220531          0      20365
20220630          0      20365
20220729          0      20365
20220831          0      20365
20220930          0      20365
20221031          0      20365
20221130          0      20365
20221230          0      20365          0
20230131          0      20365
20230228          0      20365
20230331          0      20365
20230428          0      20365
20230531          0      20365
20230630          0      20365
20230731          0      20365
20230831          0      20365
20230929          0      20365
20231031          0      20365
20231130          0      20365
20231229          0      20365          0
20240131          0      20365
20240229          0      20365
20240328          0      20365
20240416          0      20365          0
-----------------------------------------
-----------------------------------------
Sys Name : TF-Boll-RiskFilt2_1R
Mkt Symb : EM Mkt Name : MiniDow
Profit/Loss : 0
Num Trades : 0
Percent Wins : 0
Avg Win  : 0
Avg Loss : 0
Avg Trade: 0
Max DrawDown: 0
Avg DrawDown: 0.0
AVG Monthly Return: 0.0
Monthly StdDev: 0.0
-----------------------------------------
20140530          0          0
20140630          0          0
20140731          0          0
20140829          0          0
20140930          0          0
20141031          0          0
20141128          0          0
20141231          0          0          0
20150130          0          0
20150227          0          0
20150331          0          0
20150430          0          0
20150529          0          0
20150630          0          0
20150731          0          0
20150831          0          0
20150930          0          0
20151030          0          0
20151130          0          0
20151231          0          0          0
20160129          0          0
20160229          0          0
20160331          0          0
20160429          0          0
20160531          0          0
20160630          0          0
20160729          0          0
20160831          0          0
20160930          0          0
20161031          0          0
20161130          0          0
20161230          0          0          0
20170131          0          0
20170228          0          0
20170331          0          0
20170428          0          0
20170531          0          0
20170630          0          0
20170731          0          0
20170831          0          0
20170929          0          0
20171031          0          0
20171130          0          0
20171229          0          0          0
20180131          0          0
20180228          0          0
20180329          0          0
20180430          0          0
20180531          0          0
20180629          0          0
20180731          0          0
20180831          0          0
20180928          0          0
20181031          0          0
20181130          0          0
20181231          0          0          0
20190131          0          0
20190228          0          0
20190329          0          0
20190430          0          0
20190531          0          0
20190628          0          0
20190731          0          0
20190830          0          0
20190930          0          0
20191031          0          0
20191129          0          0
20191231          0          0          0
20200131          0          0
20200228          0          0
20200331          0          0
20200430          0          0
20200529          0          0
20200630          0          0
20200731          0          0
20200831          0          0
20200930          0          0
20201030          0          0
20201130          0          0
20201231          0          0          0
20210129          0          0
20210226          0          0
20210331          0          0
20210430          0          0
20210528          0          0
20210630          0          0
20210730          0          0
20210831          0          0
20210930          0          0
20211029          0          0
20211130          0          0
20211231          0          0          0
20220131          0          0
20220228          0          0
20220331          0          0
20220429          0          0
20220531          0          0
20220630          0          0
20220729          0          0
20220831          0          0
20220930          0          0
20221031          0          0
20221130          0          0
20221230          0          0          0
20230131          0          0
20230228          0          0
20230331          0          0
20230428          0          0
20230531          0          0
20230630          0          0
20230731          0          0
20230831          0          0
20230929          0          0
20231031          0          0
20231130          0          0
20231229          0          0          0
20240131          0          0
20240229          0          0
20240328          0          0
20240430          0          0
20240503          0          0          0
-----------------------------------------
-----------------------------------------
Sys Name : TF-Boll-RiskFilt2_1R
Mkt Symb : C_ Mkt Name : Corn
Profit/Loss : 21512.5
Num Trades : 43
Percent Wins : 0.279
Avg Win  : 3595.83
Avg Loss : -1010.83
Avg Trade: 500.29
Max DrawDown: 14725.0
Avg DrawDown: 4585.42
AVG Monthly Return: 146.34354
Monthly StdDev: 1469.92263
-----------------------------------------
20100129        250        250
20100226      -1075       -825
20100331       2200       1375
20100430      -1088        288
20100528       -138        150
20100630      -1675      -1525
20100730      -1638      -3162
20100831       1412      -1750
20100930       2825       1075
20101029       4312       5388
20101130      -2650       2738
20101231       4250       6988       6988
20110131       1525       8512
20110228       3075      11588
20110331      -4400       7188
20110429          0       7188
20110531          0       7188
20110630          0       7188
20110729          0       7188
20110831       -438       6750
20110930       -712       6038
20111031      -2725       3312
20111130       2325       5638
20111230      -1862       3775      -3212
20120131          0       3775
20120229          0       3775
20120330          0       3775
20120430      -1562       2212
20120531       -338       1875
20120629      -2650       -775
20120731          0       -775
20120831          0       -775
20120928          0       -775
20121031          0       -775
20121130          0       -775
20121231        512       -262      -4038
20130131      -1875      -2138
20130228          0      -2138
20130329          0      -2138
20130430          0      -2138
20130531       -688      -2825
20130628          0      -2825
20130731       1150      -1675
20130830        175      -1500
20130930       2025        525
20131031        662       1188
20131129        500       1688
20131231        125       1812       2075
20140131       -625       1188
20140228        450       1638
20140331       1925       3562
20140430        562       4125
20140530      -1800       2325
20140630       1300       3625
20140731       3088       6712
20140829         62       6775
20140930       2200       8975
20141031      -2012       6962
20141128          0       6962
20141231       -538       6425       4612
20150130       -900       5525
20150227          0       5525
20150331      -1162       4362
20150430        250       4612
20150529        738       5350
20150630       -338       5012
20150731      -1950       3062
20150831          0       3062
20150930          0       3062
20151030          0       3062
20151130       -250       2812
20151231        675       3488      -2938
20160129       -662       2825
20160229       -112       2712
20160331       -650       2062
20160429       -425       1638
20160531       -350       1288
20160630       -912        375
20160729        788       1162
20160831       1388       2550
20160930      -1062       1488
20161031       -550        938
20161130          0        938
20161230          0        938      -2550
20170131       -675        262
20170228       -212         50
20170331       -362       -312
20170428          0       -312
20170531          0       -312
20170630      -1412      -1725
20170731       -600      -2325
20170831       1100      -1225
20170929        125      -1100
20171031        475       -625
20171130        150       -475
20171229        250       -225      -1162
20180131       -312       -538
20180228        350       -188
20180329        288        100
20180430        188        288
20180531       -412       -125
20180629       1400       1275
20180731       -638        638
20180831       1125       1762
20180928        438       2200
20181031       -712       1488
20181130          0       1488
20181231          0       1488       1712
20190131          0       1488
20190228        438       1925
20190329        712       2638
20190430        188       2825
20190531        212       3038
20190628       -388       2650
20190731       -850       1800
20190830          0       1800
20190930      -1688        112
20191031       -762       -650
20191129          0       -650
20191231          0       -650      -2138
20200131          0       -650
20200228        388       -262
20200331        525        262
20200430       1425       1688
20200529       -288       1400
20200630       -438        962
20200731          0        962
20200831       -900         62
20200930       1062       1125
20201030        975       2100
20201130       1038       3138
20201231       2900       6038       6688
20210129       3150       9188
20210226         88       9275
20210331        838      10112
20210430       7500      17612
20210528       -825      16788
20210630       2438      19225
20210730      -3162      16062
20210831          0      16062
20210930      -1512      14550
20211029      -1725      12825
20211130       -500      12325
20211231       1288      13612       7575
20220131       1638      15250
20220228       3362      18612
20220331       2900      21512       7900
-----------------------------------------
-----------------------------------------
Sys Name : TF-Boll-RiskFilt2_1R
Mkt Symb : S_ Mkt Name : SoyBean
Profit/Loss : 55512.5
Num Trades : 21
Percent Wins : 0.429
Avg Win  : 8584.72
Avg Loss : -1812.5
Avg Trade: 2643.45
Max DrawDown: 16837.5
Avg DrawDown: 5677.08
AVG Monthly Return: 377.63605
Monthly StdDev: 2157.97404
-----------------------------------------
20100129          0          0
20100226          0          0
20100331          0          0
20100430          0          0
20100528          0          0
20100630          0          0
20100730       2862       2862
20100831       -325       2538
20100930       4838       7375
20101029       5912      13288
20101130        350      13638
20101231       7500      21138      21138
20110131        500      21638
20110228      -3688      17950
20110331          0      17950
20110429          0      17950
20110531          0      17950
20110630          0      17950
20110729          0      17950
20110831          0      17950
20110930          0      17950
20111031          0      17950
20111130          0      17950
20111230          0      17950      -3188
20120131          0      17950
20120229       1062      19012
20120330       4150      23162
20120430       5288      28450
20120531      -7188      21262
20120629          0      21262
20120731          0      21262
20120831          0      21262
20120928          0      21262
20121031          0      21262
20121130          0      21262
20121231          0      21262       3312
20130131          0      21262
20130228          0      21262
20130329          0      21262
20130430          0      21262
20130531          0      21262
20130628          0      21262
20130731          0      21262
20130830          0      21262
20130930          0      21262
20131031          0      21262
20131129          0      21262
20131231          0      21262          0
20140131          0      21262
20140228       4050      25312
20140331       2500      27812
20140430       2625      30438
20140530       -975      29462
20140630      -2212      27250
20140731          0      27250
20140829          0      27250
20140930          0      27250
20141031          0      27250
20141128          0      27250
20141231          0      27250       5988
20150130          0      27250
20150227          0      27250
20150331       -938      26312
20150430       -788      25525
20150529        525      26050
20150630       1050      27100
20150731      -4150      22950
20150831          0      22950
20150930          0      22950
20151030          0      22950
20151130          0      22950
20151231          0      22950      -4300
20160129          0      22950
20160229          0      22950
20160331        550      23500
20160429       5475      28975
20160531       2438      31412
20160630       5150      36562
20160729      -6225      30338
20160831          0      30338
20160930          0      30338
20161031          0      30338
20161130        262      30600
20161230      -1900      28700       5750
20170131      -2175      26525
20170228          0      26525
20170331       2675      29200
20170428         12      29212
20170531       2012      31225
20170630      -1625      29600
20170731      -1425      28175
20170831      -2075      26100
20170929          0      26100
20171031          0      26100
20171130          0      26100
20171229      -1412      24688      -4012
20180131      -1412      23275
20180228       1112      24388
20180329      -2300      22088
20180430          0      22088
20180531      -2312      19775
20180629       7025      26800
20180731      -1950      24850
20180831       3775      28625
20180928       -100      28525
20181031      -1275      27250
20181130          0      27250
20181231      -2212      25038        350
20190131          0      25038
20190228          0      25038
20190329        588      25625
20190430       2188      27812
20190531      -1188      26625
20190628       -750      25875
20190731          0      25875
20190830          0      25875
20190930          0      25875
20191031      -1000      24875
20191129      -1100      23775
20191231          0      23775      -1262
20200131        812      24588
20200228       -550      24038
20200331        338      24375
20200430       1912      26288
20200529        725      27012
20200630      -1325      25688
20200731         25      25712
20200831       3050      28762
20200930       3500      32262
20201030       1925      34188
20201130       5612      39800
20201231       7025      46825      23050
20210129       2950      49775
20210226       1588      51362
20210331       1625      52988
20210430       6388      59375
20210528       -188      59188
20210630      -3675      55512
20210730          0      55512
20210831          0      55512
20210930          0      55512
20211029          0      55512
20211130          0      55512
20211231          0      55512       8688
20220131          0      55512
20220228          0      55512
20220331          0      55512          0
-----------------------------------------
-----------------------------------------
Sys Name : TF-Boll-RiskFilt2_1R
Mkt Symb : W_ Mkt Name : Wheat
Profit/Loss : -23637.5
Num Trades : 44
Percent Wins : 0.25
Avg Win  : 2118.18
Avg Loss : -1422.35
Avg Trade: -537.22
Max DrawDown: 35162.5
Avg DrawDown: 6327.08
AVG Monthly Return: -160.79932
Monthly StdDev: 1548.13786
-----------------------------------------
20100129        262        262
20100226      -1562      -1300
20100331       3438       2138
20100430      -2625       -488
20100528        450        -38
20100630       -988      -1025
20100730       6338       5312
20100831       -450       4862
20100930       -588       4275
20101029      -1375       2900
20101130          0       2900
20101231          0       2900       2900
20110131          0       2900
20110228          0       2900
20110331          0       2900
20110429          0       2900
20110531          0       2900
20110630          0       2900
20110729          0       2900
20110831          0       2900
20110930          0       2900
20111031          0       2900
20111130          0       2900
20111230          0       2900          0
20120131          0       2900
20120229      -2438        462
20120330          0        462
20120430      -1775      -1312
20120531      -4062      -5375
20120629          0      -5375
20120731          0      -5375
20120831          0      -5375
20120928          0      -5375
20121031          0      -5375
20121130      -1950      -7325
20121231       3438      -3888      -6788
20130131        -75      -3962
20130228       3550       -412
20130329       1338        925
20130430      -2200      -1275
20130531          0      -1275
20130628       -375      -1650
20130731       -325      -1975
20130830       1162       -812
20130930      -1000      -1812
20131031      -1712      -3525
20131129          0      -3525
20131231       1325      -2200       1688
20140131       2475        275
20140228      -3175      -2900
20140331        662      -2238
20140430        812      -1425
20140530      -2988      -4412
20140630       1325      -3088
20140731       2362       -725
20140829       -912      -1638
20140930       4288       2650
20141031      -2788       -138
20141128          0       -138
20141231        -62       -200       2000
20150130      -1975      -2175
20150227          0      -2175
20150331          0      -2175
20150430       -100      -2275
20150529      -1775      -4050
20150630       3412       -638
20150731      -4725      -5362
20150831          0      -5362
20150930          0      -5362
20151030          0      -5362
20151130        200      -5162
20151231        275      -4888      -4688
20160129       -462      -5350
20160229       1725      -3625
20160331      -1225      -4850
20160429      -2288      -7138
20160531      -1188      -8325
20160630       -225      -8550
20160729       1888      -6662
20160831       2175      -4488
20160930       -688      -5175
20161031       -712      -5888
20161130       -238      -6125
20161230       -338      -6462      -1575
20170131       -788      -7250
20170228      -1338      -8588
20170331          0      -8588
20170428       -188      -8775
20170531      -1225     -10000
20170630       1938      -8062
20170731      -2575     -10638
20170831       -512     -11150
20170929       -688     -11838
20171031       1488     -10350
20171130        212     -10138
20171229        300      -9838      -3375
20180131       -600     -10438
20180228       1112      -9325
20180329      -2025     -11350
20180430          0     -11350
20180531      -1738     -13088
20180629      -1425     -14512
20180731         50     -14462
20180831      -1538     -16000
20180928          0     -16000
20181031          0     -16000
20181130          0     -16000
20181231          0     -16000      -6162
20190131       -912     -16912
20190228       2438     -14475
20190329         88     -14388
20190430       1788     -12600
20190531      -2375     -14975
20190628       -150     -15125
20190731      -2000     -17125
20190830          0     -17125
20190930          0     -17125
20191031      -1138     -18262
20191129       1612     -16650
20191231        850     -15800        200
20200131       -250     -16050
20200228       -812     -16862
20200331      -2725     -19588
20200430      -1988     -21575
20200529        175     -21400
20200630       1525     -19875
20200731      -1600     -21475
20200831         50     -21425
20200930       1288     -20138
20201030       1025     -19112
20201130       -988     -20100
20201231       -375     -20475      -4675
20210129        725     -19750
20210226       -362     -20112
20210331      -1225     -21338
20210430       2588     -18750
20210528      -3588     -22338
20210630          0     -22338
20210730          0     -22338
20210831          0     -22338
20210930          0     -22338
20211029       -362     -22700
20211130         50     -22650
20211231       -988     -23638      -3162
20220131          0     -23638
20220228          0     -23638
20220331          0     -23638          0
-----------------------------------------
