EC,JY,BP,TY,FV,US,ES,NQ,EM,CL,NG,HO,GC,HG,SI,C_,S_,W_,SB,KC,CT,
20000131,1075.0,0,0,875.0,1000.0,-2225.0,0,-2750.0,0,-840.0,0,-445.2,0,-12500.0,0,275.0,0,0,-100.8,0,120.0,
20000229,1737.5,2487.5,0,-287.5,765.62,-2225.0,-1137.5,11020.0,0,1950.0,0,441.0,-2360.0,-86350.0,-187600.0,475.0,0,-1387.5,380.8,0,455.0,
20000331,2550.0,-4225.0,-950.0,-287.5,71.88,-2225.0,-6137.5,14150.0,0,-930.0,0,-2158.0,-2930.0,-86350.0,-225100.0,1075.0,63.0,-1387.5,-189.6,0,260.0,
20000428,8612.5,-4225.0,-1287.5,-1506.25,-1481.25,-4193.75,-6100.0,-5550.0,0,-930.0,10.0,-2158.0,-2930.0,-163850.0,-296200.0,875.0,50.0,-1425.0,280.8,-1912.5,-460.0,
20000531,5512.5,-4225.0,1437.5,-2559.38,-1481.25,-6075.0,-6100.0,4150.0,0,-930.0,12160.0,-2158.0,-2930.0,-222700.0,-366300.0,712.5,-102.0,-1987.5,1300.0,-4018.75,-460.0,
20000630,4262.5,-4225.0,162.5,-2559.38,-1481.25,-6075.0,-6100.0,-9060.0,0,-930.0,13360.0,-2544.4,-2930.0,-222700.0,-366300.0,1362.5,-102.0,-2450.0,2341.6,-2762.5,-460.0,
20000731,4262.5,-4225.0,1275.0,-2559.38,-1481.25,-6075.0,-6100.0,-9060.0,0,-930.0,5000.0,-5749.0,-2930.0,-212700.0,-366300.0,2137.5,-102.0,-2700.0,4492.0,-10350.0,-460.0,
20000831,4262.5,-4225.0,2275.0,-2559.38,-1481.25,-6075.0,-6100.0,-9060.0,0,-930.0,5000.0,3932.0,-2930.0,-161450.0,-431300.0,1325.0,-102.0,-3800.0,4671.2,-10350.0,-1145.0,
20000929,2550.0,-4225.0,650.0,-2559.38,-1481.25,-6075.0,-6100.0,-9060.0,0,-3020.0,7010.0,1353.2,-2930.0,-97700.0,-426400.0,1200.0,-102.0,-3887.5,3697.6,-11587.5,-2555.0,
20001031,6875.0,-4225.0,2025.0,-3200.0,-1887.5,-7450.0,-6850.0,-7080.0,0,-6250.0,2100.0,1781.6,-2750.0,-204050.0,-396900.0,1125.0,-96.5,-3887.5,3697.6,-12287.5,-2510.0,
20001130,4137.5,-3487.5,2025.0,-2346.88,-465.62,-7237.5,-912.5,8320.0,0,-5130.0,7290.0,304.0,-3440.0,-204050.0,-386900.0,1850.0,-262.0,-3887.5,2444.0,-12137.5,-2745.0,
20001229,7925.0,-262.5,2262.5,-518.75,987.5,-5268.75,-1587.5,11430.0,0,-3470.0,39150.0,476.2,-3590.0,-204050.0,-325400.0,2412.5,-377.5,-3887.5,2444.0,-9831.25,-4970.0,
20010131,6862.5,1987.5,387.5,-159.38,1518.75,-5831.25,-3250.0,6700.0,0,-6820.0,1300.0,5990.8,-3590.0,-204050.0,-390500.0,1512.5,-377.5,-4500.0,2444.0,-9156.25,-5075.0,
20010228,5487.5,3375.0,387.5,559.38,2487.5,-6118.75,-2450.0,20660.0,0,-6820.0,1300.0,8111.8,-4710.0,-241550.0,-390500.0,1512.5,-377.5,-4500.0,2040.8,-9962.5,-1020.0,
20010330,3925.0,9975.0,387.5,825.0,2940.62,-8562.5,1187.5,27120.0,0,-6820.0,1300.0,8317.6,-4710.0,-267900.0,-280500.0,1512.5,-376.0,-4500.0,3429.6,-10850.0,3060.0,
20010430,3925.0,8425.0,-337.5,365.62,1668.75,-6593.75,-2900.0,21590.0,0,-6820.0,1300.0,4530.0,-4710.0,-300400.0,-312000.0,975.0,-528.5,-5175.0,2310.4,-12825.0,2535.0,
20010531,5187.5,5650.0,487.5,-234.38,1668.75,-5687.5,-2900.0,20320.0,0,-6820.0,-490.0,4530.0,-5140.0,-348000.0,-350600.0,1712.5,-528.5,-5175.0,2310.4,-12825.0,5165.0,
20010629,4900.0,5650.0,887.5,-2115.62,1668.75,-8881.25,-2900.0,20320.0,0,-7720.0,7690.0,797.0,-5140.0,-296750.0,-350600.0,1487.5,-528.5,-5525.0,2310.4,-12825.0,4200.0,
20010731,1750.0,3437.5,-225.0,-2115.62,1668.75,-8881.25,-2900.0,20320.0,0,-10770.0,5690.0,167.0,-5140.0,-219250.0,-350600.0,1150.0,-408.0,-6537.5,2310.4,-12825.0,3930.0,
20010831,1300.0,3837.5,-162.5,-1646.88,2293.75,-7412.5,-1412.5,21230.0,0,-12120.0,14850.0,-1781.0,-5520.0,-230500.0,-350600.0,1825.0,-517.5,-7325.0,2400.0,-12825.0,3930.0,
20010928,1137.5,1125.0,650.0,634.38,4543.75,-10075.0,3150.0,27180.0,0,-12600.0,16210.0,-6181.8,-2970.0,-143000.0,-343100.0,937.5,-641.0,-7325.0,3833.6,-12825.0,5465.0,
20011031,-1275.0,-812.5,-1850.0,3368.75,6215.62,-8200.0,2300.0,23300.0,0,-10350.0,10150.0,-3682.8,-4840.0,-75500.0,-558200.0,650.0,-641.0,-7425.0,3710.4,-12075.0,7955.0,
20011130,-1275.0,-812.5,-2575.0,-465.62,3350.0,-13456.25,-687.5,20760.0,0,-8610.0,10150.0,-973.8,-4840.0,-56850.0,-558200.0,650.0,-641.0,-8175.0,2983.2,-13900.0,4730.0,
20011231,-1275.0,3387.5,-4125.0,-1731.25,3350.0,-15518.75,-687.5,20760.0,0,-9010.0,10150.0,-1284.6,-4840.0,-239350.0,-558200.0,650.0,-641.0,-8175.0,2983.2,-13900.0,4730.0,
20020131,-575.0,5800.0,-4262.5,-2465.62,3350.0,-16831.25,-687.5,20760.0,0,-10770.0,8870.0,-373.2,-4840.0,-229450.0,-558200.0,650.0,-641.0,-9075.0,2983.2,-13900.0,4730.0,
20020228,-2000.0,5137.5,-5837.5,-3643.75,3350.0,-18275.0,-687.5,20550.0,0,-10770.0,6680.0,-1498.0,-4280.0,-229450.0,-558200.0,650.0,-641.0,-9075.0,3274.4,-13900.0,4730.0,
20020328,-3862.5,575.0,-5837.5,-3112.5,3709.38,-18650.0,-687.5,16860.0,0,-6660.0,9480.0,1496.6,-3620.0,-243200.0,-558200.0,650.0,-662.0,-9075.0,3005.6,-12625.0,3935.0,
20020430,-3462.5,600.0,-5662.5,-5571.88,1796.88,-22250.0,-937.5,16400.0,37700.0,-5680.0,14600.0,2277.8,-3070.0,-342050.0,-685800.0,562.5,-669.0,-9612.5,3644.0,-14600.0,3105.0,
20020531,625.0,3750.0,-5575.0,-5571.88,1796.88,-22250.0,-450.0,17810.0,40400.0,-7920.0,8820.0,-128.0,-1240.0,-342050.0,-557300.0,-50.0,-550.5,-10187.5,3219.2,-14600.0,1355.0,
20020628,7725.0,8112.5,-1225.0,-6181.25,1796.88,-23843.75,3425.0,20920.0,107900.0,-7920.0,8050.0,-128.0,-2600.0,-430900.0,-650800.0,737.5,-567.5,-9312.5,3141.6,-14600.0,5120.0,
20020731,6025.0,7675.0,887.5,-2806.25,3406.25,-20687.5,7350.0,22710.0,160400.0,-7920.0,8360.0,-128.0,-3040.0,-363400.0,-755900.0,1450.0,-473.0,-8262.5,2492.8,-14600.0,4600.0,
20020830,6687.5,8487.5,175.0,-1634.38,4250.0,-16937.5,7125.0,23130.0,167600.0,-7890.0,5350.0,1405.0,-3040.0,-399650.0,-774900.0,2487.5,-452.5,-6462.5,2492.8,-14600.0,3590.0,
20020930,5075.0,7287.5,-787.5,2490.62,7359.38,-12375.0,12175.0,25290.0,273900.0,-6420.0,8830.0,3261.4,-3040.0,-325900.0,-814900.0,1662.5,-493.5,-5137.5,2504.0,-15200.0,2015.0,
20021031,5075.0,5625.0,-787.5,-687.5,4431.25,-18350.0,8550.0,23440.0,183100.0,-8830.0,9010.0,-102.0,-3040.0,-397250.0,-793400.0,1562.5,-602.0,-4850.0,3534.4,-10906.25,2015.0,
20021129,3325.0,4337.5,-2912.5,-687.5,4431.25,-18350.0,8550.0,24360.0,183100.0,-9370.0,9450.0,-102.0,-3040.0,-318500.0,-771000.0,1562.5,-555.5,-6262.5,3590.4,-9162.5,2405.0,
20021231,10025.0,4100.0,-1462.5,-3803.12,2253.12,-18350.0,8550.0,21760.0,183100.0,-12130.0,15340.0,679.2,-1700.0,-459850.0,-745000.0,1562.5,-627.5,-5375.0,3814.4,-13125.0,2895.0,
20030131,13337.5,2912.5,1025.0,-3803.12,2253.12,-18350.0,8550.0,22180.0,183100.0,-9820.0,23500.0,3367.2,390.0,-447350.0,-721000.0,1562.5,-727.5,-5150.0,4968.0,-13125.0,3495.0,
20030228,14075.0,1537.5,-2437.5,-4740.62,2253.12,-18725.0,8712.5,22180.0,186000.0,-6730.0,48460.0,9226.2,-1490.0,-614950.0,-823600.0,1562.5,-727.5,-4637.5,4755.2,-13125.0,6460.0,
20030331,12037.5,1537.5,-2437.5,-6200.0,184.38,-22106.25,7025.0,22180.0,150200.0,-12030.0,20950.0,4208.0,-2770.0,-692550.0,-868600.0,1187.5,-727.5,-3462.5,3815.2,-13125.0,6170.0,
20030430,12037.5,1537.5,-5100.0,-6200.0,184.38,-22106.25,7025.0,22070.0,150200.0,-12630.0,20950.0,4208.0,-2770.0,-692550.0,-948700.0,1100.0,-745.5,-3262.5,3815.2,-13125.0,5150.0,
20030530,19775.0,-687.5,-6000.0,-4340.62,965.62,-18950.0,8000.0,23890.0,150200.0,-16390.0,20950.0,4208.0,-2770.0,-692550.0,-948700.0,875.0,-739.5,-4150.0,3535.2,-16150.0,3865.0,
20030630,15850.0,-687.5,-5425.0,-5340.62,403.12,-20825.0,8500.0,24000.0,158000.0,-16860.0,20950.0,4208.0,-2770.0,-692550.0,-948700.0,437.5,-853.0,-4150.0,4498.4,-16150.0,-60.0,
20030731,13625.0,-687.5,-7887.5,-6096.88,-134.38,-19706.25,9300.0,25490.0,183000.0,-16860.0,19870.0,4208.0,-2770.0,-692550.0,-916200.0,1337.5,-794.0,-4150.0,3480.0,-16150.0,-1745.0,
20030829,12975.0,-687.5,-7887.5,-5190.62,1334.38,-20081.25,7687.5,26750.0,203200.0,-16860.0,19740.0,3527.6,-2320.0,-725050.0,-910200.0,100.0,-870.0,-3025.0,3480.0,-16150.0,-2695.0,
20030930,8050.0,3950.0,-7887.5,-9493.75,-1875.0,-25337.5,5887.5,26030.0,188100.0,-17660.0,18750.0,-2444.0,-1390.0,-705050.0,-905200.0,100.0,-991.5,-5125.0,2897.6,-18687.5,-1340.0,
20031031,8050.0,5237.5,-7675.0,-9493.75,-1875.0,-25337.5,6475.0,28270.0,189800.0,-19160.0,15150.0,-6886.0,-1540.0,-405050.0,-1061300.0,62.5,-920.0,-5125.0,3468.8,-18687.5,3020.0,
20031128,8050.0,5675.0,-5743.75,-9493.75,-1875.0,-25337.5,6887.5,27300.0,192200.0,-19160.0,15150.0,-9716.0,-200.0,-466300.0,-1032800.0,137.5,-859.0,-4237.5,2909.6,-18687.5,-1820.0,
20031231,11850.0,7975.0,-2393.75,-9493.75,-3068.75,-25337.5,9525.0,27330.0,255000.0,-20390.0,21840.0,-9375.8,1610.0,-137550.0,-741300.0,-700.0,-832.5,-6775.0,2160.0,-18687.5,-1820.0,
20040130,10775.0,9850.0,356.25,-11062.5,-3068.75,-26243.75,10500.0,27810.0,260300.0,-19860.0,18650.0,-9333.8,-160.0,112450.0,-598800.0,-75.0,-761.0,-6775.0,2160.0,-16287.5,-1820.0,
20040227,11287.5,8300.0,3275.0,-11062.5,-3068.75,-25150.0,11225.0,27160.0,271700.0,-16750.0,18650.0,-10929.0,-160.0,613700.0,-366300.0,1262.5,-523.0,-6775.0,1175.2,-15818.75,-5830.0,
20040331,7712.5,3375.0,-206.25,-11656.25,-3068.75,-23525.0,9187.5,27160.0,240600.0,-17150.0,18650.0,-10929.0,-160.0,648700.0,248700.0,2112.5,-613.0,-7450.0,-33.6,-17793.75,-4605.0,
20040430,7962.5,1025.0,-206.25,-13521.88,-2240.62,-26218.75,9187.5,27160.0,240600.0,-19260.0,18650.0,-10929.0,-3550.0,328600.0,-638900.0,2125.0,-747.0,-8750.0,-33.6,-17793.75,-3235.0,
20040528,4162.5,-762.5,-206.25,-11396.88,-475.0,-24343.75,7725.0,27160.0,216700.0,-18280.0,21570.0,-10303.2,-4290.0,328600.0,-638900.0,975.0,-700.5,-8750.0,-33.6,-15637.5,-5765.0,
20040630,4162.5,-862.5,-206.25,-12350.0,-990.62,-25500.0,7725.0,27160.0,199000.0,-21310.0,18700.0,-11323.0,-4420.0,328600.0,-638900.0,1887.5,-657.5,-9037.5,414.4,-19093.75,-3320.0,
20040730,250.0,-862.5,-3237.5,-13575.0,-2481.25,-27256.25,6825.0,26730.0,199000.0,-20010.0,17250.0,-7446.4,-4420.0,328600.0,-638900.0,4150.0,-380.5,-7375.0,1075.2,-19093.75,160.0,
20040831,250.0,-862.5,-3237.5,-13950.0,-2746.88,-26818.75,6400.0,27380.0,161600.0,-21690.0,21010.0,-9391.0,-4530.0,328600.0,-638900.0,3125.0,-572.0,-7900.0,750.4,-19093.75,-4820.0,
20040930,250.0,-862.5,-5718.75,-13637.5,-2668.75,-25912.5,6400.0,26060.0,161600.0,-14170.0,2200.0,1659.2,-5810.0,468600.0,-638900.0,4737.5,-335.0,-8612.5,168.8,-19750.0,-5590.0,
20041029,3975.0,912.5,-6350.0,-12700.0,-2043.75,-24287.5,6400.0,26060.0,132800.0,-12050.0,21500.0,4935.2,-4870.0,128500.0,-586400.0,4887.5,-373.0,-8612.5,-324.0,-22981.25,-5590.0,
20041130,10287.5,4100.0,-2781.25,-13971.88,-3018.75,-25950.0,7887.5,27720.0,139200.0,-16530.0,10450.0,379.0,-2490.0,128500.0,-350400.0,4825.0,-333.0,-9050.0,-55.2,-19531.25,-5590.0,
20041231,13612.5,5050.0,-2900.0,-15415.62,-3721.88,-25950.0,9875.0,28830.0,170900.0,-16530.0,1650.0,379.0,-3970.0,128500.0,-839000.0,4612.5,-469.0,-9337.5,-569.6,-17168.75,-5590.0,
20050131,6100.0,3525.0,-5981.25,-15415.62,-3440.62,-25950.0,7400.0,26650.0,134700.0,-16530.0,1650.0,379.0,-5170.0,128500.0,-839000.0,4562.5,-463.0,-9400.0,-625.6,-16568.75,-5590.0,
20050228,6100.0,2375.0,-5981.25,-15415.62,-1768.75,-29450.0,7400.0,26650.0,134700.0,-16530.0,1650.0,379.0,-5170.0,174750.0,-839000.0,4412.5,-643.5,-9462.5,-1196.0,-10493.75,-4555.0,
20050331,6100.0,2362.5,-5981.25,-14915.62,-1284.38,-29675.0,5637.5,26650.0,104500.0,-14170.0,1650.0,5255.2,-5170.0,184750.0,-839000.0,3925.0,-666.0,-10175.0,-1196.0,-8675.0,-3675.0,
20050429,6100.0,37.5,-5981.25,-16875.0,-2790.62,-29675.0,5725.0,26950.0,108200.0,-19270.0,-8050.0,-855.0,-5170.0,-46600.0,-839000.0,3462.5,-678.0,-11237.5,-1498.4,-13425.0,-1665.0,
20050531,10250.0,87.5,-4831.25,-16875.0,-2790.62,-29675.0,4212.5,25480.0,74300.0,-19270.0,-8050.0,-855.0,-5170.0,-191700.0,-839000.0,3462.5,-798.0,-11237.5,-1643.2,-13425.0,-4315.0,
20050630,12362.5,87.5,-2937.5,-17421.88,-2790.62,-29518.75,4212.5,25480.0,74300.0,-21470.0,-16190.0,-1984.8,-5170.0,-316700.0,-839000.0,3012.5,-879.5,-11237.5,-1643.2,-13162.5,-4315.0,
20050729,12187.5,1850.0,-975.0,-19350.0,-2790.62,-32306.25,4487.5,25800.0,74300.0,-17400.0,-15350.0,-300.6,-5170.0,-374300.0,-839000.0,3725.0,-853.5,-12425.0,-1016.0,-11325.0,-4315.0,
20050831,9462.5,425.0,-4718.75,-21028.12,-3978.12,-32306.25,3012.5,24970.0,74300.0,-9030.0,20520.0,16512.0,-5810.0,-374300.0,-891500.0,3087.5,-976.0,-12662.5,-747.2,-10537.5,-4315.0,
20050930,9462.5,-562.5,-4718.75,-21028.12,-4125.0,-32306.25,3012.5,24970.0,74300.0,-11730.0,45010.0,18742.2,-2390.0,-343050.0,-1023100.0,3087.5,-976.0,-12662.5,552.0,-7687.5,-4315.0,
20051031,9462.5,1887.5,-4718.75,-19887.5,-3343.75,-31087.5,2362.5,24970.0,59300.0,-16370.0,27850.0,6899.0,-2930.0,-134300.0,-989100.0,3087.5,-976.0,-13700.0,664.0,-10693.75,-6640.0,
20051130,9837.5,5350.0,-5456.25,-19965.62,-3390.62,-31150.0,1037.5,25340.0,45500.0,-15490.0,23500.0,6491.6,250.0,153200.0,-586600.0,3025.0,-984.0,-14825.0,1896.0,-10693.75,-6640.0,
20051230,7337.5,1162.5,-8462.5,-21128.12,-4115.62,-33500.0,1225.0,25020.0,36600.0,-19210.0,-13600.0,3127.4,2270.0,443200.0,-334100.0,2850.0,-1014.5,-14900.0,4416.0,-10693.75,-6640.0,
20060131,5412.5,1162.5,-8462.5,-21128.12,-4115.62,-33500.0,2662.5,26230.0,30400.0,-19780.0,-7760.0,2389.0,7930.0,909450.0,163400.0,2837.5,-1175.0,-14900.0,8156.8,-7712.5,-6640.0,
20060228,3025.0,1162.5,-8462.5,-21128.12,-3943.75,-33500.0,2612.5,25110.0,30400.0,-26000.0,18260.0,-1596.8,6770.0,784450.0,123400.0,3837.5,-1175.0,-13700.0,7148.8,-11637.5,-6640.0,
20060331,3025.0,1162.5,-8462.5,-20440.62,-3193.75,-32125.0,1837.5,25110.0,35900.0,-26000.0,13300.0,-3011.4,9050.0,1495700.0,980900.0,3700.0,-1231.0,-15650.0,8022.4,-11637.5,-6640.0,
20060428,7225.0,1162.5,-6643.75,-19628.12,-2912.5,-29812.5,1212.5,25110.0,59100.0,-24670.0,3900.0,3271.8,15830.0,3389450.0,2035900.0,4350.0,-1306.0,-15650.0,6410.4,-11637.5,-7250.0,
20060531,9375.0,1737.5,-3712.5,-18971.88,-2365.62,-29187.5,262.5,26230.0,31800.0,-25260.0,3900.0,2532.6,15280.0,4398200.0,1448400.0,4462.5,-1334.0,-15562.5,6847.2,-11506.25,-6860.0,
20060630,9700.0,-1112.5,-4893.75,-18909.38,-2162.5,-29625.0,-112.5,26060.0,-13600.0,-22620.0,3900.0,-1360.0,9330.0,3725700.0,1245800.0,3675.0,-1475.5,-16562.5,5861.6,-12312.5,-10490.0,
20060731,6100.0,-1112.5,-6818.75,-19509.38,-2262.5,-30193.75,37.5,27515.0,-48900.0,-22150.0,-7300.0,-1360.0,9330.0,3650600.0,1245800.0,2450.0,-1492.0,-16562.5,5190.4,-13125.0,-10550.0,
20060831,6100.0,-1112.5,-6818.75,-18696.88,-1700.0,-27725.0,37.5,26275.0,-48900.0,-25000.0,-22250.0,-4727.6,9330.0,3650600.0,1245800.0,1150.0,-1648.5,-16562.5,6478.4,-13968.75,-10650.0,
20060929,6100.0,-1112.5,-6818.75,-18009.38,-1293.75,-26381.25,1600.0,26640.0,-36600.0,-20360.0,-29290.0,-960.2,9330.0,3650600.0,1245800.0,1062.5,-1648.5,-16687.5,6534.4,-16131.25,-11540.0,
20061031,3800.0,-3175.0,-6818.75,-17853.12,-2300.0,-26131.25,3487.5,28070.0,400.0,-16180.0,-37290.0,2672.8,9330.0,3650600.0,1245800.0,3737.5,-1648.5,-14687.5,6758.4,-16131.25,-11355.0,
20061130,5025.0,-3287.5,-5100.0,-16884.38,-2300.0,-24412.5,4475.0,29110.0,13200.0,-20580.0,-38650.0,-4504.2,9330.0,3824350.0,1563300.0,7225.0,-1602.0,-12762.5,6344.8,-12193.75,-13350.0,
20061229,4725.0,-5212.5,-5662.5,-18312.5,-3290.62,-26356.25,5750.0,28715.0,42400.0,-20400.0,-60040.0,-4504.2,9330.0,4635600.0,973300.0,7212.5,-1598.0,-13787.5,6344.8,-11481.25,-13380.0,
20070131,812.5,-4737.5,-5250.0,-18312.5,-3509.38,-26887.5,6475.0,29265.0,54500.0,-23130.0,-60040.0,-8443.8,9330.0,5326850.0,615700.0,7900.0,-1616.0,-15037.5,6288.8,-15668.75,-14475.0,
20070228,812.5,-6712.5,-6425.0,-18312.5,-4171.88,-29081.25,4012.5,29115.0,5900.0,-22480.0,-60040.0,-8023.0,9240.0,4686750.0,440700.0,9475.0,-1656.5,-15037.5,5998.4,-15668.75,-15220.0,
20070330,362.5,-6712.5,-6425.0,-18312.5,-4171.88,-29081.25,312.5,27050.0,-39900.0,-22480.0,-60040.0,-8035.6,5730.0,4686750.0,-159400.0,7612.5,-1572.5,-15037.5,5998.4,-15668.75,-15220.0,
20070430,3887.5,-6712.5,-5575.0,-18312.5,-4171.88,-29081.25,800.0,26765.0,-30300.0,-22480.0,-60040.0,-7283.8,5730.0,5303000.0,-159400.0,7037.5,-1508.0,-16825.0,6681.6,-15668.75,-13960.0,
20070531,1225.0,-6712.5,-7462.5,-18218.75,-4156.25,-28862.5,3025.0,27825.0,23100.0,-22480.0,-60040.0,-7775.2,5730.0,4900500.0,-159400.0,5825.0,-1411.0,-18137.5,6412.8,-18862.5,-14855.0,
20070629,50.0,-7550.0,-7462.5,-17546.88,-3796.88,-27487.5,2150.0,28300.0,9800.0,-20810.0,-63670.0,-1084.6,5730.0,4682900.0,-273400.0,6325.0,-1351.0,-14162.5,6211.2,-18862.5,-11755.0,
20070731,-1037.5,-8462.5,-6331.25,-18490.62,-4537.5,-29681.25,2450.0,28095.0,13000.0,-13280.0,-57850.0,2309.0,5730.0,4682900.0,-679500.0,7037.5,-1295.0,-12512.5,6066.4,-18862.5,-10970.0,
20070831,-3137.5,-8287.5,-8712.5,-19178.12,-4209.38,-29681.25,587.5,28325.0,-33600.0,-21950.0,-62890.0,-5015.0,5730.0,4139050.0,-912000.0,6325.0,-1570.5,-5237.5,4633.6,-21493.75,-14770.0,
20070928,412.5,-6387.5,-8712.5,-18943.75,-3881.25,-31650.0,-1625.0,29025.0,-71700.0,-19940.0,-75030.0,-3301.4,11630.0,4139050.0,-1142100.0,5562.5,-1521.0,2937.5,4633.6,-21250.0,-14770.0,
20071031,3125.0,-7400.0,-7843.75,-18209.38,-3568.75,-30400.0,-1625.0,31795.0,-133800.0,-7070.0,-71590.0,9454.0,16160.0,4139050.0,-1208100.0,5562.5,-1405.5,-3612.5,4633.6,-24218.75,-14770.0,
20071130,4787.5,-3700.0,-9262.5,-15021.88,-803.12,-25806.25,-1625.0,27465.0,-133800.0,-12890.0,-81870.0,8853.4,15540.0,3860300.0,-1344600.0,6200.0,-1216.0,-4750.0,4633.6,-24218.75,-14770.0,
20071231,4125.0,-4975.0,-11031.25,-14834.38,-631.25,-29500.0,-1625.0,27465.0,-133800.0,-5620.0,-84500.0,14498.2,20430.0,4219050.0,-1434700.0,8900.0,-1039.5,-9700.0,4913.6,-24218.75,-14655.0,
20080131,4800.0,-3300.0,-11425.0,-11506.25,2087.5,-31531.25,-737.5,29070.0,-131000.0,-10700.0,-84500.0,9299.4,29430.0,3673950.0,-834700.0,11187.5,-835.0,-7475.0,6638.4,-24218.75,-14765.0,
20080229,7237.5,-750.0,-11518.75,-10943.75,3337.5,-34412.5,1675.0,31060.0,-100200.0,-8440.0,-78350.0,11899.2,34130.0,4011450.0,625300.0,13950.0,-80.0,350.0,9169.6,-15237.5,-7730.0,
20080331,14037.5,4775.0,-13100.0,-9271.88,3321.88,-34412.5,2037.5,30215.0,-95300.0,-8700.0,-71000.0,16065.6,28780.0,3951450.0,-677200.0,14487.5,-947.0,-4675.0,5844.0,-26325.0,-12820.0,
20080430,12537.5,-1200.0,-13100.0,-11762.5,1143.75,-35850.0,-487.5,28725.0,-132200.0,3180.0,-63580.0,26645.4,25330.0,4135200.0,-869800.0,16737.5,-1073.5,-4675.0,5911.2,-26325.0,-12820.0,
20080530,11750.0,-1200.0,-13100.0,-12028.12,3190.63,-32459.38,-1525.0,29750.0,-183600.0,17070.0,-54980.0,48010.8,17320.0,3653850.0,-869800.0,16087.5,-1073.5,-4675.0,7916.0,-26325.0,-12820.0,
20080630,10125.0,-1200.0,-13100.0,-13543.75,2573.44,-34553.12,-3512.5,27185.0,-132400.0,29720.0,-38480.0,58229.4,17320.0,3041250.0,-869800.0,23012.5,-1073.5,-4675.0,6136.0,-26700.0,-14360.0,
20080731,10125.0,-1200.0,-13100.0,-15393.75,1223.44,-34653.12,-2812.5,27185.0,-134400.0,14080.0,-56810.0,42883.4,12240.0,2224900.0,-1629900.0,17550.0,-1073.5,-4675.0,6348.8,-32706.25,-17870.0,
20080829,14662.5,-1975.0,-6856.25,-15393.75,1223.44,-36028.12,-3587.5,27185.0,-152600.0,14080.0,-45050.0,38162.6,11630.0,2406150.0,-825900.0,13787.5,-1041.0,-4675.0,5038.4,-32706.25,-17870.0,
20080930,20875.0,-6712.5,-4881.25,-18993.75,-815.63,-36612.5,-4225.0,29935.0,-171800.0,20920.0,-40000.0,50645.0,9450.0,3676150.0,-109900.0,18662.5,-581.5,-4012.5,4199.2,-32706.25,-15995.0,
20081031,38287.5,1312.5,5956.25,-22078.12,-1751.56,-41056.25,5787.5,35080.0,-15500.0,53750.0,-33450.0,84686.0,10630.0,6301150.0,1162600.0,22962.5,-37.5,3175.0,3023.2,-28150.0,-9515.0,
20081128,38800.0,5375.0,10550.0,-20656.25,-189.06,-36431.25,9387.5,38100.0,32200.0,67130.0,-30720.0,99684.2,180.0,6749900.0,912600.0,24750.0,-2.5,1925.0,2273.6,-29312.5,-11325.0,
20081231,26612.5,12425.0,15637.5,-15875.0,2154.69,-25868.75,9150.0,37570.0,41600.0,76960.0,-21840.0,111654.2,180.0,7348650.0,397500.0,23325.0,-37.5,-75.0,2273.6,-27793.75,-11880.0,
20090130,26612.5,13787.5,16350.0,-18953.12,1271.87,-37500.0,13025.0,37120.0,118800.0,79880.0,-9790.0,111994.4,180.0,7202400.0,667500.0,23325.0,-320.0,-75.0,1948.8,-30706.25,-11510.0,
20090227,26612.5,9800.0,17100.0,-20021.88,617.19,-37500.0,17437.5,37120.0,209100.0,76800.0,-7600.0,118987.4,1730.0,6823550.0,940000.0,23325.0,-320.0,-75.0,3136.0,-33112.5,-11510.0,
20090331,26612.5,9637.5,15743.75,-20021.88,617.19,-37500.0,12712.5,35695.0,158100.0,71870.0,-3380.0,115414.0,-20.0,7089800.0,877500.0,23325.0,-320.0,-75.0,1948.8,-33112.5,-11510.0,
20090430,26612.5,9225.0,15743.75,-20021.88,617.19,-37500.0,12712.5,37490.0,118700.0,73330.0,650.0,115414.0,-2820.0,7597300.0,434900.0,23325.0,-345.0,-75.0,2207.2,-33112.5,-10785.0,
20090529,31262.5,4650.0,22100.0,-17865.62,1054.69,-35156.25,12712.5,38330.0,118700.0,88520.0,-7440.0,117413.2,-2820.0,7972300.0,879900.0,24750.0,-218.0,2262.5,3573.6,-28200.0,-9475.0,
20090630,30125.0,4650.0,24131.25,-17131.25,1804.69,-35859.38,12712.5,39145.0,118700.0,92100.0,-7440.0,122037.4,-2820.0,8158550.0,-125100.0,23237.5,-474.0,-1300.0,6116.0,-35087.5,-12780.0,
20090731,32800.0,1625.0,25531.25,-18146.88,1.56,-36500.0,13087.5,41660.0,134100.0,81970.0,-7440.0,111760.8,-2820.0,9037300.0,-120200.0,23837.5,-474.0,-1300.0,6967.2,-35087.5,-12780.0,
20090831,33750.0,-2412.5,22593.75,-18200.0,1.56,-36271.88,14850.0,42120.0,170100.0,81970.0,-6260.0,111760.8,-2820.0,9544800.0,-120200.0,24325.0,-474.0,-1300.0,13440.8,-35087.5,-12780.0,
20090930,37687.5,1575.0,22350.0,-18200.0,1.56,-36271.88,16512.5,43970.0,186800.0,81970.0,-9930.0,111760.8,170.0,9526050.0,118800.0,23687.5,-474.0,-1300.0,14560.8,-35087.5,-12780.0,
20091030,38700.0,962.5,20293.75,-20237.5,1.56,-40340.62,15512.5,42930.0,187900.0,81210.0,-7890.0,111349.2,3280.0,9867300.0,-82700.0,23037.5,-584.5,-1300.0,11671.2,-37843.75,-12485.0,
20091130,42012.5,6937.5,20293.75,-20471.88,-37.5,-39965.62,18600.0,42230.0,254900.0,80160.0,-9860.0,111497.0,17470.0,10421050.0,1052300.0,25612.5,-375.5,25.0,10832.0,-39968.75,-8965.0,
20091231,37525.0,1112.5,20293.75,-21962.5,-957.81,-41128.12,19400.0,44055.0,258000.0,80160.0,-2620.0,111497.0,8860.0,10844800.0,359700.0,25462.5,-365.5,-2337.5,12736.0,-39968.75,-8505.0,
20100129,43387.5,-2725.0,20293.75,-24375.0,-2807.81,-44446.88,18462.5,42755.0,238000.0,80160.0,-6540.0,111497.0,8680.0,10274700.0,359700.0,23750.0,-628.0,-2775.0,16040.0,-39968.75,-11405.0,
20100226,46437.5,-2725.0,23506.25,-24375.0,-2807.81,-44446.88,18462.5,42755.0,238000.0,80160.0,-6540.0,111497.0,8680.0,10274700.0,-248300.0,23750.0,-628.0,-5187.5,10452.0,-40662.5,-9670.0,
20100331,47825.0,-2725.0,23950.0,-24375.0,-2807.81,-44446.88,18750.0,43515.0,235000.0,80160.0,-4320.0,111497.0,8680.0,10274700.0,-585400.0,23750.0,-628.0,-4612.5,14495.2,-42881.25,-10625.0,
20100430,50350.0,-2037.5,23331.25,-26615.62,-4400.0,-47109.38,19662.5,44370.0,251300.0,79570.0,-4830.0,114945.2,11730.0,9584600.0,-585400.0,23750.0,-628.0,-4612.5,16108.0,-42881.25,-8835.0,
20100528,62650.0,-6737.5,28237.5,-26615.62,-5298.44,-44640.62,16575.0,41980.0,201500.0,69480.0,-9040.0,106037.8,15160.0,9238350.0,-1054400.0,23750.0,-628.0,-4612.5,17183.2,-42881.25,-10875.0,
20100630,63600.0,-6600.0,25175.0,-23943.75,-3618.75,-39796.88,17662.5,42500.0,222300.0,64350.0,-13910.0,106037.8,18250.0,9623350.0,-1543000.0,21075.0,-625.0,-6125.0,14798.4,-34931.25,-10835.0,
20100730,54962.5,-3225.0,25175.0,-22678.12,-2142.19,-38578.12,13362.5,39445.0,147800.0,64350.0,-16980.0,106037.8,12930.0,9094500.0,-1543000.0,21437.5,-802.5,450.0,16120.0,-31012.5,-11715.0,
20100831,54962.5,662.5,21731.25,-20865.62,-1650.0,-32265.62,13362.5,39445.0,147800.0,64350.0,-16700.0,106037.8,12930.0,9094500.0,-1543000.0,23762.5,-842.5,1662.5,16321.6,-30206.25,-11960.0,
20100930,56837.5,1975.0,24081.25,-20443.75,-1103.13,-33578.12,13362.5,40480.0,147800.0,64350.0,-17260.0,106037.8,16870.0,9544500.0,-335000.0,26587.5,-571.0,1075.0,20499.2,-28481.25,-5000.0,
20101029,60012.5,7325.0,25993.75,-20209.38,-392.19,-36803.12,13612.5,43010.0,149900.0,64100.0,-18920.0,104895.4,21670.0,9749500.0,1036500.0,30900.0,-360.5,3237.5,26816.0,-31243.75,6670.0,
20101130,53562.5,1650.0,24450.0,-22059.38,-1343.75,-38553.12,13600.0,42910.0,142900.0,66780.0,-18950.0,108536.8,24520.0,9979500.0,2860500.0,29000.0,-275.5,-1112.5,25057.6,-32087.5,2710.0,
20101231,53562.5,1650.0,24450.0,-19715.62,-54.69,-33396.88,17275.0,44890.0,194600.0,74050.0,-19900.0,117692.8,28050.0,11533250.0,4223000.0,33250.0,93.0,-925.0,30176.0,-17350.0,16445.0,
20110131,53562.5,1650.0,24450.0,-20075.0,-750.0,-31896.88,18750.0,46170.0,227300.0,68800.0,-19750.0,126004.6,22790.0,11562000.0,2211900.0,34775.0,68.5,1400.0,32248.0,-15737.5,28260.0,
20110228,53562.5,1650.0,24450.0,-18325.0,726.56,-31615.62,20925.0,47585.0,264700.0,70090.0,-22940.0,134345.8,22790.0,11657000.0,2796900.0,38350.0,-227.5,-2800.0,29706.4,-5650.0,39655.0,
20110331,55950.0,-1662.5,24450.0,-19893.75,-271.88,-33028.12,18525.0,46400.0,226900.0,79840.0,-22940.0,141637.0,18680.0,11278150.0,4830900.0,32612.5,-227.5,-7800.0,28463.2,-8481.25,44155.0,
20110429,63937.5,-6350.0,24862.5,-19893.75,-271.88,-33028.12,18937.5,46230.0,238200.0,87050.0,-22940.0,148495.6,26690.0,11278150.0,10186400.0,32525.0,-227.5,-9150.0,33906.4,4906.25,28265.0,
20110531,55475.0,-6350.0,21437.5,-18925.0,-29.7,-31340.62,17162.5,44790.0,198400.0,72780.0,-22940.0,132297.0,24730.0,10799400.0,3281800.0,29100.0,-227.5,-9150.0,32864.8,-6650.0,28265.0,
20110630,55475.0,-6350.0,21437.5,-19206.25,24.99,-33153.12,14887.5,42710.0,198400.0,69650.0,-26500.0,127555.2,21330.0,10678050.0,3281800.0,29100.0,-227.5,-6162.5,30032.0,-14375.0,29845.0,
20110729,55475.0,-4487.5,21437.5,-15846.88,2274.99,-33253.12,14825.0,42655.0,198400.0,69370.0,-26500.0,120915.8,24330.0,10678050.0,3281800.0,24862.5,-227.5,-9075.0,29259.2,-15600.0,38255.0,
20110831,55475.0,-3512.5,21437.5,-12503.12,3376.55,-26096.88,16350.0,40740.0,219000.0,76260.0,-27580.0,113789.2,44380.0,10678050.0,3281800.0,24862.5,-462.5,-10550.0,29113.6,-14981.25,36235.0,
20110930,61362.5,-4425.0,22868.75,-11440.62,3314.05,-19503.12,20937.5,40415.0,295200.0,85870.0,-23700.0,113789.2,27110.0,12285550.0,112700.0,24862.5,-342.5,-10550.0,26796.0,-25618.75,39045.0,
20111031,51762.5,-6500.0,20331.25,-13806.25,2690.62,-26665.62,16225.0,40415.0,223300.0,76710.0,-26440.0,103558.8,27110.0,11085550.0,-2022800.0,22012.5,-390.5,-10550.0,23560.0,-25618.75,36870.0,
20111130,51762.5,-6575.0,20331.25,-13806.25,2690.62,-26665.62,16225.0,40415.0,223300.0,77750.0,-27870.0,103558.8,27110.0,11226800.0,-1247800.0,23962.5,-307.0,-10550.0,22876.8,-25618.75,36765.0,
20111230,51975.0,-6575.0,20331.25,-13806.25,2690.62,-27915.62,16225.0,40415.0,223300.0,76220.0,-22260.0,103558.8,27760.0,11242950.0,1196700.0,22262.5,-526.5,-10550.0,23313.6,-25618.75,36320.0,
20120131,50500.0,-6575.0,20331.25,-13806.25,2690.62,-29859.38,16225.0,40495.0,223300.0,75870.0,-17400.0,103558.8,16630.0,11409200.0,-898400.0,22262.5,-526.5,-10550.0,21522.4,-25618.75,33870.0,
20120229,47875.0,-2112.5,20331.25,-15640.62,1785.93,-29859.38,17625.0,43670.0,223300.0,74960.0,-18530.0,104419.8,16630.0,11632950.0,-2067400.0,22262.5,-503.0,-12700.0,20525.6,-25150.0,33870.0,
20120330,47875.0,925.0,20331.25,-16250.0,1223.43,-28703.12,19562.5,46225.0,223300.0,70910.0,-13630.0,102916.2,16630.0,11496700.0,-3338500.0,22262.5,-471.5,-12700.0,19574.4,-17350.0,33870.0,
20120430,47875.0,-4800.0,20731.25,-18178.12,412.49,-32521.88,19075.0,45595.0,223300.0,69750.0,-15220.0,101799.8,16630.0,11231600.0,-3338500.0,21100.0,-474.0,-12700.0,21176.0,-16262.5,33870.0,
20120531,54337.5,-4837.5,19075.0,-17959.37,412.49,-29709.38,16637.5,42815.0,242500.0,77130.0,-16180.0,113593.4,19180.0,11599100.0,-2592000.0,19950.0,-585.0,-17575.0,23080.0,-9175.0,38845.0,
20120629,50587.5,-4837.5,17412.5,-18521.87,412.49,-31459.38,14275.0,41100.0,200000.0,78700.0,-16110.0,113312.0,15180.0,11271600.0,-2519500.0,15925.0,-744.5,-17150.0,21299.2,-12943.75,29830.0,
20120731,55025.0,-4837.5,16968.75,-17240.62,412.49,-28396.88,14062.5,40375.0,198000.0,70970.0,-12260.0,103342.0,13740.0,11469100.0,-2670500.0,20850.0,-851.0,-10600.0,19989.6,-14525.0,29830.0,
20120831,52200.0,-4837.5,16968.75,-18465.62,412.49,-31340.62,14062.5,40480.0,198000.0,70970.0,-16120.0,103342.0,15240.0,11420250.0,-2302600.0,20512.5,-829.5,-10537.5,19989.6,-14525.0,29830.0,
20120928,52862.5,-7312.5,18225.0,-19784.37,412.49,-36596.88,13937.5,40900.0,182200.0,70970.0,-15770.0,103342.0,23870.0,11704000.0,-735100.0,16675.0,-1074.0,-9887.5,19989.6,-14525.0,29830.0,
20121031,54175.0,-7662.5,18168.75,-19784.37,-95.32,-36596.88,12450.0,39220.0,150400.0,70970.0,-12050.0,103342.0,18390.0,11238900.0,-1865600.0,16675.0,-1074.0,-10800.0,19989.6,-14525.0,26870.0,
20121130,50975.0,-2625.0,17156.25,-19784.37,-289.07,-36596.88,9475.0,37055.0,104100.0,66710.0,-13360.0,103342.0,14050.0,11238900.0,-2578700.0,16675.0,-1136.5,-12737.5,19989.6,-14375.0,26870.0,
20121231,50637.5,4725.0,17156.25,-19784.37,-289.07,-36596.88,9475.0,36690.0,87900.0,65830.0,-15680.0,97450.2,11320.0,11238900.0,-2714700.0,16962.5,-1134.5,-10487.5,19989.6,-11825.0,26870.0,
20130131,55262.5,12287.5,17093.75,-19581.24,-367.2,-35628.12,9612.5,36690.0,97000.0,68130.0,-15680.0,97450.2,12700.0,11238900.0,-3721300.0,15275.0,-1303.0,-10562.5,19989.6,-15262.5,29145.0,
20130228,48725.0,14225.0,21350.0,-21103.11,-1068.76,-35940.62,10612.5,36690.0,121100.0,62690.0,-15680.0,89538.2,21090.0,11238900.0,-3682300.0,15275.0,-1303.0,-7312.5,19799.2,-16893.75,30315.0,
20130328,48262.5,16187.5,21393.75,-22999.99,-1918.76,-36628.12,13087.5,36690.0,167000.0,61250.0,-14510.0,81726.2,19330.0,11267650.0,-3627800.0,15275.0,-1303.0,-5975.0,19307.2,-17162.5,31900.0,
20130430,43687.5,20875.0,19650.0,-23015.61,-1918.76,-37509.38,14562.5,35255.0,194600.0,55330.0,-11320.0,79601.8,31690.0,11803900.0,-1558800.0,15125.0,-1303.0,-8137.5,19240.0,-19231.25,30005.0,
20130531,43687.5,24925.0,19650.0,-24490.61,-2182.82,-41234.38,16400.0,37260.0,227300.0,55330.0,-14910.0,82046.2,39600.0,11541400.0,-587800.0,14525.0,-1303.0,-8300.0,20416.0,-18575.0,30005.0,
20130628,39825.0,20675.0,17800.0,-21787.49,-815.63,-36921.88,14062.5,34885.0,187600.0,55330.0,-16390.0,75364.8,56530.0,11322550.0,798700.0,14462.5,-1238.0,-7837.5,20001.6,-16081.25,24070.0,
20130731,39825.0,20675.0,14731.25,-21662.49,-1135.95,-35140.62,14062.5,34885.0,187600.0,60750.0,-15380.0,75721.8,47600.0,11008700.0,719700.0,16812.5,-1037.0,-8162.5,19901.6,-18993.75,24070.0,
20130830,39825.0,20675.0,14731.25,-19506.24,551.55,-32984.38,14062.5,33630.0,187600.0,63370.0,-16730.0,70476.8,42240.0,11008700.0,-644900.0,17662.5,-1122.0,-7650.0,19901.6,-18993.75,21080.0,
20130930,39750.0,20675.0,16318.75,-21465.62,-673.45,-34453.12,11850.0,36340.0,187600.0,59060.0,-16770.0,64089.4,42240.0,11008700.0,-919000.0,19687.5,-978.5,-7900.0,20708.0,-18993.75,21080.0,
20131031,40562.5,20675.0,15512.5,-21465.62,-673.45,-34584.38,11087.5,39540.0,187600.0,62150.0,-16770.0,61838.2,42240.0,11008700.0,-919000.0,20350.0,-990.0,-9850.0,20909.6,-17081.25,22095.0,
20131129,38275.0,23337.5,17462.5,-21465.62,-673.45,-34584.38,13737.5,41910.0,202900.0,65810.0,-15890.0,59067.0,41430.0,11008700.0,-919000.0,20537.5,-946.5,-10462.5,20003.2,-19125.0,21010.0,
20131231,38275.0,26562.5,18700.0,-21465.62,-673.45,-34584.38,15587.5,43835.0,245700.0,58800.0,-13130.0,59067.0,46240.0,11047450.0,-1019000.0,20662.5,-880.0,-9975.0,20003.2,-20875.0,19460.0,
20140131,38275.0,23162.5,17887.5,-21465.62,-673.45,-34584.38,12000.0,42440.0,176300.0,58800.0,-6000.0,51675.0,39360.0,10752350.0,-894000.0,19987.5,-805.5,-7500.0,20003.2,-20875.0,19460.0,
20140228,38275.0,21575.0,17150.0,-21465.62,-673.45,-34584.38,12000.0,41745.0,176300.0,58250.0,-9340.0,44682.8,37880.0,10752350.0,-1803600.0,20737.5,-998.5,-10800.0,20003.2,-137.5,19460.0,
20140331,36812.5,21575.0,15431.25,-21465.62,-673.45,-34584.38,11687.5,40010.0,176300.0,53660.0,-10600.0,43503.4,34100.0,10882350.0,-2264200.0,22662.5,-1099.0,-10050.0,19398.4,-1037.5,20420.0,
20140430,36812.5,21575.0,15431.25,-21465.62,-673.45,-34584.38,9837.5,40010.0,176300.0,53660.0,-10600.0,39896.4,33580.0,10877350.0,-2264200.0,23512.5,-1014.5,-8837.5,18021.6,9443.75,20805.0,
20140530,36812.5,21575.0,13762.5,-21465.62,-673.45,-33240.62,9837.5,40010.0,176300.0,53660.0,-10600.0,39896.4,33580.0,10589750.0,-2264200.0,21350.0,-1175.0,-12000.0,18021.6,212.5,18275.0,
20140630,34900.0,21575.0,14581.25,-21465.62,-673.45,-33521.88,11400.0,41270.0,168100.0,52190.0,-10600.0,36393.6,26500.0,10589750.0,-2264200.0,22437.5,-1175.0,-11600.0,18021.6,212.5,17780.0,
20140731,38725.0,21637.5,13300.0,-21465.62,-673.45,-35621.88,10012.5,42155.0,143500.0,48670.0,-6730.0,34785.8,26500.0,10519750.0,-2790700.0,25525.0,-1123.5,-9237.5,18021.6,212.5,23100.0,
20140829,41937.5,22025.0,13606.25,-22309.37,-673.45,-34903.12,9650.0,46100.0,144900.0,50410.0,-8970.0,34785.8,26500.0,10320900.0,-3104300.0,25137.5,-916.0,-10900.0,19232.0,718.75,21250.0,
20140930,48187.5,28100.0,15918.75,-22940.62,-743.76,-37440.62,9650.0,45355.0,144900.0,55210.0,-9760.0,39216.8,28170.0,10320900.0,-2705300.0,27337.5,-934.0,-6612.5,18156.8,-8081.25,23850.0,
20141031,49500.0,30750.0,17206.25,-23924.99,-2781.26,-38596.88,6137.5,39360.0,94900.0,65830.0,-11960.0,45080.0,32170.0,10224650.0,-2229800.0,25500.0,-1128.5,-8837.5,18135.2,-16018.75,21765.0,
20141128,50675.0,36800.0,19506.25,-23237.49,-3154.7,-37065.62,6137.5,40485.0,126000.0,80220.0,-13960.0,59767.4,31780.0,10727150.0,-1954800.0,25662.5,-1128.5,-8837.5,18135.2,-16018.75,21605.0,
20141231,54787.5,37737.5,19800.0,-24540.62,-3154.7,-35128.12,6137.5,35435.0,65600.0,93100.0,-10100.0,73526.6,26110.0,10778400.0,-1976300.0,26075.0,-1128.5,-8250.0,18135.2,-16018.75,20715.0,
20150130,64925.0,35675.0,23031.25,-22775.0,-2451.57,-28409.38,6137.5,35435.0,65600.0,98130.0,-8120.0,79104.2,27680.0,11605900.0,-2872900.0,24800.0,-1111.0,-10437.5,18135.2,-16018.75,20715.0,
20150227,66187.5,37675.0,19981.25,-26390.62,-4137.51,-35603.12,5912.5,36595.0,59300.0,96610.0,-8550.0,60797.2,20590.0,11113400.0,-3084500.0,24800.0,-1329.0,-10437.5,18168.8,-9943.75,20865.0,
20150331,71700.0,37475.0,20312.5,-26390.62,-4137.51,-33728.12,2887.5,33905.0,14600.0,95260.0,-7610.0,60797.2,20590.0,10939550.0,-3084500.0,24800.0,-1329.0,-10437.5,20229.6,-7093.75,18825.0,
20150430,66975.0,37475.0,18100.0,-26390.62,-4137.51,-38009.38,2887.5,33905.0,14600.0,98970.0,-8720.0,60797.2,20590.0,10939550.0,-3084500.0,24675.0,-1329.0,-10437.5,18829.6,-8800.0,19555.0,
20150529,66975.0,38287.5,16256.25,-26390.62,-4137.51,-41828.12,2887.5,33905.0,14600.0,99640.0,-11790.0,60797.2,20590.0,10547050.0,-3084500.0,25412.5,-1331.5,-12875.0,18964.8,-9687.5,17595.0,
20150630,66975.0,36781.25,18981.25,-27046.87,-4996.88,-41828.12,2887.5,33905.0,16700.0,98810.0,-11790.0,60797.2,20590.0,10546950.0,-3084500.0,24587.5,-1315.5,-9937.5,17833.6,-9687.5,17595.0,
20150731,66975.0,35237.5,18262.5,-28412.5,-5417.2,-41828.12,75.0,33410.0,-35900.0,93660.0,-11790.0,63485.2,26480.0,10796950.0,-2954500.0,22162.5,-1508.5,-14987.5,17767.2,-10756.25,16150.0,
20150831,62650.0,32975.0,17543.75,-30193.75,-6518.76,-47578.12,2925.0,30130.0,74700.0,91580.0,-11790.0,58768.6,19870.0,10861950.0,-2875000.0,22162.5,-1405.0,-14987.5,17834.4,-14043.75,13985.0,
20150930,61062.5,34037.5,15481.25,-30403.12,-6634.38,-47928.12,5950.0,26910.0,108300.0,95690.0,-11270.0,65648.2,19870.0,10546850.0,-3142100.0,22162.5,-1370.5,-14987.5,17219.2,-15806.25,14000.0,
20151030,56225.0,33350.0,13100.0,-32175.0,-7835.95,-47928.12,62.5,21875.0,20300.0,91680.0,-9240.0,63292.8,15760.0,10546850.0,-3423600.0,22162.5,-1567.0,-14987.5,19067.2,-18043.75,12190.0,
20151130,58212.5,32512.5,13043.75,-32175.0,-7781.26,-49803.12,62.5,21875.0,20300.0,91680.0,-8380.0,64649.4,12330.0,11013100.0,-3674700.0,22162.5,-1567.0,-14912.5,19526.4,-18043.75,12190.0,
20151231,53312.5,32512.5,15075.0,-32409.37,-7421.88,-51965.62,62.5,21875.0,20300.0,92320.0,-9350.0,74322.0,12840.0,10796850.0,-3674700.0,22162.5,-1534.5,-16000.0,19873.6,-18043.75,12190.0,
20160129,53312.5,30200.0,18150.0,-33743.75,-8490.63,-51403.12,-2250.0,19150.0,-8500.0,95740.0,-9350.0,76220.4,7880.0,10966850.0,-3674700.0,21362.5,-1528.0,-16950.0,19124.0,-18043.75,12190.0,
20160229,48168.75,33625.0,20187.5,-33415.63,-8990.63,-47903.12,-2225.0,20385.0,-22600.0,95610.0,-8620.0,75590.4,12370.0,10844250.0,-3674700.0,21362.5,-1528.5,-15650.0,18060.8,-18043.75,14065.0,
20160331,48937.5,34087.5,17331.25,-35000.0,-10231.26,-47996.88,-4937.5,17015.0,-58800.0,94600.0,-11510.0,72386.6,12490.0,10775500.0,-3730200.0,21362.5,-1361.0,-16900.0,16996.8,-19000.0,13095.0,
20160429,49600.0,40012.5,17081.25,-35000.0,-10231.26,-49690.62,-4937.5,17015.0,-58800.0,96550.0,-11510.0,74684.0,17980.0,10507900.0,-2552700.0,22187.5,-1415.0,-18812.5,15877.6,-21012.5,11995.0,
20160531,46512.5,35843.75,15806.25,-35000.0,-10231.26,-49690.62,-4937.5,17015.0,-58800.0,99730.0,-11510.0,79350.2,11560.0,10507900.0,-3465200.0,22350.0,-1550.5,-18812.5,15877.6,-25312.5,11995.0,
20160630,45862.5,36712.5,5687.5,-33812.5,-10371.89,-45784.38,-9525.0,12400.0,-128000.0,98960.0,-5140.0,78997.4,14680.0,10507900.0,-3320800.0,21387.5,-1550.5,-20037.5,18319.2,-22893.75,11300.0,
20160729,44687.5,33218.75,5693.75,-33750.0,-10520.32,-43690.62,-7650.0,13120.0,-106900.0,95600.0,-5620.0,74416.0,18370.0,10507900.0,-2458800.0,21387.5,-1555.0,-18150.0,16885.6,-22687.5,16235.0,
20160831,44062.5,30062.5,6425.0,-35521.88,-11135.95,-47753.12,-7587.5,14060.0,-103600.0,88830.0,-5510.0,74416.0,13760.0,10507900.0,-3202400.0,21387.5,-1783.0,-17175.0,18016.8,-26800.0,12525.0,
20160930,44062.5,32768.75,7256.25,-35521.88,-11135.95,-47978.12,-10075.0,15990.0,-140500.0,88830.0,-5320.0,74416.0,13690.0,10507900.0,-3202400.0,21387.5,-1928.0,-17862.5,21309.6,-26800.0,12525.0,
20161031,43625.0,30800.0,11900.0,-35521.88,-11237.51,-46415.62,-10075.0,14520.0,-140500.0,84590.0,-5970.0,71467.6,13430.0,10507900.0,-3427900.0,21387.5,-1940.0,-18625.0,19708.0,-24606.25,12525.0,
20161130,45650.0,38543.75,10300.0,-31943.75,-8798.45,-34978.12,-13500.0,13575.0,-148100.0,83110.0,-6040.0,69565.8,18180.0,11309150.0,-3718500.0,21387.5,-1849.0,-18625.0,19137.6,-28962.5,12525.0,
20161230,46031.25,40500.0,9300.0,-31709.38,-8618.76,-34353.12,-11625.0,12065.0,-89300.0,84320.0,-2320.0,73043.4,20400.0,10990400.0,-3472000.0,21387.5,-2064.0,-18625.0,17345.6,-29356.25,12525.0,
20170131,43712.5,36925.0,9300.0,-31896.88,-8821.89,-34540.62,-9712.5,17040.0,-82100.0,83410.0,-8510.0,68952.6,13670.0,11545400.0,-4015100.0,20900.0,-2064.0,-18875.0,15957.6,-35437.5,12910.0,
20170228,43712.5,36925.0,9300.0,-33168.75,-9554.7,-37078.12,-5300.0,21430.0,19400.0,84610.0,-8510.0,69334.8,13670.0,11511650.0,-4015100.0,21600.0,-2125.0,-17725.0,15957.6,-35437.5,13610.0,
20170331,42043.75,36781.25,9300.0,-33168.75,-10709.39,-41146.88,-5475.0,23555.0,-900.0,77790.0,-8510.0,66089.0,13670.0,11262800.0,-4015100.0,20862.5,-2017.5,-18662.5,17447.2,-35437.5,14105.0,
20170428,40925.0,36562.5,9906.25,-33684.38,-11271.89,-43459.38,-4412.5,26395.0,-27900.0,75980.0,-8510.0,65090.2,13670.0,11262800.0,-4015100.0,20862.5,-2014.0,-20137.5,18152.8,-35625.0,12100.0,
20170531,45112.5,35131.25,9506.25,-33106.25,-11801.58,-45403.12,-5337.5,30650.0,-27900.0,70350.0,-8510.0,60769.2,13670.0,11092800.0,-4475600.0,20862.5,-2173.5,-22050.0,19564.0,-34106.25,7800.0,
20170630,47750.0,35131.25,8400.0,-33871.88,-11801.58,-45403.12,-5750.0,27840.0,-23000.0,68560.0,-8510.0,58404.6,8410.0,11013950.0,-4547700.0,19950.0,-2173.5,-18937.5,20751.2,-32737.5,9445.0,
20170731,52668.75,35131.25,8400.0,-33987.5,-11801.58,-45403.12,-3400.0,26510.0,31200.0,65990.0,-7880.0,57078.2,3970.0,11465200.0,-5150700.0,18862.5,-2121.0,-21512.5,19519.2,-35837.5,9310.0,
20170831,53312.5,35131.25,6162.5,-33987.5,-11801.58,-45403.12,-5562.5,26510.0,42000.0,65990.0,-10340.0,60190.4,4140.0,11982700.0,-5042800.0,18475.0,-2121.0,-22287.5,19419.2,-39931.25,8275.0,
20170929,52718.75,32643.75,7093.75,-35056.25,-11801.58,-45403.12,-4612.5,26510.0,81600.0,65540.0,-10310.0,63050.6,400.0,11623950.0,-5465400.0,18600.0,-2299.5,-22287.5,19419.2,-39931.25,7640.0,
20171031,52162.5,32643.75,4931.25,-35446.88,-11543.77,-46715.62,-1775.0,27315.0,179500.0,68250.0,-10310.0,66011.6,-870.0,11988950.0,-5465400.0,19075.0,-2299.5,-22287.5,19419.2,-39931.25,7640.0,
20171130,52162.5,32643.75,4931.25,-34556.25,-10700.02,-48628.12,1987.5,29700.0,274400.0,71270.0,-13550.0,66729.8,-870.0,11911350.0,-5465400.0,18575.0,-2299.5,-22287.5,19318.4,-39931.25,7380.0,
20171229,52162.5,32643.75,4931.25,-34556.25,-10520.33,-51096.88,3387.5,30495.0,320500.0,74290.0,-15850.0,73890.8,-4830.0,11973850.0,-5850500.0,18487.5,-2299.5,-22287.5,18400.8,-42031.25,10290.0,
20180131,56881.25,34918.75,8531.25,-32087.5,-9067.21,-45909.38,10875.0,41570.0,460600.0,78600.0,-21310.0,73819.4,-2880.0,11518750.0,-5850500.0,18587.5,-2299.5,-22400.0,18311.2,-43556.25,9615.0,
20180228,54000.0,37381.25,5893.75,-30556.25,-8285.96,-41534.38,687.5,31680.0,255600.0,72890.0,-21800.0,67952.8,-5400.0,11518750.0,-5850500.0,19612.5,-2333.0,-20237.5,18143.2,-44193.75,12440.0,
20180329,55768.75,38100.0,7643.75,-31650.0,-8817.21,-44721.88,687.5,22690.0,201800.0,72890.0,-21800.0,67952.8,-5490.0,11415000.0,-5850500.0,19900.0,-2315.0,-22712.5,19296.8,-44987.5,11705.0,
20180430,55306.25,35318.75,6987.5,-30134.38,-7864.08,-41940.62,-5937.5,22690.0,203400.0,74220.0,-21800.0,67952.8,-5490.0,11074900.0,-5850500.0,20550.0,-2252.5,-22712.5,19968.8,-46831.25,10625.0,
20180531,59468.75,33143.75,8856.25,-31843.75,-9026.58,-44634.38,-5937.5,22690.0,135300.0,72690.0,-21590.0,67205.2,-6950.0,11074900.0,-5850500.0,20212.5,-2397.0,-22025.0,19342.4,-46831.25,12900.0,
20180629,59018.75,34987.5,9250.0,-31843.75,-9026.58,-44634.38,-5937.5,20390.0,135300.0,71310.0,-21870.0,64085.4,-1930.0,10722300.0,-6187100.0,19700.0,-2354.0,-23662.5,19342.4,-47343.75,7850.0,
20180731,59006.25,36206.25,9787.5,-31843.75,-9026.58,-44634.38,-6850.0,23950.0,124300.0,65090.0,-23340.0,64085.4,160.0,10981050.0,-5867600.0,19062.5,-2337.0,-23250.0,19342.4,-46631.25,7850.0,
20180831,59412.5,35143.75,10950.0,-31843.75,-9026.58,-44634.38,-2600.0,32280.0,183600.0,65090.0,-23340.0,64085.4,2850.0,11382300.0,-5366600.0,19425.0,-2318.0,-24937.5,19297.6,-43593.75,7850.0,
20180928,59412.5,35306.25,9850.0,-31890.63,-8729.7,-43321.88,-1750.0,32160.0,232400.0,65090.0,-23690.0,66458.4,3900.0,10955950.0,-5444100.0,19150.0,-2446.5,-24937.5,18032.8,-43837.5,7850.0,
20181031,60181.25,33543.75,9850.0,-31546.88,-8635.95,-40946.88,-10837.5,28515.0,59400.0,59600.0,-21160.0,62380.2,650.0,10955950.0,-5229100.0,18450.0,-2625.5,-24937.5,18570.4,-48550.0,7545.0,
20181130,60600.0,33281.25,9850.0,-32021.88,-9251.58,-42515.62,-13200.0,29035.0,-161700.0,72170.0,-7650.0,66492.8,650.0,10955950.0,-5478200.0,18425.0,-2625.5,-24937.5,18178.4,-49962.5,6520.0,
20181231,58650.0,34418.75,8456.25,-30943.75,-8485.96,-42046.88,-550.0,41360.0,-118400.0,77690.0,-19310.0,72792.8,4320.0,10955950.0,-5265700.0,18125.0,-2625.5,-26237.5,17473.6,-49962.5,6675.0,
20190131,58650.0,34975.0,7637.5,-30490.63,-8314.08,-41359.38,-9562.5,31040.0,-258200.0,69310.0,-19310.0,64476.8,8710.0,10728350.0,-4999700.0,17912.5,-2618.0,-26237.5,17473.6,-49962.5,5575.0,
20190228,58650.0,32381.25,7675.0,-30959.38,-8610.96,-43578.12,-9562.5,31040.0,-258200.0,69040.0,-19310.0,61777.0,7800.0,10913350.0,-5218700.0,17912.5,-2614.0,-24712.5,17473.6,-49962.5,6010.0,
20190329,55787.5,32381.25,6287.5,-28740.63,-7345.33,-43959.38,-9562.5,28515.0,-258200.0,69040.0,-19310.0,61777.0,5590.0,10883350.0,-5478300.0,17912.5,-2794.0,-24625.0,17473.6,-50281.25,6010.0,
20190430,55018.75,32381.25,5975.0,-29287.5,-7532.83,-47309.38,-9562.5,36505.0,-258200.0,70310.0,-19310.0,61777.0,5590.0,10803350.0,-5575300.0,17612.5,-2794.0,-23175.0,17518.4,-49775.0,6010.0,
20190531,56012.5,32381.25,7037.5,-26209.38,-5806.27,-43496.88,-9562.5,28990.0,-258200.0,64510.0,-19310.0,61777.0,5590.0,10614500.0,-5366800.0,18812.5,-2799.0,-25287.5,17205.6,-51187.5,6220.0,
20190628,55287.5,33481.25,6375.0,-24990.63,-5017.21,-41621.88,-9562.5,28990.0,-399000.0,56800.0,-18260.0,56599.2,12990.0,10430750.0,-5585900.0,18700.0,-2937.5,-25225.0,16747.2,-53518.75,7220.0,
20190731,53250.0,32137.5,9881.25,-25537.5,-5618.77,-41621.88,-10487.5,28990.0,-443800.0,56800.0,-17510.0,56599.2,15400.0,10331900.0,-5175900.0,17475.0,-2937.5,-27325.0,16747.2,-57193.75,8340.0,
20190830,53250.0,32650.0,10050.0,-21240.63,-3196.9,-31965.62,-13237.5,28990.0,-486300.0,56800.0,-18030.0,56599.2,24560.0,10313150.0,-4207400.0,17450.0,-2955.0,-27325.0,17004.8,-57968.75,10845.0,
20190930,53737.5,31081.25,7562.5,-22646.88,-4976.58,-39128.12,-13237.5,28990.0,-486300.0,51430.0,-22320.0,49408.8,18910.0,10085550.0,-4879400.0,17450.0,-2933.0,-27325.0,16120.8,-57968.75,8875.0,
20191031,51031.25,31081.25,8618.75,-23481.26,-4976.58,-39128.12,-13237.5,28990.0,-486300.0,51430.0,-22800.0,49724.6,20630.0,10085550.0,-4344900.0,17450.0,-2849.5,-28487.5,16120.8,-57968.75,8875.0,
20191129,51031.25,31081.25,8493.75,-23481.26,-4976.58,-39128.12,-9887.5,34040.0,-475000.0,51430.0,-26320.0,49724.6,20630.0,10085550.0,-4576000.0,17450.0,-2858.0,-26837.5,16120.8,-53768.75,8875.0,
20191231,51931.25,31081.25,10712.5,-23481.26,-4976.58,-39128.12,-5525.0,40735.0,-431500.0,51940.0,-26080.0,49552.4,20630.0,10214300.0,-4576000.0,17450.0,-2648.5,-25987.5,16120.8,-49775.0,9150.0,
20200131,49906.25,31081.25,10243.75,-22840.63,-4398.46,-37909.38,-5875.0,45645.0,-462700.0,46890.0,-25370.0,55492.0,23150.0,9961700.0,-4576000.0,17450.0,-2907.5,-26237.5,16703.2,-56700.0,8375.0,
20200228,49012.5,28893.75,9050.0,-19746.88,-1968.77,-31190.62,-10325.0,41820.0,-344100.0,53140.0,-23800.0,61838.2,21030.0,9904200.0,-5660000.0,17437.5,-2907.5,-26600.0,16176.8,-56700.0,8025.0,
20200331,40581.25,24606.25,9781.25,-15809.38,640.6,-22378.12,8737.5,28095.0,17200.0,77420.0,-23360.0,81821.8,20640.0,10684200.0,-4804100.0,17437.5,-2877.0,-28862.5,17297.6,-56700.0,13685.0,
20200430,40581.25,24606.25,8868.75,-15434.38,765.6,-20409.38,-7900.0,9595.0,-230700.0,79060.0,-24970.0,88894.6,19350.0,10394200.0,-5212600.0,18475.0,-2856.5,-28862.5,17353.6,-56700.0,10585.0,
20200529,40581.25,24606.25,10593.75,-15434.38,906.23,-23065.62,-8837.5,9595.0,-220300.0,65410.0,-27560.0,80347.6,25100.0,10192850.0,-5818700.0,18187.5,-3005.0,-28862.5,16748.8,-56700.0,9455.0,
20200630,39518.75,24606.25,9456.25,-17487.5,1023.42,-25759.38,-8837.5,9595.0,-220300.0,65410.0,-29370.0,79138.8,29980.0,10192850.0,-5818700.0,17775.0,-3005.0,-28862.5,15864.8,-58631.25,9455.0,
20200731,46343.75,24887.5,11806.25,-17378.13,1406.23,-25759.38,-8837.5,9595.0,-220300.0,65410.0,-29370.0,79138.8,48520.0,10536600.0,-4560700.0,17775.0,-2945.0,-28862.5,15864.8,-61393.75,9455.0,
20200831,48093.75,23537.5,13500.0,-18431.25,774.98,-25759.38,-7862.5,12185.0,-220300.0,65410.0,-24040.0,79138.8,47790.0,11020350.0,-2371700.0,17662.5,-2832.0,-28862.5,15864.8,-57325.0,9455.0,
20200930,45543.75,22675.0,9768.75,-18431.25,774.98,-25759.38,-19337.5,-10870.0,-428000.0,65410.0,-32870.0,79138.8,36520.0,10947850.0,-5231300.0,18725.0,-2812.0,-27462.5,15864.8,-64287.5,9455.0,
20201030,45693.75,23550.0,9768.75,-17900.0,774.98,-24478.12,-19337.5,-10870.0,-428000.0,67010.0,-24600.0,79138.8,36520.0,10325250.0,-5231300.0,19700.0,-2788.0,-26437.5,16816.8,-64287.5,10030.0,
20201130,45475.0,22193.75,9768.75,-17853.13,110.92,-26915.62,-16900.0,-10870.0,-401100.0,63310.0,-32250.0,81868.8,38950.0,11301500.0,-5231300.0,21075.0,-2594.0,-27112.5,16984.8,-64287.5,11645.0,
20201231,49168.75,23475.0,11050.0,-17759.37,18.73,-25196.88,-10625.0,-2285.0,-314300.0,66490.0,-32250.0,86598.0,27810.0,11504000.0,-5231300.0,23975.0,-2348.5,-27750.0,18082.4,-64287.5,14630.0,
20210129,47881.25,22225.0,11337.5,-16712.5,18.73,-20728.12,-12800.0,-1770.0,-376100.0,70170.0,-32250.0,91402.8,27810.0,11596500.0,-6173900.0,27125.0,-2237.5,-27300.0,18463.2,-64287.5,15890.0,
20210226,46556.25,22818.75,12843.75,-12400.0,1315.6,-11228.12,-7600.0,-1775.0,-272800.0,79470.0,-37210.0,101680.2,34360.0,12937750.0,-7501400.0,27150.0,-1971.5,-27437.5,19157.6,-64118.75,19985.0,
20210331,48143.75,27106.25,11143.75,-10618.75,1885.91,-6603.12,-9887.5,-945.0,-74200.0,77130.0,-37020.0,98601.6,35680.0,12695250.0,-8029000.0,27987.5,-1822.5,-28237.5,18284.8,-68118.75,14590.0,
20210430,44193.75,25656.25,11143.75,-11712.5,1346.85,-9259.38,-4650.0,-3500.0,12700.0,81550.0,-37020.0,105010.8,27690.0,13876500.0,-8029000.0,33437.5,-1349.0,-26987.5,17299.2,-66937.5,14590.0,
20210528,44193.75,26181.25,11618.75,-12625.0,817.16,-10546.88,-3250.0,-14270.0,87300.0,81740.0,-37020.0,109878.6,31230.0,14400250.0,-8029000.0,32612.5,-1179.0,-30662.5,17724.8,-59100.0,14590.0,
20210630,44193.75,27462.5,9825.0,-12625.0,754.66,-11046.88,1050.0,-13380.0,-56900.0,86450.0,-33670.0,113658.6,17990.0,13545150.0,-8029000.0,29737.5,-1761.0,-30662.5,16784.8,-60075.0,14590.0,
20210730,44193.75,25700.0,9825.0,-11515.63,264.04,-7078.12,6100.0,-5245.0,-56900.0,79490.0,-31030.0,107552.6,17990.0,13545150.0,-8029000.0,29925.0,-1761.0,-30662.5,15900.0,-52650.0,14590.0,
20210831,44193.75,25700.0,9825.0,-12515.63,-546.89,-8828.12,12650.0,7290.0,-61000.0,79490.0,-26400.0,98254.6,8930.0,12717650.0,-7862000.0,29925.0,-1823.5,-32675.0,18061.6,-46518.75,14205.0,
20210930,44193.75,25593.75,10218.75,-13256.25,-429.71,-10084.38,3650.0,-9075.0,-130400.0,79490.0,-11500.0,102143.8,5830.0,12590050.0,-6882500.0,29925.0,-1813.5,-34387.5,18621.6,-47231.25,16315.0,
20211029,44550.0,28106.25,8381.25,-12349.99,562.48,-13334.38,5312.5,-5900.0,-130400.0,85480.0,-15910.0,108032.2,2070.0,11952450.0,-7714100.0,29925.0,-2036.5,-34387.5,17032.0,-43500.0,20840.0,
20211130,47575.0,27331.25,9743.75,-12459.37,914.04,-15246.88,3775.0,340.0,-248500.0,78270.0,-21100.0,100023.6,-4200.0,11976100.0,-7714100.0,29387.5,-2036.5,-34950.0,17032.0,-32868.75,16620.0,
20211231,46625.0,29131.25,8187.5,-12856.25,1335.92,-15246.88,1100.0,-9285.0,-248500.0,78270.0,-21600.0,100023.6,-4200.0,11976100.0,-7714100.0,30675.0,-2088.5,-36537.5,15856.8,-35193.75,15360.0,
20220131,45856.25,28256.25,8131.25,-11981.25,3109.36,-13778.12,-6712.5,-19185.0,-324200.0,78270.0,-32310.0,99019.8,-4200.0,11976100.0,-7714100.0,32312.5,-2317.0,-36537.5,15957.6,-31818.75,17155.0,
20220228,45856.25,28256.25,8131.25,-11450.0,4031.23,-14840.62,100.0,-5645.0,-376200.0,82170.0,-32310.0,108075.0,-1510.0,11574850.0,-7714100.0,35550.0,-1932.0,-31887.5,16540.0,-32643.75,12350.0,
20220331,46175.0,32031.25,7968.75,-10081.25,7624.98,-18753.12,-6800.0,-20805.0,-477100.0,86730.0,-27040.0,126118.2,3820.0,12316100.0,-7900100.0,38450.0,-2061.0,-28287.5,15096.0,-35031.25,12345.0,
20220429,52550.0,38312.5,11293.75,-6362.5,9640.61,-9378.12,-6800.0,-20805.0,-477100.0,84990.0,-11020.0,153682.8,-1700.0,11892250.0,-8359200.0,41687.5,-1349.0,-25800.0,14021.6,-39256.25,17315.0,
20220531,50637.5,37793.75,11256.25,-6659.38,9359.36,-8128.12,-6162.5,-15890.0,-553600.0,84990.0,-2010.0,150230.4,-1700.0,11866000.0,-8318200.0,38687.5,-1662.0,-24212.5,14021.6,-46631.25,13990.0,
20220630,53187.5,42306.25,13793.75,-5737.5,10062.48,-7315.62,10925.0,6450.0,-334600.0,72000.0,-15120.0,145841.4,-1700.0,11937150.0,-7650200.0,38600.0,-1731.0,-23912.5,14021.6,-46631.25,-5495.0,
20220729,56731.25,40918.75,13862.5,-6775.0,9243.73,-8321.88,-4950.0,-11950.0,-513300.0,72000.0,-15120.0,146497.4,-3460.0,12278400.0,-7572700.0,39475.0,-1705.5,-20100.0,13227.2,-50343.75,-4445.0,
20220831,59212.5,39618.75,17425.0,-6775.0,9243.73,-8321.88,-4950.0,-11950.0,-513300.0,70510.0,-15120.0,119824.0,-6170.0,12415900.0,-6415200.0,36762.5,-2015.5,-21287.5,12835.2,-49525.0,-15015.0,
20220930,61643.75,40200.0,20156.25,-3759.38,11274.98,-2540.62,-4950.0,-11950.0,-459500.0,80570.0,-15120.0,119824.0,-10450.0,12680900.0,-7296800.0,36637.5,-2015.5,-24137.5,12164.0,-53562.5,-15015.0,
20221031,58300.0,42668.75,17568.75,-2290.62,12189.04,3365.62,-4950.0,-11950.0,-730400.0,68820.0,-28970.0,98803.0,-7320.0,12613300.0,-7296800.0,36637.5,-2044.5,-24137.5,12164.0,-44075.0,-15015.0,
20221130,59225.0,38518.75,17568.75,-5196.88,10212.48,-3134.38,-4950.0,-11950.0,-730400.0,65780.0,-38840.0,99022.2,-14870.0,12513300.0,-7118800.0,36637.5,-2111.0,-24137.5,12925.6,-41150.0,-15015.0,
20221230,63293.75,38887.5,16250.0,-5906.25,9698.42,-5984.38,-4950.0,-11950.0,-730400.0,66070.0,-35920.0,86636.4,-13950.0,12694550.0,-5989300.0,36637.5,-2602.0,-26787.5,13384.8,-40175.0,-15015.0,
20230131,65025.0,39093.75,17806.25,-7250.0,8698.42,-5984.38,-4950.0,-13160.0,-730400.0,67090.0,-18010.0,79056.2,-2040.0,13733300.0,-6091300.0,36637.5,-2515.0,-25250.0,12713.6,-41306.25,-15015.0,
20230228,60687.5,35268.75,15862.5,-8678.12,7535.92,-5984.38,-13087.5,-14755.0,-730400.0,67090.0,-18640.0,79056.2,-14870.0,13392050.0,-6904400.0,36637.5,-2400.5,-26512.5,10820.8,-41325.0,-15015.0,
20230331,60687.5,35268.75,15862.5,-8678.12,4435.92,-5984.38,-13087.5,-18405.0,-850200.0,62980.0,-13330.0,79056.2,-15220.0,13273200.0,-8177000.0,35162.5,-2173.0,-25850.0,10743.2,-47162.5,-17110.0,
20230428,60887.5,35268.75,16218.75,-8678.12,4435.92,-5984.38,-13087.5,-17240.0,-848400.0,58110.0,-15270.0,79056.2,-13930.0,13273200.0,-8549000.0,35112.5,-1982.0,-22925.0,15223.2,-50800.0,-17110.0,
20230531,58425.0,35793.75,15275.0,-8678.12,4435.92,-5984.38,-13087.5,2365.0,-848400.0,58180.0,-14890.0,77346.8,-19770.0,13433200.0,-9367100.0,34637.5,-1708.5,-20950.0,13778.4,-52100.0,-17110.0,
20230630,58425.0,38137.5,16968.75,-8678.12,4435.92,-5984.38,-3075.0,23095.0,-848400.0,54180.0,-14490.0,64625.8,-19770.0,12813100.0,-9367100.0,33725.0,-2228.0,-28162.5,12177.6,-50075.0,-17110.0,
20230731,56637.5,34681.25,17856.25,-8162.5,4459.36,-6265.62,3237.5,33505.0,-790900.0,54180.0,-16130.0,73487.8,-19770.0,12813100.0,-9367100.0,32837.5,-2166.0,-31125.0,12177.6,-52193.75,-18015.0,
20230831,55762.5,34681.25,16956.25,-7787.5,4357.79,-3515.62,-8462.5,11505.0,-945600.0,54990.0,-17730.0,78847.0,-19770.0,12813100.0,-9367100.0,34125.0,-2125.0,-31787.5,12177.6,-48387.5,-16465.0,
20230929,54893.75,34762.5,17506.25,-4818.75,5920.29,4390.62,-8462.5,11505.0,-945600.0,62150.0,-17930.0,86722.0,-17050.0,12585600.0,-9367100.0,34200.0,-2371.0,-31787.5,12088.0,-50700.0,-16800.0,
20231031,55018.75,36400.0,17856.25,-2928.12,6803.11,8734.38,-5937.5,10200.0,-941400.0,54950.0,-11470.0,69078.6,-24670.0,12806850.0,-10219700.0,33337.5,-2238.0,-31787.5,12771.2,-50868.75,-17970.0,
20231130,51300.0,34768.75,15606.25,-5653.12,5453.11,2759.38,-16712.5,-5875.0,-1066500.0,51960.0,-17750.0,67549.8,-23120.0,12736750.0,-9914700.0,31975.0,-2280.0,-34987.5,11595.2,-44343.75,-17310.0,
20231229,51937.5,37650.0,15606.25,-4793.75,6648.42,4071.88,-13750.0,14885.0,-863900.0,56270.0,-17750.0,77012.4,-21660.0,12659250.0,-11094800.0,31912.5,-2076.0,-34512.5,14765.6,-42993.75,-17780.0,
20240131,49106.25,33025.0,15606.25,-5356.25,6265.61,1478.12,-11225.0,19260.0,-837100.0,50670.0,-18150.0,62170.4,-22100.0,12292900.0,-11094800.0,32237.5,-1968.0,-36937.5,10789.6,-40837.5,-18060.0,
20240229,49106.25,33025.0,15606.25,-8143.75,4220.29,-2871.88,437.5,36070.0,-760800.0,50670.0,-15750.0,62170.4,-28310.0,12292900.0,-11094800.0,33175.0,-1927.5,-36937.5,11059.2,-45025.0,-11740.0,
20240328,49106.25,33025.0,14656.25,-8143.75,4220.29,-2871.88,10675.0,43915.0,-647500.0,52700.0,-14780.0,62170.4,-13630.0,12160400.0,-11094800.0,32550.0,-2195.5,-38287.5,11059.2,-45025.0,-15835.0,
20240430,48706.25,32900.0,14893.75,-7300.0,4728.1,-903.12,-4137.5,27710.0,-793600.0,51460.0,-17750.0,62170.4,-7180.0,13554150.0,-10900300.0,32462.5,-2195.5,-38975.0,11238.4,-41143.75,-18025.0,
20240531,47568.75,33087.5,14500.0,-9446.88,3673.42,-5409.38,-4137.5,25665.0,-903300.0,48580.0,-15930.0,65265.8,-2890.0,13647900.0,-9007300.0,31825.0,-2452.5,-37337.5,12481.6,-49700.0,-18270.0,
20240628,47568.75,34100.0,14500.0,-9446.88,3065.6,-5409.38,125.0,52390.0,-903300.0,42070.0,-15790.0,58840.6,-6630.0,13072800.0,-9447300.0,32287.5,-2452.5,-41862.5,10242.4,-49700.0,-16540.0,
20240718,47062.5,31887.5,14706.25,-9446.88,3065.6,-5409.38,3775.0,51830.0,-862300.0,42070.0,-19230.0,58840.6,-8310.0,13072800.0,-9115300.0,33100.0,-2452.5,-41862.5,10242.4,-49700.0,-16160.0,
