Testing from : 20000103 to: 20240718
-----------------------------------------------------------------------------------------------------------
                                                                                      Avg.   Monthly    Avg.
SysName         Market     TotProfit  MaxDD ClsTrdDD AvgWin  AvgLoss PerWins #Trds  MonthRet.  StdDev  YearlyRet.
TF-Boll-Noti... EuroCur-EC   1782643 2410374  1476912  347497   -147031    0.35     72     6042   187957    97487
TF-Boll-Noti... J.Yen-JY     3170643 1989218  1316806  459191   -150831    0.32     72    10747   199879   164511
TF-Boll-Noti... B.Pound-BP   1499831 2233643  1850981  323370   -137375    0.34     73     5084   168010    73197
TF-Boll-Noti... TenYr-TY      978357 2472450  1689812  273042   -96703    0.30     74     3316   111742    61475
TF-Boll-Noti... FiveYr-FV     767583 1519441  1213428  198597   -73977    0.31     67     2601   72537    46854
TF-Boll-Noti... 30YrBnd-US   1570859 3482675  1866542  330805   -156614    0.36     74     5324   211498   102384
TF-Boll-Noti... MiniES-ES   -1316700 6254100  4856400  438165   -248109    0.34     80    -4463   278456   -94035
TF-Boll-Noti... MiniNQ-NQ   -2767260 10219235  9545895  633618   -315505    0.30     90    -9380   327920   -153781
TF-Boll-Noti... MiniDow-EM    295250 3710400  2799600  501096   -50854    0.10    157     1101   168004     3125
TF-Boll-Noti... Crude-CL    -1983190 16450199  8941899  1107068   -539771    0.31     83    -6722   676973   -26215
TF-Boll-Noti... Nat.Gas-NG   4151840 13508480  11606570  1674533   -698361    0.32     79    14074   1082278   200078
TF-Boll-Noti... H.Oil-HO    11493569 9840450  8057205  1308189   -441251    0.33     81    38961   564052   551460
TF-Boll-Noti... Gold-GC       741659 6772270  5456270  625356   -278461    0.32     72     2514   350238   -12660
TF-Boll-Noti... Copper-HG    8956462 4372324  2207537  1277229   -45767    0.07    209    30360   395727   367477
TF-Boll-Noti... Silver-SI    1072400 11988449  5766874  1127702   -66631    0.06    199     3635   688288    73233
TF-Boll-Noti... Corn-C_     14503087 12173300  9413450  1502445   -502021    0.35     71    49163   735165   578116
TF-Boll-Noti... SoyBean-S_   3964786 11415474  9796169  1667316   -554081    0.28     61    13439   633857   225486
TF-Boll-Noti... Wheat-W_   -17008500 19532862  17008500  1154981   -547799    0.21     87    -57655   624144   -588817
TF-Boll-Noti... Sugar-SB     -636080 15473483  11767780  974069   -538719    0.35     77    -2156   667391    66166
TF-Boll-Noti... Coffee-KC   -1676250 13089212  10448943  1471697   -511008    0.25     77    -5682   632326   -29565
TF-Boll-Noti... Cotton-CT    5226399 8443660  6592329  866174   -442451    0.39     74    17716   617304   192405
-------------------------------------------------------------------------------------------------------------------
Totals                      34787393 78437874 or 89.6 % Avg. DD 12167762        1929
-----------------------------------------------------------------------------------------------------------
Combined Monthly Return
Date         Profit Cum.Profit
-------------------------------------------------------------------
20000131    -111816    -111816
20000229      65088     -46729
20000331    -867880    -914609
20000428    -665333   -1579942
20000531     352568   -1227374
20000630     520175    -707199
20000731    -468645   -1175844
20000831     285766    -890077
20000929   -1045871   -1935948
20001031    -547625   -2483573
20001130     464299   -2019274
20001229    1858699    -160575    -160575
20010131   -1909056   -2069631
20010228     678974   -1390657
20010330    1006729    -383928
20010430   -1844661   -2228589
20010531     134174   -2094414
20010629    -543106   -2637521
20010731    -370929   -3008450
20010831     226651   -2781799
20010928     595504   -2186295
20011031     -27759   -2214054
20011130   -1005404   -3219458
20011231    -174891   -3394348   -3233774
20020131    -335359   -3729707
20020228    -368136   -4097843
20020328     340188   -3757655
20020430     127467   -3630188
20020531    -827595   -4457783
20020628    1111669   -3346114
20020731     945589   -2400525
20020830     506150   -1894376
20020930     963818    -930557
20021031    -533075   -1463632
20021129      68583   -1395049
20021231    -384319   -1779368    1614980
20030131    1572097    -207271
20030228    2133684    1926413
20030331   -2852719    -926306
20030430    -226716   -1153023
20030530    -446442   -1599465
20030630    -374740   -1974204
20030731     -30836   -2005040
20030829    -571873   -2576914
20030930   -1772287   -4349200
20031031     858141   -3491060
20031128    -568502   -4059562
20031231     397322   -3662240   -1882872
20040130     722867   -2939373
20040227    1129554   -1809819
20040331    -548804   -2358623
20040430   -1794060   -4152683
20040528    -161039   -4313722
20040630    -418111   -4731833
20040730    1821916   -2909918
20040831   -1317515   -4227433
20040930    1208390   -3019043
20041029     534531   -2484511
20041130    -200945   -2685456
20041231    -550627   -3236083     426158
20050131    -844609   -4080692
20050228     201153   -3879538
20050331     192200   -3687339
20050429   -1904829   -5592167
20050531    -940963   -6533130
20050630    -885765   -7418895
20050729     600235   -6818660
20050831    2044278   -4774382
20050930    2206967   -2567415
20051031   -2466651   -5034066
20051130     118819   -4915247
20051230      32394   -4882853   -1646770
20060131    3387589   -1495264
20060228      -3110   -1498374
20060331     979897    -518477
20060428    3631288    3112811
20060531    1129342    4242153
20060630   -5336587   -1094433
20060731   -2335757   -3430191
20060831   -2639653   -6069844
20060929    -828253   -6898097
20061031    4225879   -2672218
20061130    2208549    -463669
20061229    -935350   -1399019    3483834
20070131   -1184591   -2583610
20070228   -1565987   -4149597
20070330   -1993445   -6143042
20070430     863094   -5279948
20070531   -1754618   -7034566
20070629    3125453   -3909113
20070731    2815317   -1093796
20070831   -4911981   -6005777
20070928    2904547   -3101230
20071031    1983760   -1117471
20071130   -1659807   -2777277
20071231    2659942    -117336    1281683
20080131    2993108    2875772
20080229   13107481   15983253
20080331   -9564898    6418355
20080430    1708652    8127007
20080530    4901444   13028451
20080630    3184788   16213239
20080731   -8811414    7401825
20080829    -515416    6886409
20080930    3485019   10371428
20081031   19545871   29917298
20081128    3881953   33799251
20081231    2225259   36024510   36141846
20090130     633227   36657737
20090227    1454761   38112498
20090331   -3535984   34576514
20090430    1260602   35837116
20090529    5290685   41127800
20090630   -1836819   39290981
20090731    -369850   38921132
20090831    3971818   42892950
20090930      37474   42930424
20091030   -2562596   40367827
20091130    3512951   43880778
20091231    -487523   43393255    7368745
20100129   -3393930   39999325
20100226   -2161399   37837926
20100331    1606175   39444101
20100430     820628   40264729
20100528   -2336366   37928363
20100630   -1288028   36640335
20100730     840038   37480373
20100831    2118319   39598692
20100930    7803406   47402098
20101029   10840630   58242728
20101130   -2614232   55628496
20101231   16055879   71684375   28291120
20110131    2254498   73938873
20110228    4447853   78386727
20110331   -3126480   75260246
20110429   12286803   87547049
20110531  -17889357   69657692
20110630   -5980123   63677569
20110729   -1269981   62407588
20110831   -1496120   60911468
20110930    8935013   69846481
20111031  -16765950   53080531
20111130     600072   53680602
20111230    -891803   52788799  -18895576
20120131      -9213   52779586
20120229   -1858695   50920891
20120330    4555096   55475987
20120430   -2510800   52965187
20120531    3695121   56660308
20120629   -9612013   47048294
20120731    4143665   51191959
20120831   -3188597   48003363
20120928    -196752   47806611
20121031   -2558839   45247772
20121130   -5212848   40034924
20121231      41678   40076601  -12712197
20130131     -32826   40043775
20130228     877970   40921745
20130328      13044   40934789
20130430   -1225411   39709378
20130531    2130855   41840234
20130628    -135194   41705040
20130731     256058   41961098
20130830   -2028759   39932340
20130930     401549   40333889
20131031    1092614   41426503
20131129     134425   41560928
20131231    1167008   42727936    2651334
20140131     686814   43414750
20140228     941789   44356538
20140331   -1349109   43007429
20140430    2042213   45049642
20140530   -5135252   39914390
20140630     -70290   39844100
20140731    4327257   44171356
20140829     537769   44709125
20140930    3387785   48096910
20141031   -3387273   44709637
20141128    3650792   48360429
20141231    2292261   50652690    7924755
20150130    2517209   53169899
20150227   -3110892   50059007
20150331     796932   50855939
20150430   -1188712   49667226
20150529   -2527757   47139469
20150630    -341750   46797719
20150731   -3688898   43108821
20150831   -2625189   40483631
20150930     640047   41123678
20151030   -3057520   38066158
20151130     687915   38754073
20151231     566160   39320234  -11332456
20160129   -1099773   38220461
20160229     901624   39122086
20160331   -3136315   35985770
20160429     147255   36133025
20160531    -891453   35241572
20160630    1278531   36520103
20160729    1091539   37611642
20160831   -4859571   32752071
20160930     622197   33374268
20161031   -1849764   31524504
20161130    1356783   32881286
20161230      44006   32925292   -6394942
20170131   -3632684   29292608
20170228    1530018   30822625
20170331   -1345596   29477030
20170428   -1283713   28193317
20170531   -2486637   25706680
20170630     492257   26198936
20170731   -2079427   24119509
20170831   -1404741   22714769
20170929   -1281948   21432821
20171031    1411767   22844588
20171130      35616   22880204
20171229     442423   23322626   -9602666
20180131    2323835   25646461
20180228   -1776478   23869984
20180329    -879128   22990856
20180430     116987   23107844
20180531    -729441   22378402
20180629   -1780147   20598255
20180731    -510423   20087832
20180831    1444490   21532323
20180928   -1296775   20235548
20181031   -2870939   17364609
20181130    3387478   20752086
20181231   -1915657   18836430   -4486196
20190131   -2339737   16496693
20190228     -85113   16411580
20190329   -1721866   14689714
20190430      58081   14747795
20190531    -432044   14315751
20190628   -1515759   12799992
20190731    -819097   11980895
20190830    2701263   14682158
20190930   -5444284    9237873
20191031     610283    9848156
20191129     808726   10656882
20191231    3556124   14213006   -4623424
20200131   -1882768   12330238
20200228    1923013   14253251
20200331    9383744   23636994
20200430   -3253996   20382999
20200529   -5785653   14597346
20200630   -3008345   11589001
20200731    2593263   14182264
20200831    7225684   21407947
20200930  -10172130   11235817
20201030    6577992   17813809
20201130   -1429251   16384558
20201231    8665833   25050390   10837384
20210129    5089406   30139797
20210226    8030802   38170599
20210331   -2791366   35379233
20210430    9932471   45311704
20210528    4031778   49343481
20210630   -4378663   44964818
20210730     390845   45355663
20210831    3231397   48587061
20210930    5160728   53747789
20211029    -373146   53374643
20211130   -3406209   49968434
20211231   -2347264   47621170   22570780
20220131    -704217   46916953
20220228    4018820   50935773
20220331    3797628   54733401
20220429   13342696   68076097
20220531   -3274452   64801645
20220630   -3186679   61614966
20220729     135010   61749976
20220831   -3933147   57816829
20220930     125135   57941964
20221031   -1149396   56792568
20221130   -1486785   55305783
20221230   -2307125   52998658    5377488
20230131    6075778   59074436
20230228   -4358025   54716411
20230331   -1198409   53518002
20230428    1478122   54996124
20230531   -1561823   53434301
20230630   -2853270   50581030
20230731   -1190028   49391003
20230831    -820955   48570048
20230929    1301363   49871410
20231031     -90628   49780782
20231130   -7474218   42306564
20231229    3248495   45555059   -7443599
20240131   -4234306   41320753
20240229    3570654   44891407
20240328    -643189   44248218
20240430   -1660258   42587960
20240531   -2527597   40060364
20240628   -3732307   36328056
20240718   -1540662   34787394  -10767665
Average Monthly Return:   117923 StdDev: 3788836  Sharpe: 0.03
Average  Yearly Return:  1391495 StdDev: 12689374  Sharpe: 0.11
