-----------------------------------------
Sys Name : TF-Boll-FR_1R
Mkt Symb : EC Mkt Name : EuroCur
20100104     TF-Bol-S  1   1.57690       0.00       0.00
20100715         Sxit  1   1.42445   18956.25   18956.25
20100922     TF-Bol-B  1   1.48290       0.00       0.00
20101123         Lxit  1   1.48450     100.00   19056.25
20110303     TF-Bol-B  1   1.54445       0.00       0.00
20110516         Lxit  1   1.55290     956.25   20012.50
20110712     TF-Bol-S  1   1.54155       0.00       0.00
20110721         Sxit  1   1.58305   -5287.50   14725.00
20110906     TF-Bol-S  1   1.55120       0.00       0.00
20111027         Sxit  1   1.55225    -231.25   14493.75
20111213     TF-Bol-S  1   1.45675       0.00       0.00
20120209         Sxit  1   1.48350   -3443.75   11050.00
20120509     TF-Bol-S  1   1.44340       0.00       0.00
20120822         Sxit  1   1.40125    5168.75   16218.75
20120907     TF-Bol-B  1   1.42725       0.00       0.00
20121109         Lxit  1   1.41820   -1231.25   14987.50
20121218     TF-Bol-B  1   1.46920       0.00       0.00
20130222         Lxit  1   1.46100   -1125.00   13862.50
20130327     TF-Bol-S  1   1.42605       0.00       0.00
20130416         Sxit  1   1.46320   -4743.75    9118.75
20130611     TF-Bol-B  1   1.47340       0.00       0.00
20130626         Lxit  1   1.44905   -3143.75    5975.00
20130808     TF-Bol-B  1   1.48470       0.00       0.00
20130903         Lxit  1   1.46000   -3187.50    2787.50
20130918     TF-Bol-B  1   1.49510       0.00       0.00
20131107         Lxit  1   1.48655   -1168.75    1618.75
20131227     TF-Bol-B  1   1.53080       0.00       0.00
20140106         Lxit  1   1.50275   -3606.25   -1987.50
20140306     TF-Bol-B  1   1.52885       0.00       0.00
20140403         Lxit  1   1.51555   -1762.50   -3750.00
20140508     TF-Bol-B  1   1.54235       0.00       0.00
20140509         Lxit  1   1.51975   -2925.00   -6675.00
20140605     TF-Bol-S  1   1.50305       0.00       0.00
20150429         Sxit  1   1.25515   30887.50   24212.50
20150824     TF-Bol-B  1   1.28475       0.00       0.00
20150903         Lxit  1   1.25425   -3912.50   20300.00
20151014     TF-Bol-B  1   1.28610       0.00       0.00
20151022         Lxit  1   1.25635   -3818.75   16481.25
20151106     TF-Bol-S  1   1.22060       0.00       0.00
20160115         Sxit  1   1.23570   -1987.50   14493.75
20160209     TF-Bol-B  1   1.26790       0.00       0.00
20160226         Lxit  1   1.22815   -5068.75    9425.00
20160317     TF-Bol-B  1   1.26390       0.00       0.00
20160518         Lxit  1   1.25620   -1062.50    8362.50
20160624     TF-Bol-S  1   1.23660       0.00       0.00
20160816         Sxit  1   1.25305   -2156.25    6206.25
20161012     TF-Bol-S  1   1.22860       0.00       0.00
20161109         Sxit  1   1.24215   -1793.75    4412.50
20161110     TF-Bol-S  1   1.21645       0.00       0.00
20170131         Sxit  1   1.19930    2043.75    6456.25
20170327     TF-Bol-B  1   1.20545       0.00       0.00
20170331         Lxit  1   1.18500   -2656.25    3800.00
20170424     TF-Bol-B  1   1.20460       0.00       0.00
20171005         Lxit  1   1.27885    9181.25   12981.25
20171106     TF-Bol-S  1   1.26510       0.00       0.00
20171115         Sxit  1   1.28920   -3112.50    9868.75
20180102     TF-Bol-B  1   1.30945       0.00       0.00
20180405         Lxit  1   1.32000    1218.75   11087.50
20180426     TF-Bol-S  1   1.30365       0.00       0.00
20180828         Sxit  1   1.25345    6175.00   17262.50
20181003     TF-Bol-S  1   1.22520       0.00       0.00
20190109         Sxit  1   1.21985     568.75   17831.25
20190211     TF-Bol-S  1   1.19690       0.00       0.00
20190320         Sxit  1   1.20445   -1043.75   16787.50
20190327     TF-Bol-S  1   1.18675       0.00       0.00
20190607         Sxit  1   1.18525      87.50   16875.00
20190723     TF-Bol-S  1   1.16715       0.00       0.00
20191018         Sxit  1   1.15830    1006.25   17881.25
20191230     TF-Bol-B  2   1.15760       0.00       0.00
20200108         Lxit  2   1.14720   -2800.00   15081.25
20200124     TF-Bol-S  2   1.13645       0.00       0.00
20200302         Sxit  2   1.14095   -1325.00   13756.25
20200306     TF-Bol-B  1   1.16380       0.00       0.00
20200312         Lxit  1   1.14210   -2812.50   10943.75
20200318     TF-Bol-S  1   1.11635       0.00       0.00
20200327         Sxit  1   1.13925   -2962.50    7981.25
20200604     TF-Bol-B  1   1.15625       0.00       0.00
20201028         Lxit  1   1.19785    5100.00   13081.25
20201127     TF-Bol-B  1   1.21860       0.00       0.00
20210202         Lxit  1   1.22185     306.25   13387.50
20210308     TF-Bol-S  1   1.20410       0.00       0.00
20210420         Sxit  1   1.22385   -2568.75   10818.75
20210929     TF-Bol-S  1   1.17430       0.00       0.00
20220113         Sxit  1   1.15820    1912.50   12731.25
20220127     TF-Bol-S  1   1.12470       0.00       0.00
20220203         Sxit  1   1.15170   -3475.00    9256.25
20220224     TF-Bol-S  1   1.12610       0.00       0.00
20220331   Sx-EOFData  1   1.11590    1175.00   10431.25
-----------------------------------------
Sys Name : TF-Boll-FR_1R
Mkt Symb : BP Mkt Name : B.Pound
20100204     TF-Bol-S  1   1.62420       0.00       0.00
20100623         Sxit  1   1.54220    5025.00    5025.00
20100802     TF-Bol-B  1   1.62200       0.00       0.00
20101123         Lxit  1   1.62430      43.75    5068.75
20110202     TF-Bol-B  1   1.67220       0.00       0.00
20110513         Lxit  1   1.67190    -118.75    4950.00
20110623     TF-Bol-S  1   1.64830       0.00       0.00
20110721         Sxit  1   1.67710   -1900.00    3050.00
20110819     TF-Bol-B  1   1.71540       0.00       0.00
20110825         Lxit  1   1.67880   -2387.50     662.50
20110909     TF-Bol-S  1   1.64350       0.00       0.00
20111025         Sxit  1   1.65530    -837.50    -175.00
20120113     TF-Bol-S  1   1.58200       0.00       0.00
20120125         Sxit  1   1.62280   -2650.00   -2825.00
20120327     TF-Bol-B  1   1.65790       0.00       0.00
20120516         Lxit  1   1.64850    -687.50   -3512.50
20120530     TF-Bol-S  1   1.61460       0.00       0.00
20120727         Sxit  1   1.63720   -1512.50   -5025.00
20120906     TF-Bol-B  1   1.65520       0.00       0.00
20121109         Lxit  1   1.65560     -75.00   -5100.00
20121219     TF-Bol-B  2   1.69090       0.00       0.00
20121227         Lxit  2   1.66970   -2850.00   -7950.00
20130102     TF-Bol-B  2   1.69320       0.00       0.00
20130104         Lxit  2   1.66970   -3137.50  -11087.50
20130118     TF-Bol-S  2   1.65010       0.00       0.00
20130425         Sxit  2   1.60940    4887.50   -6200.00
20130606     TF-Bol-B  1   1.62280       0.00       0.00
20130626         Lxit  1   1.59340   -1937.50   -8137.50
20130705     TF-Bol-S  1   1.55860       0.00       0.00
20130722         Sxit  1   1.59500   -2375.00  -10512.50
20130911     TF-Bol-B  1   1.64660       0.00       0.00
20140204         Lxit  1   1.69140    2700.00   -7812.50
20140213     TF-Bol-B  1   1.73130       0.00       0.00
20140321         Lxit  1   1.71330   -1225.00   -9037.50
20140409     TF-Bol-B  1   1.74490       0.00       0.00
20140604         Lxit  1   1.73690    -600.00   -9637.50
20140613     TF-Bol-B  2   1.76180       0.00       0.00
20140730         Lxit  2   1.75650    -862.50  -10500.00
20140819     TF-Bol-S  1   1.73010       0.00       0.00
20150225         Sxit  1   1.61820    6893.75   -3606.25
20150311     TF-Bol-S  1   1.56290       0.00       0.00
20150424         Sxit  1   1.57780   -1031.25   -4637.50
20150511     TF-Bol-B  1   1.62500       0.00       0.00
20150807         Lxit  1   1.61590    -668.75   -5306.25
20150903     TF-Bol-S  1   1.59480       0.00       0.00
20150916         Sxit  1   1.62260   -1837.50   -7143.75
20150923     TF-Bol-S  1   1.59270       0.00       0.00
20151014         Sxit  1   1.61850   -1712.50   -8856.25
20151106     TF-Bol-S  1   1.58220       0.00       0.00
20160419         Sxit  1   1.50500    4725.00   -4131.25
20160429     TF-Bol-B  1   1.53740       0.00       0.00
20160610         Lxit  1   1.50460   -2150.00   -6281.25
20160621     TF-Bol-B  1   1.54310       0.00       0.00
20160624         Lxit  1   1.50880   -2243.75   -8525.00
20160624     TF-Bol-S  1   1.47330       0.00       0.00
20161205         Sxit  1   1.34090    8175.00    -350.00
20170307     TF-Bol-S  1   1.28230       0.00       0.00
20170320         Sxit  1   1.30750   -1675.00   -2025.00
20170418     TF-Bol-B  1   1.33050       0.00       0.00
20170609         Lxit  1   1.32680    -331.25   -2356.25
20170731     TF-Bol-B  1   1.37960       0.00       0.00
20170811         Lxit  1   1.35330   -1743.75   -4100.00
20170908     TF-Bol-B  1   1.37830       0.00       0.00
20171006         Lxit  1   1.36420    -981.25   -5081.25
20180103     TF-Bol-B  1   1.41390       0.00       0.00
20180423         Lxit  1   1.44410    1787.50   -3293.75
20180501     TF-Bol-S  1   1.41130       0.00       0.00
20180914         Sxit  1   1.35220    3593.75     300.00
20181030     TF-Bol-S  1   1.31050       0.00       0.00
20181102         Sxit  1   1.33920   -1893.75   -1593.75
20181115     TF-Bol-S  1   1.30870       0.00       0.00
20190114         Sxit  1   1.32260    -968.75   -2562.50
20190226     TF-Bol-B  1   1.34970       0.00       0.00
20190329         Lxit  1   1.32360   -1731.25   -4293.75
20190515     TF-Bol-S  2   1.30940       0.00       0.00
20190913         Sxit  2   1.26230    5687.50    1393.75
20191015     TF-Bol-B  1   1.29190       0.00       0.00
20200203         Lxit  1   1.30790     900.00    2293.75
20200228     TF-Bol-S  2   1.28800       0.00       0.00
20200306         Sxit  2   1.31100   -3075.00    -781.25
20200312     TF-Bol-S  1   1.28680       0.00       0.00
20200601         Sxit  1   1.25570    1843.75    1062.50
20200721     TF-Bol-B  1   1.27920       0.00       0.00
20200911         Lxit  1   1.28220      87.50    1150.00
20201123     TF-Bol-B  1   1.34210       0.00       0.00
20210324         Lxit  1   1.37280    1818.75    2968.75
20210510     TF-Bol-B  1   1.41130       0.00       0.00
20210617         Lxit  1   1.39980    -818.75    2150.00
20210720     TF-Bol-S  1   1.36650       0.00       0.00
20210729         Sxit  1   1.39760   -2043.75     106.25
20210819     TF-Bol-S  1   1.36780       0.00       0.00
20210914         Sxit  1   1.39310   -1681.25   -1575.00
20210928     TF-Bol-S  1   1.36120       0.00       0.00
20211015         Sxit  1   1.37980   -1262.50   -2837.50
20211104     TF-Bol-S  2   1.35600       0.00       0.00
20211231         Sxit  2   1.35610    -212.50   -3050.00
20220307     TF-Bol-S  1   1.31990       0.00       0.00
20220331   Sx-EOFData  1   1.31600     143.75   -2906.25
-----------------------------------------
Sys Name : TF-Boll-FR_1R
Mkt Symb : CL Mkt Name : Crude
20100205     TF-Bol-S  1 117.11000       0.00       0.00
20100218         Sxit  1 123.13000   -6120.00   -6120.00
20100405     TF-Bol-B  1 130.13000       0.00       0.00
20100422         Lxit  1 124.81000   -5420.00  -11540.00
20100506     TF-Bol-S  1 117.86000       0.00       0.00
20100802         Sxit  1 117.95000    -190.00  -11730.00
20101006     TF-Bol-B  1 120.13000       0.00       0.00
20101117         Lxit  1 116.36000   -3870.00  -15600.00
20101203     TF-Bol-B  1 124.00000       0.00       0.00
20110124         Lxit  1 121.50000   -2600.00  -18200.00
20110222     TF-Bol-B  1 127.89000       0.00       0.00
20110505         Lxit  1 130.62000    2630.00  -15570.00
20110617     TF-Bol-S  1 122.29000       0.00       0.00
20111019         Sxit  1 116.46000    5730.00   -9840.00
20111114     TF-Bol-B  1 126.70000       0.00       0.00
20120202         Lxit  1 123.50000   -3300.00  -13140.00
20120221     TF-Bol-B  1 131.14000       0.00       0.00
20120329         Lxit  1 128.59000   -2650.00  -15790.00
20120504     TF-Bol-S  1 123.32000       0.00       0.00
20120803         Sxit  1 116.19000    7030.00   -8760.00
20121023     TF-Bol-S  1 109.30000       0.00       0.00
20121226         Sxit  1 113.19000   -3990.00  -12750.00
20130117     TF-Bol-B  1 118.01000       0.00       0.00
20130225         Lxit  1 113.60000   -4510.00  -17260.00
20130415     TF-Bol-S  1 110.88000       0.00       0.00
20130429         Sxit  1 115.47000   -4690.00  -21950.00
20130617     TF-Bol-B  1 119.23000       0.00       0.00
20130621         Lxit  1 114.74000   -4590.00  -26540.00
20130702     TF-Bol-B  1 119.88000       0.00       0.00
20130924         Lxit  1 123.77000    3790.00  -22750.00
20131022     TF-Bol-S  1 120.31000       0.00       0.00
20131227         Sxit  1 120.31000    -100.00  -22850.00
20140218     TF-Bol-B  1 121.16000       0.00       0.00
20140317         Lxit  1 117.78000   -3480.00  -26330.00
20140521     TF-Bol-B  1 126.33000       0.00       0.00
20140710         Lxit  1 124.50000   -1930.00  -28260.00
20140814     TF-Bol-S  1 119.98000       0.00       0.00
20150407         Sxit  1  77.09000   42790.00   14530.00
20150429     TF-Bol-B  1  81.96000       0.00       0.00
20150701         Lxit  1  79.12000   -2940.00   11590.00
20150717     TF-Bol-S  1  72.39000       0.00       0.00
20151007         Sxit  1  69.77000    2520.00   14110.00
20151113     TF-Bol-S  1  61.12000       0.00       0.00
20160308         Sxit  1  52.66000    8360.00   22470.00
20160427     TF-Bol-B  1  56.82000       0.00       0.00
20160706         Lxit  1  56.61000    -310.00   22160.00
20160728     TF-Bol-S  1  51.39000       0.00       0.00
20160818         Sxit  1  57.01000   -5720.00   16440.00
20161212     TF-Bol-B  1  60.69000       0.00       0.00
20170207         Lxit  1  57.55000   -3240.00   13200.00
20170310     TF-Bol-S  1  53.90000       0.00       0.00
20170407         Sxit  1  57.78000   -3980.00    9220.00
20170502     TF-Bol-S  1  52.13000       0.00       0.00
20170523         Sxit  1  55.75000   -3720.00    5500.00
20170608     TF-Bol-S  1  49.46000       0.00       0.00
20170725         Sxit  1  52.01000   -2650.00    2850.00
20170925     TF-Bol-B  1  54.61000       0.00       0.00
20180209         Lxit  1  61.29000    6580.00    9430.00
20180411     TF-Bol-B  1  69.62000       0.00       0.00
20180601         Lxit  1  68.08000   -1640.00    7790.00
20180627     TF-Bol-B  1  75.40000       0.00       0.00
20180716         Lxit  1  70.83000   -4670.00    3120.00
20180924     TF-Bol-B  1  77.19000       0.00       0.00
20181017         Lxit  1  73.96000   -3330.00    -210.00
20181101     TF-Bol-S  1  68.08000       0.00       0.00
20190214         Sxit  1  58.51000    9470.00    9260.00
20190402     TF-Bol-B  1  65.40000       0.00       0.00
20190523         Lxit  1  62.86000   -2640.00    6620.00
20190531     TF-Bol-S  1  56.26000       0.00       0.00
20190701         Sxit  1  62.68000   -6520.00     100.00
20190807     TF-Bol-S  1  53.21000       0.00       0.00
20190905         Sxit  1  59.16000   -6050.00   -5950.00
20190916     TF-Bol-B  1  64.00000       0.00       0.00
20190925         Lxit  1  58.63000   -5470.00  -11420.00
20191003     TF-Bol-S  1  54.26000       0.00       0.00
20191023         Sxit  1  58.41000   -4250.00  -15670.00
20191206     TF-Bol-B  1  62.28000       0.00       0.00
20200122         Lxit  1  59.94000   -2440.00  -18110.00
20200130     TF-Bol-S  1  54.42000       0.00       0.00
20200529         Sxit  1  31.72000   22600.00    4490.00
20201002     TF-Bol-S  1  32.56000       0.00       0.00
20201008         Sxit  1  36.04000   -3580.00     910.00
20201028     TF-Bol-S  1  32.79000       0.00       0.00
20201109         Sxit  1  35.65000   -2960.00   -2050.00
20201124     TF-Bol-B  1  39.62000       0.00       0.00
20210719         Lxit  1  60.98000   21260.00   19210.00
20210927     TF-Bol-B  1  70.45000       0.00       0.00
20211126         Lxit  1  70.32000    -230.00   18980.00
20220118     TF-Bol-B  1  82.98000       0.00       0.00
20220331   Lx-EOFData  1 100.93000   17850.00   36830.00
-----------------------------------------
Sys Name : TF-Boll-FR_1R
Mkt Symb : NG Mkt Name : Nat.Gas
20100315     TF-Bol-S  1  11.66700       0.00       0.00
20100603         Sxit  1  11.63000     270.00     270.00
20100615     TF-Bol-B  1  12.21900       0.00       0.00
20100708         Lxit  1  11.53600   -6930.00   -6660.00
20100825     TF-Bol-S  1  11.02900       0.00       0.00
20101122         Sxit  1  10.89900    1200.00   -5460.00
20110120     TF-Bol-B  1  11.06900       0.00       0.00
20110128         Lxit  1  10.69700   -3820.00   -9280.00
20110211     TF-Bol-S  1  10.28800       0.00       0.00
20110322         Sxit  1  10.61800   -3400.00  -12680.00
20110531     TF-Bol-B  1  10.82100       0.00       0.00
20110617         Lxit  1  10.52900   -3020.00  -15700.00
20110804     TF-Bol-S  1  10.17300       0.00       0.00
20120511         Sxit  1   7.90900   22540.00    6840.00
20120627     TF-Bol-B  1   8.13800       0.00       0.00
20120820         Lxit  1   8.00000   -1480.00    5360.00
20121001     TF-Bol-B  1   8.52500       0.00       0.00
20121102         Lxit  1   8.29800   -2370.00    2990.00
20121214     TF-Bol-S  1   7.88900       0.00       0.00
20130305         Sxit  1   8.05800   -1790.00    1200.00
20130318     TF-Bol-B  1   8.45900       0.00       0.00
20130603         Lxit  1   8.35400   -1150.00      50.00
20130627     TF-Bol-S  1   8.02100       0.00       0.00
20130916         Sxit  1   8.03400    -230.00    -180.00
20131104     TF-Bol-S  1   7.62300       0.00       0.00
20131118         Sxit  1   7.84900   -2360.00   -2540.00
20131203     TF-Bol-B  1   8.12800       0.00       0.00
20140110         Lxit  1   8.03400   -1040.00   -3580.00
20140122     TF-Bol-B  1   8.64600       0.00       0.00
20140512         Lxit  1   9.48600    8300.00    4720.00
20140707     TF-Bol-S  1   9.31200       0.00       0.00
20140930         Sxit  1   9.08600    2160.00    6880.00
20141021     TF-Bol-S  1   8.56300       0.00       0.00
20141103         Sxit  1   8.84600   -2930.00    3950.00
20141105     TF-Bol-B  1   9.10400       0.00       0.00
20141113         Lxit  1   8.85000   -2640.00    1310.00
20141117     TF-Bol-B  1   9.14400       0.00       0.00
20141124         Lxit  1   8.87300   -2810.00   -1500.00
20141203     TF-Bol-S  1   8.52000       0.00       0.00
20150504         Sxit  1   7.39800   11120.00    9620.00
20150518     TF-Bol-B  1   7.63900       0.00       0.00
20150528         Lxit  1   7.37700   -2720.00    6900.00
20150824     TF-Bol-S  1   7.17400       0.00       0.00
20150915         Sxit  1   7.32300   -1590.00    5310.00
20150917     TF-Bol-S  1   7.15100       0.00       0.00
20160419         Sxit  1   5.95900   11820.00   17130.00
20160603     TF-Bol-B  1   6.02500       0.00       0.00
20160812         Lxit  1   6.11400     790.00   17920.00
20160920     TF-Bol-B  1   6.59300       0.00       0.00
20161024         Lxit  1   6.41100   -1920.00   16000.00
20161101     TF-Bol-S  1   6.05500       0.00       0.00
20161128         Sxit  1   6.31000   -2650.00   13350.00
20170221     TF-Bol-S  1   5.66100       0.00       0.00
20170405         Sxit  1   6.09900   -4480.00    8870.00
20170601     TF-Bol-S  1   5.60600       0.00       0.00
20170901         Sxit  1   5.60500     -90.00    8780.00
20171002     TF-Bol-S  1   5.38300       0.00       0.00
20171013         Sxit  1   5.51500   -1420.00    7360.00
20171018     TF-Bol-S  1   5.34300       0.00       0.00
20171023         Sxit  1   5.50400   -1710.00    5650.00
20171027     TF-Bol-S  1   5.32800       0.00       0.00
20171107         Sxit  1   5.48000   -1620.00    4030.00
20171124     TF-Bol-S  1   5.26500       0.00       0.00
20180102         Sxit  1   5.32900    -740.00    3290.00
20180123     TF-Bol-B  1   5.67700       0.00       0.00
20180209         Lxit  1   5.30900   -3780.00    -490.00
20180525     TF-Bol-B  1   5.48600       0.00       0.00
20180705         Lxit  1   5.36700   -1290.00   -1780.00
20180924     TF-Bol-B  1   5.56100       0.00       0.00
20181217         Lxit  1   5.98000    4090.00    2310.00
20190531     TF-Bol-S  1   4.95100       0.00       0.00
20190903         Sxit  1   4.82900    1120.00    3430.00
20190909     TF-Bol-B  1   5.11100       0.00       0.00
20190930         Lxit  1   4.82400   -2970.00     460.00
20191104     TF-Bol-B  1   5.13200       0.00       0.00
20191119         Lxit  1   4.85700   -2850.00   -2390.00
20191129     TF-Bol-S  1   4.55300       0.00       0.00
20200420         Sxit  1   4.12600    4170.00    1780.00
20200512     TF-Bol-S  1   3.78200       0.00       0.00
20200803         Sxit  1   3.75800     140.00    1920.00
20200814     TF-Bol-B  1   4.12000       0.00       0.00
20200917         Lxit  1   3.84200   -2880.00    -960.00
20201119     TF-Bol-S  1   3.44700       0.00       0.00
20210112         Sxit  1   3.60900   -1720.00   -2680.00
20210517     TF-Bol-B  1   3.79400       0.00       0.00
20210524         Lxit  1   3.49900   -3050.00   -5730.00
20210611     TF-Bol-B  1   3.81900       0.00       0.00
20211109         Lxit  1   5.34000   15110.00    9380.00
20211206     TF-Bol-S  1   4.06400       0.00       0.00
20220112         Sxit  1   5.16300  -11090.00   -1710.00
20220323     TF-Bol-B  1   5.77500       0.00       0.00
20220331   Lx-EOFData  1   6.14200    3570.00    1860.00
-----------------------------------------
Sys Name : TF-Boll-FR_1R
Mkt Symb : HO Mkt Name : H.Oil
20100205     TF-Bol-S  1   1.76260       0.00       0.00
20100218         Sxit  1   1.91260   -6400.00   -6400.00
20100401     TF-Bol-B  1   2.06610       0.00       0.00
20100506         Lxit  1   1.95050   -4955.20  -11355.20
20100520     TF-Bol-S  1   1.73690       0.00       0.00
20100617         Sxit  1   1.93610   -8466.40  -19821.60
20100702     TF-Bol-S  1   1.69130       0.00       0.00
20100802         Sxit  1   1.88410   -8197.60  -28019.20
20100930     TF-Bol-B  1   1.95590       0.00       0.00
20110505         Lxit  1   2.61160   27439.40    -579.80
20110623     TF-Bol-S  1   2.46170       0.00       0.00
20110707         Sxit  1   2.67430   -9029.20   -9609.00
20110808     TF-Bol-S  1   2.39640       0.00       0.00
20110826         Sxit  1   2.59060   -8256.40  -17865.40
20110923     TF-Bol-S  1   2.39360       0.00       0.00
20111013         Sxit  1   2.54830   -6597.40  -24462.80
20111111     TF-Bol-B  1   2.76790       0.00       0.00
20111121         Lxit  1   2.55580   -9008.20  -33471.00
20111219     TF-Bol-S  1   2.34400       0.00       0.00
20120103         Sxit  1   2.53120   -7962.40  -41433.40
20120206     TF-Bol-B  1   2.74370       0.00       0.00
20120409         Lxit  1   2.66670   -3334.00  -44767.40
20120504     TF-Bol-S  1   2.54820       0.00       0.00
20120719         Sxit  1   2.43810    4524.20  -40243.20
20120827     TF-Bol-B  1   2.71510       0.00       0.00
20121023         Lxit  1   2.57780   -5866.60  -46109.80
20121206     TF-Bol-S  1   2.51680       0.00       0.00
20121227         Sxit  1   2.62470   -4631.80  -50741.60
20130201     TF-Bol-B  1   2.75080       0.00       0.00
20130226         Lxit  1   2.62600   -5341.60  -56083.20
20130319     TF-Bol-S  1   2.43950       0.00       0.00
20130613         Sxit  1   2.44320    -255.40  -56338.60
20130716     TF-Bol-B  1   2.55460       0.00       0.00
20130808         Lxit  1   2.43070   -5303.80  -61642.40
20130827     TF-Bol-B  1   2.63450       0.00       0.00
20130917         Lxit  1   2.50800   -5413.00  -67055.40
20131024     TF-Bol-S  1   2.42640       0.00       0.00
20131122         Sxit  1   2.51710   -3909.40  -70964.80
20131227     TF-Bol-B  1   2.64860       0.00       0.00
20140103         Lxit  1   2.50450   -6152.20  -77117.00
20140123     TF-Bol-B  1   2.63020       0.00       0.00
20140402         Lxit  1   2.65950    1130.60  -75986.40
20140604     TF-Bol-S  1   2.65890       0.00       0.00
20140612         Sxit  1   2.74760   -3825.40  -79811.80
20140618     TF-Bol-B  1   2.83820       0.00       0.00
20140702         Lxit  1   2.74770   -3901.00  -83712.80
20140715     TF-Bol-S  1   2.64300       0.00       0.00
20150217         Sxit  1   1.91130   30631.40  -53081.40
20150707     TF-Bol-S  1   1.75480       0.00       0.00
20160307         Sxit  1   1.10420   27225.20  -25856.20
20160420     TF-Bol-B  1   1.21810       0.00       0.00
20160713         Lxit  1   1.28130    2554.40  -23301.80
20160801     TF-Bol-S  1   1.11150       0.00       0.00
20160815         Sxit  1   1.30920   -8403.40  -31705.20
20161010     TF-Bol-B  1   1.45660       0.00       0.00
20161102         Lxit  1   1.30590   -6429.40  -38134.60
20161201     TF-Bol-B  1   1.45930       0.00       0.00
20170125         Lxit  1   1.39800   -2674.60  -40809.20
20170310     TF-Bol-S  1   1.27450       0.00       0.00
20170407         Sxit  1   1.39460   -5144.20  -45953.40
20170501     TF-Bol-S  1   1.23960       0.00       0.00
20170519         Sxit  1   1.33460   -4090.00  -50043.40
20170607     TF-Bol-S  1   1.18030       0.00       0.00
20170705         Sxit  1   1.26530   -3670.00  -53713.40
20170810     TF-Bol-B  1   1.41460       0.00       0.00
20180207         Lxit  1   1.71060   12332.00  -41381.40
20180430     TF-Bol-B  1   1.93680       0.00       0.00
20180618         Lxit  1   1.84070   -4136.20  -45517.60
20180904     TF-Bol-B  1   2.04640       0.00       0.00
20181101         Lxit  1   1.98330   -2750.20  -48267.80
20181113     TF-Bol-S  1   1.81910       0.00       0.00
20190213         Sxit  1   1.70890    4528.40  -43739.40
20190516     TF-Bol-B  1   1.89780       0.00       0.00
20190523         Lxit  1   1.77900   -5089.60  -48829.00
20190530     TF-Bol-S  1   1.67290       0.00       0.00
20190710         Sxit  1   1.74100   -2960.20  -51789.20
20190807     TF-Bol-S  1   1.50640       0.00       0.00
20190905         Sxit  1   1.64770   -6034.60  -57823.80
20190916     TF-Bol-B  1   1.75960       0.00       0.00
20191001         Lxit  1   1.63720   -5240.80  -63064.60
20191216     TF-Bol-B  1   1.76310       0.00       0.00
20200108         Lxit  1   1.69980   -2758.60  -65823.20
20200121     TF-Bol-S  1   1.58750       0.00       0.00
20200610         Sxit  1   0.79410   33222.80  -32600.40
20201001     TF-Bol-S  1   0.67320       0.00       0.00
20201109         Sxit  1   0.77130   -4220.20  -36820.60
20201124     TF-Bol-B  1   0.89780       0.00       0.00
20210719         Lxit  1   1.58260   28661.60   -8159.00
20210819     TF-Bol-S  1   1.52500       0.00       0.00
20210825         Sxit  1   1.66060   -5795.20  -13954.20
20210915     TF-Bol-B  1   1.78980       0.00       0.00
20211119         Lxit  1   1.86750    3163.40  -10790.80
20220114     TF-Bol-B  1   2.24740       0.00       0.00
20220331   Lx-EOFData  1   3.38090   47507.00   36716.20
-----------------------------------------
Sys Name : TF-Boll-FR_1R
Mkt Symb : GC Mkt Name : Gold
20100407     TF-Bol-B  1 1388.80000       0.00       0.00
20100716         Lxit  1 1425.80000    3600.00    3600.00
20100914     TF-Bol-B  1 1500.90000       0.00       0.00
20110107         Lxit  1 1590.10000    8820.00   12420.00
20110127     TF-Bol-S  1 1549.40000       0.00       0.00
20110215         Sxit  1 1600.40000   -5200.00    7220.00
20110301     TF-Bol-B  1 1656.70000       0.00       0.00
20110315         Lxit  1 1611.80000   -4590.00    2630.00
20110324     TF-Bol-B  1 1675.20000       0.00       0.00
20110701         Lxit  1 1717.50000    4130.00    6760.00
20110713     TF-Bol-B  1 1806.70000       0.00       0.00
20110923         Lxit  1 1888.20000    8050.00   14810.00
20111214     TF-Bol-S  1 1809.80000       0.00       0.00
20120123         Sxit  1 1896.70000   -8790.00    6020.00
20120508     TF-Bol-S  1 1813.00000       0.00       0.00
20120725         Sxit  1 1820.00000    -800.00    5220.00
20120822     TF-Bol-B  1 1862.90000       0.00       0.00
20121102         Lxit  1 1895.60000    3170.00    8390.00
20121218     TF-Bol-S  1 1869.40000       0.00       0.00
20130815         Sxit  1 1549.50000   31890.00   40280.00
20131112     TF-Bol-S  1 1460.30000       0.00       0.00
20140124         Sxit  1 1465.60000    -630.00   39650.00
20140224     TF-Bol-B  1 1532.70000       0.00       0.00
20140415         Lxit  1 1483.00000   -5070.00   34580.00
20140530     TF-Bol-S  1 1448.30000       0.00       0.00
20140619         Sxit  1 1499.10000   -5180.00   29400.00
20140911     TF-Bol-S  1 1437.40000       0.00       0.00
20141209         Sxit  1 1418.50000    1790.00   31190.00
20150115     TF-Bol-B  1 1449.40000       0.00       0.00
20150211         Lxit  1 1411.30000   -3910.00   27280.00
20150317     TF-Bol-S  1 1335.30000       0.00       0.00
20150326         Sxit  1 1407.40000   -7310.00   19970.00
20150707     TF-Bol-S  1 1346.60000       0.00       0.00
20150821         Sxit  1 1350.40000    -480.00   19490.00
20151014     TF-Bol-B  1 1376.50000       0.00       0.00
20151103         Lxit  1 1321.40000   -5610.00   13880.00
20151117     TF-Bol-S  1 1260.60000       0.00       0.00
20160107         Sxit  1 1298.60000   -3900.00    9980.00
20160208     TF-Bol-B  1 1369.30000       0.00       0.00
20160524         Lxit  1 1428.00000    5770.00   15750.00
20160615     TF-Bol-B  1 1482.10000       0.00       0.00
20160624         Lxit  1 1441.10000   -4200.00   11550.00
20160627     TF-Bol-B  1 1509.10000       0.00       0.00
20160830         Lxit  1 1492.00000   -1810.00    9740.00
20161004     TF-Bol-S  1 1467.50000       0.00       0.00
20161109         Sxit  1 1494.50000   -2800.00    6940.00
20161111     TF-Bol-S  1 1422.20000       0.00       0.00
20170124         Sxit  1 1396.10000    2510.00    9450.00
20170417     TF-Bol-B  1 1463.60000       0.00       0.00
20170503         Lxit  1 1409.20000   -5540.00    3910.00
20170606     TF-Bol-B  1 1463.40000       0.00       0.00
20170615         Lxit  1 1423.20000   -4120.00    -210.00
20170707     TF-Bol-S  1 1382.70000       0.00       0.00
20170721         Sxit  1 1422.60000   -4090.00   -4300.00
20170818     TF-Bol-B  1 1463.40000       0.00       0.00
20170929         Lxit  1 1440.80000   -2360.00   -6660.00
20171207     TF-Bol-S  1 1412.30000       0.00       0.00
20171227         Sxit  1 1447.70000   -3640.00  -10300.00
20180110     TF-Bol-B  1 1482.30000       0.00       0.00
20180301         Lxit  1 1460.70000   -2260.00  -12560.00
20180430     TF-Bol-S  1 1457.70000       0.00       0.00
20181011         Sxit  1 1354.30000   10240.00   -2320.00
20181204     TF-Bol-B  1 1371.80000       0.00       0.00
20190307         Lxit  1 1399.60000    2680.00     360.00
20190417     TF-Bol-S  1 1387.20000       0.00       0.00
20190531         Sxit  1 1412.70000   -2650.00   -2290.00
20190605     TF-Bol-B  1 1452.10000       0.00       0.00
20191011         Lxit  1 1573.50000   12040.00    9750.00
20191125     TF-Bol-S  1 1548.80000       0.00       0.00
20191224         Sxit  1 1584.60000   -3680.00    6070.00
20200103     TF-Bol-B  1 1625.10000       0.00       0.00
20200313         Lxit  1 1633.40000     730.00    6800.00
20200324     TF-Bol-B  1 1755.00000       0.00       0.00
20200605         Lxit  1 1740.70000   -1530.00    5270.00
20200721     TF-Bol-B  1 1881.50000       0.00       0.00
20200923         Lxit  1 1914.10000    3160.00    8430.00
20201123     TF-Bol-S  1 1865.60000       0.00       0.00
20201217         Sxit  1 1925.00000   -6040.00    2390.00
20210119     TF-Bol-S  1 1831.30000       0.00       0.00
20210421         Sxit  1 1813.20000    1710.00    4100.00
20210518     TF-Bol-B  1 1892.70000       0.00       0.00
20210617         Lxit  1 1808.70000   -8500.00   -4400.00
20210809     TF-Bol-S  1 1746.10000       0.00       0.00
20210830         Sxit  1 1835.40000   -9030.00  -13430.00
20210929     TF-Bol-S  1 1737.50000       0.00       0.00
20211013         Sxit  1 1798.40000   -6190.00  -19620.00
20211110     TF-Bol-B  1 1849.90000       0.00       0.00
20211123         Lxit  1 1802.00000   -4890.00  -24510.00
20220211     TF-Bol-B  1 1870.40000       0.00       0.00
20220331   Lx-EOFData  1 1954.70000    8330.00  -16180.00
-----------------------------------------
Sys Name : TF-Boll-FR_1R
Mkt Symb : HG Mkt Name : Copper
20100104     TF-Bol-B  1   4.25100       0.00       0.00
20100128         Lxit  1   4.03800   -5425.00   -5425.00
20100205     TF-Bol-S  1   3.72650       0.00       0.00
20100216         Sxit  1   4.06200   -8487.50  -13912.50
20100330     TF-Bol-B  1   4.45550       0.00       0.00
20100427         Lxit  1   4.24850   -5275.00  -19187.50
20100505     TF-Bol-S  1   3.88650       0.00       0.00
20100722         Sxit  1   4.03850   -3900.00  -23087.50
20100901     TF-Bol-B  1   4.30450       0.00       0.00
20110308         Lxit  1   5.07750   19225.00   -3862.50
20110429     TF-Bol-S  1   4.94950       0.00       0.00
20110629         Sxit  1   4.98750   -1050.00   -4912.50
20110809     TF-Bol-S  1   4.68400       0.00       0.00
20110830         Sxit  1   4.94450   -6612.50  -11525.00
20110919     TF-Bol-S  1   4.60500       0.00       0.00
20111205         Sxit  1   4.37400    5675.00   -5850.00
20120117     TF-Bol-B  1   4.45400       0.00       0.00
20120409         Lxit  1   4.46100      75.00   -5775.00
20120509     TF-Bol-S  1   4.35950       0.00       0.00
20120821         Sxit  1   4.17750    4450.00   -1325.00
20120907     TF-Bol-B  1   4.26400       0.00       0.00
20121023         Lxit  1   4.27450     162.50   -1162.50
20130318     TF-Bol-S  1   4.15900       0.00       0.00
20130806         Sxit  1   3.88300    6800.00    5637.50
20131114     TF-Bol-S  1   3.81000       0.00       0.00
20131210         Sxit  1   3.93250   -3162.50    2475.00
20131224     TF-Bol-B  1   4.02650       0.00       0.00
20140123         Lxit  1   3.94900   -2037.50     437.50
20140307     TF-Bol-S  1   3.80150       0.00       0.00
20140509         Sxit  1   3.81300    -387.50      50.00
20140701     TF-Bol-B  1   3.94050       0.00       0.00
20140813         Lxit  1   3.87300   -1787.50   -1737.50
20140922     TF-Bol-S  1   3.74000       0.00       0.00
20150320         Sxit  1   3.39650    8487.50    6750.00
20150430     TF-Bol-B  1   3.55100       0.00       0.00
20150529         Lxit  1   3.42550   -3237.50    3512.50
20150619     TF-Bol-S  1   3.25700       0.00       0.00
20150917         Sxit  1   3.18800    1625.00    5137.50
20151106     TF-Bol-S  1   2.94750       0.00       0.00
20160222         Sxit  1   2.80350    3500.00    8637.50
20160303     TF-Bol-B  1   2.91450       0.00       0.00
20160407         Lxit  1   2.81300   -2637.50    6000.00
20161107     TF-Bol-B  1   2.95300       0.00       0.00
20170307         Lxit  1   3.28450    8187.50   14187.50
20170419     TF-Bol-S  1   3.15450       0.00       0.00
20170501         Sxit  1   3.30300   -3812.50   10375.00
20170503     TF-Bol-S  1   3.18050       0.00       0.00
20170609         Sxit  1   3.26100   -2112.50    8262.50
20170717     TF-Bol-B  1   3.34750       0.00       0.00
20171116         Lxit  1   3.63750    7150.00   15412.50
20171226     TF-Bol-B  1   3.84250       0.00       0.00
20180123         Lxit  1   3.71700   -3237.50   12175.00
20180322     TF-Bol-S  1   3.56200       0.00       0.00
20180418         Sxit  1   3.72450   -4162.50    8012.50
20180606     TF-Bol-B  1   3.79300       0.00       0.00
20180618         Lxit  1   3.65950   -3437.50    4575.00
20180625     TF-Bol-S  1   3.51850       0.00       0.00
20180921         Sxit  1   3.35500    3987.50    8562.50
20181231     TF-Bol-S  1   3.11450       0.00       0.00
20190130         Sxit  1   3.20600   -2387.50    6175.00
20190219     TF-Bol-B  1   3.32850       0.00       0.00
20190501         Lxit  1   3.30950    -575.00    5600.00
20190521     TF-Bol-S  1   3.17550       0.00       0.00
20190719         Sxit  1   3.23000   -1462.50    4137.50
20190805     TF-Bol-S  1   3.00900       0.00       0.00
20190912         Sxit  1   3.11050   -2637.50    1500.00
20191001     TF-Bol-S  1   2.98350       0.00       0.00
20191011         Sxit  1   3.09150   -2800.00   -1300.00
20191206     TF-Bol-B  1   3.16300       0.00       0.00
20200123         Lxit  1   3.15100    -400.00   -1700.00
20200130     TF-Bol-S  1   2.98650       0.00       0.00
20200518         Sxit  1   2.84550    3425.00    1725.00
20200610     TF-Bol-B  1   3.10450       0.00       0.00
20201001         Lxit  1   3.29950    4775.00    6500.00
20201020     TF-Bol-B  1   3.54550       0.00       0.00
20210615         Lxit  1   4.69250   28575.00   35075.00
20210818     TF-Bol-S  1   4.50150       0.00       0.00
20210910         Sxit  1   4.74450   -6175.00   28900.00
20210920     TF-Bol-S  1   4.46700       0.00       0.00
20211008         Sxit  1   4.66600   -5075.00   23825.00
20211013     TF-Bol-B  1   4.86800       0.00       0.00
20211029         Lxit  1   4.71250   -3987.50   19837.50
20220209     TF-Bol-B  1   4.99000       0.00       0.00
20220331   Lx-EOFData  1   5.10100    2675.00   22512.50
-----------------------------------------
Sys Name : TF-Boll-FR_1R
Mkt Symb : SI Mkt Name : Silver
20100128     TF-Bol-S  1  21.70000       0.00       0.00
20100303         Sxit  1  22.80500   -5625.00   -5625.00
20100511     TF-Bol-B  1  24.64500       0.00       0.00
20100604         Lxit  1  23.04500   -8100.00  -13725.00
20100621     TF-Bol-B  1  24.85000       0.00       0.00
20100701         Lxit  1  23.56500   -6525.00  -20250.00
20100728     TF-Bol-S  1  22.76500       0.00       0.00
20100802         Sxit  1  23.71000   -4825.00  -25075.00
20100827     TF-Bol-B  1  24.70500       0.00       0.00
20110124         Lxit  1  32.18500   37300.00   12225.00
20110218     TF-Bol-B  1  37.25500       0.00       0.00
20110505         Lxit  1  40.46500   15950.00   28175.00
20110822     TF-Bol-B  1  48.93000       0.00       0.00
20110922         Lxit  1  43.88500  -25325.00    2850.00
20110923     TF-Bol-S  1  38.84000       0.00       0.00
20120120         Sxit  1  36.58000   11200.00   14050.00
20120228     TF-Bol-B  1  41.55000       0.00       0.00
20120314         Lxit  1  37.15500  -22075.00   -8025.00
20120508     TF-Bol-S  1  34.50000       0.00       0.00
20120817         Sxit  1  33.14000    6700.00   -1325.00
20120823     TF-Bol-B  1  34.93500       0.00       0.00
20121102         Lxit  1  36.04000    5425.00    4100.00
20121220     TF-Bol-S  1  35.64000       0.00       0.00
20130123         Sxit  1  37.18000   -7800.00   -3700.00
20130219     TF-Bol-S  1  34.22000       0.00       0.00
20130812         Sxit  1  26.02000   40900.00   37200.00
20130827     TF-Bol-B  1  29.23500       0.00       0.00
20130918         Lxit  1  25.91500  -16700.00   20500.00
20131202     TF-Bol-S  1  24.14500       0.00       0.00
20140213         Sxit  1  24.89000   -3825.00   16675.00
20140224     TF-Bol-B  1  26.62000       0.00       0.00
20140320         Lxit  1  24.77000   -9350.00    7325.00
20140501     TF-Bol-S  1  23.20000       0.00       0.00
20140619         Sxit  1  24.35000   -5850.00    1475.00
20140710     TF-Bol-B  1  25.71000       0.00       0.00
20140805         Lxit  1  24.43000   -6500.00   -5025.00
20140919     TF-Bol-S  1  22.53000       0.00       0.00
20150113         Sxit  1  20.94500    7825.00    2800.00
20150120     TF-Bol-B  1  22.24000       0.00       0.00
20150206         Lxit  1  20.96000   -6500.00   -3700.00
20150707     TF-Bol-S  1  19.46000       0.00       0.00
20150918         Sxit  1  19.43000      50.00   -3650.00
20151014     TF-Bol-B  1  20.21000       0.00       0.00
20151104         Lxit  1  19.23500   -4975.00   -8625.00
20160211     TF-Bol-B  1  19.97500       0.00       0.00
20160531         Lxit  1  20.08000     425.00   -8200.00
20160624     TF-Bol-B  1  22.17000       0.00       0.00
20160825         Lxit  1  22.43000    1200.00   -7000.00
20161006     TF-Bol-S  1  21.38500       0.00       0.00
20161109         Sxit  1  22.89000   -7625.00  -14625.00
20161114     TF-Bol-S  1  20.83000       0.00       0.00
20170123         Sxit  1  21.07000   -1300.00  -15925.00
20170503     TF-Bol-S  1  20.33500       0.00       0.00
20170605         Sxit  1  21.27500   -4800.00  -20725.00
20170705     TF-Bol-S  1  19.54000       0.00       0.00
20170802         Sxit  1  20.54500   -5125.00  -25850.00
20170905     TF-Bol-B  1  21.44500       0.00       0.00
20170921         Lxit  1  20.50000   -4825.00  -30675.00
20171130     TF-Bol-S  1  19.92000       0.00       0.00
20171229         Sxit  1  20.38500   -2425.00  -33100.00
20180613     TF-Bol-B  1  20.31000       0.00       0.00
20180615         Lxit  1  19.88500   -2225.00  -35325.00
20180627     TF-Bol-S  1  19.38500       0.00       0.00
20181102         Sxit  1  17.93500    7150.00  -28175.00
20181226     TF-Bol-B  1  17.94500       0.00       0.00
20190301         Lxit  1  18.12000     775.00  -27400.00
20190423     TF-Bol-S  1  17.63500       0.00       0.00
20190614         Sxit  1  17.85000   -1175.00  -28575.00
20190716     TF-Bol-B  1  18.33000       0.00       0.00
20191106         Lxit  1  20.06500    8575.00  -20000.00
20191206     TF-Bol-S  1  19.00000       0.00       0.00
20191224         Sxit  1  20.05000   -5350.00  -25350.00
20200108     TF-Bol-B  1  20.99500       0.00       0.00
20200128         Lxit  1  19.96000   -5275.00  -30625.00
20200221     TF-Bol-B  1  20.93500       0.00       0.00
20200227         Lxit  1  19.98500   -4850.00  -35475.00
20200228     TF-Bol-S  1  18.96500       0.00       0.00
20200309         Sxit  1  19.93000   -4925.00  -40400.00
20200312     TF-Bol-S  1  18.87000       0.00       0.00
20200514         Sxit  1  18.41000    2200.00  -38200.00
20200720     TF-Bol-B  1  22.15000       0.00       0.00
20200923         Lxit  1  24.87000   13500.00  -24700.00
20201130     TF-Bol-S  1  23.88000       0.00       0.00
20201216         Sxit  1  26.78000  -14600.00  -39300.00
20210104     TF-Bol-B  1  28.98000       0.00       0.00
20210108         Lxit  1  26.58500  -12075.00  -51375.00
20210128     TF-Bol-B  1  28.71000       0.00       0.00
20210304         Lxit  1  27.47500   -6275.00  -57650.00
20210330     TF-Bol-S  1  25.59000       0.00       0.00
20210416         Sxit  1  27.88500  -11575.00  -69225.00
20210517     TF-Bol-B  1  29.94500       0.00       0.00
20210617         Lxit  1  28.29000   -8375.00  -77600.00
20210727     TF-Bol-S  1  26.17500       0.00       0.00
20211020         Sxit  1  25.75500    2000.00  -75600.00
20211215     TF-Bol-S  1  23.14500       0.00       0.00
20211228         Sxit  1  24.90500   -8900.00  -84500.00
20220224     TF-Bol-B  1  26.71000       0.00       0.00
20220331   Lx-EOFData  1  26.63300    -485.00  -84985.00
