-----------------------------------------
Sys Name : TF-BollOnOpen_1R
Mkt Symb : CL Mkt Name : Crude
20100208  TF-Bol-S-Cl  1 117.33000       0.00       0.00
20100219         Sxit  1 123.62000   -6340.00   -6340.00
20100406  TF-Bol-B-Cl  1 131.19000       0.00       0.00
20100506         Lxit  1 122.99000   -8250.00  -14590.00
20100517  TF-Bol-S-Cl  1 114.81000       0.00       0.00
20100803         Sxit  1 119.69000   -4930.00  -19520.00
20101105  TF-Bol-B-Cl  1 122.54000       0.00       0.00
20110126         Lxit  1 119.90000   -2690.00  -22210.00
20110224  TF-Bol-B-Cl  1 129.17000       0.00       0.00
20110506         Lxit  1 128.66000    -560.00  -22770.00
20110620  TF-Bol-S-Cl  1 121.18000       0.00       0.00
20111025         Sxit  1 118.84000    2290.00  -20480.00
20111117  TF-Bol-B-Cl  1 128.88000       0.00       0.00
20120203         Lxit  1 123.11000   -5820.00  -26300.00
20120222  TF-Bol-B-Cl  1 132.40000       0.00       0.00
20120405         Lxit  1 127.34000   -5110.00  -31410.00
20120509  TF-Bol-S-Cl  1 122.80000       0.00       0.00
20120807         Sxit  1 116.52000    6230.00  -25180.00
20121025  TF-Bol-S-Cl  1 109.05000       0.00       0.00
20121227         Sxit  1 113.50000   -4500.00  -29680.00
20130123  TF-Bol-B-Cl  1 118.81000       0.00       0.00
20130301         Lxit  1 113.55000   -5310.00  -34990.00
20130416  TF-Bol-S-Cl  1 108.55000       0.00       0.00
20130506         Sxit  1 116.42000   -7920.00  -42910.00
20130703  TF-Bol-B-Cl  1 119.89000       0.00       0.00
20130926         Lxit  1 123.81000    3870.00  -39040.00
20131023  TF-Bol-S-Cl  1 119.07000       0.00       0.00
20131230         Sxit  1 120.16000   -1140.00  -40180.00
20140219  TF-Bol-B-Cl  1 122.77000       0.00       0.00
20140714         Lxit  1 123.64000     820.00  -39360.00
20140815  TF-Bol-S-Cl  1 119.49000       0.00       0.00
20150408         Sxit  1  77.67000   41770.00    2410.00
20150501  TF-Bol-B-Cl  1  82.88000       0.00       0.00
20150702         Lxit  1  78.68000   -4250.00   -1840.00
20150721  TF-Bol-S-Cl  1  71.65000       0.00       0.00
20151009         Sxit  1  70.25000    1350.00    -490.00
20151116  TF-Bol-S-Cl  1  60.93000       0.00       0.00
20160310         Sxit  1  52.77000    8110.00    7620.00
20160428  TF-Bol-B-Cl  1  57.09000       0.00       0.00
20160708         Lxit  1  55.72000   -1420.00    6200.00
20160729  TF-Bol-S-Cl  1  51.00000       0.00       0.00
20160819         Sxit  1  58.10000   -7150.00    -950.00
20170313  TF-Bol-S-Cl  1  53.79000       0.00       0.00
20170411         Sxit  1  57.98000   -4240.00   -5190.00
20170503  TF-Bol-S-Cl  1  52.51000       0.00       0.00
20170727         Sxit  1  52.32000     140.00   -5050.00
20170926  TF-Bol-B-Cl  1  55.04000       0.00       0.00
20180309         Lxit  1  62.80000    7710.00    2660.00
20180413  TF-Bol-B-Cl  1  69.80000       0.00       0.00
20180605         Lxit  1  67.30000   -2550.00     110.00
20180628  TF-Bol-B-Cl  1  75.03000       0.00       0.00
20180717         Lxit  1  70.82000   -4260.00   -4150.00
20181001  TF-Bol-B-Cl  1  77.78000       0.00       0.00
20181019         Lxit  1  73.25000   -4580.00   -8730.00
20181105  TF-Bol-S-Cl  1  67.53000       0.00       0.00
20190219         Sxit  1  59.91000    7570.00   -1160.00
20190403  TF-Bol-B-Cl  1  65.79000       0.00       0.00
20190524         Lxit  1  60.76000   -5080.00   -6240.00
20190604  TF-Bol-S-Cl  1  55.74000       0.00       0.00
20190711         Sxit  1  63.05000   -7360.00  -13600.00
20190917  TF-Bol-B-Cl  1  64.48000       0.00       0.00
20190930         Lxit  1  58.67000   -5860.00  -19460.00
20191218  TF-Bol-B-Cl  1  63.11000       0.00       0.00
20200123         Lxit  1  59.35000   -3810.00  -23270.00
20200203  TF-Bol-S-Cl  1  53.62000       0.00       0.00
20200603         Sxit  1  32.84000   20730.00   -2540.00
20201005  TF-Bol-S-Cl  1  32.04000       0.00       0.00
20201009         Sxit  1  36.35000   -4360.00   -6900.00
20201029  TF-Bol-S-Cl  1  32.15000       0.00       0.00
20201111         Sxit  1  36.55000   -4450.00  -11350.00
20201127  TF-Bol-B-Cl  1  40.44000       0.00       0.00
20210810         Lxit  1  61.18000   20690.00    9340.00
20210928  TF-Bol-B-Cl  1  70.62000       0.00       0.00
20211129         Lxit  1  64.91000   -5760.00    3580.00
20220120  TF-Bol-B-Cl  1  82.55000       0.00       0.00
20220331   Lx-EOFData  1 100.93000   18330.00   21910.00
-----------------------------------------
Sys Name : TF-BollOnOpen_1R
Mkt Symb : NG Mkt Name : Nat.Gas
20100319  TF-Bol-S-Cl  1  11.42100       0.00       0.00
20100604         Sxit  1  11.83400   -4180.00   -4180.00
20100616  TF-Bol-B-Cl  1  12.28700       0.00       0.00
20100709         Lxit  1  11.48900   -8030.00  -12210.00
20100826  TF-Bol-S-Cl  1  11.01300       0.00       0.00
20101207         Sxit  1  10.95600     520.00  -11690.00
20110121  TF-Bol-B-Cl  1  11.09500       0.00       0.00
20110207         Lxit  1  10.69900   -4010.00  -15700.00
20110218  TF-Bol-S-Cl  1  10.25900       0.00       0.00
20110324         Sxit  1  10.69900   -4450.00  -20150.00
20110603  TF-Bol-B-Cl  1  10.93800       0.00       0.00
20110620         Lxit  1  10.47800   -4650.00  -24800.00
20110805  TF-Bol-S-Cl  1  10.10900       0.00       0.00
20120517         Sxit  1   8.01500   20890.00   -3910.00
20120705  TF-Bol-B-Cl  1   8.22100       0.00       0.00
20120827         Lxit  1   8.01100   -2150.00   -6060.00
20121002  TF-Bol-B-Cl  1   8.57600       0.00       0.00
20121106         Lxit  1   8.30000   -2810.00   -8870.00
20130103  TF-Bol-S-Cl  1   7.80800       0.00       0.00
20130308         Sxit  1   8.08500   -2820.00  -11690.00
20130320  TF-Bol-B-Cl  1   8.46700       0.00       0.00
20130607         Lxit  1   8.21800   -2540.00  -14230.00
20130628  TF-Bol-S-Cl  1   7.96600       0.00       0.00
20130917         Sxit  1   8.06800   -1070.00  -15300.00
20131105  TF-Bol-S-Cl  1   7.59800       0.00       0.00
20131122         Sxit  1   7.85800   -2650.00  -17950.00
20131206  TF-Bol-B-Cl  1   8.25600       0.00       0.00
20140513         Lxit  1   9.47000   12090.00   -5860.00
20140708  TF-Bol-S-Cl  1   9.24300       0.00       0.00
20141104         Sxit  1   8.87800    3600.00   -2260.00
20141107  TF-Bol-B-Cl  1   9.26600       0.00       0.00
20141114         Lxit  1   8.81400   -4570.00   -6830.00
20141118  TF-Bol-B-Cl  1   9.14000       0.00       0.00
20141201         Lxit  1   8.77400   -3710.00  -10540.00
20141204  TF-Bol-S-Cl  1   8.47300       0.00       0.00
20150505         Sxit  1   7.40600   10620.00      80.00
20150921  TF-Bol-S-Cl  1   7.12300       0.00       0.00
20160420         Sxit  1   5.96300   11550.00   11630.00
20160607  TF-Bol-B-Cl  1   6.02800       0.00       0.00
20161025         Lxit  1   6.32100    2880.00   14510.00
20161102  TF-Bol-S-Cl  1   5.96700       0.00       0.00
20161129         Sxit  1   6.34900   -3870.00   10640.00
20170222  TF-Bol-S-Cl  1   5.54400       0.00       0.00
20170407         Sxit  1   6.08100   -5420.00    5220.00
20170602  TF-Bol-S-Cl  1   5.64300       0.00       0.00
20170905         Sxit  1   5.56700     710.00    5930.00
20171009  TF-Bol-S-Cl  1   5.35100       0.00       0.00
20171108         Sxit  1   5.48200   -1360.00    4570.00
20171127  TF-Bol-S-Cl  1   5.24500       0.00       0.00
20180112         Sxit  1   5.37800   -1380.00    3190.00
20180124  TF-Bol-B-Cl  1   5.78200       0.00       0.00
20180212         Lxit  1   5.25400   -5330.00   -2140.00
20180601  TF-Bol-B-Cl  1   5.47100       0.00       0.00
20180706         Lxit  1   5.35700   -1190.00   -3330.00
20180925  TF-Bol-B-Cl  1   5.57300       0.00       0.00
20181218         Lxit  1   5.96000    3820.00     490.00
20190603  TF-Bol-S-Cl  1   4.92300       0.00       0.00
20190904         Sxit  1   4.85600     620.00    1110.00
20190916  TF-Bol-B-Cl  1   5.19800       0.00       0.00
20191001         Lxit  1   4.81200   -3910.00   -2800.00
20191105  TF-Bol-B-Cl  1   5.15500       0.00       0.00
20191120         Lxit  1   4.84300   -3170.00   -5970.00
20191210  TF-Bol-S-Cl  1   4.53100       0.00       0.00
20200423         Sxit  1   4.10800    4180.00   -1790.00
20200514  TF-Bol-S-Cl  1   3.71400       0.00       0.00
20200804         Sxit  1   3.91300   -2040.00   -3830.00
20200817  TF-Bol-B-Cl  1   4.20800       0.00       0.00
20200918         Lxit  1   3.75500   -4580.00   -8410.00
20201120  TF-Bol-S-Cl  1   3.41900       0.00       0.00
20210202         Sxit  1   3.53900   -1250.00   -9660.00
20210614  TF-Bol-B-Cl  1   3.89400       0.00       0.00
20211110         Lxit  1   5.28900   13900.00    4240.00
20211207  TF-Bol-S-Cl  1   3.91800       0.00       0.00
20220113         Sxit  1   5.13000  -12170.00   -7930.00
20220324  TF-Bol-B-Cl  1   5.66000       0.00       0.00
20220331   Lx-EOFData  1   6.14200    4770.00   -3160.00
-----------------------------------------
Sys Name : TF-BollOnOpen_1R
Mkt Symb : HO Mkt Name : H.Oil
20100208  TF-Bol-S-Cl  1   1.75180       0.00       0.00
20100219         Sxit  1   1.90530   -6497.00   -6497.00
20100406  TF-Bol-B-Cl  1   2.11010       0.00       0.00
20100507         Lxit  1   1.92970   -7626.80  -14123.80
20100521  TF-Bol-S-Cl  1   1.69780       0.00       0.00
20100618         Sxit  1   1.95230  -10739.00  -24862.80
20101001  TF-Bol-B-Cl  1   1.98880       0.00       0.00
20110506         Lxit  1   2.51490   22046.20   -2816.60
20110624  TF-Bol-S-Cl  1   2.45050       0.00       0.00
20110708         Sxit  1   2.70330  -10667.60  -13484.20
20110809  TF-Bol-S-Cl  1   2.40930       0.00       0.00
20110829         Sxit  1   2.59010   -7643.60  -21127.80
20110926  TF-Bol-S-Cl  1   2.38010       0.00       0.00
20111017         Sxit  1   2.64220  -11058.20  -32186.00
20111220  TF-Bol-S-Cl  1   2.34120       0.00       0.00
20120104         Sxit  1   2.59000  -10499.60  -42685.60
20120208  TF-Bol-B-Cl  1   2.74430       0.00       0.00
20120411         Lxit  1   2.64380   -4271.00  -46956.60
20120508  TF-Bol-S-Cl  1   2.52810       0.00       0.00
20120720         Sxit  1   2.48810    1630.00  -45326.60
20121207  TF-Bol-S-Cl  1   2.49680       0.00       0.00
20121228         Sxit  1   2.63290   -5766.20  -51092.80
20130206  TF-Bol-B-Cl  1   2.78380       0.00       0.00
20130227         Lxit  1   2.62050   -6908.60  -58001.40
20130408  TF-Bol-S-Cl  1   2.39170       0.00       0.00
20130614         Sxit  1   2.45410   -2670.80  -60672.20
20130717  TF-Bol-B-Cl  1   2.55450       0.00       0.00
20130918         Lxit  1   2.50050   -2318.00  -62990.20
20131025  TF-Bol-S-Cl  1   2.40690       0.00       0.00
20131125         Sxit  1   2.52460   -4993.40  -67983.60
20140127  TF-Bol-B-Cl  1   2.71610       0.00       0.00
20140506         Lxit  1   2.71260    -197.00  -68180.60
20140605  TF-Bol-S-Cl  1   2.65650       0.00       0.00
20140613         Sxit  1   2.79670   -5938.40  -74119.00
20140619  TF-Bol-B-Cl  1   2.84870       0.00       0.00
20140703         Lxit  1   2.74770   -4292.00  -78411.00
20140819  TF-Bol-S-Cl  1   2.60610       0.00       0.00
20150220         Sxit  1   1.91140   29127.40  -49283.60
20150716  TF-Bol-S-Cl  1   1.74880       0.00       0.00
20160308         Sxit  1   1.14670   25238.20  -24045.40
20160421  TF-Bol-B-Cl  1   1.24260       0.00       0.00
20160714         Lxit  1   1.26790    1012.60  -23032.80
20161205  TF-Bol-B-Cl  1   1.46370       0.00       0.00
20170130         Lxit  1   1.39190   -3065.60  -26098.40
20170313  TF-Bol-S-Cl  1   1.27560       0.00       0.00
20170411         Sxit  1   1.41140   -5753.60  -31852.00
20170503  TF-Bol-S-Cl  1   1.24430       0.00       0.00
20170522         Sxit  1   1.34480   -4271.00  -36123.00
20170608  TF-Bol-S-Cl  1   1.17910       0.00       0.00
20170717         Sxit  1   1.26530   -3670.40  -39793.40
20170901  TF-Bol-B-Cl  1   1.49680       0.00       0.00
20180208         Lxit  1   1.69240    8165.20  -31628.20
20180508  TF-Bol-B-Cl  1   1.93910       0.00       0.00
20180622         Lxit  1   1.84210   -4124.00  -35752.20
20180925  TF-Bol-B-Cl  1   2.05090       0.00       0.00
20181102         Lxit  1   1.95490   -4082.00  -39834.20
20181114  TF-Bol-S-Cl  1   1.81760       0.00       0.00
20190215         Sxit  1   1.74120    3158.80  -36675.40
20190603  TF-Bol-S-Cl  1   1.60040       0.00       0.00
20190711         Sxit  1   1.74490   -6119.00  -42794.40
20190808  TF-Bol-S-Cl  1   1.52080       0.00       0.00
20190910         Sxit  1   1.66980   -6308.00  -49102.40
20190917  TF-Bol-B-Cl  1   1.80620       0.00       0.00
20191003         Lxit  1   1.61500   -8080.40  -57182.80
20191218  TF-Bol-B-Cl  1   1.77960       0.00       0.00
20200113         Lxit  1   1.67970   -4245.80  -61428.60
20200122  TF-Bol-S-Cl  1   1.57980       0.00       0.00
20200611         Sxit  1   0.78730   33235.00  -28193.60
20201005  TF-Bol-S-Cl  1   0.66350       0.00       0.00
20201110         Sxit  1   0.79080   -5396.60  -33590.20
20201125  TF-Bol-B-Cl  1   0.93880       0.00       0.00
20210720         Lxit  1   1.56100   26082.40   -7507.80
20210823  TF-Bol-S-Cl  1   1.47110       0.00       0.00
20210826         Sxit  1   1.69010   -9248.00  -16755.80
20210924  TF-Bol-B-Cl  1   1.82210       0.00       0.00
20211129         Lxit  1   1.68220   -5925.80  -22681.60
20220119  TF-Bol-B-Cl  1   2.31200       0.00       0.00
20220331   Lx-EOFData  1   3.38090   44843.80   22162.20
