Testing from : 20100104 to: 20240503
-----------------------------------------------------------------------------------------------------------
                                                                                      Avg.   Monthly    Avg.
SysName         Market     TotProfit  MaxDD ClsTrdDD AvgWin  AvgLoss PerWins #Trds  MonthRet.  StdDev  YearlyRet.
TF-Bollinger_1R EuroCur-EC     16893  36668   25387    5677    -2483    0.34     44      114    3215     1667
TF-Bollinger_1R TenYr-TY       27232  12488    7675    3261    -1044    0.38     39      185    1399     2084
TF-Bollinger_1R FiveYr-FV      14822   9969    8249    2310     -646    0.27     44      100     865      739
TF-Bollinger_1R MiniES-ES       4725  51712   22400    5233    -2951    0.38     40       32    3838     1179
TF-Bollinger_1R MiniNQ-NQ     -49155 113265   90410    9049    -5638    0.32     53     -290    7330    -4413
TF-Bollinger_1R MiniDow-EM  -1069279 1536279  1270409  157810   -82730    0.24     42    -8837   93397   -100634
TF-Bollinger_1R Copper-HG      26587  30700   22687    7173    -3222    0.36     42      180    4238     1984
TF-Bollinger_1R Silver-SI     -79809 181194  117925   10190    -7577    0.33     49     -542   10662    -6618
TF-Bollinger_1R SoyBean-S_     75700  16725   10162    7742    -1892    0.37     35      514    2899     5129
TF-Bollinger_1R Wheat-W_      -16612  35887   27250    2267    -1554    0.27     51     -113    1913    -2016
-------------------------------------------------------------------------------------------------------------------
Totals                      -1048896 1670409 or 336.7 % Avg. DD  320728         439
-----------------------------------------------------------------------------------------------------------
Combined Monthly Return
Date         Profit Cum.Profit
-------------------------------------------------------------------
20100129      -3400      -3400
20100226     -11933     -15333
20100331       2500     -12833
20100430      -4722     -17554
20100528       9970      -7584
20100630       5339      -2245
20100730     -13648     -15893
20100831       1182     -14711
20100930      26310      11599
20101029      29890      41489
20101130      10719      52208
20101231      42548      94756      94756
20110131     -15537      79218
20110228       7775      86994
20110331       7151      94145
20110429      60418     154563
20110531     -75697      78866
20110630       2358      81224
20110729      -5166      76059
20110831     -12081      63977
20110930      35366      99344
20111031     -54431      44912
20111130      16097      61010
20111230      18991      80001     -14755
20120131     -17111      62890
20120229      -6892      55998
20120330      -5977      50021
20120430      -1375      48646
20120531       9337      57983
20120629      -9619      48364
20120731      25501      73865
20120831       4524      78389
20120928      14330      92719
20121031     -20190      72529
20121130     -15238      57291
20121231       5997      63288     -16713
20130131      -8720      54568
20130228       3117      57685
20130329       6282      63968
20130430      18495      82463
20130531      11702      94166
20130628      15892     110058
20130731      -4680     105377
20130830     -18061      87317
20130930     -16734      70582
20131031       3113      73695
20131129        858      74553
20131231       3169      77722      14434
20140131      -6395      71327
20140228     -10630      60697
20140331      -3844      56852
20140430      -3310      53542
20140530     -31743      21799
20140630     -14494       7305
20140731      28576      35881
20140829     -50864     -14983
20140930      -3450     -18433
20141031     -67060     -85493
20141128      66319     -19174
20141231     -73617     -92791    -170513
20150130      12735     -80056
20150227     -14778     -94834
20150331     -43480    -138314
20150430      -8021    -146335
20150529      -8508    -154843
20150630        153    -154690
20150731     -45571    -200261
20150831     109458     -90803
20150930      17200     -73603
20151030    -102549    -176152
20151130       5245    -170906
20151231      -6222    -177128     -84337
20160129     -37355    -214483
20160229     -20176    -234659
20160331     -43304    -277963
20160429      12749    -265215
20160531      -9305    -274520
20160630       6037    -268483
20160729      43592    -224891
20160831      -5545    -230437
20160930     -33380    -263817
20161031      -3123    -266939
20161130    -107705    -374645
20161230      62672    -311973    -134845
20170131       7333    -304640
20170228     107146    -197494
20170331     -16494    -213989
20170428      29726    -184262
20170531     -24800    -209062
20170630      11389    -197673
20170731      56003    -141671
20170831      10751    -130920
20170929      30099    -100821
20171031     105982       5161
20171130      98010     103171
20171229      44112     147283     459256
20180131     160591     307874
20180228    -197911     109963
20180329     -60425      49538
20180430        281      49819
20180531     -71545     -21726
20180629      -2183     -23909
20180731       5592     -18316
20180831      84384      66068
20180928      41117     107185
20181031    -151665     -44481
20181130    -160177    -204657
20181231     116791     -87866    -235149
20190131    -169065    -256931
20190228        114    -256818
20190329       1194    -255623
20190430       9991    -245633
20190531      22730    -222903
20190628    -133548    -356451
20190731      26719    -329732
20190830    -160608    -490340
20190930     -12094    -502434
20191031      -4143    -506577
20191129      47280    -459297
20191231      51115    -408181    -320315
20200131     -35460    -443642
20200228     186417    -257225
20200331     382054     124829
20200430    -286872    -162043
20200529     -53532    -215575
20200630      -1348    -216923
20200731      27529    -189395
20200831     102589     -86806
20200930    -225988    -312794
20201030     -19796    -332590
20201130      73580    -259010
20201231     114461    -144550     263632
20210129     -71566    -216116
20210226     119316     -96799
20210331     201710     104911
20210430     102662     207573
20210528      64399     271973
20210630    -124856     147117
20210730      -9368     137749
20210831      68293     206042
20210930    -178900      27142
20211029     -93823     -66681
20211130     -56913    -123594
20211231     -22848    -146442      -1892
20220131    -247308    -393749
20220228       4147    -389602
20220331    -103059    -492661
20220429       2660    -490001
20220531     -29970    -519971
20220630     239445    -280526
20220729    -177710    -458236
20220831    -243080    -701316
20220930     100450    -600866
20221031    -278895    -879761
20221130     -12350    -892111
20221230          0    -892111    -745670
20230131      -1640    -893751
20230228      -4135    -897886
20230331     -53165    -951051
20230428     -11170    -962221
20230531      19605    -942616
20230630       1170    -941446
20230731       4970    -936476
20230831    -150765   -1087241
20230929      18315   -1068926
20231031      51925   -1017001
20231130    -157310   -1174311
20231229     175710    -998601    -106490
20240131      31175    -967426
20240229      93110    -874316
20240328      72435    -801881
20240430    -163115    -964996
20240503     -83900   -1048896     -50295
Average Monthly Return:    -6062 StdDev: 86229  Sharpe: -0.07
Average  Yearly Return:   -69926 StdDev: 267116  Sharpe: -0.26
