Testing from : 20100104 to: 20220331
-----------------------------------------------------------------------------------------------------------
                                                                                      Avg.   Monthly    Avg.
SysName         Market     TotProfit  MaxDD ClsTrdDD AvgWin  AvgLoss PerWins #Trds  MonthRet.  StdDev  YearlyRet.
TF-Boll-FR_1R   EuroCur-EC     10531  38068   26687    5302    -2657    0.36     44       71    3279     1154
TF-Boll-FR_1R   B.Pound-BP     -2806  20099   16156    3220    -1506    0.31     49      -19    2021     -254
TF-Boll-FR_1R   Crude-CL       36930  52170   40580   12550    -3447    0.27     45      251    5226     1581
TF-Boll-FR_1R   Nat.Gas-NG      1959  28489   23649    6171    -2641    0.30     46       13    3344      777
TF-Boll-FR_1R   H.Oil-HO       36816 101087   83712   18576    -5320    0.26     47      250    6085     -899
TF-Boll-FR_1R   Gold-GC       -16080  81130   64790    6788    -4303    0.36     45     -109    5384    -2042
TF-Boll-FR_1R   Copper-HG      22612  31100   23087    6798    -3317    0.38     42      153    4261     1653
TF-Boll-FR_1R   Silver-SI     -84884 185769  122185   10073    -7459    0.33     49     -577   10686    -7041
-------------------------------------------------------------------------------------------------------------------
Totals                          5078 234961 or 169.9 % Avg. DD   77364         367
-----------------------------------------------------------------------------------------------------------
Combined Monthly Return
Date         Profit Cum.Profit
-------------------------------------------------------------------
20100129        301        301
20100226     -16340     -16039
20100331       2360     -13679
20100430      -2186     -15865
20100528       4991     -10874
20100630     -16302     -27175
20100730     -35346     -62521
20100831      -5379     -67900
20100930      28196     -39705
20101029      23615     -16090
20101130      13247      -2843
20101231      43348      40505      40505
20110131     -27972      12533
20110228      12183      24716
20110331      23354      48070
20110429      90247     138318
20110531    -106865      31453
20110630     -12360      19092
20110729      -8404      10689
20110831       -751       9937
20110930      28038      37975
20111031     -62561     -24587
20111130       7062     -17525
20111230      25771       8247     -32258
20120131     -29624     -21377
20120229      -8678     -30055
20120330     -15117     -45172
20120430      -4148     -49320
20120531      47264      -2056
20120629     -10432     -12488
20120731      -2919     -15407
20120831      -4737     -20144
20120928      31004      10859
20121031     -27029     -16170
20121130     -17075     -33245
20121231      -7116     -40360     -48607
20130131      -6067     -46428
20130228       4710     -41718
20130329      -3263     -44981
20130430      35695      -9286
20130531      13262       3976
20130628      21543      25519
20130731      -6565      18954
20130830     -27085      -8131
20130930     -20694     -28824
20131031       1533     -27291
20131129       -986     -28277
20131231      -1931     -30208      10152
20140131     -10564     -40772
20140228      -1625     -42397
20140331     -20223     -62619
20140430        122     -62498
20140530      -9511     -72009
20140630     -15025     -87034
20140731      -5266     -92300
20140829      -2982     -95283
20140930      30018     -65265
20141031      24148     -41117
20141128      31074     -10043
20141231      35504      25461      55669
20150130      26526      51988
20150227     -29428      22560
20150331       4020      26580
20150430     -10854      15726
20150529      -9244       6482
20150630        185       6667
20150731      20350      27017
20150831     -14941      12076
20150930       3157      15233
20151030     -10736       4497
20151130      15547      20044
20151231      13048      33092       7630
20160129       5638      38729
20160229       5060      43790
20160331      -9703      34086
20160429      18325      52411
20160531     -11264      41148
20160630       1617      42764
20160729       3706      46471
20160831     -31701      14770
20160930      -1008      13762
20161031       -129      13634
20161130       4364      17998
20161230       2928      20926     -12166
20170131     -17401       3525
20170228      -1455       2070
20170331     -13971     -11901
20170428      -9194     -21095
20170531     -13322     -34417
20170630      -8470     -42887
20170731       -826     -43713
20170831       5668     -38045
20170929      -9944     -47989
20171031       3242     -44746
20171130      -3878     -48624
20171229       5564     -43060     -63985
20180131       7613     -35447
20180228     -22759     -58205
20180329        541     -57664
20180430      -4219     -61883
20180531      10383     -51500
20180629      -4570     -56070
20180731       3082     -52988
20180831      13969     -39019
20180928      -3097     -42115
20181031      -4575     -46690
20181130      30280     -16410
20181231       6307     -10103      32957
20190131     -14794     -24896
20190228      -5504     -30401
20190329      -7715     -38116
20190430       -720     -38836
20190531      -1340     -40176
20190628      -7434     -47610
20190731       8350     -39260
20190830      12432     -26828
20190930     -36521     -63349
20191031      -3473     -66822
20191129      -6855     -73677
20191231       -924     -74601     -64499
20200131      -2321     -76922
20200228       9154     -67768
20200331      41114     -26654
20200430      17700      -8954
20200529     -26474     -35428
20200630     -11141     -46569
20200731      46643         73
20200831      28866      28940
20200930     -50224     -21284
20201030      -6649     -27933
20201130       3691     -24242
20201231      -6236     -30478      44124
20210129     -11335     -41813
20210226      42503        690
20210331     -13170     -12480
20210430       1928     -10552
20210528      12005       1453
20210630     -13955     -12502
20210730     -16462     -28964
20210831      -9154     -38118
20210930      26188     -11930
20211029     -15671     -27601
20211130     -20390     -47991
20211231     -12863     -60853     -30376
20220131      -5668     -66522
20220228      11729     -54793
20220331      59872       5079      65932
Average Monthly Return:       34 StdDev: 22127  Sharpe: 0.00
Average  Yearly Return:      390 StdDev: 45650  Sharpe: 0.01
