-----------------------------------------
Sys Name : TF-Bollinger_Delay_1R
Mkt Symb : CL Mkt Name : Crude
Profit/Loss : -10770.0
Num Trades : 26
Percent Wins : 0.269
Avg Win  : 13077.14
Avg Loss : -5387.37
Avg Trade: -414.23
Max DrawDown: 44170.0
Avg DrawDown: 14740.83
AVG Monthly Return: -73.26531
Monthly StdDev: 4848.38416
-----------------------------------------
20100129          0          0
20100226          0          0
20100331          0          0
20100430          0          0
20100528      -1220      -1220
20100630       -580      -1800
20100730      -2950      -4750
20100831       -770      -5520
20100930          0      -5520
20101029          0      -5520
20101130          0      -5520
20101231          0      -5520      -5520
20110131          0      -5520
20110228          0      -5520
20110331       1290      -4230
20110429       6650       2420
20110531     -12220      -9800
20110630          0      -9800
20110729          0      -9800
20110831      -6780     -16580
20110930       9830      -6750
20111031      -9970     -16720
20111130          0     -16720
20111230          0     -16720     -11200
20120131          0     -16720
20120229      -2600     -19320
20120330      -4920     -24240
20120430          0     -24240
20120531       6560     -17680
20120629       1900     -15780
20120731      -2800     -18580
20120831      -3710     -22290
20120928          0     -22290
20121031          0     -22290
20121130          0     -22290
20121231          0     -22290      -5570
20130131          0     -22290
20130228          0     -22290
20130329          0     -22290
20130430      -6040     -28330
20130531          0     -28330
20130628          0     -28330
20130731        590     -27740
20130830       2760     -24980
20130930      -4480     -29460
20131031       1500     -27960
20131129       4310     -23650
20131231      -7340     -30990      -8700
20140131          0     -30990
20140228        300     -30690
20140331      -5060     -35750
20140430          0     -35750
20140530          0     -35750
20140630       -690     -36440
20140731      -3730     -40170
20140829          0     -40170
20140930          0     -40170
20141031       3690     -36480
20141128      14410     -22070
20141231      13210      -8860      22130
20150130       5510      -3350
20150227       -840      -4190
20150331       4150        -40
20150430      -5050      -5090
20150529          0      -5090
20150630          0      -5090
20150731       -100      -5190
20150831      -1540      -6730
20150930       4410      -2320
20151030      -4170      -6490
20151130          0      -6490
20151231       1460      -5030       3830
20160129       4390       -640
20160229       2030       1390
20160331      -4360      -2970
20160429          0      -2970
20160531          0      -2970
20160630          0      -2970
20160729          0      -2970
20160831      -7480     -10450
20160930          0     -10450
20161031          0     -10450
20161130          0     -10450
20161230          0     -10450      -5420
20170131          0     -10450
20170228          0     -10450
20170331      -1100     -11550
20170428      -2380     -13930
20170531      -5230     -19160
20170630      -3240     -22400
20170731      -2190     -24590
20170831          0     -24590
20170929          0     -24590
20171031          0     -24590
20171130       2930     -21660
20171229       2980     -18680      -8230
20180131       4360     -14320
20180228      -6000     -20320
20180329          0     -20320
20180430       -380     -20700
20180531      -1610     -22310
20180629      -1560     -23870
20180731      -6210     -30080
20180831          0     -30080
20180928          0     -30080
20181031          0     -30080
20181130       9960     -20120
20181231       5790     -14330       4350
20190131      -8140     -22470
20190228       -930     -23400
20190329          0     -23400
20190430          0     -23400
20190531          0     -23400
20190628          0     -23400
20190731          0     -23400
20190830          0     -23400
20190930          0     -23400
20191031          0     -23400
20191129          0     -23400
20191231          0     -23400      -9070
20200131          0     -23400
20200228       6680     -16720
20200331      24660       7940
20200430       7300      15240
20200529     -16630      -1390
20200630          0      -1390
20200731          0      -1390
20200831          0      -1390
20200930          0      -1390
20201030          0      -1390
20201130      -3910      -5300
20201231        -50      -5350      18050
20210129       3630      -1720
20210226       9280       7560
20210331      -2370       5190
20210430       4370       9560
20210528       2730      12290
20210630       7410      19700
20210730      -6970      12730
20210831          0      12730
20210930          0      12730
20211029       5260      17990
20211130      -9040       8950
20211231          0       8950      14300
20220131          0       8950
20220228          0       8950
20220331     -19720     -10770     -19720
-----------------------------------------
-----------------------------------------
Sys Name : TF-Bollinger_Delay_1R
Mkt Symb : EC Mkt Name : EuroCur
Profit/Loss : -6887.5
Num Trades : 27
Percent Wins : 0.296
Avg Win  : 6993.75
Avg Loss : -3309.87
Avg Trade: -255.09
Max DrawDown: 47137.5
Avg DrawDown: 9164.58
AVG Monthly Return: -46.85374
Monthly StdDev: 2629.07416
-----------------------------------------
20100129          0          0
20100226       2850       2850
20100331       1463       4312
20100430       2675       6987
20100528      12838      19825
20100630        413      20237
20100730      -6862      13375
20100831          0      13375
20100930          0      13375
20101029       1938      15313
20101130      -6931       8381
20101231          0       8381       8381
20110131          0       8381
20110228          0       8381
20110331          0       8381
20110429          0       8381
20110531      -9631      -1250
20110630          0      -1250
20110729          0      -1250
20110831          0      -1250
20110930       3188       1938
20111031      -7338      -5400
20111130          0      -5400
20111230          0      -5400     -13781
20120131          0      -5400
20120229          0      -5400
20120330          0      -5400
20120430          0      -5400
20120531       5788        388
20120629      -3575      -3187
20120731       4438       1250
20120831      -2713      -1462
20120928      -3412      -4875
20121031       1312      -3562
20121130      -3306      -6869
20121231          0      -6869      -1469
20130131         88      -6781
20130228      -5431     -12212
20130329          0     -12212
20130430          0     -12212
20130531          0     -12212
20130628      -3975     -16187
20130731          0     -16187
20130830          0     -16187
20130930          0     -16187
20131031      -2713     -18900
20131129      -2150     -21050
20131231          0     -21050     -14181
20140131          0     -21050
20140228          0     -21050
20140331      -1063     -22112
20140430       -862     -22975
20140530          0     -22975
20140630          0     -22975
20140731          0     -22975
20140829        750     -22225
20140930       6388     -15837
20141031       1312     -14525
20141128       1175     -13350
20141231       4225      -9125      11925
20150130      10138       1013
20150227       1262       2275
20150331       5587       7863
20150430      -4788       3075
20150529          0       3075
20150630          0       3075
20150731          0       3075
20150831          0       3075
20150930          0       3075
20151030          0       3075
20151130       2312       5388
20151231      -3550       1838      10963
20160129      -1431        406
20160229          0        406
20160331          0        406
20160429        638       1044
20160531      -2938      -1894
20160630          0      -1894
20160729          0      -1894
20160831          0      -1894
20160930          0      -1894
20161031      -1050      -2944
20161130       -750      -3694
20161230        950      -2744      -4581
20170131      -2756      -5500
20170228          0      -5500
20170331          0      -5500
20170428          0      -5500
20170531        444      -5056
20170630       1956      -3100
20170731       4919       1819
20170831        644       2463
20170929      -1312       1150
20171031      -1513       -362
20171130          0       -362
20171229          0       -362       2381
20180131       2037       1675
20180228      -2881      -1206
20180329        700       -506
20180430       -544      -1050
20180531       4006       2956
20180629        594       3550
20180731        -12       3538
20180831        -44       3494
20180928          0       3494
20181031          0       3494
20181130          0       3494
20181231          0       3494       3856
20190131          0       3494
20190228          0       3494
20190329          0       3494
20190430         69       3563
20190531        994       4556
20190628      -1681       2875
20190731        544       3419
20190830       1725       5144
20190930       1275       6419
20191031      -3081       3338
20191129          0       3338
20191231          0       3338       -156
20200131          0       3338
20200228      -1325       2013
20200331      -4625      -2612
20200430          0      -2612
20200529          0      -2612
20200630          0      -2612
20200731       1756       -856
20200831       1750        894
20200930      -2837      -1944
20201030        212      -1731
20201130          0      -1731
20201231       1062       -669      -4006
20210129      -1287      -1956
20210226      -1506      -3462
20210331        875      -2587
20210430      -4163      -6750
20210528          0      -6750
20210630          0      -6750
20210730          0      -6750
20210831          0      -6750
20210930          0      -6750
20211029        219      -6531
20211130       3025      -3506
20211231       -613      -4119      -3450
20220131      -1069      -5187
20220228          0      -5187
20220331      -1700      -6887      -2769
-----------------------------------------
-----------------------------------------
Sys Name : TF-Bollinger_Delay_1R
Mkt Symb : GC Mkt Name : Gold
Profit/Loss : -43450.0
Num Trades : 30
Percent Wins : 0.267
Avg Win  : 8103.75
Avg Loss : -4924.09
Avg Trade: -1448.33
Max DrawDown: 96020.0
Avg DrawDown: 16218.33
AVG Monthly Return: -295.57823
Monthly StdDev: 4466.60457
-----------------------------------------
20100129          0          0
20100226          0          0
20100331          0          0
20100430          0          0
20100528      -1950      -1950
20100630       3090       1140
20100730      -5450      -4310
20100831          0      -4310
20100930       1280      -3030
20101029       4800       1770
20101130       2700       4470
20101231       3530       8000       8000
20110131      -6190       1810
20110228          0       1810
20110331          0       1810
20110429       5440       7250
20110531      -2060       5190
20110630      -3400       1790
20110729        950       2740
20110831      20050      22790
20110930     -16820       5970
20111031          0       5970
20111130          0       5970
20111230          0       5970      -2030
20120131          0       5970
20120229          0       5970
20120330          0       5970
20120430          0       5970
20120531      -2330       3640
20120629      -4000       -360
20120731       -600       -960
20120831       1880        920
20120928       8630       9550
20121031      -5480       4070
20121130      -2960       1110
20121231      -1600       -490      -6460
20130131       1590       1100
20130228       8390       9490
20130328      -1560       7930
20130430      12360      20290
20130531       7990      28280
20130628      16930      45210
20130731      -8890      36320
20130830      -3920      32400
20130930          0      32400
20131031          0      32400
20131129          0      32400
20131231          0      32400      32890
20140131          0      32400
20140228          0      32400
20140331      -6700      25700
20140430         70      25770
20140530          0      25770
20140630      -5750      20020
20140731          0      20020
20140829          0      20020
20140930       1160      21180
20141031       4000      25180
20141128       -320      24860
20141231      -4890      19970     -12430
20150130      -1570      18400
20150227      -6180      12220
20150331          0      12220
20150430          0      12220
20150529          0      12220
20150630          0      12220
20150731       4970      17190
20150831      -6470      10720
20150930          0      10720
20151030          0      10720
20151130          0      10720
20151231          0      10720      -9250
20160129          0      10720
20160229      -1270       9450
20160331        -70       9380
20160429       5490      14870
20160531      -5210       9660
20160630        -40       9620
20160729       2940      12560
20160831      -4530       8030
20160930          0       8030
20161031      -1460       6570
20161130       1090       7660
20161230       2220       9880       -840
20170131      -6820       3060
20170228          0       3060
20170331          0       3060
20170428          0       3060
20170531          0       3060
20170630          0       3060
20170731          0       3060
20170831          0       3060
20170929      -4790      -1730
20171031          0      -1730
20171130          0      -1730
20171229      -4510      -6240     -16120
20180131      -1060      -7300
20180228      -2520      -9820
20180329       -940     -10760
20180430          0     -10760
20180531       -910     -11670
20180629       5020      -6650
20180731       3050      -3600
20180831       2690       -910
20180928       1050        140
20181031      -2770      -2630
20181130          0      -2630
20181231       -170      -2800       3440
20190131       3770        970
20190228       -910         60
20190329      -3520      -3460
20190430          0      -3460
20190531          0      -3460
20190628        980      -2480
20190731       1120      -1360
20190830       9160       7800
20190930      -5650       2150
20191031        660       2810
20191129          0       2810
20191231          0       2810       5610
20200131       2460       5270
20200228      -2120       3150
20200331      -1460       1690
20200430      -4930      -3240
20200529       3490        250
20200630      -6060      -5810
20200731       6540        730
20200831       -730         -0
20200930      -9480      -9480
20201030          0      -9480
20201130          0      -9480
20201231     -12170     -21650     -24460
20210129          0     -21650
20210226          0     -21650
20210331       -480     -22130
20210430      -8090     -30220
20210528        550     -29670
20210630     -11180     -40850
20210730          0     -40850
20210831          0     -40850
20210930          0     -40850
20211029          0     -40850
20211130      -7390     -48240
20211231          0     -48240     -26590
20220131          0     -48240
20220228        -50     -48290
20220331       4840     -43450       4790
-----------------------------------------
-----------------------------------------
Sys Name : TF-Bollinger_Delay_1R
Mkt Symb : KC Mkt Name : Coffee
Profit/Loss : 35575.0
Num Trades : 23
Percent Wins : 0.348
Avg Win  : 12090.63
Avg Loss : -4080.0
Avg Trade: 1546.74
Max DrawDown: 43193.75
Avg DrawDown: 11083.33
AVG Monthly Return: 242.0068
Monthly StdDev: 3749.46406
-----------------------------------------
20100129          0          0
20100226        188        188
20100331      -2713      -2525
20100430          0      -2525
20100528          0      -2525
20100630       2644        119
20100730       3919       4037
20100831        187       4225
20100930       1725       5950
20101029      -2488       3462
20101130      -1856       1606
20101231      14738      16344      16344
20110131       1613      17956
20110228       9244      27200
20110331      -2831      24369
20110429      12300      36669
20110531     -10419      26250
20110630      -7238      19012
20110729       9769      28781
20110831      -8712      20069
20110930          0      20069
20111031          0      20069
20111130          0      20069
20111230          0      20069       3725
20120131          0      20069
20120229       -169      19900
20120330       7800      27700
20120430       1950      29650
20120531       7087      36738
20120629      -3094      33644
20120731      -1681      31963
20120831          0      31963
20120928          0      31963
20121031          0      31963
20121130          0      31963
20121231          0      31963      11894
20130131          0      31963
20130228          0      31963
20130328      -1481      30481
20130430       1631      32113
20130531      -3650      28463
20130628       3281      31744
20130731      -4981      26763
20130830          0      26763
20130930          0      26763
20131031        600      27363
20131129       -900      26463
20131231      -1456      25006      -6956
20140131          0      25006
20140228      13294      38300
20140331       -900      37400
20140430       9619      47019
20140530      -9462      37556
20140630          0      37556
20140731          0      37556
20140829          0      37556
20140930          0      37556
20141031      -9162      28394
20141128          0      28394
20141231          0      28394       3388
20150130          0      28394
20150227       3225      31619
20150331       2850      34469
20150430       -675      33794
20150529       4238      38031
20150630      -1425      36606
20150731       2681      39288
20150831      -2844      36444
20150930          0      36444
20151030          0      36444
20151130          0      36444
20151231          0      36444       8050
20160129          0      36444
20160229          0      36444
20160331      -2831      33613
20160429      -2169      31444
20160531          0      31444
20160630       1931      33375
20160729        206      33581
20160831      -3762      29819
20160930          0      29819
20161031        -38      29781
20161130      -4194      25588
20161230          0      25588     -10856
20170131          0      25588
20170228          0      25588
20170331          0      25588
20170428       -150      25438
20170531       1519      26956
20170630       2231      29188
20170731      -3294      25894
20170831          0      25894
20170929          0      25894
20171031          0      25894
20171130          0      25894
20171229      -2119      23775      -1812
20180131      -1250      22525
20180228          0      22525
20180329          0      22525
20180430          0      22525
20180531          0      22525
20180629        525      23050
20180731       1950      25000
20180831       4181      29181
20180928       -244      28938
20181031      -2694      26244
20181130          0      26244
20181231          0      26244       2469
20190131          0      26244
20190228          0      26244
20190329          0      26244
20190430          0      26244
20190531          0      26244
20190628          0      26244
20190731      -5712      20531
20190830          0      20531
20190930          0      20531
20191031          0      20531
20191129        881      21413
20191231       3994      25406       -837
20200131      -6031      19375
20200228          0      19375
20200331          0      19375
20200430          0      19375
20200529          0      19375
20200630          0      19375
20200731          0      19375
20200831          0      19375
20200930      -7231      12144
20201030          0      12144
20201130          0      12144
20201231          0      12144     -13263
20210129          0      12144
20210226          0      12144
20210331      -3931       8213
20210430       -581       7631
20210528       7837      15469
20210630      -1762      13706
20210730       7425      21131
20210831       4969      26100
20210930       -713      25388
20211029       3731      29119
20211130       9619      38738
20211231      -2325      36413      24269
20220131       3375      39788
20220228       -144      39644
20220331      -4069      35575       -838
-----------------------------------------
-----------------------------------------
Sys Name : TF-Bollinger_Delay_1R
Mkt Symb : NG Mkt Name : Nat.Gas
Profit/Loss : 4230.0
Num Trades : 26
Percent Wins : 0.385
Avg Win  : 5799.0
Avg Loss : -3360.0
Avg Trade: 162.69
Max DrawDown: 33070.0
Avg DrawDown: 9160.83
AVG Monthly Return: 28.77551
Monthly StdDev: 2931.99028
-----------------------------------------
20100129          0          0
20100226          0          0
20100331       3210       3210
20100430        380       3590
20100528      -3630        -40
20100630      -1590      -1630
20100730          0      -1630
20100831        450      -1180
20100930        720       -460
20101029       1830       1370
20101130      -2490      -1120
20101231          0      -1120      -1120
20110131          0      -1120
20110228          0      -1120
20110331          0      -1120
20110429          0      -1120
20110531          0      -1120
20110630          0      -1120
20110729          0      -1120
20110831          0      -1120
20110930          0      -1120
20111031      -1780      -2900
20111130       5260       2360
20111230       5990       8350       9470
20120131       5260      13610
20120229        270      13880
20120330       5830      19710
20120430       -710      19000
20120531      -2390      16610
20120629          0      16610
20120731          0      16610
20120831          0      16610
20120928          0      16610
20121031      -2480      14130
20121130      -1450      12680
20121231          0      12680       4330
20130131          0      12680
20130228          0      12680
20130329        600      13280
20130430       2820      16100
20130531      -4060      12040
20130628       -260      11780
20130731          0      11780
20130830          0      11780
20130930          0      11780
20131031          0      11780
20131129          0      11780
20131231       -740      11040      -1640
20140131       -380      10660
20140228       4910      15570
20140331      -2410      13160
20140430       4260      17420
20140530      -3700      13720
20140630          0      13720
20140731       2910      16630
20140829      -1820      14810
20140930       -590      14220
20141031          0      14220
20141128          0      14220
20141231       8010      22230      11190
20150130       1670      23900
20150227       -290      23610
20150331       1180      24790
20150430       -720      24070
20150529       -540      23530
20150630          0      23530
20150731          0      23530
20150831          0      23530
20150930          0      23530
20151030       4200      27730
20151130       2070      29800
20151231       -520      29280       7050
20160129        360      29640
20160229       6340      35980
20160331      -1720      34260
20160429      -1310      32950
20160531          0      32950
20160630       2990      35940
20160729       -130      35810
20160831      -3540      32270
20160930          0      32270
20161031      -2950      29320
20161130      -3520      25800
20161230          0      25800      -3480
20170131          0      25800
20170228          0      25800
20170331          0      25800
20170428          0      25800
20170531          0      25800
20170630      -1150      24650
20170731       2240      26890
20170831      -2130      24760
20170929       -160      24600
20171031          0      24600
20171130      -2540      22060
20171229      -1930      20130      -5670
20180131      -2250      17880
20180228      -3610      14270
20180329          0      14270
20180430          0      14270
20180531          0      14270
20180629          0      14270
20180731          0      14270
20180831          0      14270
20180928          0      14270
20181031        110      14380
20181130      13040      27420
20181231     -10690      16730      -3400
20190131          0      16730
20190228          0      16730
20190329          0      16730
20190430          0      16730
20190531          0      16730
20190628        460      17190
20190731        570      17760
20190830       -480      17280
20190930      -3690      13590
20191031          0      13590
20191129          0      13590
20191231          0      13590      -3140
20200131        740      14330
20200228       1690      16020
20200331       1200      17220
20200430      -2930      14290
20200529          0      14290
20200630       -600      13690
20200731        110      13800
20200831       -510      13290
20200930      -5060       8230
20201030          0       8230
20201130          0       8230
20201231      -1050       7180      -6410
20210129      -3550       3630
20210226          0       3630
20210331          0       3630
20210430          0       3630
20210528          0       3630
20210630        670       4300
20210730       2820       7120
20210831       4430      11550
20210930      14230      25780
20211029      -6220      19560
20211130      -4010      15550
20211231       -330      15220       8040
20220131     -10990       4230
20220228          0       4230
20220331          0       4230     -10990
-----------------------------------------
-----------------------------------------
Sys Name : TF-Bollinger_Delay_1R
Mkt Symb : S_ Mkt Name : SoyBean
Profit/Loss : 56100.0
Num Trades : 23
Percent Wins : 0.478
Avg Win  : 8123.86
Avg Loss : -2776.04
Avg Trade: 2439.13
Max DrawDown: 20200.0
Avg DrawDown: 7706.25
AVG Monthly Return: 381.63265
Monthly StdDev: 2676.08451
-----------------------------------------
20100129          0          0
20100226      -2062      -2062
20100331       1000      -1062
20100430      -1588      -2650
20100528          0      -2650
20100630          0      -2650
20100730       1962       -688
20100831       -325      -1012
20100930       4838       3825
20101029       5912       9738
20101130        350      10088
20101231       7500      17588      17588
20110131        500      18088
20110228      -3688      14400
20110331          0      14400
20110429          0      14400
20110531          0      14400
20110630          0      14400
20110729          0      14400
20110831          0      14400
20110930       -175      14225
20111031      -1462      12762
20111130       4300      17062
20111230      -3350      13712      -3875
20120131      -1312      12400
20120229          0      12400
20120330       4075      16475
20120430       5288      21762
20120531      -7188      14575
20120629          0      14575
20120731       7062      21638
20120831       5775      27412
20120928     -10000      17412
20121031          0      17412
20121130      -1775      15638
20121231       1162      16800       3088
20130131      -2600      14200
20130228          0      14200
20130329          0      14200
20130430          0      14200
20130531        875      15075
20130628       -562      14512
20130731      -2275      12238
20130830       -650      11588
20130930      -3788       7800
20131031          0       7800
20131129          0       7800
20131231          0       7800      -9000
20140131          0       7800
20140228       2775      10575
20140331       2500      13075
20140430       2625      15700
20140530       -975      14725
20140630      -2212      12512
20140731       2000      14512
20140829       2888      17400
20140930       5150      22550
20141031      -4962      17588
20141128          0      17588
20141231          0      17588       9788
20150130          0      17588
20150227          0      17588
20150331          0      17588
20150430          0      17588
20150529       -600      16988
20150630      -1750      15238
20150731      -2975      12262
20150831          0      12262
20150930          0      12262
20151030          0      12262
20151130          0      12262
20151231          0      12262      -5325
20160129          0      12262
20160229          0      12262
20160331        -12      12250
20160429       5475      17725
20160531       2438      20162
20160630       5150      25312
20160729      -6225      19088
20160831          0      19088
20160930          0      19088
20161031          0      19088
20161130      -1138      17950
20161230      -1900      16050       3788
20170131          0      16050
20170228          0      16050
20170331       1225      17275
20170428         12      17288
20170531       2012      19300
20170630      -1625      17675
20170731       -500      17175
20170831          0      17175
20170929          0      17175
20171031          0      17175
20171130          0      17175
20171229          0      17175       1125
20180131          0      17175
20180228         75      17250
20180329      -2300      14950
20180430          0      14950
20180531          0      14950
20180629       4838      19788
20180731      -1950      17838
20180831       3775      21612
20180928       -100      21512
20181031      -1275      20238
20181130          0      20238
20181231          0      20238       3062
20190131          0      20238
20190228          0      20238
20190329          0      20238
20190430       1075      21312
20190531      -1188      20125
20190628       -750      19375
20190731          0      19375
20190830          0      19375
20190930          0      19375
20191031          0      19375
20191129          0      19375
20191231          0      19375       -862
20200131          0      19375
20200228          0      19375
20200331      -3075      16300
20200430       1912      18212
20200529        725      18938
20200630      -1325      17612
20200731       -475      17138
20200831       3050      20188
20200930       3500      23688
20201030       1925      25612
20201130       5612      31225
20201231       7025      38250      18875
20210129       2950      41200
20210226       1588      42788
20210331       1625      44412
20210430       6388      50800
20210528       -188      50612
20210630      -3675      46938
20210730          0      46938
20210831          0      46938
20210930          0      46938
20211029      -1712      45225
20211130      -1875      43350
20211231      -1400      41950       3700
20220131       7562      49512
20220228       7512      57025
20220331       -925      56100      14150
-----------------------------------------
-----------------------------------------
Sys Name : TF-Bollinger_Delay_1R
Mkt Symb : LH Mkt Name : LHogs
Profit/Loss : 3290.0
Num Trades : 24
Percent Wins : 0.375
Avg Win  : 2823.33
Avg Loss : -1478.0
Avg Trade: 137.08
Max DrawDown: 15130.0
Avg DrawDown: 4980.0
AVG Monthly Return: 22.38095
Monthly StdDev: 1512.49242
-----------------------------------------
20100129          0          0
20100226          0          0
20100331          0          0
20100430        770        770
20100528      -2010      -1240
20100630          0      -1240
20100730          0      -1240
20100831          0      -1240
20100930          0      -1240
20101029        700       -540
20101130       -860      -1400
20101231      -1020      -2420      -2420
20110131        520      -1900
20110228      -1860      -3760
20110331       -800      -4560
20110429          0      -4560
20110531       1150      -3410
20110630      -2720      -6130
20110729          0      -6130
20110831          0      -6130
20110930          0      -6130
20111031          0      -6130
20111130          0      -6130
20111230          0      -6130      -3710
20120131          0      -6130
20120229          0      -6130
20120330          0      -6130
20120430        520      -5610
20120531      -1350      -6960
20120629       -590      -7550
20120731          0      -7550
20120831          0      -7550
20120928          0      -7550
20121031          0      -7550
20121130          0      -7550
20121231          0      -7550      -1420
20130131          0      -7550
20130228        200      -7350
20130328        600      -6750
20130430       -600      -7350
20130531       -360      -7710
20130628        240      -7470
20130731       -490      -7960
20130830       1720      -6240
20130930       1520      -4720
20131031       1020      -3700
20131129      -1610      -5310
20131231        330      -4980       2570
20140131       -670      -5650
20140228       -730      -6380
20140331       4360      -2020
20140430      -1620      -3640
20140530      -2750      -6390
20140630          0      -6390
20140731       1050      -5340
20140829       2020      -3320
20140930      -3620      -6940
20141031          0      -6940
20141128          0      -6940
20141231        380      -6560      -1580
20150130       4440      -2120
20150227       1910       -210
20150331       2130       1920
20150430      -2210       -290
20150529          0       -290
20150630          0       -290
20150731          0       -290
20150831          0       -290
20150930          0       -290
20151030          0       -290
20151130          0       -290
20151231          0       -290       6270
20160129          0       -290
20160229          0       -290
20160331          0       -290
20160429          0       -290
20160531          0       -290
20160630      -1840      -2130
20160729       -400      -2530
20160831       -940      -3470
20160930       5770       2300
20161031      -1590        710
20161130       -810       -100
20161230          0       -100        190
20170131          0       -100
20170228          0       -100
20170331          0       -100
20170428      -1840      -1940
20170531       -650      -2590
20170630          0      -2590
20170731          0      -2590
20170831          0      -2590
20170929       1680       -910
20171031      -2370      -3280
20171130          0      -3280
20171229          0      -3280      -3180
20180131          0      -3280
20180228          0      -3280
20180329       1250      -2030
20180430       1540       -490
20180531       -980      -1470
20180629      -1040      -2510
20180731       2800        290
20180831        120        410
20180928      -2870      -2460
20181031          0      -2460
20181130          0      -2460
20181231          0      -2460        820
20190131          0      -2460
20190228       1530       -930
20190329      -5960      -6890
20190430       -130      -7020
20190531      -1160      -8180
20190628          0      -8180
20190731          0      -8180
20190830          0      -8180
20190930          0      -8180
20191031          0      -8180
20191129         10      -8170
20191231      -1300      -9470      -7010
20200131       -400      -9870
20200228        390      -9480
20200331       3120      -6360
20200430        550      -5810
20200529      -2740      -8550
20200630          0      -8550
20200731          0      -8550
20200831          0      -8550
20200930       2930      -5620
20201030        990      -4630
20201130        600      -4030
20201231      -2210      -6240       3230
20210129          0      -6240
20210226       2800      -3440
20210331       5340       1900
20210430       1770       3670
20210528       3270       6940
20210630      -4390       2550
20210730          0       2550
20210831          0       2550
20210930          0       2550
20211029          0       2550
20211130          0       2550
20211231          0       2550       8790
20220131          0       2550
20220228       1240       3790
20220331       -500       3290        740
-----------------------------------------
-----------------------------------------
Sys Name : TF-Bollinger_Delay_1R
Mkt Symb : SB Mkt Name : Sugar
Profit/Loss : 4434.4
Num Trades : 26
Percent Wins : 0.423
Avg Win  : 2389.56
Avg Loss : -1456.72
Avg Trade: 170.55
Max DrawDown: 13812.4
Avg DrawDown: 4128.03
AVG Monthly Return: 30.16599
Monthly StdDev: 1286.54042
-----------------------------------------
20100129       1859       1859
20100226      -5012      -3152
20100331        728      -2424
20100430       1714       -711
20100528       1075        364
20100630      -2682      -2318
20100730       1254      -1063
20100831        202       -862
20100930       5387       4526
20101029       6317      10842
20101130      -1758       9084
20101231       5118      14202      14202
20110131       2072      16274
20110228      -3914      12360
20110331          0      12360
20110429        862      13223
20110531      -1042      12181
20110630      -1484      10698
20110729        302      11000
20110831       -146      10854
20110930      -2559       8296
20111031          0       8296
20111130          0       8296
20111230          0       8296      -5907
20120131          0       8296
20120229       -179       8116
20120330       -336       7780
20120430      -1148       6633
20120531        851       7484
20120629      -2772       4712
20120731          0       4712
20120831          0       4712
20120928          0       4712
20121031          0       4712
20121130          0       4712
20121231          0       4712      -3583
20130131          0       4712
20130228          0       4712
20130328          0       4712
20130430          0       4712
20130531        392       5104
20130628       -101       5004
20130731        -56       4948
20130830        -72       4875
20130930          0       4875
20131031       -235       4640
20131129       -565       4075
20131231          0       4075       -638
20140131          0       4075
20140228          0       4075
20140331          0       4075
20140430          0       4075
20140530          0       4075
20140630          0       4075
20140731        806       4881
20140829       1086       5968
20140930        672       6640
20141031        459       7099
20141128        504       7603
20141231       1198       8801       4726
20150130      -1372       7430
20150227          0       7430
20150331       1669       9098
20150430      -1478       7620
20150529       -464       7156
20150630       -840       6316
20150731       1490       7805
20150831        504       8309
20150930      -1148       7162
20151030        750       7912
20151130        459       8371
20151231        347       8718        -83
20160129      -1103       7616
20160229      -1546       6070
20160331       -218       5852
20160429          0       5852
20160531          0       5852
20160630       1333       7185
20160729      -1434       5751
20160831       1131       6882
20160930       2733       9615
20161031      -1602       8014
20161130       -252       7762
20161230          0       7762       -956
20170131          0       7762
20170228          0       7762
20170331          0       7762
20170428        493       8255
20170531       1411       9666
20170630       1434      11100
20170731      -1232       9868
20170831       -173       9694
20170929          0       9694
20171031          0       9694
20171130          0       9694
20171229          0       9694       1932
20180131       -146       9549
20180228       -291       9258
20180329       1154      10411
20180430        885      11296
20180531       -991      10305
20180629          0      10305
20180731          0      10305
20180831          0      10305
20180928          0      10305
20181031       -706       9600
20181130       -392       9208
20181231       -498       8710       -985
20190131          0       8710
20190228          0       8710
20190329          0       8710
20190430          0       8710
20190531       -235       8474
20190628       -543       7932
20190731          0       7932
20190830          0       7932
20190930      -1316       6616
20191031          0       6616
20191129          0       6616
20191231         45       6661      -2049
20200131       1333       7994
20200228        -11       7982
20200331       -386       7596
20200430        258       7854
20200529       -605       7249
20200630       -912       6337
20200731          0       6337
20200831          0       6337
20200930          0       6337
20201030         90       6426
20201130        168       6594
20201231       1098       7692       1031
20210129        381       8073
20210226       1725       9798
20210331      -1618       8180
20210430          0       8180
20210528          0       8180
20210630          0       8180
20210730          0       8180
20210831       -168       8012
20210930       -269       7743
20211029       -980       6763
20211130          0       6763
20211231      -1192       5571      -2121
20220131       -302       5268
20220228        -67       5201
20220331       -767       4434      -1136
-----------------------------------------
-----------------------------------------
Sys Name : TF-Bollinger_Delay_1R
Mkt Symb : SI Mkt Name : Silver
Profit/Loss : -4280.0
Num Trades : 21
Percent Wins : 0.381
Avg Win  : 9884.38
Avg Loss : -6415.77
Avg Trade: -203.81
Max DrawDown: 113925.0
Avg DrawDown: 21634.58
AVG Monthly Return: -29.11565
Monthly StdDev: 9673.59715
-----------------------------------------
20100129          0          0
20100226      -5120      -5120
20100331      -4100      -9220
20100430          0      -9220
20100528          0      -9220
20100630          0      -9220
20100730          0      -9220
20100831          0      -9220
20100930       9380        160
20101029      13715      13875
20101130      18015      31890
20101231      13625      45515      45515
20110131     -20400      25115
20110228       8625      33740
20110331      20340      54080
20110429      53450     107530
20110531     -67080      40450
20110630          0      40450
20110729          0      40450
20110831          0      40450
20110930       -940      39510
20111031     -21355      18155
20111130       8235      26390
20111230      24445      50835       5320
20120131     -17925      32910
20120229          0      32910
20120330          0      32910
20120430          0      32910
20120531       5615      38525
20120629        945      39470
20120731      -1510      37960
20120831        990      38950
20120928      15675      54625
20121031     -11305      43320
20121130      -5575      37745
20121231       -885      36860     -13975
20130131     -11135      25725
20130228          0      25725
20130329          0      25725
20130430      -4340      21385
20130531       9710      31095
20130628      13995      45090
20130731       -790      44300
20130830      -8970      35330
20130930          0      35330
20131031          0      35330
20131129          0      35330
20131231          0      35330      -1530
20140131          0      35330
20140228          0      35330
20140331          0      35330
20140430          0      35330
20140530          0      35330
20140630          0      35330
20140731          0      35330
20140829          0      35330
20140930       3090      38420
20141031       4755      43175
20141128       3025      46200
20141231       -215      45985      10655
20150130      -5410      40575
20150227          0      40575
20150331          0      40575
20150430          0      40575
20150529          0      40575
20150630          0      40575
20150731       -550      40025
20150831        920      40945
20150930      -3615      37330
20151030          0      37330
20151130          0      37330
20151231          0      37330      -8655
20160129          0      37330
20160229          0      37330
20160331          0      37330
20160429       4350      41680
20160531      -8905      32775
20160630          0      32775
20160729       1660      34435
20160831      -9585      24850
20160930          0      24850
20161031          0      24850
20161130          0      24850
20161230          0      24850     -12480
20170131          0      24850
20170228          0      24850
20170331          0      24850
20170428          0      24850
20170531      -5855      18995
20170630      -1015      17980
20170731          0      17980
20170831          0      17980
20170929          0      17980
20171031          0      17980
20171130          0      17980
20171229      -4170      13810     -11040
20180131          0      13810
20180228          0      13810
20180329          0      13810
20180430          0      13810
20180531          0      13810
20180629          0      13810
20180731         30      13840
20180831       5635      19475
20180928       -775      18700
20181031       2150      20850
20181130      -2915      17935
20181231          0      17935       4125
20190131       2610      20545
20190228      -2680      17865
20190329      -1845      16020
20190430          0      16020
20190531          0      16020
20190628          0      16020
20190731        750      16770
20190830       8960      25730
20190930      -6720      19010
20191031       5345      24355
20191129      -2740      21615
20191231          0      21615       3680
20200131          0      21615
20200228          0      21615
20200331      -7730      13885
20200430      -3430      10455
20200529      -6310       4145
20200630          0       4145
20200731       6230      10375
20200831      21115      31490
20200930     -28040       3450
20201030          0       3450
20201130          0       3450
20201231          0       3450     -18165
20210129          0       3450
20210226          0       3450
20210331          0       3450
20210430          0       3450
20210528          0       3450
20210630          0       3450
20210730          0       3450
20210831      -2225       1225
20210930       9795      11020
20211029     -10665        355
20211130          0        355
20211231          0        355      -3095
20220131          0        355
20220228          0        355
20220331      -4635      -4280      -4635
-----------------------------------------
-----------------------------------------
Sys Name : TF-Bollinger_Delay_1R
Mkt Symb : TY Mkt Name : TenYr
Profit/Loss : 21570.63
Num Trades : 23
Percent Wins : 0.391
Avg Win  : 3788.42
Avg Loss : -898.23
Avg Trade: 937.85
Max DrawDown: 11152.0
Avg DrawDown: 3463.16
AVG Monthly Return: 146.73895
Monthly StdDev: 1182.5952
-----------------------------------------
20100129          0          0
20100226          0          0
20100331          0          0
20100430          0          0
20100528       1375       1375
20100630       2672       4047
20100730       1266       5312
20100831       2625       7938
20100930        422       8359
20101029        234       8594
20101130      -1097       7497
20101231       -438       7059       7059
20110131       -359       6700
20110228        516       7216
20110331       -424       6791
20110429          0       6791
20110531       2359       9151
20110630       -281       8869
20110729       3359      12229
20110831       4312      16541
20110930       1062      17604
20111031      -2285      15319
20111130          0      15319
20111230          0      15319       8260
20120131          0      15319
20120229          0      15319
20120330      -1562      13757
20120430       -955      12801
20120531          0      12801
20120629       -734      12067
20120731       1281      13348
20120831      -1520      11829
20120928          0      11829
20121031          0      11829
20121130          0      11829
20121231          0      11829      -3490
20130131          0      11829
20130228          0      11829
20130329          0      11829
20130430        594      12423
20130531      -1770      10653
20130628       -547      10106
20130731        125      10231
20130830        984      11215
20130930      -1158      10057
20131031          0      10057
20131129          0      10057
20131231          0      10057      -1772
20140131          0      10057
20140228          0      10057
20140331          0      10057
20140430          0      10057
20140530        625      10682
20140630       -344      10338
20140731      -1301       9037
20140829          0       9037
20140930          0       9037
20141031       -406       8631
20141128       1312       9943
20141231       -250       9693       -364
20150130       4078      13771
20150227      -3519      10252
20150331          0      10252
20150430          0      10252
20150529          0      10252
20150630          0      10252
20150731          0      10252
20150831          0      10252
20150930          0      10252
20151030          0      10252
20151130          0      10252
20151231          0      10252        559
20160129          0      10252
20160229        531      10783
20160331       -125      10658
20160429      -1144       9514
20160531          0       9514
20160630        766      10280
20160729         62      10342
20160831      -1410       8932
20160930          0       8932
20161031          0       8932
20161130       1219      10151
20161230        234      10385        133
20170131       -188      10198
20170228       -627       9570
20170331          0       9570
20170428       -156       9414
20170531        875      10289
20170630       -766       9524
20170731       -301       9223
20170831          0       9223
20170929          0       9223
20171031          0       9223
20171130          0       9223
20171229          0       9223      -1163
20180131       1344      10566
20180228        969      11535
20180329      -1094      10441
20180430       1516      11957
20180531       -706      11251
20180629          0      11251
20180731          0      11251
20180831          0      11251
20180928        -78      11173
20181031        344      11516
20181130       -658      10858
20181231        938      11796       2573
20190131        453      12249
20190228       -797      11452
20190329       2219      13671
20190430       -547      13124
20190531       2750      15874
20190628       1219      17093
20190731       -547      16546
20190830       3641      20187
20190930      -2786      17401
20191031          0      17401
20191129          0      17401
20191231          0      17401       5605
20200131          0      17401
20200228       1781      19182
20200331       3938      23120
20200430        375      23495
20200529        266      23760
20200630      -2128      21632
20200731          0      21632
20200831          0      21632
20200930          0      21632
20201030          0      21632
20201130      -1346      20286
20201231          0      20286       2885
20210129       -609      19677
20210226       3219      22895
20210331       1781      24677
20210430      -1094      23583
20210528      -1409      22174
20210630          0      22174
20210730       1062      23236
20210831       -406      22830
20210930       -723      22107
20211029       -266      21841
20211130      -1315      20525
20211231          0      20525        239
20220131        500      21025
20220228        469      21494
20220331         76      21571       1045
-----------------------------------------
