Date,SB,KC,CT,
20100104,1,0,0,100146.0
20100105,1,0,0,100168.0
20100106,1,0,0,101030.0
20100107,1,0,0,100571.0
20100108,1,0,0,100045.0
20100111,1,0,0,99171.0
20100112,1,0,0,99854.0
20100113,1,0,0,100616.0
20100114,1,0,0,100302.0
20100115,1,0,0,100146.0
20100119,1,0,0,101669.0
20100120,1,0,0,101814.0
20100121,1,0,0,101982.0
20100122,1,0,0,101445.0
20100125,1,0,0,102587.0
20100126,1,0,0,102027.0
20100127,1,0,0,100974.0
20100128,1,1,0,101841.0
20100129,1,1,0,103318.0
20100201,1,1,1,102298.0
20100202,1,1,1,100975.0
20100203,1,1,1,100545.0
20100204,1,1,1,100451.0
20100205,1,1,1,101021.0
20100208,1,1,1,99539.0
20100209,1,1,1,98659.0
20100210,1,1,0,97223.0
20100211,1,1,0,98276.0
20100212,1,1,0,97382.0
20100216,1,1,0,97560.0
20100217,1,1,0,96321.0
20100218,1,1,1,96374.0
20100219,1,1,1,96924.0
20100222,0,1,1,97676.0
20100223,0,1,1,97580.0
20100224,0,1,1,97050.0
20100225,0,1,1,99199.0
20100226,0,1,1,99319.0
20100301,0,1,1,99527.0
20100302,0,1,1,98601.0
20100303,0,1,1,99236.0
20100304,0,1,1,99374.0
20100305,0,1,1,99604.0
20100308,0,1,1,99146.0
20100309,0,1,1,97672.0
20100310,1,1,1,97729.0
20100311,1,1,1,97104.0
20100312,1,1,1,97975.0
20100315,1,1,1,98977.0
20100316,1,1,1,100168.0
20100317,1,1,1,99413.0
20100318,1,1,1,98418.0
20100319,1,1,1,99984.0
20100322,1,1,1,100847.0
20100323,1,1,1,101813.0
20100324,1,1,1,100010.0
20100325,1,1,1,99077.0
20100326,1,1,1,99319.0
20100329,1,0,1,98149.0
20100330,1,0,1,97290.0
20100331,1,0,1,99240.0
20100401,1,0,1,99591.0
20100405,1,0,1,100317.0
20100406,1,0,1,100894.0
20100407,1,0,1,99936.0
20100408,1,0,1,99015.0
20100409,1,0,1,98224.0
20100412,1,0,1,98086.0
20100413,1,0,1,98543.0
20100414,1,0,1,97662.0
20100415,1,0,1,98938.0
20100416,1,0,1,99681.0
20100419,1,0,1,98611.0
20100420,1,0,1,100615.0
20100421,1,0,1,100789.0
20100422,1,0,1,101162.0
20100423,1,0,1,102311.0
20100426,1,0,1,102044.0
20100427,1,0,1,102237.0
20100428,1,0,1,102658.0
20100429,1,0,1,101376.0
20100430,1,0,1,101948.0
20100503,1,0,1,101689.0
20100504,1,0,1,101245.0
20100505,1,0,1,101752.0
20100506,1,0,1,101466.0
20100507,1,0,1,101806.0
20100510,1,0,1,101490.0
20100511,1,0,1,101537.0
20100512,1,0,1,100606.0
20100513,1,0,1,100812.0
20100514,1,0,1,101386.0
20100517,1,0,1,101894.0
20100518,1,0,1,101375.0
20100519,1,0,1,101770.0
20100520,1,0,1,101107.0
20100521,1,0,1,100808.0
20100524,1,0,1,100963.0
20100525,1,0,1,100806.0
20100526,1,0,1,100568.0
20100527,1,0,0,100721.0
20100528,1,0,0,101538.0
20100601,1,0,0,101303.0
20100602,1,0,0,101818.0
20100603,1,0,0,101762.0
20100604,1,0,1,101142.0
20100607,1,0,1,101275.0
20100608,1,0,1,100109.0
20100609,1,0,1,98296.0
20100610,1,0,0,97657.0
20100611,1,1,0,98872.0
20100614,1,1,0,100688.0
20100615,1,1,0,103674.0
20100616,1,1,0,103442.0
20100617,1,1,0,103305.0
20100618,1,1,0,105152.0
20100621,1,1,0,103993.0
20100622,1,1,0,103940.0
20100623,0,1,0,103427.0
20100624,0,1,0,106521.0
20100625,0,1,0,106577.0
20100628,0,1,0,106277.0
20100629,0,1,0,104421.0
20100630,0,1,0,105433.0
20100701,0,1,0,106333.0
20100702,0,1,0,104852.0
20100706,0,1,0,102358.0
20100707,0,1,0,104383.0
20100708,0,1,0,104027.0
20100709,0,1,0,104683.0
20100712,0,1,0,104571.0
20100713,0,1,0,105358.0
20100714,0,1,0,105077.0
20100715,0,1,0,105902.0
20100716,0,1,0,105883.0
20100719,0,1,0,104665.0
20100720,0,1,0,102696.0
20100721,0,1,0,102227.0
20100722,1,1,0,104345.0
20100723,1,1,0,105913.0
20100726,1,1,0,106166.0
20100727,1,1,0,105248.0
20100728,1,1,0,107121.0
20100729,1,1,0,109946.0
20100730,1,1,0,111243.0
20100802,1,1,0,109627.0
20100803,1,1,0,106526.0
20100804,1,1,0,108014.0
20100805,1,1,0,107390.0
20100806,1,1,0,106416.0
20100809,1,1,0,106669.0
20100810,1,1,0,107618.0
20100811,1,1,0,107675.0
20100812,1,1,1,110709.0
20100813,1,1,1,111547.0
20100816,1,1,1,112242.0
20100817,1,1,1,111605.0
20100818,1,1,1,111369.0
20100819,1,1,1,112438.0
20100820,1,1,1,114619.0
20100823,1,1,1,114349.0
20100824,1,1,1,109465.0
20100825,1,1,1,108445.0
20100826,1,1,1,110414.0
20100827,1,1,1,113566.0
20100830,1,1,1,114534.0
20100831,1,1,1,113245.0
20100901,1,1,1,116142.0
20100902,1,1,1,118478.0
20100903,1,1,1,119010.0
20100907,1,1,1,122833.0
20100908,1,1,1,123288.0
20100909,1,1,1,122971.0
20100910,1,1,1,123384.0
20100913,1,1,1,124534.0
20100914,1,1,1,128877.0
20100915,1,1,1,127401.0
20100916,1,1,1,128329.0
20100917,1,1,1,128767.0
20100920,1,1,1,126228.0
20100921,1,1,1,126734.0
20100922,1,1,1,125625.0
20100923,1,1,1,125474.0
20100924,1,1,1,127334.0
20100927,1,1,1,130603.0
20100928,1,1,1,134117.0
20100929,1,1,1,130514.0
20100930,1,1,1,128218.0
20101001,1,1,1,125402.0
20101004,1,0,1,121974.0
20101005,1,0,1,123179.0
20101006,1,0,1,123550.0
20101007,1,0,1,127364.0
20101008,1,0,1,130373.0
20101011,1,0,1,132341.0
20101012,1,0,1,132844.0
20101013,1,0,1,133545.0
20101014,1,0,1,136038.0
20101015,1,0,1,132552.0
20101018,1,0,1,134885.0
20101019,1,0,1,134170.0
20101020,1,0,1,136707.0
20101021,1,1,1,137798.0
20101022,1,1,1,138846.0
20101025,1,1,1,142279.0
20101026,1,1,1,144583.0
20101027,1,1,1,141744.0
20101028,1,1,1,139536.0
20101029,1,1,1,144354.0
20101101,1,1,1,144568.0
20101102,1,1,1,148456.0
20101103,1,1,1,147900.0
20101104,1,1,1,155675.0
20101105,1,1,1,156434.0
20101108,1,1,1,159674.0
20101109,1,1,1,166908.0
20101110,1,1,1,161982.0
20101111,1,1,1,155690.0
20101112,1,1,1,147505.0
20101115,1,1,1,149896.0
20101116,1,1,1,144058.0
20101117,1,1,1,142594.0
20101118,1,1,1,150144.0
20101119,1,1,1,144885.0
20101122,1,1,1,141060.0
20101123,1,1,1,140265.0
20101124,1,1,1,142196.0
20101126,1,1,1,138336.0
20101129,1,1,1,140429.0
20101130,1,1,1,139780.0
20101201,1,1,1,143579.0
20101202,1,1,1,146225.0
20101203,1,1,1,150814.0
20101206,1,1,1,150866.0
20101207,1,1,1,149770.0
20101208,1,1,1,149980.0
20101209,1,1,1,151640.0
20101210,1,1,1,154514.0
20101213,1,1,1,161019.0
20101214,1,1,1,162785.0
20101215,1,1,1,162279.0
20101216,1,1,1,163790.0
20101217,1,1,1,170751.0
20101220,1,1,1,173023.0
20101221,1,1,1,179040.0
20101222,1,1,1,175294.0
20101223,1,1,1,175384.0
20101227,1,1,1,173699.0
20101228,1,1,1,175233.0
20101229,1,1,1,172777.0
20101230,1,1,1,168862.0
20101231,1,1,1,173371.0
20110103,1,1,1,172066.0
20110104,1,1,1,169520.0
20110105,1,1,1,170843.0
20110106,1,1,1,166657.0
20110107,1,1,1,166930.0
20110110,1,1,1,168696.0
20110111,1,1,1,173121.0
20110112,1,1,1,174876.0
20110113,1,1,1,171803.0
20110114,1,1,1,168095.0
20110118,1,1,1,170634.0
20110119,1,1,1,171383.0
20110120,1,1,1,173266.0
20110121,1,1,1,179633.0
20110124,1,1,1,180948.0
20110125,1,1,1,178098.0
20110126,1,1,1,184387.0
20110127,1,1,1,186637.0
20110128,1,1,1,187066.0
20110131,1,1,1,188870.0
20110201,1,1,1,192474.0
20110202,1,1,1,196361.0
20110203,1,1,1,190875.0
20110204,1,1,1,188778.0
20110207,1,1,1,192317.0
20110208,1,1,1,190198.0
20110209,0,1,1,194326.0
20110210,0,1,1,198576.0
20110211,0,1,1,198684.0
20110214,0,1,1,199255.0
20110215,0,1,1,201465.0
20110216,0,1,1,205152.0
20110217,0,1,1,211371.0
20110218,0,1,1,209427.0
20110222,0,1,1,206434.0
20110223,0,1,1,202746.0
20110224,0,1,1,197446.0
20110225,0,1,1,202127.0
20110228,0,1,1,207090.0
20110301,0,1,1,207375.0
20110302,0,1,1,210969.0
20110303,0,1,1,215469.0
20110304,0,1,1,218237.0
20110307,0,1,1,222089.0
20110308,0,1,1,220857.0
20110309,0,1,1,222361.0
20110310,0,1,1,215284.0
20110311,0,1,1,214957.0
20110314,0,1,1,211045.0
20110315,0,1,1,203664.0
20110316,0,1,1,201654.0
20110317,0,1,1,207235.0
20110318,0,1,1,212722.0
20110321,0,1,1,212942.0
20110322,0,1,1,215111.0
20110323,0,1,1,211247.0
20110324,0,1,1,213672.0
20110325,0,1,1,212932.0
20110328,0,1,1,207445.0
20110329,0,1,1,205371.0
20110330,0,1,1,205854.0
20110331,0,1,1,208759.0
20110401,0,1,1,205031.0
20110404,0,1,1,203437.0
20110405,0,1,1,210711.0
20110406,0,1,1,213049.0
20110407,0,1,1,215997.0
20110408,0,1,1,214179.0
20110411,0,1,1,214890.0
20110412,1,1,1,212079.0
20110413,1,1,1,214324.0
20110414,1,1,1,214605.0
20110415,1,1,1,216368.0
20110418,1,1,1,215573.0
20110419,1,1,1,214788.0
20110420,1,1,1,213646.0
20110421,1,1,1,211720.0
20110425,1,1,1,210202.0
20110426,1,1,0,210638.0
20110427,1,1,0,210989.0
20110428,1,1,0,212543.0
20110429,1,1,0,213078.0
20110502,1,1,0,215473.0
20110503,1,1,0,215665.0
20110504,1,1,0,212080.0
20110505,1,1,0,210285.0
20110506,1,1,0,210459.0
20110509,1,1,0,209854.0
20110510,1,1,0,207035.0
20110511,1,1,0,204533.0
20110512,1,0,0,203690.0
20110513,1,0,0,203556.0
20110516,1,0,0,203197.0
20110517,1,0,0,203018.0
20110518,1,0,0,201988.0
20110519,1,0,0,203141.0
20110520,1,0,0,202480.0
20110523,1,0,0,203488.0
20110524,1,0,0,203040.0
20110525,1,0,0,202223.0
20110526,1,0,0,202167.0
20110527,1,0,0,201831.0
20110531,1,0,0,201618.0
20110601,1,0,0,202424.0
20110602,1,0,0,201237.0
20110603,1,0,0,200756.0
20110606,1,0,0,201159.0
20110607,1,0,0,200308.0
20110608,0,0,0,200134.0
20110609,0,0,0,200134.0
20110610,0,0,0,200134.0
20110613,0,0,0,200134.0
20110614,0,0,0,200134.0
20110615,0,0,0,200134.0
20110616,0,0,0,200134.0
20110617,0,1,0,200703.0
20110620,0,1,0,203028.0
20110621,0,1,0,202785.0
20110622,0,1,0,203066.0
20110623,0,1,0,202128.0
20110624,0,1,0,201453.0
20110627,0,1,0,201247.0
20110628,1,1,0,198250.0
20110629,1,1,0,197474.0
20110630,1,1,0,194987.0
20110701,1,1,0,196738.0
20110705,1,1,0,195030.0
20110706,1,1,0,195775.0
20110707,1,1,0,197424.0
20110708,1,1,0,199232.0
20110711,1,1,0,200333.0
20110712,1,1,1,202585.0
20110713,1,1,1,197982.0
20110714,1,1,1,200716.0
20110715,1,1,1,204960.0
20110718,1,1,1,208242.0
20110719,1,1,1,207694.0
20110720,1,1,1,208065.0
20110721,1,1,1,211142.0
20110722,1,1,1,212543.0
20110725,1,1,1,212286.0
20110726,1,1,1,209741.0
20110727,1,1,1,209935.0
20110728,1,1,1,210056.0
20110729,1,1,1,209996.0
20110801,1,1,1,206740.0
20110802,1,1,1,204239.0
20110803,1,1,1,205545.0
20110804,1,1,1,207546.0
20110805,1,1,1,208129.0
20110808,1,1,1,210857.0
20110809,1,1,1,212182.0
20110810,1,1,1,211290.0
20110811,1,1,1,210308.0
20110812,1,1,1,208114.0
20110815,1,1,1,203870.0
20110816,1,1,1,202492.0
20110817,1,0,1,197900.0
20110818,1,0,1,197920.0
20110819,1,0,1,200346.0
20110822,1,0,1,200041.0
20110823,1,0,1,200679.0
20110824,1,0,1,200087.0
20110825,1,0,1,200505.0
20110826,1,0,1,200467.0
20110829,1,0,1,199798.0
20110830,1,0,1,199245.0
20110831,1,0,1,199117.0
20110901,1,1,1,199115.0
20110902,1,1,1,197963.0
20110906,1,1,1,194079.0
20110907,1,1,1,193545.0
20110908,1,1,0,191858.0
20110909,1,1,0,186929.0
20110912,1,1,0,187868.0
20110913,1,1,0,187445.0
20110914,1,1,0,186044.0
20110915,1,0,0,184627.0
20110916,1,0,0,182409.0
20110919,0,0,0,182269.0
20110920,0,0,0,182269.0
20110921,0,0,0,182269.0
20110922,0,0,0,182269.0
20110923,0,1,0,183058.0
20110926,0,1,0,181371.0
20110927,0,1,0,179533.0
20110928,0,1,0,182290.0
20110929,0,1,0,183171.0
20110930,0,1,0,184015.0
20111003,0,1,0,186058.0
20111004,0,1,0,184896.0
20111005,0,1,0,184465.0
20111006,0,1,0,181952.0
20111007,0,1,0,185721.0
20111010,0,1,0,184990.0
20111011,0,1,0,186077.0
20111012,0,1,0,183808.0
20111013,0,1,0,180733.0
20111014,0,1,0,180021.0
20111017,0,1,0,182102.0
20111018,0,1,0,183040.0
20111019,0,1,0,181296.0
20111020,0,1,0,182983.0
20111021,0,1,0,178033.0
20111024,0,1,0,175802.0
20111025,0,1,0,181146.0
20111026,0,1,0,182215.0
20111027,0,1,0,181877.0
20111028,0,1,0,181671.0
20111031,0,1,0,184746.0
20111101,0,1,0,185983.0
20111102,0,1,0,185852.0
20111103,0,1,0,184802.0
20111104,0,1,0,183527.0
20111107,0,1,0,182477.0
20111108,0,1,0,183752.0
20111109,0,1,0,183527.0
20111110,0,1,0,183602.0
20111111,0,1,0,182140.0
20111114,0,1,0,183321.0
20111115,0,1,0,180115.0
20111116,0,1,0,181483.0
20111117,0,1,0,182590.0
20111118,0,1,0,181558.0
20111121,0,1,1,183038.0
20111122,1,1,1,182708.0
20111123,1,1,1,183768.0
20111125,1,1,1,185069.0
20111128,1,1,1,186364.0
20111129,1,1,1,185343.0
20111130,1,1,1,182533.0
20111201,1,1,1,182900.0
20111202,1,1,1,185093.0
20111205,1,1,1,181629.0
20111206,1,1,1,180966.0
20111207,1,1,1,185194.0
20111208,1,1,1,184564.0
20111209,1,1,1,186529.0
20111212,1,1,1,190800.0
20111213,1,1,1,189844.0
20111214,1,1,1,193513.0
20111215,1,1,1,193077.0
20111216,1,1,1,193701.0
20111219,1,1,1,191659.0
20111220,1,1,1,190100.0
20111221,1,1,1,191358.0
20111222,1,1,1,190461.0
20111223,1,1,1,190949.0
20111227,1,1,1,189392.0
20111228,1,1,1,187082.0
20111229,1,1,1,187119.0
20111230,1,1,1,186294.0
20120103,1,1,1,182807.0
20120104,1,1,0,182821.0
20120105,1,1,0,186947.0
20120106,1,1,0,185942.0
20120109,1,1,0,185849.0
20120110,1,1,0,184334.0
20120111,1,0,0,181151.0
20120112,1,0,0,181621.0
20120113,1,0,0,180983.0
20120117,1,0,0,180960.0
20120118,1,0,0,180804.0
20120119,0,0,0,180070.0
20120120,0,0,0,180070.0
20120123,0,0,0,180070.0
20120124,0,0,0,180070.0
20120125,0,0,0,180070.0
20120126,0,0,0,180070.0
20120127,0,0,0,180070.0
20120130,0,0,0,180070.0
20120131,0,0,0,180070.0
20120201,0,0,0,180070.0
20120202,0,1,0,178852.0
20120203,0,1,0,178720.0
20120206,0,1,0,177652.0
20120207,0,1,0,176845.0
20120208,0,1,0,177183.0
20120209,0,1,0,178702.0
20120210,0,1,0,178964.0
20120213,0,1,0,180014.0
20120214,0,1,0,183183.0
20120215,0,1,0,184533.0
20120216,0,1,0,185039.0
20120217,0,1,0,184608.0
20120221,0,1,0,183220.0
20120222,0,1,0,184795.0
20120223,1,1,0,184665.0
20120224,1,1,0,184487.0
20120227,1,1,0,184482.0
20120228,1,1,0,183617.0
20120229,1,1,0,184383.0
20120301,1,1,0,183885.0
20120302,1,1,0,184871.0
20120305,1,1,0,184595.0
20120306,1,1,0,187133.0
20120307,1,1,0,188656.0
20120308,1,1,0,188401.0
20120309,1,1,0,189265.0
20120312,1,1,0,189894.0
20120313,1,1,0,189810.0
20120314,1,1,0,191114.0
20120315,1,1,0,191663.0
20120316,1,1,0,192669.0
20120319,1,1,0,192517.0
20120320,1,1,0,192424.0
20120321,1,1,0,191698.0
20120322,1,1,0,195254.0
20120323,1,1,0,194265.0
20120326,1,1,0,193294.0
20120327,1,1,0,189550.0
20120328,1,1,0,191512.0
20120329,1,1,0,193974.0
20120330,1,1,0,191847.0
20120402,1,1,0,190295.0
20120403,1,1,0,190244.0
20120404,1,1,0,190660.0
20120405,1,1,0,191495.0
20120409,1,1,0,193184.0
20120410,1,1,0,192519.0
20120411,1,1,0,191783.0
20120412,1,1,0,191486.0
20120413,0,1,0,192406.0
20120416,0,1,0,194037.0
20120417,0,1,0,194468.0
20120418,0,1,0,194356.0
20120419,0,1,0,194112.0
20120420,0,1,0,192875.0
20120423,0,1,0,192875.0
20120424,0,1,0,191168.0
20120425,0,1,0,193700.0
20120426,1,1,0,194028.0
20120427,1,1,0,193829.0
20120430,1,1,0,192786.0
20120501,1,1,0,191251.0
20120502,1,1,0,192224.0
20120503,1,1,0,194718.0
20120504,1,1,0,194989.0
20120507,1,1,0,194495.0
20120508,1,1,0,195351.0
20120509,1,1,0,195302.0
20120510,1,1,1,194771.0
20120511,1,1,1,197016.0
20120514,1,1,1,196735.0
20120515,1,1,1,196251.0
20120516,1,1,1,197126.0
20120517,1,1,1,196353.0
20120518,1,1,1,196476.0
20120521,1,1,1,198312.0
20120522,1,1,1,200705.0
20120523,1,1,1,205385.0
20120524,1,1,1,204092.0
20120525,1,1,1,203869.0
20120529,1,1,1,205280.0
20120530,1,1,1,206656.0
20120531,1,1,1,207810.0
20120601,1,1,1,210840.0
20120604,1,1,1,210727.0
20120605,1,1,1,212212.0
20120606,1,1,1,209883.0
20120607,1,1,1,207759.0
20120608,1,1,1,208401.0
20120611,1,1,1,207020.0
20120612,1,1,1,207409.0
20120613,1,1,1,208573.0
20120614,1,1,1,208199.0
20120615,1,1,1,206658.0
20120618,1,1,1,206403.0
20120619,1,1,1,201585.0
20120620,1,1,1,204655.0
20120621,1,1,1,205147.0
20120622,1,1,1,206817.0
20120625,1,1,1,205082.0
20120626,1,1,1,203046.0
20120627,1,1,1,202697.0
20120628,0,1,1,202088.0
20120629,0,1,1,198309.0
20120702,0,1,1,196502.0
20120703,0,0,1,195993.0
20120705,0,0,1,197003.0
20120706,0,0,1,196983.0
20120709,0,0,1,196948.0
20120710,0,0,1,196933.0
20120711,0,0,1,196783.0
20120712,0,0,1,197328.0
20120713,0,0,1,195963.0
20120716,0,0,1,195643.0
20120717,0,0,1,196768.0
20120718,0,0,1,196328.0
20120719,0,0,1,195978.0
20120720,0,0,1,195823.0
20120723,0,0,1,196198.0
20120724,0,0,1,196778.0
20120725,0,0,1,197538.0
20120726,0,0,1,196598.0
20120727,0,0,1,196568.0
20120730,0,0,1,196728.0
20120731,0,0,1,196623.0
20120801,0,0,1,197013.0
20120802,0,0,1,196808.0
20120803,0,0,0,195913.0
20120806,0,0,0,195913.0
20120807,0,0,0,195913.0
20120808,0,0,0,195913.0
20120809,0,0,0,195913.0
20120810,0,0,0,195913.0
20120813,0,0,0,195913.0
20120814,0,0,0,195913.0
20120815,0,0,0,195913.0
20120816,0,0,0,195913.0
20120817,0,0,0,195913.0
20120820,0,0,0,195913.0
20120821,0,0,0,195913.0
20120822,0,0,0,195913.0
20120823,0,0,0,195913.0
20120824,0,0,0,195913.0
20120827,0,0,0,195913.0
20120828,0,0,0,195913.0
20120829,0,0,0,195913.0
20120830,0,0,0,195913.0
20120831,0,0,0,195913.0
20120904,0,0,0,195913.0
20120905,0,0,0,195913.0
20120906,0,0,0,195913.0
20120907,0,0,0,195913.0
20120910,0,0,0,195913.0
20120911,0,0,0,195913.0
20120912,0,0,0,195913.0
20120913,0,0,0,195913.0
20120914,0,0,0,195913.0
20120917,0,0,0,195913.0
20120918,0,0,0,195913.0
20120919,0,0,0,195913.0
20120920,0,0,0,195913.0
20120921,0,0,0,195913.0
20120924,0,0,0,195913.0
20120925,0,0,0,195913.0
20120926,0,0,0,195913.0
20120927,0,0,0,195913.0
20120928,0,0,0,195913.0
20121001,0,0,0,195913.0
20121002,0,0,0,195913.0
20121003,0,0,0,195913.0
20121004,0,0,0,195913.0
20121005,0,0,0,195913.0
20121008,0,0,0,195913.0
20121009,0,0,0,195913.0
20121010,0,0,0,195913.0
20121011,0,0,0,195913.0
20121012,0,0,0,195913.0
20121015,0,0,0,195913.0
20121016,0,0,0,195913.0
20121017,0,0,1,196016.0
20121018,0,0,1,195946.0
20121019,0,0,1,195526.0
20121022,0,0,1,195551.0
20121023,0,0,1,194221.0
20121024,0,0,0,193766.0
20121025,0,0,0,193766.0
20121026,0,0,0,193766.0
20121029,0,0,0,193766.0
20121030,0,0,0,193766.0
20121031,0,0,0,193766.0
20121101,0,0,0,193766.0
20121102,0,0,0,193766.0
20121105,0,1,0,194066.0
20121106,0,1,0,194178.0
20121107,0,1,0,193953.0
20121108,0,1,0,193878.0
20121109,0,1,0,194441.0
20121112,0,1,0,193447.0
20121113,0,1,0,196053.0
20121114,0,1,0,195491.0
20121115,0,1,0,195022.0
20121116,0,1,0,195585.0
20121119,0,1,0,193747.0
20121120,0,1,0,195603.0
20121121,0,1,0,195228.0
20121123,0,1,0,196222.0
20121126,0,1,0,196935.0
20121127,0,1,0,196841.0
20121128,0,1,0,194703.0
20121129,0,1,0,194122.0
20121130,0,1,0,196297.0
20121203,0,1,0,196260.0
20121204,0,1,0,197141.0
20121205,0,1,0,196860.0
20121206,0,1,0,196166.0
20121207,0,1,0,195078.0
20121210,0,1,0,197647.0
20121211,0,1,0,196710.0
20121212,1,1,0,197831.0
20121213,1,1,0,198918.0
20121214,1,1,0,198561.0
20121217,1,1,0,197063.0
20121218,1,1,0,197816.0
20121219,1,1,0,197658.0
20121220,1,1,0,198367.0
20121221,1,1,0,196998.0
20121224,1,1,0,197106.0
20121226,1,1,0,196585.0
20121227,1,1,0,196287.0
20121228,1,1,0,196714.0
20121231,1,1,0,197757.0
20130102,1,1,0,195455.0
20130103,1,1,0,197204.0
20130104,1,1,0,197165.0
20130107,1,1,0,196010.0
20130108,1,1,0,197066.0
20130109,1,1,0,197104.0
20130110,1,1,0,196179.0
20130111,1,1,0,194556.0
20130114,1,1,0,194878.0
20130115,1,1,0,195491.0
20130116,1,1,1,195349.0
20130117,1,1,1,194670.0
20130118,1,0,1,194180.0
20130122,1,0,1,195150.0
20130123,1,0,1,195000.0
20130124,1,0,1,196216.0
20130125,1,0,1,195154.0
20130128,1,0,1,195027.0
20130129,1,0,1,196089.0
20130130,1,0,1,196004.0
20130131,1,0,1,195921.0
20130201,1,0,1,195813.0
20130204,1,0,1,195372.0
20130205,1,0,1,195447.0
20130206,1,0,1,195967.0
20130207,1,0,1,195840.0
20130208,1,0,1,196498.0
20130211,1,0,1,196287.0
20130212,1,0,1,196135.0
20130213,1,0,1,195472.0
20130214,1,1,1,195771.0
20130215,1,1,1,196110.0
20130219,1,1,1,197008.0
20130220,1,1,1,195809.0
20130221,1,1,1,195414.0
20130222,1,1,1,194320.0
20130225,1,1,1,193940.0
20130226,1,1,1,193890.0
20130227,1,1,1,195150.0
20130228,1,1,1,195352.0
20130301,1,1,1,195888.0
20130304,1,1,1,194890.0
20130305,1,1,1,197189.0
20130306,1,1,1,197271.0
20130307,0,1,1,195686.0
20130308,0,1,1,195520.0
20130311,0,1,1,195553.0
20130312,0,1,1,196383.0
20130313,0,1,1,197679.0
20130314,0,1,1,199160.0
20130315,0,1,1,200786.0
20130318,0,1,1,201133.0
20130319,0,1,1,201696.0
20130320,0,1,1,200549.0
20130321,0,1,1,200043.0
20130322,0,1,1,199006.0
20130325,0,1,1,198544.0
20130326,0,1,1,198519.0
20130327,0,1,1,199139.0
20130328,1,1,1,198806.0
20130401,1,1,1,197768.0
20130402,1,1,1,199464.0
20130403,1,1,1,198502.0
20130404,1,1,1,197848.0
20130405,1,1,1,196857.0
20130408,1,1,1,197690.0
20130409,1,1,1,197485.0
20130410,1,1,1,197404.0
20130411,1,1,1,196817.0
20130412,1,1,1,197814.0
20130415,1,1,1,197726.0
20130416,1,1,0,196694.0
20130417,1,1,0,197023.0
20130418,1,1,0,195721.0
20130419,1,1,0,194507.0
20130422,1,1,0,194657.0
20130423,1,1,0,196816.0
20130424,1,1,0,196834.0
20130425,1,1,0,197198.0
20130426,1,1,0,198446.0
20130429,1,1,0,198488.0
20130430,1,1,0,197814.0
20130501,1,1,0,198266.0
20130502,1,1,0,196182.0
20130503,1,1,0,195717.0
20130506,1,1,0,195085.0
20130507,1,1,0,194919.0
20130508,1,0,0,194497.0
20130509,1,0,0,194497.0
20130510,1,0,0,194542.0
20130513,1,0,0,194743.0
20130514,1,0,0,195001.0
20130515,1,0,0,195079.0
20130516,1,0,0,195214.0
20130517,1,0,0,195146.0
20130520,1,0,0,195236.0
20130521,1,0,0,195180.0
20130522,1,1,0,196765.0
20130523,1,1,1,196325.0
20130524,1,1,1,197430.0
20130528,1,1,1,197900.0
20130529,1,1,1,197885.0
20130530,1,1,1,198848.0
20130531,1,1,1,198895.0
20130603,1,1,1,196798.0
20130604,1,1,1,196261.0
20130605,1,1,1,196856.0
20130606,1,1,1,195319.0
20130607,1,1,1,196317.0
20130610,1,1,0,194723.0
20130611,1,1,0,195293.0
20130612,1,1,0,197314.0
20130613,1,1,0,196924.0
20130614,1,1,0,196919.0
20130617,1,1,0,196957.0
20130618,1,1,0,197054.0
20130619,1,1,0,196500.0
20130620,1,1,0,199411.0
20130621,1,1,0,198752.0
20130624,1,1,0,198198.0
20130625,1,1,0,197824.0
20130626,1,1,0,198623.0
20130627,1,1,0,197687.0
20130628,1,1,0,198351.0
20130701,1,1,0,198158.0
20130702,1,1,0,197306.0
20130703,1,1,0,198536.0
20130705,1,1,0,198771.0
20130708,1,1,0,197868.0
20130709,1,1,0,198307.0
20130710,1,1,0,198632.0
20130711,1,1,0,198144.0
20130712,1,1,0,199689.0
20130715,1,1,0,198133.0
20130716,1,1,0,197300.0
20130717,1,1,0,196460.0
20130718,1,0,0,194198.0
20130719,1,0,0,194075.0
20130722,1,0,0,193952.0
20130723,1,0,0,194019.0
20130724,1,0,0,194243.0
20130725,1,0,0,193963.0
20130726,1,0,0,193873.0
20130729,1,0,0,193369.0
20130730,1,0,0,193358.0
20130731,1,0,0,193313.0
20130801,1,0,0,193470.0
20130802,1,0,0,193515.0
20130805,1,0,0,193773.0
20130806,1,0,0,193784.0
20130807,1,0,0,193526.0
20130808,1,0,0,193481.0
20130809,0,0,0,193241.0
20130812,0,0,0,193241.0
20130813,0,0,1,193906.0
20130814,0,0,1,193821.0
20130815,0,0,1,193941.0
20130816,0,0,1,194706.0
20130819,0,0,1,194476.0
20130820,0,0,1,192476.0
20130821,0,0,0,190606.0
20130822,0,0,0,190606.0
20130823,0,0,0,190606.0
20130826,0,0,0,190606.0
20130827,0,0,0,190606.0
20130828,0,0,0,190606.0
20130829,0,0,0,190606.0
20130830,0,0,0,190606.0
20130903,0,0,0,190606.0
20130904,0,0,0,190606.0
20130905,0,0,0,190606.0
20130906,0,0,0,190606.0
20130909,0,0,0,190606.0
20130910,0,0,0,190606.0
20130911,0,0,0,190606.0
20130912,0,0,0,190606.0
20130913,0,0,0,190606.0
20130916,0,0,0,190606.0
20130917,0,1,0,190344.0
20130918,0,1,0,190363.0
20130919,0,1,0,190025.0
20130920,0,1,0,190456.0
20130923,0,1,0,189556.0
20130924,0,1,0,189256.0
20130925,1,1,0,189694.0
20130926,1,1,0,190294.0
20130927,1,1,0,190522.0
20130930,1,1,0,190970.0
20131001,1,1,0,191021.0
20131002,1,1,0,191103.0
20131003,1,1,0,190776.0
20131004,1,1,0,191088.0
20131007,1,1,0,191174.0
20131008,1,1,0,191001.0
20131009,1,1,0,190892.0
20131010,1,1,0,191357.0
20131011,1,1,0,190729.0
20131014,1,1,0,190751.0
20131015,1,1,0,190566.0
20131016,1,1,0,191138.0
20131017,1,1,0,191558.0
20131018,1,1,0,192137.0
20131021,1,1,0,192778.0
20131022,1,1,0,193093.0
20131023,1,1,1,193420.0
20131024,1,1,1,193907.0
20131025,1,1,1,194489.0
20131028,1,1,1,195151.0
20131029,1,1,1,195015.0
20131030,1,1,1,195157.0
20131031,1,1,1,196031.0
20131101,1,1,1,196196.0
20131104,1,1,1,197284.0
20131105,1,1,1,197315.0
20131106,1,1,1,197302.0
20131107,1,1,1,196471.0
20131108,1,1,1,196419.0
20131111,1,1,1,196550.0
20131112,0,1,1,194985.0
20131113,0,1,1,196008.0
20131114,0,1,1,196846.0
20131115,0,1,1,195182.0
20131118,0,1,1,195296.0
20131119,0,1,1,195708.0
20131120,0,1,1,194800.0
20131121,0,1,1,194245.0
20131122,0,1,1,196267.0
20131125,0,1,1,195258.0
20131126,0,1,1,194843.0
20131127,0,1,1,195437.0
20131129,0,1,1,193951.0
20131202,0,1,1,194672.0
20131203,0,1,1,194565.0
20131204,0,1,1,195020.0
20131205,0,1,1,196020.0
20131206,0,1,1,195090.0
20131209,0,1,1,195227.0
20131210,0,1,1,193506.0
20131211,0,1,0,192702.0
20131212,0,1,0,192102.0
20131213,1,0,0,190763.0
20131216,1,0,0,190763.0
20131217,1,0,0,191111.0
20131218,1,0,0,191189.0
20131219,1,0,0,190898.0
20131220,1,0,0,190562.0
20131223,1,0,0,190808.0
20131224,1,0,0,190831.0
20131226,1,0,0,190741.0
20131227,1,0,0,190584.0
20131230,1,0,0,190640.0
20131231,1,0,0,190607.0
20140102,1,0,0,190741.0
20140103,1,0,0,190976.0
20140106,1,0,0,190976.0
20140107,1,0,0,190999.0
20140108,1,0,0,191357.0
20140109,1,0,0,191648.0
20140110,1,0,0,191547.0
20140113,1,0,0,191514.0
20140114,1,0,0,191637.0
20140115,1,0,0,191928.0
20140116,1,0,0,191682.0
20140117,1,0,0,191939.0
20140121,1,0,0,191939.0
20140122,1,0,0,192152.0
20140123,1,0,0,192141.0
20140124,1,0,0,192063.0
20140127,1,0,0,192410.0
20140128,1,0,0,192163.0
20140129,1,0,0,192477.0
20140130,1,0,0,192197.0
20140131,1,1,0,192545.0
20140203,1,1,0,196363.0
20140204,1,1,0,196117.0
20140205,1,1,0,198641.0
20140206,1,1,0,196165.0
20140207,1,1,0,196281.0
20140210,1,1,1,196037.0
20140211,1,1,1,197264.0
20140212,1,1,1,198109.0
20140213,1,1,1,197442.0
20140214,1,1,1,197582.0
20140218,1,1,1,201915.0
20140219,1,1,1,207450.0
20140220,1,1,1,206285.0
20140221,0,1,1,206368.0
20140224,0,1,1,209412.0
20140225,0,1,1,208399.0
20140226,0,1,1,208453.0
20140227,0,1,1,209773.0
20140228,0,1,1,209813.0
20140303,0,1,1,215339.0
20140304,0,1,1,212784.0
20140305,0,1,1,218836.0
20140306,0,1,1,217767.0
20140307,0,1,1,218084.0
20140310,0,1,1,220686.0
20140311,0,1,1,221574.0
20140312,0,1,1,221718.0
20140313,0,1,1,221702.0
20140314,0,1,1,219126.0
20140317,0,1,1,216421.0
20140318,0,1,1,216927.0
20140319,0,1,1,214503.0
20140320,0,1,1,210027.0
20140321,0,1,1,209467.0
20140324,0,1,1,210096.0
20140325,0,1,1,211423.0
20140326,0,1,1,210461.0
20140327,0,1,1,211042.0
20140328,0,1,1,213226.0
20140331,0,1,1,212103.0
20140401,0,1,1,210384.0
20140402,0,1,1,209148.0
20140403,0,1,1,209596.0
20140404,0,1,1,214206.0
20140407,0,1,1,216447.0
20140408,0,1,1,218213.0
20140409,0,1,1,218794.0
20140410,0,1,1,220428.0
20140411,0,1,1,218609.0
20140414,0,1,1,220998.0
20140415,0,1,1,215872.0
20140416,0,1,1,214187.0
20140417,0,1,1,219791.0
20140421,0,1,1,217888.0
20140422,0,1,1,223733.0
20140423,0,1,1,223634.0
20140424,0,1,1,224233.0
20140425,0,1,1,221333.0
20140428,0,1,1,218629.0
20140429,0,1,1,223576.0
20140430,0,1,1,221422.0
20140501,0,1,1,220739.0
20140502,0,1,1,220443.0
20140505,0,1,1,221427.0
20140506,0,1,1,219917.0
20140507,0,1,1,218733.0
20140508,0,1,1,216921.0
20140509,0,1,1,212226.0
20140512,0,1,0,213782.0
20140513,0,1,0,212919.0
20140514,0,1,0,211888.0
20140515,0,1,0,216613.0
20140516,0,1,0,212207.0
20140519,0,1,0,211626.0
20140520,0,0,0,210544.0
20140521,0,0,0,210544.0
20140522,0,0,0,210544.0
20140523,0,0,1,210639.0
20140527,0,0,1,211309.0
20140528,0,0,1,211359.0
20140529,0,0,1,210719.0
20140530,0,0,1,210659.0
20140602,0,0,1,210554.0
20140603,0,0,1,210114.0
20140604,0,0,1,210754.0
20140605,0,0,1,211044.0
20140606,0,0,1,211404.0
20140609,0,0,1,211519.0
20140610,0,0,1,210644.0
20140611,0,0,1,211039.0
20140612,0,0,1,210984.0
20140613,0,0,1,210304.0
20140616,0,0,1,210619.0
20140617,0,0,1,211019.0
20140618,0,0,1,210584.0
20140619,0,0,1,210614.0
20140620,0,0,1,210639.0
20140623,0,0,1,210339.0
20140624,0,0,1,210934.0
20140625,0,0,1,211549.0
20140626,0,0,1,211864.0
20140627,0,0,1,211754.0
20140630,0,0,1,212424.0
20140701,0,0,1,212479.0
20140702,0,0,1,212944.0
20140703,0,0,1,213149.0
20140707,1,0,1,214063.0
20140708,1,0,1,213928.0
20140709,1,0,1,214434.0
20140710,1,0,1,215140.0
20140711,1,0,1,215601.0
20140714,1,0,1,215377.0
20140715,1,0,1,215629.0
20140716,1,0,1,215841.0
20140717,1,0,1,216004.0
20140718,1,0,1,215903.0
20140721,1,0,1,215581.0
20140722,1,0,1,215605.0
20140723,1,0,1,215744.0
20140724,1,0,1,216658.0
20140725,1,0,1,216908.0
20140728,1,0,1,216867.0
20140729,1,0,1,217660.0
20140730,1,0,1,218154.0
20140731,1,0,1,218909.0
20140801,1,0,1,218832.0
20140804,1,0,1,218381.0
20140805,1,0,1,218844.0
20140806,1,0,1,218326.0
20140807,1,0,1,218793.0
20140808,1,0,1,218598.0
20140811,1,0,1,218391.0
20140812,1,0,1,219118.0
20140813,1,0,1,218477.0
20140814,1,0,1,218625.0
20140815,1,0,1,218774.0
20140818,1,0,1,219298.0
20140819,1,0,1,219373.0
20140820,1,0,1,218290.0
20140821,1,0,1,217911.0
20140822,1,0,1,218173.0
20140825,1,0,1,218501.0
20140826,1,0,1,217739.0
20140827,1,0,1,217600.0
20140828,1,0,1,218062.0
20140829,1,0,1,218146.0
20140902,1,0,1,218406.0
20140903,1,0,1,218305.0
20140904,1,0,1,219109.0
20140905,1,0,1,219824.0
20140908,1,0,1,219522.0
20140909,1,0,1,219219.0
20140910,1,0,1,218947.0
20140911,1,0,1,218651.0
20140912,1,0,1,219346.0
20140915,1,0,1,220549.0
20140916,1,0,1,220828.0
20140917,1,0,1,220394.0
20140918,1,0,1,220810.0
20140919,1,0,1,221464.0
20140922,1,0,1,221715.0
20140923,1,0,1,221494.0
20140924,1,0,1,221934.0
20140925,1,0,1,221817.0
20140926,1,0,1,221034.0
20140929,1,0,1,220976.0
20140930,1,0,1,221418.0
20141001,1,0,1,221482.0
20141002,1,1,1,221119.0
20141003,1,1,1,219585.0
20141006,1,1,1,223388.0
20141007,1,1,1,221248.0
20141008,1,1,1,220819.0
20141009,1,1,1,224240.0
20141010,1,1,1,223859.0
20141013,1,1,1,222402.0
20141014,1,1,1,224101.0
20141015,1,1,1,222460.0
20141016,1,1,1,222757.0
20141017,1,1,1,220675.0
20141020,1,1,1,216744.0
20141021,1,1,1,216838.0
20141022,1,1,1,213638.0
20141023,1,0,1,213714.0
20141024,1,0,1,213082.0
20141027,1,0,1,213544.0
20141028,1,0,1,213032.0
20141029,1,0,0,212532.0
20141030,1,0,0,212532.0
20141031,1,0,0,212823.0
20141103,1,0,0,212946.0
20141104,1,0,0,213226.0
20141105,1,0,0,213417.0
20141106,1,0,0,213450.0
20141107,1,0,0,213215.0
20141110,1,0,0,213249.0
20141111,1,0,0,212610.0
20141112,1,0,0,212465.0
20141113,1,0,1,213407.0
20141114,1,0,1,213495.0
20141117,1,0,1,213905.0
20141118,1,0,1,213593.0
20141119,1,0,1,213793.0
20141120,1,0,1,213656.0
20141121,1,0,1,213337.0
20141124,1,0,1,213793.0
20141125,1,0,1,213543.0
20141126,1,0,1,213048.0
20141128,1,0,1,213617.0
20141201,1,0,1,214067.0
20141202,1,0,1,214359.0
20141203,1,0,1,214397.0
20141204,1,0,1,213873.0
20141205,1,0,1,214341.0
20141208,1,0,1,214327.0
20141209,1,0,1,213907.0
20141210,1,0,1,214006.0
20141211,1,0,1,213910.0
20141212,1,0,1,214070.0
20141215,1,0,1,214038.0
20141216,1,0,1,214753.0
20141217,1,0,1,214306.0
20141218,1,0,1,213919.0
20141219,1,0,1,213895.0
20141222,1,0,1,213455.0
20141223,1,0,0,213213.0
20141224,1,0,0,213292.0
20141226,1,0,0,213359.0
20141229,1,0,0,213471.0
20141230,1,0,0,213460.0
20141231,1,0,0,213560.0
20150102,1,1,0,214137.0
20150105,1,1,0,211393.0
20150106,1,1,0,208160.0
20150107,1,1,0,208204.0
20150108,1,1,0,207399.0
20150109,1,1,0,206184.0
20150112,1,1,0,207589.0
20150113,1,1,0,207391.0
20150114,1,1,0,206236.0
20150115,1,1,0,206966.0
20150116,1,1,0,209107.0
20150120,0,1,1,211196.0
20150121,0,1,1,212230.0
20150122,0,1,1,212842.0
20150123,0,1,1,212135.0
20150126,0,1,1,211700.0
20150127,0,1,1,209238.0
20150128,0,1,1,209096.0
20150129,0,1,1,211918.0
20150130,0,1,1,211311.0
20150202,0,1,1,210840.0
20150203,0,1,0,210857.0
20150204,0,1,0,209301.0
20150205,0,1,0,209357.0
20150206,0,1,0,208570.0
20150209,0,1,0,208288.0
20150210,0,1,0,211363.0
20150211,0,1,0,211345.0
20150212,0,1,0,209413.0
20150213,0,1,0,209770.0
20150217,0,1,0,212638.0
20150218,0,1,1,213494.0
20150219,0,1,1,214791.0
20150220,0,1,1,214682.0
20150223,0,1,1,216196.0
20150224,0,1,1,216307.0
20150225,1,1,1,218877.0
20150226,1,1,1,219570.0
20150227,1,1,1,219696.0
20150302,1,1,1,220607.0
20150303,1,1,1,223435.0
20150304,1,1,1,220618.0
20150305,1,1,1,221259.0
20150306,1,1,1,219310.0
20150309,1,1,1,220228.0
20150310,1,1,0,220814.0
20150311,1,1,0,221917.0
20150312,1,1,0,221670.0
20150313,1,1,0,223142.0
20150316,1,1,0,219824.0
20150317,1,1,0,219876.0
20150318,1,1,0,219264.0
20150319,1,1,0,217850.0
20150320,1,1,0,218083.0
20150323,1,1,0,218578.0
20150324,1,1,0,220609.0
20150325,1,1,0,219537.0
20150326,1,1,0,219626.0
20150327,1,1,0,220630.0
20150330,1,1,0,222980.0
20150331,1,1,0,222841.0
20150401,1,1,0,221673.0
20150402,1,1,0,218934.0
20150406,1,1,0,217171.0
20150407,1,1,1,218597.0
20150408,1,1,1,220872.0
20150409,1,1,1,220151.0
20150410,1,1,1,220418.0
20150413,1,1,1,220871.0
20150414,1,1,1,220280.0
20150415,1,1,1,220181.0
20150416,1,1,1,217933.0
20150417,1,1,1,217538.0
20150420,1,1,1,218260.0
20150421,1,1,0,217715.0
20150422,1,1,0,217079.0
20150423,1,1,0,217392.0
20150424,1,1,0,216969.0
20150427,1,1,0,218669.0
20150428,1,1,0,218286.0
20150429,1,1,0,218195.0
20150430,1,1,1,218883.0
20150501,1,1,1,219769.0
20150504,1,1,1,220735.0
20150505,1,1,1,220225.0
20150506,1,1,1,221033.0
20150507,1,1,1,220111.0
20150508,1,1,1,218804.0
20150511,1,1,1,218465.0
20150512,0,1,1,217720.0
20150513,0,1,1,218132.0
20150514,0,1,1,217725.0
20150515,0,1,1,217599.0
20150518,0,1,1,214801.0
20150519,0,1,1,215754.0
20150520,0,1,0,217027.0
20150521,0,1,0,219859.0
20150522,0,1,0,220421.0
20150526,0,1,0,221509.0
20150527,0,1,0,221340.0
20150528,0,1,0,221096.0
20150529,0,1,0,220721.0
20150601,0,1,0,219352.0
20150602,0,1,0,218265.0
20150603,0,1,0,217665.0
20150604,0,1,0,217140.0
20150605,0,1,0,217365.0
20150608,0,1,0,216821.0
20150609,0,1,0,216521.0
20150610,0,1,0,216859.0
20150611,0,1,0,218527.0
20150612,0,1,0,218546.0
20150615,1,1,0,220214.0
20150616,1,1,0,219745.0
20150617,1,1,0,220675.0
20150618,1,1,0,219831.0
20150619,1,1,0,220670.0
20150622,1,1,0,219367.0
20150623,1,1,0,220607.0
20150624,1,1,0,218302.0
20150625,1,1,0,218470.0
20150626,1,1,0,219000.0
20150629,1,1,0,219259.0
20150630,1,1,0,218811.0
20150701,1,1,0,220869.0
20150702,1,1,0,220876.0
20150706,1,1,0,221518.0
20150707,1,1,0,221855.0
20150708,1,1,0,221784.0
20150709,1,1,0,222131.0
20150710,1,1,0,221184.0
20150713,1,1,0,220060.0
20150714,1,1,0,218770.0
20150715,1,1,0,219816.0
20150716,1,1,0,220366.0
20150717,1,1,0,220882.0
20150720,1,1,0,221821.0
20150721,1,1,0,222406.0
20150722,1,1,0,222788.0
20150723,1,1,0,223955.0
20150724,1,1,0,223995.0
20150727,1,1,0,224688.0
20150728,1,1,0,224823.0
20150729,1,1,0,223786.0
20150730,1,1,0,222967.0
20150731,1,1,0,222982.0
20150803,1,1,0,223749.0
20150804,1,1,0,223259.0
20150805,1,1,0,223164.0
20150806,1,1,1,224081.0
20150807,1,1,1,223030.0
20150810,1,0,1,221158.0
20150811,1,0,1,221172.0
20150812,1,0,1,219827.0
20150813,1,0,0,219618.0
20150814,1,0,0,219405.0
20150817,1,0,0,219461.0
20150818,1,0,0,219349.0
20150819,1,0,0,219506.0
20150820,1,0,0,219472.0
20150821,1,0,0,219674.0
20150824,1,1,0,220217.0
20150825,1,1,0,220413.0
20150826,1,1,0,219873.0
20150827,1,1,0,218398.0
20150828,1,1,0,218686.0
20150831,1,1,0,218906.0
20150901,1,1,0,220196.0
20150902,1,1,0,221093.0
20150903,1,1,0,219960.0
20150904,1,1,0,220188.0
20150908,1,1,0,219718.0
20150909,1,1,0,219277.0
20150910,1,1,0,221152.0
20150911,0,1,0,220665.0
20150914,0,1,0,219296.0
20150915,0,1,0,219859.0
20150916,0,1,0,220084.0
20150917,0,1,0,219915.0
20150918,0,1,1,220315.0
20150921,0,1,1,220607.0
20150922,0,1,1,221677.0
20150923,0,1,1,221411.0
20150924,0,1,1,220454.0
20150925,0,1,1,218639.0
20150928,0,1,1,219915.0
20150929,0,1,1,219152.0
20150930,0,1,1,219245.0
20151001,0,1,1,219390.0
20151002,1,1,1,218403.0
20151005,1,0,1,216318.0
20151006,1,0,1,216202.0
20151007,1,0,1,216609.0
20151008,1,0,1,216807.0
20151009,1,0,1,217232.0
20151012,1,0,1,217080.0
20151013,1,0,0,215551.0
20151014,1,0,0,215842.0
20151015,1,0,0,215887.0
20151016,1,0,0,216044.0
20151019,1,0,0,216032.0
20151020,1,0,0,215808.0
20151021,1,0,0,215943.0
20151022,1,0,0,216413.0
20151023,1,0,0,216055.0
20151026,1,0,0,216458.0
20151027,1,0,0,216212.0
20151028,1,0,0,216469.0
20151029,1,0,0,216368.0
20151030,1,0,0,216324.0
20151102,1,0,0,216984.0
20151103,1,0,0,217410.0
20151104,1,0,0,216458.0
20151105,1,0,0,216592.0
20151106,1,0,0,216256.0
20151109,1,0,0,215730.0
20151110,1,0,0,216536.0
20151111,1,0,0,216514.0
20151112,1,0,0,216828.0
20151113,1,0,0,216906.0
20151116,1,0,0,217063.0
20151117,1,0,0,216615.0
20151118,1,0,0,216268.0
20151119,1,0,0,216805.0
20151120,1,0,0,217197.0
20151123,1,0,0,217320.0
20151124,1,0,0,216861.0
20151125,1,0,0,216760.0
20151127,1,0,0,216828.0
20151130,1,0,0,216783.0
20151201,1,0,0,217354.0
20151202,1,0,0,217242.0
20151203,1,0,0,217511.0
20151204,1,0,0,217399.0
20151207,1,0,0,217197.0
20151208,1,0,0,216861.0
20151209,1,0,0,216962.0
20151210,1,0,0,216357.0
20151211,1,0,0,216391.0
20151214,1,0,0,216312.0
20151215,1,0,0,216402.0
20151216,1,0,0,216402.0
20151217,1,0,0,216525.0
20151218,1,0,0,216973.0
20151221,1,0,0,216828.0
20151222,1,0,0,216906.0
20151223,1,0,0,217029.0
20151224,1,0,0,216928.0
20151228,1,0,0,216592.0
20151229,1,0,0,216615.0
20151230,1,0,0,217029.0
20151231,1,0,0,217130.0
20160104,1,0,0,216828.0
20160105,1,0,0,216380.0
20160106,1,0,0,216212.0
20160107,1,0,0,216581.0
20160108,1,0,0,216256.0
20160111,0,1,0,215728.0
20160112,0,1,0,215766.0
20160113,0,1,0,215597.0
20160114,0,1,0,215185.0
20160115,0,1,0,215560.0
20160119,0,1,0,215278.0
20160120,0,1,0,216797.0
20160121,0,1,0,215747.0
20160122,0,1,0,215147.0
20160125,0,1,0,214978.0
20160126,0,1,0,214885.0
20160127,1,1,1,214430.0
20160128,1,1,1,214193.0
20160129,1,1,1,215481.0
20160201,1,1,1,214974.0
20160202,1,1,1,213752.0
20160203,1,1,1,213406.0
20160204,1,0,1,214118.0
20160205,1,0,1,213822.0
20160208,1,0,1,213805.0
20160209,1,0,1,214353.0
20160210,1,0,1,214244.0
20160211,1,0,1,214821.0
20160212,1,0,1,214621.0
20160216,1,0,1,213863.0
20160217,1,0,1,214025.0
20160218,1,0,1,214376.0
20160219,1,0,1,214747.0
20160222,1,0,1,215071.0
20160223,1,0,1,214139.0
20160224,1,0,1,214457.0
20160225,1,0,1,213923.0
20160226,1,0,1,214262.0
20160229,1,0,1,214374.0
20160301,1,0,1,214536.0
20160302,0,0,1,214441.0
20160303,0,0,1,214201.0
20160304,0,0,1,213851.0
20160307,0,0,1,213716.0
20160308,0,0,1,213976.0
20160309,0,0,1,214111.0
20160310,0,0,1,213991.0
20160311,0,0,1,213831.0
20160314,0,0,1,213261.0
20160315,0,0,1,213286.0
20160316,0,1,1,213191.0
20160317,0,1,1,214484.0
20160318,0,1,1,215740.0
20160321,1,1,1,214304.0
20160322,1,1,1,215691.0
20160323,1,1,1,214495.0
20160324,1,1,1,212558.0
20160328,1,1,1,212972.0
20160329,1,1,1,212680.0
20160330,1,1,1,212377.0
20160331,1,1,1,211578.0
20160401,1,1,1,210933.0
20160404,1,1,1,208779.0
20160405,1,0,1,208384.0
20160406,0,0,1,208342.0
20160407,0,0,1,208202.0
20160408,0,0,0,207692.0
20160411,0,0,0,207692.0
20160412,0,0,0,207692.0
20160413,0,0,0,207692.0
20160414,0,0,0,207692.0
20160415,0,0,0,207692.0
20160418,0,0,0,207692.0
20160419,0,0,0,207692.0
20160420,0,0,1,207668.0
20160421,0,0,1,207628.0
20160422,0,0,1,207468.0
20160425,0,0,1,207643.0
20160426,0,0,1,207538.0
20160427,0,0,1,207698.0
20160428,0,0,1,207468.0
20160429,0,0,1,207508.0
20160502,0,0,1,207808.0
20160503,0,0,1,207153.0
20160504,0,0,1,207013.0
20160505,0,0,1,206518.0
20160506,0,0,1,206538.0
20160509,0,0,1,206288.0
20160510,0,0,1,206073.0
20160511,0,0,1,205923.0
20160512,0,0,1,205988.0
20160513,0,0,1,205933.0
20160516,0,0,1,206118.0
20160517,0,0,1,206723.0
20160518,0,0,1,206648.0
20160519,0,0,1,206158.0
20160520,0,0,1,206458.0
20160523,0,0,1,206348.0
20160524,0,0,1,207128.0
20160525,0,0,1,207073.0
20160526,0,0,1,207788.0
20160527,0,0,1,207763.0
20160531,0,0,1,207593.0
20160601,0,0,1,207208.0
20160602,1,0,1,207348.0
20160603,1,0,1,208623.0
20160606,1,0,1,209472.0
20160607,1,0,1,209868.0
20160608,1,1,1,212147.0
20160609,1,1,1,209745.0
20160610,1,1,1,210721.0
20160613,1,1,1,210230.0
20160614,1,1,1,208787.0
20160615,1,1,1,210257.0
20160616,1,1,1,211328.0
20160617,1,1,1,212438.0
20160620,1,1,1,211813.0
20160621,1,1,1,210378.0
20160622,1,1,1,209755.0
20160623,1,1,1,211423.0
20160624,1,1,1,208733.0
20160627,1,1,1,208838.0
20160628,1,1,1,211620.0
20160629,1,1,1,214257.0
20160630,1,1,1,213106.0
20160701,1,1,1,214301.0
20160705,1,1,1,214193.0
20160706,1,1,1,213058.0
20160707,1,1,1,211480.0
20160708,1,1,1,212493.0
20160711,1,1,1,216223.0
20160712,1,1,1,216384.0
20160713,1,1,1,217394.0
20160714,1,1,1,219923.0
20160715,1,1,1,217731.0
20160718,1,1,1,218345.0
20160719,1,1,1,216907.0
20160720,1,1,1,216526.0
20160721,1,1,1,217093.0
20160722,1,1,1,215126.0
20160725,1,1,1,214967.0
20160726,1,1,1,215570.0
20160727,1,1,1,214749.0
20160728,1,1,1,214515.0
20160729,1,1,1,216813.0
20160801,1,1,1,215683.0
20160802,1,1,1,214927.0
20160803,1,1,1,214752.0
20160804,1,1,1,216899.0
20160805,1,1,1,218232.0
20160808,1,1,1,217586.0
20160809,1,1,1,215907.0
20160810,1,1,1,213343.0
20160811,1,1,1,213058.0
20160812,1,1,1,212276.0
20160815,1,1,1,211759.0
20160816,1,1,0,211227.0
20160817,1,0,0,210291.0
20160818,1,0,0,210582.0
20160819,1,0,0,210347.0
20160822,1,0,0,211075.0
20160823,1,0,0,211422.0
20160824,1,0,0,210851.0
20160825,1,0,0,211221.0
20160826,1,0,0,211288.0
20160829,1,0,0,211355.0
20160830,1,0,0,211187.0
20160831,1,0,0,210672.0
20160901,1,0,0,210146.0
20160902,1,0,0,210806.0
20160906,1,0,0,210851.0
20160907,1,0,0,210930.0
20160908,1,0,0,210851.0
20160909,1,0,0,210594.0
20160912,1,0,0,210874.0
20160913,1,0,0,211086.0
20160914,1,0,0,210750.0
20160915,1,0,0,211142.0
20160916,1,0,0,212598.0
20160919,1,0,0,212957.0
20160920,1,1,0,212633.0
20160921,1,1,0,212617.0
20160922,1,1,0,212096.0
20160923,1,1,0,210686.0
20160926,1,1,0,211963.0
20160927,1,1,0,212377.0
20160928,1,1,0,212533.0
20160929,1,1,0,210945.0
20160930,1,1,0,211078.0
20161003,1,0,0,209102.0
20161004,1,0,0,209763.0
20161005,1,0,0,210379.0
20161006,1,0,0,209595.0
20161007,1,0,0,209942.0
20161010,1,0,0,209618.0
20161011,1,0,0,209797.0
20161012,1,0,0,209640.0
20161013,1,0,0,209382.0
20161014,1,0,0,209371.0
20161017,1,0,0,209651.0
20161018,1,0,0,209494.0
20161019,1,0,0,209416.0
20161020,1,0,0,209046.0
20161021,1,0,0,209147.0
20161024,1,0,0,209696.0
20161025,1,1,0,210744.0
20161026,1,1,0,210152.0
20161027,1,1,0,210475.0
20161028,1,1,0,210256.0
20161031,1,1,0,209089.0
20161101,0,1,0,207825.0
20161102,0,1,0,208369.0
20161103,0,1,0,209400.0
20161104,0,1,0,211538.0
20161107,0,1,0,212663.0
20161108,0,1,0,210094.0
20161109,0,1,0,211069.0
20161110,0,1,0,207975.0
20161111,0,1,0,207019.0
20161114,0,1,0,207900.0
20161115,0,1,0,207844.0
20161116,0,1,0,207506.0
20161117,0,1,0,206963.0
20161118,0,1,0,206644.0
20161121,0,1,0,207094.0
20161122,0,1,0,206550.0
20161123,0,1,0,204994.0
20161125,0,0,0,204644.0
20161128,0,0,0,204644.0
20161129,0,0,0,204644.0
20161130,0,0,0,204644.0
20161201,0,0,0,204644.0
20161202,1,0,0,204644.0
20161205,1,0,0,204846.0
20161206,1,0,0,204208.0
20161207,1,1,0,203811.0
20161208,1,1,0,204125.0
20161209,1,1,0,205129.0
20161212,1,1,0,204124.0
20161213,1,1,0,204534.0
20161214,1,1,0,204685.0
20161215,1,1,0,204822.0
20161216,1,1,0,205109.0
20161219,1,1,0,204423.0
20161220,1,1,0,204551.0
20161221,1,1,0,204344.0
20161222,1,1,0,206433.0
20161223,1,1,0,207550.0
20161227,1,1,0,207845.0
20161228,1,1,0,207603.0
20161229,1,1,0,206312.0
20161230,1,1,0,205690.0
20170103,1,1,0,204438.0
20170104,1,1,1,202935.0
20170105,0,1,1,201713.0
20170106,0,1,1,202155.0
20170109,0,1,1,201149.0
20170110,0,1,1,199936.0
20170111,0,1,1,199424.0
20170112,0,1,1,198799.0
20170113,0,1,1,198876.0
20170117,0,1,1,198571.0
20170118,0,1,1,198909.0
20170119,0,1,1,198543.0
20170120,0,1,1,197799.0
20170123,0,0,1,198375.0
20170124,0,0,1,197845.0
20170125,0,0,1,198000.0
20170126,0,0,1,198155.0
20170127,0,0,1,198485.0
20170130,0,0,1,198130.0
20170131,0,0,1,198530.0
20170201,0,0,1,199280.0
20170202,0,0,1,199515.0
20170203,0,0,1,199265.0
20170206,0,0,1,198875.0
20170207,0,0,1,198605.0
20170208,0,0,1,198685.0
20170209,0,0,1,198850.0
20170210,0,0,1,198970.0
20170213,0,0,1,199365.0
20170214,0,0,1,199220.0
20170215,0,0,1,198885.0
20170216,0,0,1,198630.0
20170217,0,0,1,198005.0
20170221,0,0,1,198075.0
20170222,0,0,1,197990.0
20170223,0,0,1,198295.0
20170224,0,0,1,198530.0
20170227,0,0,1,198305.0
20170228,0,0,1,198415.0
20170301,0,0,1,199175.0
20170302,0,0,1,198635.0
20170303,0,0,1,199240.0
20170306,0,0,1,199800.0
20170307,0,0,1,199260.0
20170308,0,0,1,199290.0
20170309,1,0,1,199224.0
20170310,1,0,1,198713.0
20170313,1,0,1,198548.0
20170314,1,0,1,198710.0
20170315,1,0,1,199097.0
20170316,1,0,1,199119.0
20170317,1,0,1,199304.0
20170320,1,0,1,199315.0
20170321,1,0,1,199530.0
20170322,1,0,1,199768.0
20170323,1,0,1,199397.0
20170324,1,0,1,199374.0
20170327,1,0,1,199120.0
20170328,1,0,1,199247.0
20170329,1,0,1,199370.0
20170330,1,0,1,199762.0
20170331,1,0,1,200368.0
20170403,1,0,0,199685.0
20170404,1,0,0,200110.0
20170405,1,0,0,200177.0
20170406,1,0,0,199785.0
20170407,1,0,0,199427.0
20170410,1,0,0,199584.0
20170411,1,0,0,199483.0
20170412,1,0,0,199505.0
20170413,1,0,0,199617.0
20170417,1,0,0,199763.0
20170418,1,0,0,199505.0
20170419,1,0,0,199819.0
20170420,1,1,0,200459.0
20170421,1,1,0,200872.0
20170424,1,1,0,201460.0
20170425,1,1,0,201317.0
20170426,1,1,0,202750.0
20170427,1,1,0,203357.0
20170428,1,1,0,201110.0
20170501,1,1,0,200136.0
20170502,1,1,0,200322.0
20170503,1,1,0,199995.0
20170504,1,1,0,201380.0
20170505,1,1,0,201166.0
20170508,1,1,0,200638.0
20170509,1,1,0,201227.0
20170510,1,1,0,200216.0
20170511,1,1,0,201352.0
20170512,1,1,1,202188.0
20170515,1,1,1,204208.0
20170516,1,1,1,202656.0
20170517,1,1,1,200504.0
20170518,1,1,1,202123.0
20170519,1,1,1,200917.0
20170522,1,1,1,200804.0
20170523,1,1,0,201487.0
20170524,1,1,0,202348.0
20170525,1,1,0,202078.0
20170526,1,1,0,202049.0
20170530,1,1,0,201745.0
20170531,1,1,0,202944.0
20170601,1,1,0,204280.0
20170602,1,1,0,205635.0
20170605,1,1,0,204380.0
20170606,1,1,0,205366.0
20170607,1,1,0,205112.0
20170608,1,1,0,204663.0
20170609,1,1,0,204666.0
20170612,1,1,0,204590.0
20170613,1,1,1,205346.0
20170614,1,1,1,206364.0
20170615,1,1,1,207160.0
20170616,1,1,1,208036.0
20170619,1,1,1,207930.0
20170620,1,1,1,208547.0
20170621,1,1,1,210519.0
20170622,1,1,1,213562.0
20170623,1,1,1,210861.0
20170626,1,1,1,210552.0
20170627,1,1,1,209967.0
20170628,1,1,1,210480.0
20170629,1,1,1,209125.0
20170630,1,1,1,208347.0
20170703,1,1,1,208043.0
20170705,1,1,1,207300.0
20170706,1,1,1,207068.0
20170707,1,1,1,206766.0
20170710,1,1,1,208189.0
20170711,1,1,1,208771.0
20170712,1,1,1,208653.0
20170713,1,1,1,207025.0
20170714,1,1,1,205803.0
20170717,1,0,1,205154.0
20170718,1,0,1,204913.0
20170719,1,0,1,204520.0
20170720,1,0,1,204186.0
20170721,1,0,1,204477.0
20170724,1,0,1,204542.0
20170725,1,0,1,204832.0
20170726,1,0,1,204677.0
20170727,1,0,1,204208.0
20170728,1,0,1,204321.0
20170731,1,0,1,203686.0
20170801,0,0,1,203288.0
20170802,0,0,1,202773.0
20170803,0,0,1,202863.0
20170804,0,0,1,202633.0
20170807,0,0,1,202668.0
20170808,0,0,1,202378.0
20170809,0,0,1,202388.0
20170810,0,0,1,203888.0
20170811,0,0,1,203818.0
20170814,0,0,1,204068.0
20170815,0,0,1,204363.0
20170816,0,0,1,204533.0
20170817,0,0,1,204488.0
20170818,0,0,1,204303.0
20170821,0,0,1,204163.0
20170822,0,0,1,204038.0
20170823,0,0,1,203498.0
20170824,0,0,1,203028.0
20170825,0,0,1,203868.0
20170828,0,0,1,203028.0
20170829,0,0,1,202953.0
20170830,0,0,0,202553.0
20170831,0,0,0,202553.0
20170901,0,0,0,202553.0
20170905,0,0,0,202553.0
20170906,0,0,0,202553.0
20170907,0,0,0,202553.0
20170908,0,0,0,202553.0
20170911,0,0,0,202553.0
20170912,0,0,0,202553.0
20170913,0,0,0,202553.0
20170914,0,0,0,202553.0
20170915,0,0,0,202553.0
20170918,0,0,0,202553.0
20170919,0,0,0,202553.0
20170920,0,0,0,202553.0
20170921,0,0,0,202553.0
20170922,0,0,0,202553.0
20170925,0,0,0,202553.0
20170926,0,0,0,202553.0
20170927,0,0,0,202553.0
20170928,0,0,0,202553.0
20170929,0,0,0,202553.0
20171002,0,0,0,202553.0
20171003,0,0,0,202553.0
20171004,0,0,0,202553.0
20171005,0,0,0,202553.0
20171006,0,0,0,202553.0
20171009,0,0,0,202553.0
20171010,0,0,0,202553.0
20171011,0,0,0,202553.0
20171012,0,0,0,202553.0
20171013,0,0,0,202553.0
20171016,0,0,0,202553.0
20171017,0,0,0,202553.0
20171018,0,0,0,202553.0
20171019,0,0,0,202553.0
20171020,0,0,0,202553.0
20171023,0,0,0,202553.0
20171024,0,0,0,202553.0
20171025,0,0,0,202553.0
20171026,0,0,0,202553.0
20171027,0,0,0,202553.0
20171030,0,0,0,202553.0
20171031,0,0,0,202553.0
20171101,0,0,0,202553.0
20171102,0,0,0,202553.0
20171103,0,0,0,202553.0
20171106,0,0,0,202553.0
20171107,0,0,0,202553.0
20171108,0,0,0,202553.0
20171109,0,0,0,202553.0
20171110,0,0,0,202553.0
20171113,0,0,0,202553.0
20171114,0,0,0,202553.0
20171115,0,0,0,202553.0
20171116,0,0,0,202553.0
20171117,1,0,0,202494.0
20171120,1,0,0,202057.0
20171121,1,0,0,201945.0
20171122,1,0,0,202393.0
20171124,1,0,0,202584.0
20171127,1,0,0,202517.0
20171128,1,0,0,202125.0
20171129,1,0,1,202481.0
20171130,1,0,1,202182.0
20171201,1,0,1,202305.0
20171204,1,0,1,202044.0
20171205,1,0,1,201830.0
20171206,0,0,1,201504.0
20171207,0,1,1,202356.0
20171208,0,1,1,202214.0
20171211,0,1,1,202829.0
20171212,1,1,1,203316.0
20171213,1,1,1,203218.0
20171214,1,1,1,203832.0
20171215,1,1,1,204082.0
20171218,1,1,1,203178.0
20171219,1,1,1,202422.0
20171220,0,1,1,202030.0
20171221,0,1,1,203482.0
20171222,0,1,1,204141.0
20171226,0,1,1,203246.0
20171227,0,1,1,203144.0
20171228,0,1,1,202956.0
20171229,0,1,1,202346.0
20180102,0,0,1,200531.0
20180103,0,0,1,200836.0
20180104,0,0,1,201406.0
20180105,0,0,1,200786.0
20180108,0,0,1,200851.0
20180109,0,0,1,200956.0
20180110,0,0,1,201606.0
20180111,0,0,1,203106.0
20180112,0,0,1,202621.0
20180116,1,0,1,202491.0
20180117,1,0,1,203037.0
20180118,1,0,1,203662.0
20180119,1,0,1,203867.0
20180122,1,0,1,203952.0
20180123,1,0,1,203354.0
20180124,1,0,1,203393.0
20180125,1,0,1,203108.0
20180126,1,0,1,202274.0
20180129,1,0,1,200867.0
20180130,1,0,1,200146.0
20180131,1,0,1,200819.0
20180201,1,0,1,201198.0
20180202,1,0,1,200381.0
20180205,1,0,1,199714.0
20180206,1,0,1,199591.0
20180207,1,0,1,199297.0
20180208,1,0,1,200097.0
20180209,1,0,1,200027.0
20180212,1,0,1,199844.0
20180213,1,0,1,200089.0
20180214,1,0,1,199789.0
20180215,1,0,1,199443.0
20180216,1,0,1,199906.0
20180220,1,1,1,200881.0
20180221,1,1,1,201874.0
20180222,1,1,1,200316.0
20180223,1,1,1,201348.0
20180226,1,1,1,201449.0
20180227,1,1,1,202427.0
20180228,1,1,1,201858.0
20180301,1,1,1,200197.0
20180302,1,1,1,201318.0
20180305,1,1,1,203144.0
20180306,1,1,1,201811.0
20180307,1,1,1,202952.0
20180308,1,1,1,204139.0
20180309,1,1,1,203951.0
20180312,1,1,1,203493.0
20180313,1,1,1,202903.0
20180314,1,1,1,203164.0
20180315,1,1,1,204093.0
20180316,1,1,1,204117.0
20180319,1,1,1,202550.0
20180320,1,1,1,203995.0
20180321,1,1,1,203664.0
20180322,1,1,1,203276.0
20180323,1,1,1,204015.0
20180326,1,1,1,203802.0
20180327,1,1,1,203487.0
20180328,1,1,1,203667.0
20180329,1,1,1,203720.0
20180402,1,1,1,203941.0
20180403,1,1,1,204447.0
20180404,1,1,0,203664.0
20180405,1,1,0,203330.0
20180406,1,1,0,203379.0
20180409,1,1,0,202907.0
20180410,1,1,0,203558.0
20180411,1,1,0,203374.0
20180412,1,1,0,203479.0
20180413,1,1,0,203633.0
20180416,1,1,0,204851.0
20180417,1,1,0,205483.0
20180418,1,1,0,204895.0
20180419,1,1,0,205221.0
20180420,1,1,0,204800.0
20180423,1,1,0,204813.0
20180424,1,1,0,204273.0
20180425,1,1,0,205183.0
20180426,1,1,0,204573.0
20180427,1,1,0,203385.0
20180430,1,1,0,202978.0
20180501,1,0,0,202882.0
20180502,1,0,0,202815.0
20180503,1,0,0,202882.0
20180504,1,0,1,203299.0
20180507,1,0,1,203057.0
20180508,1,0,1,202483.0
20180509,1,0,1,203025.0
20180510,1,0,1,202398.0
20180511,1,0,1,202484.0
20180514,1,0,1,201979.0
20180515,1,0,1,201718.0
20180516,1,0,1,201912.0
20180517,1,0,1,202308.0
20180518,1,0,1,202956.0
20180521,1,0,1,203398.0
20180522,1,0,1,202807.0
20180523,1,0,1,202388.0
20180524,1,0,1,202604.0
20180525,1,0,1,203390.0
20180529,1,0,1,205390.0
20180530,0,0,1,204834.0
20180531,0,0,1,205164.0
20180601,0,0,1,205239.0
20180604,0,0,1,204639.0
20180605,0,0,1,203509.0
20180606,0,0,1,204064.0
20180607,0,0,1,205449.0
20180608,0,0,1,206059.0
20180611,0,0,1,205964.0
20180612,0,0,1,206194.0
20180613,0,0,1,205494.0
20180614,0,1,1,205275.0
20180615,0,1,1,203870.0
20180618,0,1,1,203149.0
20180619,0,1,0,201762.0
20180620,0,1,0,201668.0
20180621,0,1,0,201818.0
20180622,0,1,0,201555.0
20180625,0,1,0,201462.0
20180626,0,1,0,201274.0
20180627,0,1,0,201368.0
20180628,0,1,0,202005.0
20180629,0,1,0,202249.0
20180702,0,1,0,203543.0
20180703,1,1,0,203497.0
20180705,1,1,0,204428.0
20180706,1,1,0,202538.0
20180709,1,1,0,202305.0
20180710,1,1,0,202387.0
20180711,1,1,0,203553.0
20180712,1,1,0,203976.0
20180713,1,1,0,204729.0
20180716,1,1,0,204377.0
20180717,1,1,0,204782.0
20180718,1,1,0,205251.0
20180719,1,1,0,205130.0
20180720,1,1,0,204268.0
20180723,1,1,0,203938.0
20180724,1,1,0,204077.0
20180725,1,1,0,204059.0
20180726,1,1,0,204782.0
20180727,1,1,0,204612.0
20180730,1,1,0,204323.0
20180731,1,1,0,205188.0
20180801,1,1,0,205960.0
20180802,1,1,0,206343.0
20180803,1,1,0,205658.0
20180806,1,1,0,205138.0
20180807,1,1,0,205137.0
20180808,1,1,0,205665.0
20180809,1,1,0,205707.0
20180810,1,1,0,206287.0
20180813,1,1,0,206837.0
20180814,1,1,0,207092.0
20180815,1,1,0,208153.0
20180816,1,1,0,208318.0
20180817,1,1,0,208696.0
20180820,1,1,0,210203.0
20180821,1,1,0,209795.0
20180822,1,1,0,210121.0
20180823,1,1,0,209963.0
20180824,1,1,0,208640.0
20180827,1,1,0,207933.0
20180828,1,1,0,209169.0
20180829,1,1,0,209158.0
20180830,1,1,0,209028.0
20180831,1,1,0,209313.0
20180904,1,1,0,209400.0
20180905,1,1,0,208238.0
20180906,1,1,0,208939.0
20180907,1,1,0,208610.0
20180910,1,1,0,208847.0
20180911,1,1,0,209170.0
20180912,0,1,0,208199.0
20180913,0,1,0,208742.0
20180914,0,1,0,209099.0
20180917,0,1,0,209999.0
20180918,0,1,1,210557.0
20180919,0,1,1,210139.0
20180920,0,1,1,209120.0
20180921,0,1,1,208734.0
20180924,0,1,1,209534.0
20180925,0,1,1,209854.0
20180926,0,1,1,209830.0
20180927,0,1,1,209664.0
20180928,0,1,1,209157.0
20181001,0,1,1,209281.0
20181002,0,1,1,207297.0
20181003,0,0,1,206419.0
20181004,0,0,1,206649.0
20181005,0,0,1,206599.0
20181008,0,0,1,205874.0
20181009,0,0,1,206144.0
20181010,0,0,1,206249.0
20181011,0,0,1,206244.0
20181012,1,0,1,205337.0
20181015,1,0,1,205566.0
20181016,1,0,1,205559.0
20181017,1,1,1,206472.0
20181018,1,1,1,206376.0
20181019,1,1,1,206483.0
20181022,1,1,1,203685.0
20181023,1,1,1,205483.0
20181024,1,1,1,206348.0
20181025,1,1,1,206336.0
20181026,1,1,1,205203.0
20181029,1,1,1,203477.0
20181030,1,1,1,202717.0
20181031,1,1,1,202704.0
20181101,1,1,1,203531.0
20181102,1,1,1,204775.0
20181105,1,1,1,203304.0
20181106,1,1,1,202367.0
20181107,1,1,1,202540.0
20181108,1,1,1,202718.0
20181109,1,1,1,202005.0
20181112,1,1,1,201782.0
20181113,1,0,1,201060.0
20181114,1,0,1,200840.0
20181115,1,0,1,200875.0
20181116,1,0,1,200915.0
20181119,1,0,1,201158.0
20181120,1,0,1,201087.0
20181121,1,0,1,200659.0
20181123,1,0,1,201203.0
20181126,1,0,1,200535.0
20181127,1,0,1,200728.0
20181128,1,0,1,200788.0
20181129,1,0,1,200921.0
20181130,1,0,1,200773.0
20181203,1,0,0,199681.0
20181204,1,0,0,199502.0
20181205,1,0,0,199468.0
20181206,1,0,0,199379.0
20181207,1,0,0,199636.0
20181210,1,0,0,199468.0
20181211,1,0,0,199592.0
20181212,1,0,0,199491.0
20181213,0,0,0,199105.0
20181214,0,0,0,199105.0
20181217,0,0,0,199105.0
20181218,0,0,0,199105.0
20181219,0,0,0,199105.0
20181220,0,0,1,199545.0
20181221,0,0,1,200485.0
20181224,0,0,1,200800.0
20181226,0,0,1,200325.0
20181227,0,0,1,201045.0
20181228,0,0,1,200980.0
20181231,0,0,1,200975.0
20190102,0,0,1,201655.0
20190103,0,0,1,201660.0
20190104,0,0,1,200815.0
20190107,0,0,1,200700.0
20190108,0,0,1,201240.0
20190109,0,0,1,200510.0
20190110,0,0,1,200650.0
20190111,0,0,1,200830.0
20190114,0,0,1,200580.0
20190115,0,0,1,200895.0
20190116,0,0,1,200440.0
20190117,0,0,1,199890.0
20190118,0,0,1,200130.0
20190122,0,0,1,200510.0
20190123,0,0,1,200315.0
20190124,0,0,1,200505.0
20190125,0,0,1,200010.0
20190128,0,0,1,200150.0
20190129,0,0,1,200000.0
20190130,0,0,1,199895.0
20190131,0,0,1,199875.0
20190201,0,0,1,200255.0
20190204,0,0,1,200695.0
20190205,0,0,1,200375.0
20190206,0,0,1,200245.0
20190207,0,0,1,200670.0
20190208,0,0,1,200800.0
20190211,0,0,1,201800.0
20190212,0,0,1,202185.0
20190213,0,0,1,202145.0
20190214,0,0,1,202010.0
20190215,0,0,1,201935.0
20190219,0,0,1,201770.0
20190220,0,0,1,201785.0
20190221,0,0,1,200860.0
20190222,0,0,1,201360.0
20190225,0,0,1,201315.0
20190226,0,0,1,201855.0
20190227,0,0,1,201685.0
20190228,0,0,1,201455.0
20190301,0,0,1,200940.0
20190304,0,0,1,201300.0
20190305,0,0,1,200560.0
20190306,0,0,1,200760.0
20190307,0,0,1,201310.0
20190308,0,0,1,201120.0
20190311,0,0,1,201265.0
20190312,0,1,1,200105.0
20190313,0,1,1,199052.0
20190314,0,1,1,199949.0
20190315,0,1,1,199105.0
20190318,0,1,0,199252.0
20190319,0,1,0,199327.0
20190320,0,1,0,200039.0
20190321,0,1,0,200020.0
20190322,0,1,0,200358.0
20190325,0,1,0,200227.0
20190326,0,1,0,199814.0
20190327,0,1,0,200377.0
20190328,0,1,0,200320.0
20190329,0,1,0,200133.0
20190401,0,1,0,201033.0
20190402,0,1,0,201202.0
20190403,0,1,0,199814.0
20190404,0,1,0,199833.0
20190405,0,1,0,200620.0
20190408,0,1,0,200714.0
20190409,0,1,0,200452.0
20190410,0,1,0,200227.0
20190411,0,1,0,201745.0
20190412,0,1,0,201652.0
20190415,0,1,0,201295.0
20190416,0,1,0,201652.0
20190417,0,1,0,202889.0
20190418,0,1,0,201670.0
20190422,0,1,0,201689.0
20190423,0,1,0,201539.0
20190424,0,1,0,201877.0
20190425,0,1,0,201502.0
20190426,0,1,0,201220.0
20190429,0,1,0,201764.0
20190430,0,1,0,201577.0
20190501,1,1,0,202446.0
20190502,1,1,0,202255.0
20190503,1,1,0,202858.0
20190506,1,1,0,203172.0
20190507,1,1,0,203900.0
20190508,1,1,1,203927.0
20190509,1,1,1,203958.0
20190510,1,1,1,204934.0
20190513,1,1,1,206750.0
20190514,1,1,1,205477.0
20190515,1,1,1,205651.0
20190516,1,1,1,205373.0
20190517,1,1,1,207030.0
20190520,1,1,1,205654.0
20190521,1,1,1,204611.0
20190522,1,1,1,205540.0
20190523,1,1,1,204575.0
20190524,1,1,1,204094.0
20190528,1,1,1,202422.0
20190529,1,0,1,201955.0
20190530,1,0,1,201938.0
20190531,1,0,1,202188.0
20190603,1,0,1,201417.0
20190604,1,0,1,201384.0
20190605,1,0,1,201734.0
20190606,1,0,1,201473.0
20190607,1,0,1,202985.0
20190610,1,0,1,202897.0
20190611,0,0,1,202860.0
20190612,0,0,1,202400.0
20190613,0,0,1,202270.0
20190614,0,0,1,202715.0
20190617,0,0,1,202380.0
20190618,0,0,1,202180.0
20190619,0,0,1,202010.0
20190620,0,0,1,202610.0
20190621,0,0,1,202810.0
20190624,0,0,1,202745.0
20190625,0,0,1,202730.0
20190626,0,0,1,202395.0
20190627,0,0,1,202545.0
20190628,0,1,1,202831.0
20190701,0,1,1,203293.0
20190702,0,1,1,202301.0
20190703,0,1,1,203821.0
20190705,0,1,1,203080.0
20190708,0,1,1,201907.0
20190709,0,1,1,203481.0
20190710,0,1,1,202630.0
20190711,0,1,1,203393.0
20190712,0,1,1,203481.0
20190715,0,1,1,204196.0
20190716,0,1,1,202878.0
20190717,0,1,1,203857.0
20190718,1,1,1,204764.0
20190719,1,1,1,203552.0
20190722,1,1,1,202616.0
20190723,1,1,1,200910.0
20190724,1,1,1,200038.0
20190725,1,1,1,200039.0
20190726,1,0,1,199567.0
20190729,1,0,1,199676.0
20190730,1,0,1,200011.0
20190731,1,0,1,199704.0
20190801,1,0,1,200540.0
20190802,1,0,1,202127.0
20190805,1,0,1,202821.0
20190806,1,0,1,202802.0
20190807,1,0,1,203183.0
20190808,1,0,1,202708.0
20190809,1,0,1,202566.0
20190812,1,0,1,203282.0
20190813,1,0,1,202468.0
20190814,1,0,1,202511.0
20190815,1,0,1,202464.0
20190816,1,0,1,202197.0
20190819,1,0,1,202833.0
20190820,1,0,1,202916.0
20190821,1,0,1,202572.0
20190822,1,0,1,202860.0
20190823,1,0,1,203348.0
20190826,1,0,1,203588.0
20190827,1,0,1,203750.0
20190828,1,0,1,203200.0
20190829,1,0,1,203244.0
20190830,1,0,1,203407.0
20190903,1,0,1,203836.0
20190904,1,0,1,203863.0
20190905,1,0,1,203453.0
20190906,1,0,1,203667.0
20190909,1,0,1,203579.0
20190910,1,0,1,203444.0
20190911,1,0,1,203507.0
20190912,1,0,1,202143.0
20190913,1,0,0,201402.0
20190916,1,0,0,201178.0
20190917,1,0,0,201346.0
20190918,1,0,0,201279.0
20190919,1,0,0,201290.0
20190920,1,0,0,201178.0
20190923,1,0,0,201022.0
20190924,1,0,0,200798.0
20190925,1,0,0,200518.0
20190926,1,0,0,200562.0
20190927,1,0,0,200562.0
20190930,0,0,0,200266.0
20191001,0,0,0,200266.0
20191002,0,0,0,200266.0
20191003,0,0,0,200266.0
20191004,0,0,0,200266.0
20191007,0,0,0,200266.0
20191008,0,0,0,200266.0
20191009,0,0,0,200266.0
20191010,0,0,0,200266.0
20191011,0,0,0,200266.0
20191014,0,0,0,200266.0
20191015,0,0,0,200266.0
20191016,0,0,0,200266.0
20191017,0,0,0,200266.0
20191018,0,0,0,200266.0
20191021,0,0,0,200266.0
20191022,0,0,0,200266.0
20191023,0,0,0,200266.0
20191024,0,0,0,200266.0
20191025,0,0,0,200266.0
20191028,0,0,0,200266.0
20191029,0,0,0,200266.0
20191030,0,0,1,200151.0
20191031,0,0,1,199521.0
20191101,0,0,1,199416.0
20191104,0,0,1,199131.0
20191105,0,0,1,199206.0
20191106,0,1,1,199111.0
20191107,0,1,1,199854.0
20191108,0,1,1,200170.0
20191111,0,1,1,198680.0
20191112,0,1,1,198699.0
20191113,0,1,1,199282.0
20191114,0,1,1,199439.0
20191115,0,1,1,199050.0
20191118,0,1,1,198521.0
20191119,0,1,1,197067.0
20191120,0,1,1,198332.0
20191121,0,1,1,200185.0
20191122,0,1,1,200380.0
20191125,0,1,1,202074.0
20191126,0,1,1,201380.0
20191127,0,1,1,201910.0
20191129,1,1,1,201840.0
20191202,1,1,1,202453.0
20191203,1,1,1,202876.0
20191204,1,1,1,202469.0
20191205,1,1,1,203746.0
20191206,1,1,1,204585.0
20191209,1,1,1,205849.0
20191210,1,1,1,208051.0
20191211,1,1,1,208693.0
20191212,1,1,1,210219.0
20191213,1,1,1,207631.0
20191216,1,1,1,210499.0
20191217,1,1,1,208243.0
20191218,1,1,1,208385.0
20191219,1,1,1,206689.0
20191220,1,1,1,208180.0
20191223,1,1,1,206380.0
20191224,1,1,1,207872.0
20191226,1,1,1,207163.0
20191227,1,1,1,209335.0
20191230,1,1,1,209513.0
20191231,1,1,1,208216.0
20200102,1,1,1,207026.0
20200103,1,1,1,206912.0
20200106,1,1,1,206227.0
20200107,1,1,1,206059.0
20200108,1,1,1,204771.0
20200109,1,1,1,204730.0
20200110,1,1,1,206043.0
20200113,1,1,1,204604.0
20200114,1,1,1,204839.0
20200115,1,1,1,204308.0
20200116,1,0,1,203901.0
20200117,1,0,1,204438.0
20200121,1,0,1,203545.0
20200122,1,0,1,204614.0
20200123,1,0,1,203963.0
20200124,1,0,1,203446.0
20200127,1,0,1,203300.0
20200128,1,0,1,204094.0
20200129,1,0,1,203888.0
20200130,1,0,1,203495.0
20200131,1,0,1,202743.0
20200203,1,0,0,202846.0
20200204,1,0,0,202645.0
20200205,1,0,0,202667.0
20200206,1,0,0,202678.0
20200207,1,0,0,202880.0
20200210,1,0,0,203014.0
20200211,1,0,0,203429.0
20200212,1,0,0,203843.0
20200213,1,0,0,203149.0
20200214,1,0,0,203037.0
20200218,1,0,0,203283.0
20200219,1,0,0,203619.0
20200220,1,0,0,203417.0
20200221,1,0,0,203619.0
20200224,1,0,0,203182.0
20200225,1,0,0,203193.0
20200226,1,0,0,202969.0
20200227,1,0,1,203608.0
20200228,1,0,1,204046.0
20200302,1,0,1,202732.0
20200303,1,0,1,202981.0
20200304,1,0,1,202551.0
20200305,0,0,1,202249.0
20200306,0,0,1,202529.0
20200309,0,0,1,203319.0
20200310,0,0,1,203219.0
20200311,0,0,1,203149.0
20200312,1,0,1,204173.0
20200313,1,0,1,203689.0
20200316,1,0,1,205217.0
20200317,1,0,1,205881.0
20200318,1,0,1,206767.0
20200319,1,0,1,207712.0
20200320,1,0,1,207979.0
20200323,1,0,1,208598.0
20200324,1,0,1,207970.0
20200325,1,0,1,207539.0
20200326,1,0,1,207958.0
20200327,1,0,1,208941.0
20200330,1,0,1,209670.0
20200331,1,0,1,209802.0
20200401,1,0,1,211588.0
20200402,1,0,1,210518.0
20200403,1,0,1,210001.0
20200406,1,0,1,208809.0
20200407,1,0,1,208962.0
20200408,1,0,1,208503.0
20200409,1,0,1,208171.0
20200413,1,0,1,209267.0
20200414,1,0,1,209527.0
20200415,1,0,1,209594.0
20200416,1,0,1,209484.0
20200417,1,0,1,209328.0
20200420,1,0,1,209096.0
20200421,1,0,1,209798.0
20200422,1,0,1,208293.0
20200423,1,0,1,208178.0
20200424,1,0,1,208772.0
20200427,1,0,1,209564.0
20200428,1,0,1,209022.0
20200429,1,0,1,207904.0
20200430,1,0,1,207295.0
20200501,1,0,1,207368.0
20200504,1,0,1,208761.0
20200505,1,0,1,208711.0
20200506,1,0,1,208817.0
20200507,1,0,1,208310.0
20200508,1,0,1,207915.0
20200511,1,0,1,207925.0
20200512,1,0,1,206924.0
20200513,1,0,1,207353.0
20200514,1,0,1,206934.0
20200515,1,0,1,206824.0
20200518,1,0,1,206578.0
20200519,1,0,1,205822.0
20200520,1,0,1,205937.0
20200521,1,0,1,206247.0
20200522,1,0,1,206528.0
20200526,1,0,1,206083.0
20200527,1,0,1,206308.0
20200528,1,0,1,206693.0
20200529,1,1,1,207064.0
20200601,1,1,0,205463.0
20200602,1,1,0,205254.0
20200603,1,1,0,204469.0
20200604,0,1,0,204708.0
20200605,0,1,0,204426.0
20200608,0,1,0,204426.0
20200609,0,1,0,204839.0
20200610,0,1,0,205233.0
20200611,0,1,0,205551.0
20200612,0,1,0,205814.0
20200615,0,1,0,206226.0
20200616,0,1,0,206339.0
20200617,0,1,0,205383.0
20200618,0,1,0,205908.0
20200619,0,1,0,206226.0
20200622,0,1,0,205439.0
20200623,0,1,0,205364.0
20200624,0,1,0,205514.0
20200625,0,1,0,206264.0
20200626,0,1,0,205945.0
20200629,0,1,0,204651.0
20200630,0,1,0,204314.0
20200701,0,1,0,203189.0
20200702,0,1,1,203521.0
20200706,0,1,1,205510.0
20200707,0,1,1,204644.0
20200708,0,1,1,205326.0
20200709,0,1,1,205660.0
20200710,0,1,1,206376.0
20200713,0,1,1,205428.0
20200714,0,1,1,205330.0
20200715,0,1,1,205361.0
20200716,0,1,1,205135.0
20200717,0,1,1,203354.0
20200720,0,1,1,204780.0
20200721,0,1,1,204065.0
20200722,0,0,1,201935.0
20200723,0,0,1,201625.0
20200724,0,0,1,200715.0
20200727,0,0,1,201245.0
20200728,0,0,1,201220.0
20200729,0,0,1,201470.0
20200730,0,0,1,202255.0
20200731,0,0,1,201995.0
20200803,0,0,1,202600.0
20200804,0,1,1,202751.0
20200805,0,1,1,203164.0
20200806,0,1,1,201653.0
20200807,0,1,1,199826.0
20200810,0,1,1,198978.0
20200811,0,1,1,198685.0
20200812,0,1,1,198284.0
20200813,0,1,1,200123.0
20200814,1,1,1,199283.0
20200817,1,1,1,199829.0
20200818,1,1,1,200813.0
20200819,1,1,1,200988.0
20200820,1,1,1,200955.0
20200821,1,1,1,200952.0
20200824,1,1,1,201719.0
20200825,1,1,1,202705.0
20200826,1,1,1,202185.0
20200827,1,1,1,202386.0
20200828,1,1,1,203551.0
20200831,1,1,1,204671.0
20200901,1,1,1,205605.0
20200902,1,1,1,205168.0
20200903,0,1,1,204248.0
20200904,0,1,1,205653.0
20200908,0,1,1,204455.0
20200909,0,1,1,203326.0
20200910,0,1,1,204700.0
20200911,0,1,1,204981.0
20200914,0,1,1,202361.0
20200915,0,1,1,201803.0
20200916,0,1,1,201036.0
20200917,0,1,1,200083.0
20200918,0,1,1,198300.0
20200921,0,0,1,197421.0
20200922,0,0,1,197571.0
20200923,0,0,1,197426.0
20200924,0,0,1,197531.0
20200925,0,0,1,197776.0
20200928,0,0,1,197646.0
20200929,0,0,1,197446.0
20200930,0,0,1,197696.0
20201001,0,0,1,197756.0
20201002,0,0,1,197711.0
20201005,0,0,1,197816.0
20201006,1,0,1,198289.0
20201007,1,0,1,198945.0
20201008,1,0,1,198928.0
20201009,1,0,1,199071.0
20201012,1,0,1,198999.0
20201013,1,0,1,199419.0
20201014,1,0,1,199682.0
20201015,1,0,1,199805.0
20201016,1,0,1,200435.0
20201019,1,0,1,201379.0
20201020,1,0,1,201108.0
20201021,1,0,1,201073.0
20201022,1,0,1,201837.0
20201023,1,0,1,201444.0
20201026,1,0,1,201910.0
20201027,1,0,1,201938.0
20201028,1,0,1,201075.0
20201029,1,0,1,200351.0
20201030,1,0,1,199856.0
20201102,1,0,1,200444.0
20201103,1,0,1,200919.0
20201104,1,0,1,200836.0
20201105,1,0,1,200566.0
20201106,1,0,1,200322.0
20201109,1,0,1,200979.0
20201110,1,0,1,200680.0
20201111,1,0,1,200182.0
20201112,1,0,1,200263.0
20201113,1,0,1,200298.0
20201116,1,0,1,201459.0
20201117,1,0,1,201140.0
20201118,1,0,1,201562.0
20201119,1,0,1,201292.0
20201120,1,0,1,201858.0
20201123,1,0,1,202211.0
20201124,1,0,1,201678.0
20201125,1,0,1,201065.0
20201127,1,0,1,201561.0
20201130,1,0,1,200669.0
20201201,1,0,1,200689.0
20201202,1,0,1,200495.0
20201203,1,0,1,200373.0
20201204,1,0,1,200301.0
20201207,1,0,1,200717.0
20201208,1,0,1,200450.0
20201209,1,0,1,201634.0
20201210,1,0,1,201892.0
20201211,1,0,1,201545.0
20201214,1,0,1,201492.0
20201215,1,0,1,202053.0
20201216,1,0,1,202397.0
20201217,1,0,1,203380.0
20201218,1,0,1,203096.0
20201221,1,0,1,201997.0
20201222,1,0,1,202038.0
20201223,1,0,1,203023.0
20201224,1,0,1,203131.0
20201228,1,0,1,203296.0
20201229,1,0,1,203693.0
20201230,1,0,1,204442.0
20201231,1,0,1,204752.0
20210104,1,0,1,205479.0
20210105,1,0,1,206572.0
20210106,1,0,1,206573.0
20210107,1,0,1,205695.0
20210108,1,0,1,205700.0
20210111,1,0,1,206108.0
20210112,1,0,1,206508.0
20210113,1,0,1,206544.0
20210114,1,0,1,207588.0
20210115,1,1,1,206453.0
20210119,1,1,1,205911.0
20210120,1,1,1,205590.0
20210121,1,1,1,206302.0
20210122,1,1,1,204696.0
20210125,1,1,1,204635.0
20210126,1,1,1,204794.0
20210127,1,1,1,204801.0
20210128,1,1,1,203549.0
20210129,1,1,1,203779.0
20210201,1,1,1,204732.0
20210202,1,1,1,204488.0
20210203,1,1,1,204564.0
20210204,1,1,1,206257.0
20210205,1,1,1,206071.0
20210208,1,1,1,206523.0
20210209,1,1,1,207607.0
20210210,1,1,1,206085.0
20210211,1,1,1,206739.0
20210212,1,1,1,206978.0
20210216,1,1,1,209022.0
20210217,1,1,1,209894.0
20210218,1,1,1,211408.0
20210219,1,1,1,211777.0
20210222,1,1,1,215533.0
20210223,1,1,1,216438.0
20210224,1,1,1,216734.0
20210225,1,1,1,215414.0
20210226,1,1,1,213591.0
20210301,1,1,1,214055.0
20210302,1,1,1,213280.0
20210303,1,1,1,211291.0
20210304,1,1,1,210527.0
20210305,1,1,1,209756.0
20210308,1,1,1,209925.0
20210309,1,1,1,208057.0
20210310,1,1,1,208743.0
20210311,1,1,1,211319.0
20210312,1,1,1,210910.0
20210315,1,1,1,210141.0
20210316,1,1,1,211343.0
20210317,1,1,1,210434.0
20210318,1,1,1,208442.0
20210319,1,1,1,207556.0
20210322,1,0,1,206599.0
20210323,0,0,1,205467.0
20210324,0,0,0,204942.0
20210325,0,0,0,204942.0
20210326,0,0,0,204942.0
20210329,0,0,0,204942.0
20210330,0,0,0,204942.0
20210331,0,0,0,204942.0
20210401,0,0,0,204942.0
20210405,0,0,0,204942.0
20210406,0,0,0,204942.0
20210407,0,0,0,204942.0
20210408,0,0,0,204942.0
20210409,0,0,0,204942.0
20210412,0,0,0,204942.0
20210413,0,0,0,204942.0
20210414,0,0,0,204942.0
20210415,0,0,0,204942.0
20210416,0,0,0,204942.0
20210419,0,0,0,204942.0
20210420,0,0,0,204942.0
20210421,0,0,0,204942.0
20210422,0,0,0,204942.0
20210423,0,0,0,204942.0
20210426,1,1,0,205549.0
20210427,1,1,0,207245.0
20210428,1,1,0,206543.0
20210429,1,1,0,205239.0
20210430,1,1,0,204714.0
20210503,1,1,0,203984.0
20210504,1,1,0,204458.0
20210505,1,1,0,208480.0
20210506,1,1,0,210171.0
20210507,1,1,0,209579.0
20210510,1,1,0,207760.0
20210511,1,1,0,209212.0
20210512,1,1,0,207571.0
20210513,1,1,0,206716.0
20210514,1,1,0,206023.0
20210517,1,1,0,206337.0
20210518,1,1,0,209228.0
20210519,1,1,0,208243.0
20210520,1,1,0,208343.0
20210521,1,1,0,207610.0
20210524,1,1,0,207377.0
20210525,1,1,0,208175.0
20210526,1,1,0,209833.0
20210527,1,1,0,210083.0
20210528,1,1,0,212977.0
20210601,1,1,0,212859.0
20210602,1,1,0,212885.0
20210603,1,1,0,211274.0
20210604,1,1,0,213106.0
20210607,1,1,0,212174.0
20210608,1,1,0,211625.0
20210609,1,1,0,211460.0
20210610,1,1,0,211944.0
20210611,1,1,0,211360.0
20210614,1,1,0,209805.0
20210615,1,1,0,208430.0
20210616,1,1,0,209243.0
20210617,0,1,0,207178.0
20210618,0,1,0,207310.0
20210621,0,1,0,208097.0
20210622,0,1,0,207366.0
20210623,0,1,0,208041.0
20210624,0,1,0,207853.0
20210625,0,1,0,209503.0
20210628,0,1,0,211341.0
20210629,0,1,0,210403.0
20210630,0,1,0,210235.0
20210701,0,1,0,208978.0
20210702,0,1,0,207722.0
20210706,0,1,0,205866.0
20210707,0,1,0,206560.0
20210708,0,1,0,207422.0
20210709,0,1,0,207141.0
20210712,0,1,0,208078.0
20210713,0,1,0,207422.0
20210714,0,1,0,209053.0
20210715,0,1,0,209222.0
20210716,0,1,0,210835.0
20210719,0,1,0,208978.0
20210720,0,1,0,212878.0
20210721,0,1,0,216328.0
20210722,0,1,0,222947.0
20210723,0,1,0,221203.0
20210726,0,1,0,228253.0
20210727,0,1,0,225985.0
20210728,0,1,0,225497.0
20210729,1,1,0,223534.0
20210730,1,1,0,216741.0
20210802,1,1,0,214255.0
20210803,1,1,0,215057.0
20210804,1,1,0,215301.0
20210805,1,1,0,216543.0
20210806,1,1,0,216272.0
20210809,1,1,0,217293.0
20210810,1,1,1,219576.0
20210811,1,1,1,219604.0
20210812,1,1,1,221708.0
20210813,1,1,1,221223.0
20210816,1,1,1,221495.0
20210817,1,1,1,220185.0
20210818,1,1,1,220637.0
20210819,1,1,1,218595.0
20210820,1,1,1,218605.0
20210823,1,1,1,218866.0
20210824,1,1,1,220739.0
20210825,1,1,1,221292.0
20210826,1,1,1,221685.0
20210827,1,1,1,224003.0
20210830,1,1,1,226787.0
20210831,1,1,1,224011.0
20210901,1,1,1,223612.0
20210902,1,1,1,223877.0
20210903,1,1,1,223422.0
20210907,1,1,1,223637.0
20210908,1,1,1,222257.0
20210909,1,1,1,220515.0
20210910,1,1,1,220376.0
20210913,1,1,1,219776.0
20210914,1,1,1,219672.0
20210915,1,1,1,220867.0
20210916,1,1,1,220703.0
20210917,1,1,1,219610.0
20210920,1,1,0,216436.0
20210921,1,1,0,216841.0
20210922,1,1,0,217806.0
20210923,1,1,0,220209.0
20210924,1,1,0,221212.0
20210927,1,1,1,221339.0
20210928,1,1,1,224365.0
20210929,1,1,1,223236.0
20210930,1,1,1,226085.0
20211001,1,1,1,228905.0
20211004,1,1,1,227303.0
20211005,1,1,1,226314.0
20211006,1,1,1,227870.0
20211007,1,1,1,229892.0
20211008,1,1,1,231185.0
20211011,1,1,1,231912.0
20211012,1,1,1,233254.0
20211013,1,1,1,230071.0
20211014,1,1,1,231614.0
20211015,1,1,1,229770.0
20211018,0,1,1,228575.0
20211019,0,1,1,229964.0
20211020,0,1,1,231902.0
20211021,0,1,1,228763.0
20211022,0,1,1,228529.0
20211025,0,1,1,229682.0
20211026,0,1,1,231848.0
20211027,0,1,1,230222.0
20211028,0,1,1,231302.0
20211029,0,1,1,233362.0
20211101,0,1,1,237638.0
20211102,0,1,1,236099.0
20211103,0,1,1,237353.0
20211104,0,1,1,235910.0
20211105,0,1,1,234222.0
20211108,0,1,1,232599.0
20211109,0,1,1,236358.0
20211110,0,1,1,235295.0
20211111,0,1,1,237700.0
20211112,0,1,1,240519.0
20211115,0,1,1,241443.0
20211116,0,1,1,241500.0
20211117,0,1,1,246239.0
20211118,0,1,1,243249.0
20211119,0,1,1,245488.0
20211122,0,1,1,244470.0
20211123,0,1,1,248347.0
20211124,0,1,1,249663.0
20211126,0,1,1,246744.0
20211129,0,1,1,242828.0
20211130,1,1,1,240312.0
20211201,1,1,1,239558.0
20211202,1,1,1,240547.0
20211203,1,1,1,243182.0
20211206,1,1,1,246566.0
20211207,1,1,1,243431.0
20211208,0,1,1,243468.0
20211209,0,1,1,241903.0
20211210,0,1,1,238873.0
20211213,0,1,1,240701.0
20211214,0,1,1,240414.0
20211215,0,1,1,240416.0
20211216,0,1,1,242192.0
20211217,0,1,1,240214.0
20211220,0,1,1,235341.0
20211221,0,1,1,237762.0
20211222,0,1,1,240529.0
20211223,0,1,1,239793.0
20211227,0,1,1,239817.0
20211228,0,1,1,238158.0
20211229,0,1,1,240866.0
20211230,0,1,1,241522.0
20211231,0,1,1,239621.0
20220103,0,1,1,238886.0
20220104,0,1,1,243634.0
20220105,1,1,1,243714.0
20220106,1,1,1,243083.0
20220107,1,1,1,245971.0
20220110,1,1,1,244936.0
20220111,1,1,1,245829.0
20220112,1,1,1,247806.0
20220113,1,1,1,246242.0
20220114,1,1,1,248420.0
20220118,1,1,1,248699.0
20220119,1,1,1,251494.0
20220120,1,1,1,250810.0
20220121,1,1,1,247628.0
20220124,1,1,1,245687.0
20220125,1,1,1,247847.0
20220126,1,1,1,249252.0
20220127,1,1,1,246423.0
20220128,1,1,1,249167.0
20220131,1,1,1,250749.0
20220201,1,1,1,250938.0
20220202,1,1,1,251842.0
20220203,1,1,1,254332.0
20220204,1,1,1,252854.0
20220207,1,1,1,252396.0
20220208,1,1,1,255890.0
20220209,1,1,1,258607.0
20220210,1,1,1,257242.0
20220211,1,1,1,255897.0
20220214,1,1,1,253323.0
20220215,1,1,1,254907.0
20220216,1,1,1,254619.0
20220217,1,1,1,253630.0
20220218,1,1,1,252795.0
20220222,1,1,1,252527.0
20220223,1,1,1,253156.0
20220224,1,1,1,248433.0
20220225,1,1,1,248797.0
20220228,1,0,1,247473.0
20220301,0,0,1,248522.0
20220302,0,0,1,246417.0
20220303,0,0,1,247047.0
20220304,0,0,1,245357.0
20220307,1,0,1,245163.0
20220308,1,0,1,245857.0
20220309,1,0,1,245058.0
20220310,1,0,1,244932.0
20220311,1,0,1,247174.0
20220314,1,1,1,246509.0
20220315,1,1,1,248845.0
20220316,1,1,1,246873.0
20220317,1,1,1,248574.0
20220318,1,1,1,249861.0
20220321,1,1,1,250103.0
20220322,1,1,1,249822.0
20220323,1,1,1,249825.0
20220324,1,1,1,251576.0
20220325,1,1,1,254468.0
20220328,1,1,1,258768.0
20220329,1,1,1,256669.0
20220330,1,1,1,256281.0
20220331,1,1,1,252522.0
