Date,CL,NG,HO,
20100104,0,0,0,500000
20100105,0,0,0,500000
20100106,0,0,0,500000
20100107,0,0,0,500000
20100108,0,0,0,500000
20100111,0,0,0,500000
20100112,0,0,0,500000
20100113,0,0,0,500000
20100114,0,0,0,500000
20100115,0,0,0,500000
20100119,0,0,0,500000
20100120,0,0,0,500000
20100121,0,0,0,500000
20100122,0,0,0,500000
20100125,0,0,0,500000
20100126,0,0,0,500000
20100127,0,0,0,500000
20100128,0,0,0,500000
20100129,0,0,0,500000
20100201,0,0,0,500000
20100202,0,0,0,500000
20100203,0,0,0,500000
20100204,0,0,0,500000
20100205,0,0,0,500000
20100208,1,0,1,500437.0
20100209,1,0,1,496401.0
20100210,1,0,1,495228.0
20100211,1,0,1,493792.0
20100212,1,0,1,496794.0
20100216,1,0,1,490663.0
20100217,1,0,1,489907.0
20100218,1,0,1,486291.0
20100219,0,0,0,487163.0
20100222,0,0,0,487163.0
20100223,0,0,0,487163.0
20100224,0,0,0,487163.0
20100225,0,0,0,487163.0
20100226,0,0,0,487163.0
20100301,0,0,0,487163.0
20100302,0,0,0,487163.0
20100303,0,0,0,487163.0
20100304,0,0,0,487163.0
20100305,0,0,0,487163.0
20100308,0,0,0,487163.0
20100309,0,0,0,487163.0
20100310,0,0,0,487163.0
20100311,0,0,0,487163.0
20100312,0,0,0,487163.0
20100315,0,0,0,487163.0
20100316,0,0,0,487163.0
20100317,0,0,0,487163.0
20100318,0,0,0,487163.0
20100319,0,1,0,486383.0
20100322,0,1,0,487283.0
20100323,0,1,0,486773.0
20100324,0,1,0,487023.0
20100325,0,1,0,488263.0
20100326,0,1,0,489253.0
20100329,0,1,0,489393.0
20100330,0,1,0,488823.0
20100331,0,1,0,489863.0
20100401,0,1,0,487693.0
20100405,0,1,0,485783.0
20100406,1,1,1,487668.0
20100407,1,1,1,486453.0
20100408,1,1,1,486404.0
20100409,1,1,1,484231.0
20100412,1,1,1,483973.0
20100413,1,1,1,481966.0
20100414,1,1,1,484537.0
20100415,1,1,1,486776.0
20100416,1,1,1,482479.0
20100419,1,1,1,479365.0
20100420,1,1,1,480758.0
20100421,1,1,1,481863.0
20100422,1,1,1,480539.0
20100423,1,1,1,482160.0
20100426,1,1,1,480627.0
20100427,1,1,1,478942.0
20100428,1,1,1,479337.0
20100429,1,1,1,485975.0
20100430,1,1,1,489130.0
20100503,1,1,1,489605.0
20100504,1,1,1,482430.0
20100505,1,1,1,476730.0
20100506,0,1,1,474326.0
20100507,0,1,0,473416.0
20100510,0,1,0,471866.0
20100511,0,1,0,472256.0
20100512,0,1,0,470726.0
20100513,0,1,0,470176.0
20100514,0,1,0,470446.0
20100517,1,1,0,471296.0
20100518,1,1,0,472526.0
20100519,1,1,0,474586.0
20100520,1,1,0,476786.0
20100521,1,1,1,477630.0
20100524,1,1,1,477531.0
20100525,1,1,1,479760.0
20100526,1,1,1,474292.0
20100527,1,1,1,466856.0
20100528,1,1,1,467184.0
20100601,1,1,1,470936.0
20100602,1,1,1,467405.0
20100603,1,1,1,461601.0
20100604,1,0,1,467980.0
20100607,1,0,1,467605.0
20100608,1,0,1,467181.0
20100609,1,0,1,462930.0
20100610,1,0,1,460856.0
20100611,1,0,1,463711.0
20100614,1,0,1,461505.0
20100615,1,0,1,457896.0
20100616,1,1,1,453679.0
20100617,1,1,1,454832.0
20100618,1,1,0,452717.0
20100621,1,1,0,451127.0
20100622,1,1,0,450717.0
20100623,1,1,0,452697.0
20100624,1,1,0,451977.0
20100625,1,1,0,450777.0
20100628,1,1,0,449637.0
20100629,1,1,0,450097.0
20100630,1,1,0,451087.0
20100701,1,1,0,456147.0
20100702,1,1,0,455287.0
20100706,1,1,0,455397.0
20100707,1,1,0,452137.0
20100708,1,1,0,449107.0
20100709,1,0,0,448407.0
20100712,1,0,0,449547.0
20100713,1,0,0,447347.0
20100714,1,0,0,447457.0
20100715,1,0,0,447877.0
20100716,1,0,0,448487.0
20100719,1,0,0,447967.0
20100720,1,0,0,447287.0
20100721,1,0,0,448307.0
20100722,1,0,0,445567.0
20100723,1,0,0,445887.0
20100726,1,0,0,445887.0
20100727,1,0,0,447367.0
20100728,1,0,0,447877.0
20100729,1,0,0,446507.0
20100730,1,0,0,445917.0
20100802,1,0,0,443527.0
20100803,0,0,0,443407.0
20100804,0,0,0,443407.0
20100805,0,0,0,443407.0
20100806,0,0,0,443407.0
20100809,0,0,0,443407.0
20100810,0,0,0,443407.0
20100811,0,0,0,443407.0
20100812,0,0,0,443407.0
20100813,0,0,0,443407.0
20100816,0,0,0,443407.0
20100817,0,0,0,443407.0
20100818,0,0,0,443407.0
20100819,0,0,0,443407.0
20100820,0,0,0,443407.0
20100823,0,0,0,443407.0
20100824,0,0,0,443407.0
20100825,0,0,0,443407.0
20100826,0,1,0,444167.0
20100827,0,1,0,445547.0
20100830,0,1,0,444477.0
20100831,0,1,0,444437.0
20100901,0,1,0,444977.0
20100902,0,1,0,445087.0
20100903,0,1,0,443207.0
20100907,0,1,0,444077.0
20100908,0,1,0,444457.0
20100909,0,1,0,444917.0
20100910,0,1,0,443767.0
20100913,0,1,0,443217.0
20100914,0,1,0,442937.0
20100915,0,1,0,442647.0
20100916,0,1,0,441977.0
20100917,0,1,0,442357.0
20100920,0,1,0,444377.0
20100921,0,1,0,443407.0
20100922,0,1,0,442937.0
20100923,0,1,0,442407.0
20100924,0,1,0,443787.0
20100927,0,1,0,444717.0
20100928,0,1,0,444367.0
20100929,0,1,0,444257.0
20100930,0,1,0,445157.0
20101001,0,1,1,446999.0
20101004,0,1,1,447317.0
20101005,0,1,1,447909.0
20101006,0,1,1,446907.0
20101007,0,1,1,447035.0
20101008,0,1,1,447959.0
20101011,0,1,1,448338.0
20101012,0,1,1,447365.0
20101013,0,1,1,448299.0
20101014,0,1,1,447983.0
20101015,0,1,1,446973.0
20101018,0,1,1,449916.0
20101019,0,1,1,445450.0
20101020,0,1,1,447941.0
20101021,0,1,1,447959.0
20101022,0,1,1,449877.0
20101025,0,1,1,450170.0
20101026,0,1,1,448960.0
20101027,0,1,1,448498.0
20101028,0,1,1,447384.0
20101029,0,1,1,444992.0
20101101,0,1,1,448732.0
20101102,0,1,1,449020.0
20101103,0,1,1,450801.0
20101104,0,1,1,452499.0
20101105,1,1,1,452430.0
20101108,1,1,1,451672.0
20101109,1,1,1,450490.0
20101110,1,1,1,454699.0
20101111,1,1,1,455246.0
20101112,1,1,1,450933.0
20101115,1,1,1,450777.0
20101116,1,1,1,445927.0
20101117,1,1,1,439509.0
20101118,1,1,1,442933.0
20101119,1,1,1,440054.0
20101122,1,1,1,438500.0
20101123,1,1,1,437382.0
20101124,1,1,1,443450.0
20101126,1,1,1,442870.0
20101129,1,1,1,448717.0
20101130,1,1,1,445049.0
20101201,1,1,1,450209.0
20101202,1,1,1,452777.0
20101203,1,1,1,455285.0
20101206,1,1,1,453594.0
20101207,1,0,1,452503.0
20101208,1,0,1,451694.0
20101209,1,0,1,452040.0
20101210,1,0,1,451069.0
20101213,1,0,1,452213.0
20101214,1,0,1,451996.0
20101215,1,0,1,452991.0
20101216,1,0,1,451769.0
20101217,1,0,1,451860.0
20101220,1,0,1,453293.0
20101221,1,0,1,454873.0
20101222,1,0,1,456041.0
20101223,1,0,1,457588.0
20101227,1,0,1,456061.0
20101228,1,0,1,456875.0
20101229,1,0,1,456387.0
20101230,1,0,1,453679.0
20101231,1,0,1,457004.0
20110103,1,0,1,457611.0
20110104,1,0,1,453496.0
20110105,1,0,1,455916.0
20110106,1,0,1,452694.0
20110107,1,0,1,451298.0
20110110,1,0,1,455450.0
20110111,1,0,1,459523.0
20110112,1,0,1,460685.0
20110113,1,0,1,459826.0
20110114,1,0,1,461482.0
20110118,1,0,1,461351.0
20110119,1,0,1,461284.0
20110120,1,0,1,457678.0
20110121,1,1,1,458827.0
20110124,1,1,1,454704.0
20110125,1,1,1,450845.0
20110126,0,1,1,454135.0
20110127,0,1,1,451677.0
20110128,0,1,1,453359.0
20110131,0,1,1,456265.0
20110201,0,1,1,456236.0
20110202,0,1,1,458052.0
20110203,0,1,1,456573.0
20110204,0,1,1,454174.0
20110207,0,0,1,453679.0
20110208,0,0,1,454758.0
20110209,0,0,1,456316.0
20110210,0,0,1,453872.0
20110211,0,0,1,453246.0
20110214,0,0,1,455539.0
20110215,0,0,1,454640.0
20110216,0,0,1,456564.0
20110217,0,0,1,454783.0
20110218,0,1,1,453904.0
20110222,0,1,1,457333.0
20110223,0,1,1,461768.0
20110224,1,1,1,459559.0
20110225,1,1,1,461026.0
20110228,1,1,1,459518.0
20110301,1,1,1,467372.0
20110302,1,1,1,471958.0
20110303,1,1,1,471685.0
20110304,1,1,1,475565.0
20110307,1,1,1,474414.0
20110308,1,1,1,472331.0
20110309,1,1,1,473534.0
20110310,1,1,1,471770.0
20110311,1,1,1,468973.0
20110314,1,1,1,470214.0
20110315,1,1,1,461314.0
20110316,1,1,1,463967.0
20110317,1,1,1,468050.0
20110318,1,1,1,465895.0
20110321,1,1,1,468390.0
20110322,1,1,1,470335.0
20110323,1,1,1,469415.0
20110324,1,0,1,469359.0
20110325,1,0,1,468856.0
20110328,1,0,1,466180.0
20110329,1,0,1,467688.0
20110330,1,0,1,467004.0
20110331,1,0,1,471936.0
20110401,1,0,1,474080.0
20110404,1,0,1,476160.0
20110405,1,0,1,476601.0
20110406,1,0,1,477351.0
20110407,1,0,1,479443.0
20110408,1,0,1,486708.0
20110411,1,0,1,481016.0
20110412,1,0,1,473990.0
20110413,1,0,1,476119.0
20110414,1,0,1,476539.0
20110415,1,0,1,479567.0
20110418,1,0,1,475299.0
20110419,1,0,1,474868.0
20110420,1,0,1,480680.0
20110421,1,0,1,480587.0
20110425,1,0,1,479855.0
20110426,1,0,1,481007.0
20110427,1,0,1,482494.0
20110428,1,0,1,482501.0
20110429,1,0,1,484827.0
20110502,1,0,1,483422.0
20110503,1,0,1,478377.0
20110504,1,0,1,474560.0
20110505,1,0,1,454363.0
20110506,0,0,0,454263.0
20110509,0,0,0,454263.0
20110510,0,0,0,454263.0
20110511,0,0,0,454263.0
20110512,0,0,0,454263.0
20110513,0,0,0,454263.0
20110516,0,0,0,454263.0
20110517,0,0,0,454263.0
20110518,0,0,0,454263.0
20110519,0,0,0,454263.0
20110520,0,0,0,454263.0
20110523,0,0,0,454263.0
20110524,0,0,0,454263.0
20110525,0,0,0,454263.0
20110526,0,0,0,454263.0
20110527,0,0,0,454263.0
20110531,0,0,0,454263.0
20110601,0,0,0,454263.0
20110602,0,0,0,454263.0
20110603,0,1,0,453483.0
20110606,0,1,0,454683.0
20110607,0,1,0,454723.0
20110608,0,1,0,454883.0
20110609,0,1,0,453153.0
20110610,0,1,0,453983.0
20110613,0,1,0,452873.0
20110614,0,1,0,452223.0
20110615,0,1,0,452183.0
20110616,0,1,0,450533.0
20110617,0,1,0,449663.0
20110620,1,0,0,449153.0
20110621,1,0,0,448613.0
20110622,1,0,0,447373.0
20110623,1,0,0,451763.0
20110624,1,0,1,455114.0
20110627,1,0,1,455050.0
20110628,1,0,1,450217.0
20110629,1,0,1,444422.0
20110630,1,0,1,443285.0
20110701,1,0,1,444681.0
20110705,1,0,1,441383.0
20110706,1,0,1,441341.0
20110707,1,0,1,433496.0
20110708,1,0,0,435916.0
20110711,1,0,0,436966.0
20110712,1,0,0,434686.0
20110713,1,0,0,434066.0
20110714,1,0,0,436426.0
20110715,1,0,0,434876.0
20110718,1,0,0,436186.0
20110719,1,0,0,434576.0
20110720,1,0,0,434036.0
20110721,1,0,0,433306.0
20110722,1,0,0,432566.0
20110725,1,0,0,433236.0
20110726,1,0,0,432846.0
20110727,1,0,0,435036.0
20110728,1,0,0,434996.0
20110729,1,0,0,436736.0
20110801,1,0,0,437546.0
20110802,1,0,0,438646.0
20110803,1,0,0,440506.0
20110804,1,0,0,445806.0
20110805,1,1,0,445606.0
20110808,1,1,0,451236.0
20110809,1,1,1,454966.0
20110810,1,1,1,447065.0
20110811,1,1,1,441761.0
20110812,1,1,1,442392.0
20110815,1,1,1,438555.0
20110816,1,1,1,441188.0
20110817,1,1,1,439030.0
20110818,1,1,1,448286.0
20110819,1,1,1,446658.0
20110822,1,1,1,444898.0
20110823,1,1,1,441502.0
20110824,1,1,1,441728.0
20110825,1,1,1,440456.0
20110826,1,1,1,439293.0
20110829,1,1,0,438562.0
20110830,1,1,0,436142.0
20110831,1,1,0,434782.0
20110901,1,1,0,434702.0
20110902,1,1,0,438962.0
20110906,1,1,0,438732.0
20110907,1,1,0,435392.0
20110908,1,1,0,435282.0
20110909,1,1,0,437742.0
20110912,1,1,0,437092.0
20110913,1,1,0,434122.0
20110914,1,1,0,434832.0
20110915,1,1,0,435952.0
20110916,1,1,0,438082.0
20110919,1,1,0,440252.0
20110920,1,1,0,439452.0
20110921,1,1,0,441132.0
20110922,1,1,0,446792.0
20110923,1,1,0,447492.0
20110926,1,1,1,446553.0
20110927,1,1,1,438468.0
20110928,1,1,1,444913.0
20110929,1,1,1,444524.0
20110930,1,1,1,450260.0
20111003,1,1,1,453449.0
20111004,1,1,1,456418.0
20111005,1,1,1,450854.0
20111006,1,1,1,444115.0
20111007,1,1,1,444991.0
20111010,1,1,1,440067.0
20111011,1,1,1,438909.0
20111012,1,1,1,439134.0
20111013,1,1,1,438512.0
20111014,1,1,1,430677.0
20111017,1,1,0,430664.0
20111018,1,1,0,430054.0
20111019,1,1,0,431964.0
20111020,1,1,0,431744.0
20111021,1,1,0,430424.0
20111024,1,1,0,426804.0
20111025,0,1,0,425794.0
20111026,0,1,0,426564.0
20111027,0,1,0,426674.0
20111028,0,1,0,425084.0
20111031,0,1,0,424974.0
20111101,0,1,0,426504.0
20111102,0,1,0,426824.0
20111103,0,1,0,426534.0
20111104,0,1,0,426484.0
20111107,0,1,0,427354.0
20111108,0,1,0,426864.0
20111109,0,1,0,427794.0
20111110,0,1,0,427824.0
20111111,0,1,0,428474.0
20111114,0,1,0,429734.0
20111115,0,1,0,430274.0
20111116,0,1,0,430874.0
20111117,1,1,0,427404.0
20111118,1,1,0,427084.0
20111121,1,1,0,425504.0
20111122,1,1,0,426434.0
20111123,1,1,0,424144.0
20111125,1,1,0,424114.0
20111128,1,1,0,426954.0
20111129,1,1,0,427454.0
20111130,1,1,0,428854.0
20111201,1,1,0,427714.0
20111202,1,1,0,429114.0
20111205,1,1,0,430374.0
20111206,1,1,0,430404.0
20111207,1,1,0,430274.0
20111208,1,1,0,427764.0
20111209,1,1,0,430234.0
20111212,1,1,0,429224.0
20111213,1,1,0,431344.0
20111214,1,1,0,427584.0
20111215,1,1,0,426594.0
20111216,1,1,0,426254.0
20111219,1,1,0,426864.0
20111220,1,1,1,427054.0
20111221,1,1,1,425724.0
20111222,1,1,1,426490.0
20111223,1,1,1,427900.0
20111227,1,1,1,428832.0
20111228,1,1,1,427776.0
20111229,1,1,1,428213.0
20111230,1,1,1,428020.0
20120103,1,1,1,426902.0
20120104,1,1,0,425914.0
20120105,1,1,0,425664.0
20120106,1,1,0,424594.0
20120109,1,1,0,424854.0
20120110,1,1,0,426484.0
20120111,1,1,0,426784.0
20120112,1,1,0,425784.0
20120113,1,1,0,425654.0
20120117,1,1,0,429484.0
20120118,1,1,0,429524.0
20120119,1,1,0,430804.0
20120120,1,1,0,428384.0
20120123,1,1,0,427814.0
20120124,1,1,0,426894.0
20120125,1,1,0,425594.0
20120126,1,1,0,427044.0
20120127,1,1,0,425884.0
20120130,1,1,0,425534.0
20120131,1,1,0,427334.0
20120201,1,1,0,427674.0
20120202,1,1,0,424704.0
20120203,0,1,0,425204.0
20120206,0,1,0,424694.0
20120207,0,1,0,425474.0
20120208,0,1,1,425887.0
20120209,0,1,1,426395.0
20120210,0,1,1,425286.0
20120213,0,1,1,424818.0
20120214,0,1,1,424009.0
20120215,0,1,1,426205.0
20120216,0,1,1,425545.0
20120217,0,1,1,423501.0
20120221,0,1,1,426198.0
20120222,1,1,1,427688.0
20120223,1,1,1,430403.0
20120224,1,1,1,433885.0
20120227,1,1,1,432356.0
20120228,1,1,1,428549.0
20120229,1,1,1,427502.0
20120301,1,1,1,433717.0
20120302,1,1,1,428280.0
20120305,1,1,1,430245.0
20120306,1,1,1,426989.0
20120307,1,1,1,430299.0
20120308,1,1,1,433124.0
20120309,1,1,1,433184.0
20120312,1,1,1,431796.0
20120313,1,1,1,433055.0
20120314,1,1,1,431530.0
20120315,1,1,1,429610.0
20120316,1,1,1,433584.0
20120319,1,1,1,433449.0
20120320,1,1,1,430086.0
20120321,1,1,1,430175.0
20120322,1,1,1,427590.0
20120323,1,1,1,430369.0
20120326,1,1,1,431804.0
20120327,1,1,1,431926.0
20120328,1,1,1,429676.0
20120329,1,1,1,426176.0
20120330,1,1,1,426658.0
20120402,1,1,1,431947.0
20120403,1,1,1,429449.0
20120404,1,1,1,424572.0
20120405,0,1,1,425390.0
20120409,0,1,1,424232.0
20120410,0,1,1,422883.0
20120411,0,1,0,423303.0
20120412,0,1,0,423313.0
20120413,0,1,0,423333.0
20120416,0,1,0,422983.0
20120417,0,1,0,423633.0
20120418,0,1,0,423633.0
20120419,0,1,0,424073.0
20120420,0,1,0,423873.0
20120423,0,1,0,423073.0
20120424,0,1,0,423393.0
20120425,0,1,0,422323.0
20120426,0,1,0,422763.0
20120427,0,1,0,422163.0
20120430,0,1,0,421173.0
20120501,0,1,0,420313.0
20120502,0,1,0,421493.0
20120503,0,1,0,420623.0
20120504,0,1,0,421233.0
20120507,0,1,0,420663.0
20120508,0,1,1,419837.0
20120509,1,1,1,419309.0
20120510,1,1,1,419479.0
20120511,1,1,1,421040.0
20120514,1,1,1,424602.0
20120515,1,1,1,424565.0
20120516,1,1,1,426042.0
20120517,1,0,1,428213.0
20120518,1,0,1,430091.0
20120521,1,0,1,427759.0
20120522,1,0,1,428723.0
20120523,1,0,1,432743.0
20120524,1,0,1,431572.0
20120525,1,0,1,431082.0
20120529,1,0,1,432022.0
20120530,1,0,1,437877.0
20120531,1,0,1,440872.0
20120601,1,0,1,447334.0
20120604,1,0,1,446626.0
20120605,1,0,1,446035.0
20120606,1,0,1,443705.0
20120607,1,0,1,444098.0
20120608,1,0,1,444608.0
20120611,1,0,1,447537.0
20120612,1,0,1,447513.0
20120613,1,0,1,448658.0
20120614,1,0,1,446659.0
20120615,1,0,1,445753.0
20120618,1,0,1,447723.0
20120619,1,0,1,446242.0
20120620,1,0,1,451145.0
20120621,1,0,1,457004.0
20120622,1,0,1,455091.0
20120625,1,0,1,455439.0
20120626,1,0,1,453693.0
20120627,1,0,1,452121.0
20120628,1,0,1,456447.0
20120629,1,0,1,442343.0
20120702,1,0,1,444981.0
20120703,1,0,1,437602.0
20120705,1,1,1,437776.0
20120706,1,1,1,441313.0
20120709,1,1,1,439201.0
20120710,1,1,1,441060.0
20120711,1,1,1,438544.0
20120712,1,1,1,438001.0
20120713,1,1,1,436355.0
20120716,1,1,1,432636.0
20120717,1,1,1,431187.0
20120718,1,1,1,430820.0
20120719,1,1,1,425365.0
20120720,1,1,0,427363.0
20120723,1,1,0,431413.0
20120724,1,1,0,431753.0
20120725,1,1,0,430113.0
20120726,1,1,0,430073.0
20120727,1,1,0,428583.0
20120730,1,1,0,430923.0
20120731,1,1,0,432593.0
20120801,1,1,0,431363.0
20120802,1,1,0,430633.0
20120803,1,1,0,425933.0
20120806,1,1,0,425443.0
20120807,0,1,0,426103.0
20120808,0,1,0,425793.0
20120809,0,1,0,425913.0
20120810,0,1,0,424163.0
20120813,0,1,0,423753.0
20120814,0,1,0,424803.0
20120815,0,1,0,423943.0
20120816,0,1,0,423703.0
20120817,0,1,0,423653.0
20120820,0,1,0,424223.0
20120821,0,1,0,424213.0
20120822,0,1,0,424723.0
20120823,0,1,0,424483.0
20120824,0,1,0,423483.0
20120827,0,0,0,423433.0
20120828,0,0,0,423433.0
20120829,0,0,0,423433.0
20120830,0,0,0,423433.0
20120831,0,0,0,423433.0
20120903,0,0,0,423433.0
20120904,0,0,0,423433.0
20120905,0,0,0,423433.0
20120906,0,0,0,423433.0
20120907,0,0,0,423433.0
20120910,0,0,0,423433.0
20120911,0,0,0,423433.0
20120912,0,0,0,423433.0
20120913,0,0,0,423433.0
20120914,0,0,0,423433.0
20120917,0,0,0,423433.0
20120918,0,0,0,423433.0
20120919,0,0,0,423433.0
20120920,0,0,0,423433.0
20120921,0,0,0,423433.0
20120924,0,0,0,423433.0
20120925,0,0,0,423433.0
20120926,0,0,0,423433.0
20120927,0,0,0,423433.0
20120928,0,0,0,423433.0
20121001,0,0,0,423433.0
20121002,0,1,0,423913.0
20121003,0,1,0,422553.0
20121004,0,1,0,422663.0
20121005,0,1,0,422563.0
20121008,0,1,0,422633.0
20121009,0,1,0,423273.0
20121010,0,1,0,423353.0
20121011,0,1,0,424643.0
20121012,0,1,0,424713.0
20121015,0,1,0,423463.0
20121016,0,1,0,422973.0
20121017,0,1,0,423303.0
20121018,0,1,0,424473.0
20121019,0,1,0,424773.0
20121022,0,1,0,423123.0
20121023,0,1,0,423953.0
20121024,0,1,0,423103.0
20121025,1,1,0,422543.0
20121026,1,1,0,421743.0
20121029,1,1,0,423273.0
20121030,1,1,0,422013.0
20121031,1,1,0,421463.0
20121101,1,1,0,420683.0
20121102,1,1,0,421463.0
20121105,1,1,0,420673.0
20121106,1,0,0,417563.0
20121107,1,0,0,421833.0
20121108,1,0,0,421183.0
20121109,1,0,0,420203.0
20121112,1,0,0,420703.0
20121113,1,0,0,420893.0
20121114,1,0,0,419953.0
20121115,1,0,0,420833.0
20121116,1,0,0,419783.0
20121119,1,0,0,417423.0
20121120,1,0,0,419953.0
20121121,1,0,0,419323.0
20121123,1,0,0,418423.0
20121126,1,0,0,418963.0
20121127,1,0,0,419523.0
20121128,1,0,0,420213.0
20121129,1,0,0,418633.0
20121130,1,0,0,417793.0
20121203,1,0,0,417613.0
20121204,1,0,0,418203.0
20121205,1,0,0,418823.0
20121206,1,0,0,420443.0
20121207,1,0,1,421895.0
20121210,1,0,1,423067.0
20121211,1,0,1,421543.0
20121212,1,0,1,418892.0
20121213,1,0,1,420742.0
20121214,1,0,1,418348.0
20121217,1,0,1,418903.0
20121218,1,0,1,416484.0
20121219,1,0,1,413262.0
20121220,1,0,1,412192.0
20121221,1,0,1,415137.0
20121224,1,0,1,416035.0
20121226,1,0,1,411603.0
20121227,0,0,1,410651.0
20121228,0,0,0,410357.0
20121231,0,0,0,410357.0
20130102,0,0,0,410357.0
20130103,0,1,0,410687.0
20130104,0,1,0,409797.0
20130107,0,1,0,410007.0
20130108,0,1,0,410487.0
20130109,0,1,0,411537.0
20130110,0,1,0,410737.0
20130111,0,1,0,409397.0
20130114,0,1,0,408937.0
20130115,0,1,0,408117.0
20130116,0,1,0,408317.0
20130117,0,1,0,407727.0
20130118,0,1,0,407007.0
20130122,0,1,0,407087.0
20130123,1,1,0,405597.0
20130124,1,1,0,407397.0
20130125,1,1,0,407347.0
20130128,1,1,0,409487.0
20130129,1,1,0,411087.0
20130130,1,1,0,410687.0
20130131,1,1,0,410197.0
20130201,1,1,0,410857.0
20130204,1,1,0,409117.0
20130205,1,1,0,408747.0
20130206,1,1,1,408151.0
20130207,1,1,1,409266.0
20130208,1,1,1,410920.0
20130211,1,1,1,411870.0
20130212,1,1,1,413038.0
20130213,1,1,1,411047.0
20130214,1,1,1,412983.0
20130215,1,1,1,411074.0
20130219,1,1,1,409322.0
20130220,1,1,1,406352.0
20130221,1,1,1,401757.0
20130222,1,1,1,401954.0
20130225,1,1,1,400501.0
20130226,1,1,1,397339.0
20130227,1,1,0,397639.0
20130228,1,1,0,396409.0
20130301,0,1,0,396659.0
20130304,0,1,0,395929.0
20130305,0,1,0,395929.0
20130306,0,1,0,396519.0
20130307,0,1,0,395399.0
20130308,0,0,0,395319.0
20130311,0,0,0,395319.0
20130312,0,0,0,395319.0
20130313,0,0,0,395319.0
20130314,0,0,0,395319.0
20130315,0,0,0,395319.0
20130318,0,0,0,395319.0
20130319,0,0,0,395319.0
20130320,0,1,0,395249.0
20130321,0,1,0,394999.0
20130322,0,1,0,394919.0
20130325,0,1,0,394279.0
20130326,0,1,0,395309.0
20130327,0,1,0,396079.0
20130328,0,1,0,395639.0
20130329,0,1,0,395639.0
20130401,0,1,0,395549.0
20130402,0,1,0,395089.0
20130403,0,1,0,394399.0
20130404,0,1,0,394869.0
20130405,0,1,0,396649.0
20130408,0,1,1,394614.0
20130409,0,1,1,393645.0
20130410,0,1,1,394888.0
20130411,0,1,1,397477.0
20130412,0,1,1,399454.0
20130415,0,1,1,400393.0
20130416,1,1,1,400277.0
20130417,1,1,1,405876.0
20130418,1,1,1,404847.0
20130419,1,1,1,404290.0
20130422,1,1,1,401045.0
20130423,1,1,1,400668.0
20130424,1,1,1,396455.0
20130425,1,1,1,391678.0
20130426,1,1,1,392569.0
20130429,1,1,1,392730.0
20130430,1,1,1,394422.0
20130501,1,1,1,398812.0
20130502,1,1,1,390044.0
20130503,1,1,1,387371.0
20130506,0,1,1,385547.0
20130507,0,1,1,384322.0
20130508,0,1,1,385448.0
20130509,0,1,1,384578.0
20130510,0,1,1,385125.0
20130513,0,1,1,385913.0
20130514,0,1,1,387659.0
20130515,0,1,1,387821.0
20130516,0,1,1,385240.0
20130517,0,1,1,385281.0
20130520,0,1,1,385052.0
20130521,0,1,1,386987.0
20130522,0,1,1,389254.0
20130523,0,1,1,390575.0
20130524,0,1,1,390466.0
20130528,0,1,1,387778.0
20130529,0,1,1,388936.0
20130530,0,1,1,388192.0
20130531,0,1,1,390439.0
20130603,0,1,1,388325.0
20130604,0,1,1,387072.0
20130605,0,1,1,387501.0
20130606,0,1,1,385089.0
20130607,0,0,1,384128.0
20130610,0,0,1,384518.0
20130611,0,0,1,385623.0
20130612,0,0,1,384040.0
20130613,0,0,1,382179.0
20130614,0,0,0,382188.0
20130617,0,0,0,382188.0
20130618,0,0,0,382188.0
20130619,0,0,0,382188.0
20130620,0,0,0,382188.0
20130621,0,0,0,382188.0
20130624,0,0,0,382188.0
20130625,0,0,0,382188.0
20130626,0,0,0,382188.0
20130627,0,0,0,382188.0
20130628,0,1,0,382498.0
20130701,0,1,0,382378.0
20130702,0,1,0,381608.0
20130703,1,1,0,382878.0
20130705,1,1,0,385588.0
20130708,1,1,0,384268.0
20130709,1,1,0,385498.0
20130710,1,1,0,388258.0
20130711,1,1,0,387318.0
20130712,1,1,0,388048.0
20130715,1,1,0,388118.0
20130716,1,1,0,387768.0
20130717,1,1,1,389765.0
20130718,1,1,1,390634.0
20130719,1,1,1,390450.0
20130722,1,1,1,389674.0
20130723,1,1,1,389425.0
20130724,1,1,1,387099.0
20130725,1,1,1,387235.0
20130726,1,1,1,386239.0
20130729,1,1,1,387255.0
20130730,1,1,1,385765.0
20130731,1,1,1,389507.0
20130801,1,1,1,394704.0
20130802,1,1,1,393096.0
20130805,1,1,1,392190.0
20130806,1,1,1,389096.0
20130807,1,1,1,387024.0
20130808,1,1,1,385268.0
20130809,1,1,1,390024.0
20130812,1,1,1,390515.0
20130813,1,1,1,392585.0
20130814,1,1,1,392065.0
20130815,1,1,1,392825.0
20130816,1,1,1,393867.0
20130819,1,1,1,391979.0
20130820,1,1,1,390730.0
20130821,1,1,1,389243.0
20130822,1,1,1,389283.0
20130823,1,1,1,392327.0
20130826,1,1,1,390875.0
20130827,1,1,1,397205.0
20130828,1,1,1,400196.0
20130829,1,1,1,397570.0
20130830,1,1,1,394618.0
20130903,1,1,1,395150.0
20130904,1,1,1,393199.0
20130905,1,1,1,395529.0
20130906,1,1,1,399147.0
20130909,1,1,1,395480.0
20130910,1,1,1,391397.0
20130911,1,1,1,391947.0
20130912,1,1,1,394150.0
20130913,1,1,1,393257.0
20130916,1,1,1,388927.0
20130917,1,0,1,384930.0
20130918,1,0,0,387340.0
20130919,1,0,0,385920.0
20130920,1,0,0,384810.0
20130923,1,0,0,383650.0
20130924,1,0,0,383190.0
20130925,1,0,0,382720.0
20130926,0,0,0,382670.0
20130927,0,0,0,382670.0
20130930,0,0,0,382670.0
20131001,0,0,0,382670.0
20131002,0,0,0,382670.0
20131003,0,0,0,382670.0
20131004,0,0,0,382670.0
20131007,0,0,0,382670.0
20131008,0,0,0,382670.0
20131009,0,0,0,382670.0
20131010,0,0,0,382670.0
20131011,0,0,0,382670.0
20131014,0,0,0,382670.0
20131015,0,0,0,382670.0
20131016,0,0,0,382670.0
20131017,0,0,0,382670.0
20131018,0,0,0,382670.0
20131021,0,0,0,382670.0
20131022,0,0,0,382670.0
20131023,1,0,0,383930.0
20131024,1,0,0,383680.0
20131025,1,0,1,382545.0
20131028,1,0,1,379418.0
20131029,1,0,1,379910.0
20131030,1,0,1,380786.0
20131031,1,0,1,382138.0
20131101,1,0,1,386919.0
20131104,1,0,1,387249.0
20131105,1,1,1,388689.0
20131106,1,1,1,386708.0
20131107,1,1,1,388375.0
20131108,1,1,1,386202.0
20131111,1,1,1,384697.0
20131112,1,1,1,387967.0
20131113,1,1,1,385768.0
20131114,1,1,1,384116.0
20131115,1,1,1,383138.0
20131118,1,1,1,385079.0
20131119,1,1,1,386168.0
20131120,1,1,1,382982.0
20131121,1,1,1,378920.0
20131122,1,0,1,378007.0
20131125,1,0,0,379706.0
20131126,1,0,0,380116.0
20131127,1,0,0,381496.0
20131129,1,0,0,381076.0
20131202,1,0,0,379976.0
20131203,1,0,0,377756.0
20131204,1,0,0,376596.0
20131205,1,0,0,376416.0
20131206,1,1,0,375846.0
20131209,1,1,0,377336.0
20131210,1,1,0,376216.0
20131211,1,1,0,378286.0
20131212,1,1,0,378946.0
20131213,1,1,0,379266.0
20131216,1,1,0,377666.0
20131217,1,1,0,378046.0
20131218,1,1,0,377096.0
20131219,1,1,0,378206.0
20131220,1,1,0,377506.0
20131223,1,1,0,378366.0
20131224,1,1,0,377586.0
20131226,1,1,0,377326.0
20131227,1,1,0,375476.0
20131230,0,1,0,376186.0
20131231,0,1,0,374216.0
20140102,0,1,0,375126.0
20140103,0,1,0,374956.0
20140106,0,1,0,374976.0
20140107,0,1,0,374906.0
20140108,0,1,0,374076.0
20140109,0,1,0,371966.0
20140110,0,1,0,372446.0
20140113,0,1,0,374656.0
20140114,0,1,0,375606.0
20140115,0,1,0,375166.0
20140116,0,1,0,375736.0
20140117,0,1,0,375176.0
20140121,0,1,0,376226.0
20140122,0,1,0,378806.0
20140123,0,1,0,379216.0
20140124,0,1,0,383736.0
20140127,0,1,1,376997.0
20140128,0,1,1,380902.0
20140129,0,1,1,388653.0
20140130,0,1,1,384412.0
20140131,0,1,1,382455.0
20140203,0,1,1,382512.0
20140204,0,1,1,386178.0
20140205,0,1,1,383312.0
20140206,0,1,1,382251.0
20140207,0,1,1,383009.0
20140210,0,1,1,378857.0
20140211,0,1,1,382567.0
20140212,0,1,1,381892.0
20140213,0,1,1,386666.0
20140214,0,1,1,388571.0
20140218,0,1,1,392928.0
20140219,1,1,1,401072.0
20140220,1,1,1,401430.0
20140221,1,1,1,398293.0
20140224,1,1,1,391509.0
20140225,1,1,1,391947.0
20140226,1,1,1,392207.0
20140227,1,1,1,390432.0
20140228,1,1,1,391963.0
20140303,1,1,1,395819.0
20140304,1,1,1,394308.0
20140305,1,1,1,388951.0
20140306,1,1,1,390064.0
20140307,1,1,1,391866.0
20140310,1,1,1,388859.0
20140311,1,1,1,387040.0
20140312,1,1,1,382359.0
20140313,1,1,1,381251.0
20140314,1,1,1,383348.0
20140317,1,1,1,381452.0
20140318,1,1,1,383309.0
20140319,1,1,1,383270.0
20140320,1,1,1,382703.0
20140321,1,1,1,382652.0
20140324,1,1,1,382065.0
20140325,1,1,1,383421.0
20140326,1,1,1,384213.0
20140327,1,1,1,387852.0
20140328,1,1,1,387917.0
20140331,1,1,1,385931.0
20140401,1,1,1,381377.0
20140402,1,1,1,381247.0
20140403,1,1,1,384640.0
20140404,1,1,1,385252.0
20140407,1,1,1,384199.0
20140408,1,1,1,388735.0
20140409,1,1,1,391118.0
20140410,1,1,1,390978.0
20140411,1,1,1,390724.0
20140414,1,1,1,392362.0
20140415,1,1,1,392464.0
20140416,1,1,1,393095.0
20140417,1,1,1,395644.0
20140421,1,1,1,395631.0
20140422,1,1,1,393769.0
20140423,1,1,1,392458.0
20140424,1,1,1,394119.0
20140425,1,1,1,390957.0
20140428,1,1,1,391150.0
20140429,1,1,1,392708.0
20140430,1,1,1,389521.0
20140501,1,1,1,387649.0
20140502,1,1,1,387887.0
20140505,1,1,1,387079.0
20140506,1,1,0,388159.0
20140507,1,1,0,388839.0
20140508,1,1,0,386649.0
20140509,1,1,0,385969.0
20140512,1,1,0,385599.0
20140513,1,0,0,386659.0
20140514,1,0,0,387329.0
20140515,1,0,0,386459.0
20140516,1,0,0,386909.0
20140519,1,0,0,387439.0
20140520,1,0,0,387659.0
20140521,1,0,0,389399.0
20140522,1,0,0,389069.0
20140523,1,0,0,389679.0
20140527,1,0,0,389439.0
20140528,1,0,0,388049.0
20140529,1,0,0,388909.0
20140530,1,0,0,388039.0
20140602,1,0,0,387799.0
20140603,1,0,0,387989.0
20140604,1,0,0,387969.0
20140605,1,0,1,386566.0
20140606,1,0,1,387103.0
20140609,1,0,1,388013.0
20140610,1,0,1,388251.0
20140611,1,0,1,387453.0
20140612,1,0,1,386013.0
20140613,1,0,0,386301.0
20140616,1,0,0,386291.0
20140617,1,0,0,385751.0
20140618,1,0,0,385471.0
20140619,1,0,1,386355.0
20140620,1,0,1,387085.0
20140623,1,0,1,385644.0
20140624,1,0,1,385882.0
20140625,1,0,1,385856.0
20140626,1,0,1,384524.0
20140627,1,0,1,383790.0
20140630,1,0,1,382235.0
20140701,1,0,1,382327.0
20140702,1,0,1,380119.0
20140703,1,0,0,379649.0
20140707,1,0,0,379119.0
20140708,1,1,0,379229.0
20140709,1,1,0,378459.0
20140710,1,1,0,379599.0
20140711,1,1,0,377239.0
20140714,0,1,0,377179.0
20140715,0,1,0,377679.0
20140716,0,1,0,377459.0
20140717,0,1,0,379109.0
20140718,0,1,0,379139.0
20140721,0,1,0,380159.0
20140722,0,1,0,380929.0
20140723,0,1,0,381029.0
20140724,0,1,0,380179.0
20140725,0,1,0,380839.0
20140728,0,1,0,381059.0
20140729,0,1,0,380469.0
20140730,0,1,0,380849.0
20140731,0,1,0,380299.0
20140801,0,1,0,380729.0
20140804,0,1,0,380369.0
20140805,0,1,0,379739.0
20140806,0,1,0,379379.0
20140807,0,1,0,379949.0
20140808,0,1,0,379089.0
20140811,0,1,0,379059.0
20140812,0,1,0,378969.0
20140813,0,1,0,380399.0
20140814,0,1,0,379649.0
20140815,1,1,0,379099.0
20140818,1,1,0,380509.0
20140819,1,1,1,380297.0
20140820,1,1,1,379882.0
20140821,1,1,1,378220.0
20140822,1,1,1,379423.0
20140825,1,1,1,378375.0
20140826,1,1,1,377859.0
20140827,1,1,1,376614.0
20140828,1,1,1,376072.0
20140829,1,1,1,374103.0
20140902,1,1,1,381596.0
20140903,1,1,1,376464.0
20140904,1,1,1,379073.0
20140905,1,1,1,381211.0
20140908,1,1,1,381423.0
20140909,1,1,1,381004.0
20140910,1,1,1,383989.0
20140911,1,1,1,384021.0
20140912,1,1,1,384896.0
20140915,1,1,1,383544.0
20140916,1,1,1,380243.0
20140917,1,1,1,380993.0
20140918,1,1,1,384621.0
20140919,1,1,1,385500.0
20140922,1,1,1,387389.0
20140923,1,1,1,387203.0
20140924,1,1,1,384774.0
20140925,1,1,1,384264.0
20140926,1,1,1,382827.0
20140929,1,1,1,380383.0
20140930,1,1,1,386546.0
20141001,1,1,1,387742.0
20141002,1,1,1,389111.0
20141003,1,1,1,390223.0
20141006,1,1,1,390823.0
20141007,1,1,1,392311.0
20141008,1,1,1,396189.0
20141009,1,1,1,399480.0
20141010,1,1,1,398299.0
20141013,1,1,1,397952.0
20141014,1,1,1,406405.0
20141015,1,1,1,407196.0
20141016,1,1,1,405825.0
20141017,1,1,1,404868.0
20141020,1,1,1,406482.0
20141021,1,1,1,404333.0
20141022,1,1,1,408494.0
20141023,1,1,1,406219.0
20141024,1,1,1,408007.0
20141027,1,1,1,408915.0
20141028,1,1,1,406807.0
20141029,1,1,1,403697.0
20141030,1,1,1,405164.0
20141031,1,1,1,405036.0
20141103,1,1,1,405948.0
20141104,1,0,1,409521.0
20141105,1,0,1,408199.0
20141106,1,0,1,408129.0
20141107,1,1,1,405505.0
20141110,1,1,1,406454.0
20141111,1,1,1,405859.0
20141112,1,1,1,406914.0
20141113,1,1,1,411366.0
20141114,1,0,1,407438.0
20141117,1,0,1,408130.0
20141118,1,1,1,409510.0
20141119,1,1,1,411856.0
20141120,1,1,1,410804.0
20141121,1,1,1,406885.0
20141124,1,1,1,406863.0
20141125,1,1,1,409573.0
20141126,1,1,1,409421.0
20141128,1,1,1,421343.0
20141201,1,0,1,416293.0
20141202,1,0,1,420849.0
20141203,1,0,1,421231.0
20141204,1,1,1,423840.0
20141205,1,1,1,423696.0
20141208,1,1,1,430778.0
20141209,1,1,1,428215.0
20141210,1,1,1,432135.0
20141211,1,1,1,433215.0
20141212,1,1,1,435651.0
20141215,1,1,1,438912.0
20141216,1,1,1,441643.0
20141217,1,1,1,438246.0
20141218,1,1,1,444208.0
20141219,1,1,1,442231.0
20141222,1,1,1,447755.0
20141223,1,1,1,443974.0
20141224,1,1,1,449062.0
20141226,1,1,1,451642.0
20141229,1,1,1,454726.0
20141230,1,1,1,453271.0
20141231,1,1,1,456507.0
20150102,1,1,1,457539.0
20150105,1,1,1,463352.0
20150106,1,1,1,465868.0
20150107,1,1,1,466923.0
20150108,1,1,1,465756.0
20150109,1,1,1,466332.0
20150112,1,1,1,472186.0
20150113,1,1,1,471772.0
20150114,1,1,1,465350.0
20150115,1,1,1,469670.0
20150116,1,1,1,465803.0
20150120,1,1,1,473061.0
20150121,1,1,1,469490.0
20150122,1,1,1,472707.0
20150123,1,1,1,471547.0
20150126,1,1,1,473327.0
20150127,1,1,1,470431.0
20150128,1,1,1,474443.0
20150129,1,1,1,475786.0
20150130,1,1,1,468320.0
20150202,1,1,1,464718.0
20150203,1,1,1,456760.0
20150204,1,1,1,465636.0
20150205,1,1,1,462576.0
20150206,1,1,1,460181.0
20150209,1,1,1,457412.0
20150210,1,1,1,461140.0
20150211,1,1,1,461901.0
20150212,1,1,1,456188.0
20150213,1,1,1,451285.0
20150217,1,1,1,450733.0
20150218,1,1,1,452159.0
20150219,1,1,1,451674.0
20150220,1,1,0,451486.0
20150223,1,1,0,453566.0
20150224,1,1,0,453776.0
20150225,1,1,0,452336.0
20150226,1,1,0,456806.0
20150227,1,1,0,454846.0
20150302,1,1,0,455376.0
20150303,1,1,0,454306.0
20150304,1,1,0,452726.0
20150305,1,1,0,452776.0
20150306,1,1,0,453946.0
20150309,1,1,0,455166.0
20150310,1,1,0,456336.0
20150311,1,1,0,455536.0
20150312,1,1,0,457556.0
20150313,1,1,0,459836.0
20150316,1,1,0,460906.0
20150317,1,1,0,459936.0
20150318,1,1,0,458086.0
20150319,1,1,0,460276.0
20150320,1,1,0,459506.0
20150323,1,1,0,459156.0
20150324,1,1,0,458566.0
20150325,1,1,0,457566.0
20150326,1,1,0,455866.0
20150327,1,1,0,458916.0
20150330,1,1,0,459056.0
20150331,1,1,0,460176.0
20150401,1,1,0,458036.0
20150402,1,1,0,457906.0
20150406,1,1,0,455536.0
20150407,1,1,0,453396.0
20150408,0,1,0,454756.0
20150409,0,1,0,455666.0
20150410,0,1,0,455836.0
20150413,0,1,0,455836.0
20150414,0,1,0,455646.0
20150415,0,1,0,454846.0
20150416,0,1,0,454106.0
20150417,0,1,0,454606.0
20150420,0,1,0,455586.0
20150421,0,1,0,455196.0
20150422,0,1,0,454886.0
20150423,0,1,0,455636.0
20150424,0,1,0,455636.0
20150427,0,1,0,456196.0
20150428,0,1,0,455966.0
20150429,0,1,0,455276.0
20150430,0,1,0,453826.0
20150501,1,1,0,452936.0
20150504,1,1,0,452266.0
20150505,1,0,0,453816.0
20150506,1,0,0,454346.0
20150507,1,0,0,452356.0
20150508,1,0,0,452806.0
20150511,1,0,0,452666.0
20150512,1,0,0,454166.0
20150513,1,0,0,453916.0
20150514,1,0,0,453296.0
20150515,1,0,0,452996.0
20150518,1,0,0,452696.0
20150519,1,0,0,450446.0
20150520,1,0,0,451436.0
20150521,1,0,0,453176.0
20150522,1,0,0,452176.0
20150526,1,0,0,450486.0
20150527,1,0,0,449966.0
20150528,1,0,0,450136.0
20150529,1,0,0,452756.0
20150601,1,0,0,452656.0
20150602,1,0,0,453716.0
20150603,1,0,0,452096.0
20150604,1,0,0,450456.0
20150605,1,0,0,451586.0
20150608,1,0,0,450596.0
20150609,1,0,0,452596.0
20150610,1,0,0,453886.0
20150611,1,0,0,453226.0
20150612,1,0,0,452416.0
20150615,1,0,0,451976.0
20150616,1,0,0,452426.0
20150617,1,0,0,452376.0
20150618,1,0,0,452866.0
20150619,1,0,0,452016.0
20150622,1,0,0,452426.0
20150623,1,0,0,453056.0
20150624,1,0,0,452316.0
20150625,1,0,0,451746.0
20150626,1,0,0,451676.0
20150629,1,0,0,450376.0
20150630,1,0,0,451516.0
20150701,1,0,0,449006.0
20150702,0,0,0,448956.0
20150706,0,0,0,448956.0
20150707,0,0,0,448956.0
20150708,0,0,0,448956.0
20150709,0,0,0,448956.0
20150710,0,0,0,448956.0
20150713,0,0,0,448956.0
20150714,0,0,0,448956.0
20150715,0,0,0,448956.0
20150716,0,0,1,449385.0
20150717,0,0,1,449473.0
20150720,0,0,1,449712.0
20150721,1,0,1,448262.0
20150722,1,0,1,450214.0
20150723,1,0,1,451672.0
20150724,1,0,1,453007.0
20150727,1,0,1,455210.0
20150728,1,0,1,454250.0
20150729,1,0,1,453697.0
20150730,1,0,1,453883.0
20150731,1,0,1,456081.0
20150803,1,0,1,460483.0
20150804,1,0,1,459199.0
20150805,1,0,1,460167.0
20150806,1,0,1,460179.0
20150807,1,0,1,461233.0
20150810,1,0,1,458106.0
20150811,1,0,1,461213.0
20150812,1,0,1,459985.0
20150813,1,0,1,461819.0
20150814,1,0,1,462003.0
20150817,1,0,1,462763.0
20150818,1,0,1,461893.0
20150819,1,0,1,465448.0
20150820,1,0,1,466339.0
20150821,1,0,1,468604.0
20150824,1,0,1,473733.0
20150825,1,0,1,472566.0
20150826,1,0,1,473877.0
20150827,1,0,1,465082.0
20150828,1,0,1,459142.0
20150831,1,0,1,450538.0
20150901,1,0,1,459507.0
20150902,1,0,1,457352.0
20150903,1,0,1,456449.0
20150904,1,0,1,458106.0
20150908,1,0,1,458309.0
20150909,1,0,1,462417.0
20150910,1,0,1,459131.0
20150911,1,0,1,461458.0
20150914,1,0,1,464041.0
20150915,1,0,1,463598.0
20150916,1,0,1,459300.0
20150917,1,0,1,460041.0
20150918,1,0,1,463859.0
20150921,1,1,1,461060.0
20150922,1,1,1,460864.0
20150923,1,1,1,463933.0
20150924,1,1,1,462523.0
20150925,1,1,1,462213.0
20150928,1,1,1,464996.0
20150929,1,1,1,464053.0
20150930,1,1,1,464297.0
20151001,1,1,1,466296.0
20151002,1,1,1,465312.0
20151005,1,1,1,463409.0
20151006,1,1,1,458284.0
20151007,1,1,1,460304.0
20151008,1,1,1,457512.0
20151009,0,1,1,457620.0
20151012,0,1,1,461007.0
20151013,0,1,1,462704.0
20151014,0,1,1,461979.0
20151015,0,1,1,462503.0
20151016,0,1,1,462300.0
20151019,0,1,1,464175.0
20151020,0,1,1,463852.0
20151021,0,1,1,464517.0
20151022,0,1,1,464067.0
20151023,0,1,1,465513.0
20151026,0,1,1,468950.0
20151027,0,1,1,468923.0
20151028,0,1,1,467054.0
20151029,0,1,1,467699.0
20151030,0,1,1,466290.0
20151102,0,1,1,467352.0
20151103,0,1,1,464900.0
20151104,0,1,1,467435.0
20151105,0,1,1,467099.0
20151106,0,1,1,466928.0
20151109,0,1,1,468151.0
20151110,0,1,1,467569.0
20151111,0,1,1,469768.0
20151112,0,1,1,471524.0
20151113,0,1,1,471577.0
20151116,1,1,1,470357.0
20151117,1,1,1,471831.0
20151118,1,1,1,471775.0
20151119,1,1,1,473076.0
20151120,1,1,1,474227.0
20151123,1,1,1,473601.0
20151124,1,1,1,471484.0
20151125,1,1,1,471438.0
20151127,1,1,1,475692.0
20151130,1,1,1,476526.0
20151201,1,1,1,475744.0
20151202,1,1,1,481006.0
20151203,1,1,1,477451.0
20151204,1,1,1,479191.0
20151207,1,1,1,485339.0
20151208,1,1,1,486306.0
20151209,1,1,1,487588.0
20151210,1,1,1,489038.0
20151211,1,1,1,493767.0
20151214,1,1,1,494789.0
20151215,1,1,1,493671.0
20151216,1,1,1,497270.0
20151217,1,1,1,498390.0
20151218,1,1,1,498404.0
20151221,1,1,1,497495.0
20151222,1,1,1,497933.0
20151223,1,1,1,494296.0
20151224,1,1,1,494004.0
20151228,1,1,1,493965.0
20151229,1,1,1,490123.0
20151230,1,1,1,494957.0
20151231,1,1,1,492745.0
20160104,1,1,1,492950.0
20160105,1,1,1,493876.0
20160106,1,1,1,498329.0
20160107,1,1,1,498513.0
20160108,1,1,1,498290.0
20160111,1,1,1,502363.0
20160112,1,1,1,505764.0
20160113,1,1,1,506474.0
20160114,1,1,1,506575.0
20160115,1,1,1,510698.0
20160119,1,1,1,512683.0
20160120,1,1,1,515439.0
20160121,1,1,1,512724.0
20160122,1,1,1,505929.0
20160125,1,1,1,510126.0
20160126,1,1,1,507625.0
20160127,1,1,1,504370.0
20160128,1,1,1,502877.0
20160129,1,1,1,499889.0
20160201,1,1,1,505121.0
20160202,1,1,1,509206.0
20160203,1,1,1,503833.0
20160204,1,1,1,504973.0
20160205,1,1,1,505796.0
20160208,1,1,1,506755.0
20160209,1,1,1,511928.0
20160210,1,1,1,512938.0
20160211,1,1,1,514522.0
20160212,1,1,1,507784.0
20160216,1,1,1,510590.0
20160217,1,1,1,506022.0
20160218,1,1,1,507178.0
20160219,1,1,1,511093.0
20160222,1,1,1,508040.0
20160223,1,1,1,511336.0
20160224,1,1,1,509439.0
20160225,1,1,1,508564.0
20160226,1,1,1,509550.0
20160229,1,1,1,508250.0
20160301,1,1,1,507047.0
20160302,1,1,1,507133.0
20160303,1,1,1,507037.0
20160304,1,1,1,503691.0
20160307,1,1,1,498901.0
20160308,1,1,0,499985.0
20160309,1,1,0,497795.0
20160310,0,1,0,497505.0
20160311,0,1,0,497165.0
20160314,0,1,0,497195.0
20160315,0,1,0,496875.0
20160316,0,1,0,496705.0
20160317,0,1,0,496025.0
20160318,0,1,0,496315.0
20160321,0,1,0,497105.0
20160322,0,1,0,496755.0
20160323,0,1,0,497445.0
20160324,0,1,0,497325.0
20160328,0,1,0,496785.0
20160329,0,1,0,496335.0
20160330,0,1,0,496185.0
20160331,0,1,0,496555.0
20160401,0,1,0,496585.0
20160404,0,1,0,496165.0
20160405,0,1,0,496605.0
20160406,0,1,0,497035.0
20160407,0,1,0,495965.0
20160408,0,1,0,496245.0
20160411,0,1,0,497025.0
20160412,0,1,0,496105.0
20160413,0,1,0,495785.0
20160414,0,1,0,496445.0
20160415,0,1,0,497125.0
20160418,0,1,0,496745.0
20160419,0,1,0,495265.0
20160420,0,0,0,495205.0
20160421,0,0,1,493882.0
20160422,0,0,1,494264.0
20160425,0,0,1,493483.0
20160426,0,0,1,495255.0
20160427,0,0,1,497229.0
20160428,1,0,1,498980.0
20160429,1,0,1,497958.0
20160502,1,0,1,495537.0
20160503,1,0,1,493479.0
20160504,1,0,1,493391.0
20160505,1,0,1,493952.0
20160506,1,0,1,494653.0
20160509,1,0,1,491291.0
20160510,1,0,1,494661.0
20160511,1,0,1,498718.0
20160512,1,0,1,499074.0
20160513,1,0,1,498966.0
20160516,1,0,1,502030.0
20160517,1,0,1,503767.0
20160518,1,0,1,504216.0
20160519,1,0,1,503926.0
20160520,1,0,1,504136.0
20160523,1,0,1,503281.0
20160524,1,0,1,504292.0
20160525,1,0,1,506240.0
20160526,1,0,1,505681.0
20160527,1,0,1,505224.0
20160531,1,0,1,504809.0
20160601,1,0,1,504795.0
20160602,1,0,1,505371.0
20160603,1,0,1,503951.0
20160606,1,0,1,505651.0
20160607,1,1,1,508234.0
20160608,1,1,1,510262.0
20160609,1,1,1,510272.0
20160610,1,1,1,506693.0
20160613,1,1,1,506730.0
20160614,1,1,1,506005.0
20160615,1,1,1,504419.0
20160616,1,1,1,500163.0
20160617,1,1,1,504883.0
20160620,1,1,1,509442.0
20160621,1,1,1,509093.0
20160622,1,1,1,506963.0
20160623,1,1,1,508816.0
20160624,1,1,1,503244.0
20160627,1,1,1,501308.0
20160628,1,1,1,506077.0
20160629,1,1,1,510454.0
20160630,1,1,1,507095.0
20160701,1,1,1,509342.0
20160705,1,1,1,501955.0
20160706,1,1,1,504076.0
20160707,1,1,1,499155.0
20160708,0,1,1,499416.0
20160711,0,1,1,498594.0
20160712,0,1,1,500884.0
20160713,0,1,1,497457.0
20160714,0,1,0,497307.0
20160715,0,1,0,497597.0
20160718,0,1,0,497257.0
20160719,0,1,0,497317.0
20160720,0,1,0,496617.0
20160721,0,1,0,496957.0
20160722,0,1,0,497807.0
20160725,0,1,0,497507.0
20160726,0,1,0,497157.0
20160727,0,1,0,496987.0
20160728,0,1,0,499117.0
20160729,1,1,0,498667.0
20160801,1,1,0,499157.0
20160802,1,1,0,499327.0
20160803,1,1,0,499067.0
20160804,1,1,0,497917.0
20160805,1,1,0,497427.0
20160808,1,1,0,495967.0
20160809,1,1,0,494887.0
20160810,1,1,0,495407.0
20160811,1,1,0,493527.0
20160812,1,1,0,492877.0
20160815,1,1,0,491667.0
20160816,1,1,0,491097.0
20160817,1,1,0,490907.0
20160818,1,1,0,490087.0
20160819,0,1,0,489077.0
20160822,0,1,0,490027.0
20160823,0,1,0,490847.0
20160824,0,1,0,491197.0
20160825,0,1,0,491697.0
20160826,0,1,0,491977.0
20160829,0,1,0,491807.0
20160830,0,1,0,491117.0
20160831,0,1,0,491717.0
20160901,0,1,0,490767.0
20160902,0,1,0,490767.0
20160906,0,1,0,490017.0
20160907,0,1,0,489607.0
20160908,0,1,0,490907.0
20160909,0,1,0,490817.0
20160912,0,1,0,491997.0
20160913,0,1,0,491937.0
20160914,0,1,0,491737.0
20160915,0,1,0,492117.0
20160916,0,1,0,492327.0
20160919,0,1,0,492187.0
20160920,0,1,0,493317.0
20160921,0,1,0,493417.0
20160922,0,1,0,492747.0
20160923,0,1,0,492397.0
20160926,0,1,0,492817.0
20160927,0,1,0,492767.0
20160928,0,1,0,492287.0
20160929,0,1,0,491857.0
20160930,0,1,0,491327.0
20161003,0,1,0,491497.0
20161004,0,1,0,491907.0
20161005,0,1,0,492677.0
20161006,0,1,0,492757.0
20161007,0,1,0,494197.0
20161010,0,1,0,495017.0
20161011,0,1,0,494637.0
20161012,0,1,0,494367.0
20161013,0,1,0,495677.0
20161014,0,1,0,495117.0
20161017,0,1,0,494707.0
20161018,0,1,0,494897.0
20161019,0,1,0,493967.0
20161020,0,1,0,493677.0
20161021,0,1,0,492197.0
20161024,0,1,0,490577.0
20161025,0,0,0,490527.0
20161026,0,0,0,490527.0
20161027,0,0,0,490527.0
20161028,0,0,0,490527.0
20161031,0,0,0,490527.0
20161101,0,0,0,490527.0
20161102,0,1,0,491127.0
20161103,0,1,0,491357.0
20161104,0,1,0,491377.0
20161107,0,1,0,490887.0
20161108,0,1,0,492717.0
20161109,0,1,0,492147.0
20161110,0,1,0,492727.0
20161111,0,1,0,492857.0
20161114,0,1,0,491557.0
20161115,0,1,0,491957.0
20161116,0,1,0,491407.0
20161117,0,1,0,492017.0
20161118,0,1,0,490617.0
20161121,0,1,0,489547.0
20161122,0,1,0,489227.0
20161123,0,1,0,488787.0
20161125,0,1,0,488277.0
20161128,0,1,0,487097.0
20161129,0,0,0,486657.0
20161130,0,0,0,486657.0
20161201,0,0,0,486657.0
20161202,0,0,0,486657.0
20161205,0,0,1,486699.0
20161206,0,0,1,485893.0
20161207,0,0,1,485074.0
20161208,0,0,1,485389.0
20161209,0,0,1,485872.0
20161212,0,0,1,487312.0
20161213,0,0,1,487438.0
20161214,0,0,1,486128.0
20161215,0,0,1,486065.0
20161216,0,0,1,487338.0
20161219,0,0,1,487199.0
20161220,0,0,1,487191.0
20161221,0,0,1,485985.0
20161222,0,0,1,486855.0
20161223,0,0,1,486939.0
20161227,0,0,1,488476.0
20161228,0,0,1,488472.0
20161229,0,0,1,488593.0
20161230,0,0,1,488938.0
20170103,0,0,1,486775.0
20170104,0,0,1,487459.0
20170105,0,0,1,487510.0
20170106,0,0,1,487888.0
20170109,0,0,1,485133.0
20170110,0,0,1,484032.0
20170111,0,0,1,485754.0
20170112,0,0,1,486729.0
20170113,0,0,1,485712.0
20170117,0,0,1,485595.0
20170118,0,0,1,483940.0
20170119,0,0,1,484322.0
20170120,0,0,1,485481.0
20170123,0,0,1,484666.0
20170124,0,0,1,485296.0
20170125,0,0,1,484032.0
20170126,0,0,1,485271.0
20170127,0,0,1,483642.0
20170130,0,0,0,483592.0
20170131,0,0,0,483592.0
20170201,0,0,0,483592.0
20170202,0,0,0,483592.0
20170203,0,0,0,483592.0
20170206,0,0,0,483592.0
20170207,0,0,0,483592.0
20170208,0,0,0,483592.0
20170209,0,0,0,483592.0
20170210,0,0,0,483592.0
20170213,0,0,0,483592.0
20170214,0,0,0,483592.0
20170215,0,0,0,483592.0
20170216,0,0,0,483592.0
20170217,0,0,0,483592.0
20170221,0,0,0,483592.0
20170222,0,1,0,482422.0
20170223,0,1,0,484352.0
20170224,0,1,0,482652.0
20170227,0,1,0,483592.0
20170228,0,1,0,482782.0
20170301,0,1,0,482532.0
20170302,0,1,0,482482.0
20170303,0,1,0,482252.0
20170306,0,1,0,481512.0
20170307,0,1,0,482282.0
20170308,0,1,0,481512.0
20170309,0,1,0,480782.0
20170310,0,1,0,480442.0
20170313,1,1,1,480604.0
20170314,1,1,1,482699.0
20170315,1,1,1,480268.0
20170316,1,1,1,481508.0
20170317,1,1,1,480802.0
20170320,1,1,1,480037.0
20170321,1,1,1,480640.0
20170322,1,1,1,481933.0
20170323,1,1,1,482155.0
20170324,1,1,1,481320.0
20170327,1,1,1,481574.0
20170328,1,1,1,479877.0
20170329,1,1,1,477110.0
20170330,1,1,1,476061.0
20170331,1,1,1,475228.0
20170403,1,1,1,476679.0
20170404,1,1,1,473025.0
20170405,1,1,1,472705.0
20170406,1,1,1,471110.0
20170407,1,0,1,470109.0
20170410,1,0,1,468475.0
20170411,0,0,0,468178.0
20170412,0,0,0,468178.0
20170413,0,0,0,468178.0
20170417,0,0,0,468178.0
20170418,0,0,0,468178.0
20170419,0,0,0,468178.0
20170420,0,0,0,468178.0
20170421,0,0,0,468178.0
20170424,0,0,0,468178.0
20170425,0,0,0,468178.0
20170426,0,0,0,468178.0
20170427,0,0,0,468178.0
20170428,0,0,0,468178.0
20170501,0,0,0,468178.0
20170502,0,0,0,468178.0
20170503,1,0,1,469095.0
20170504,1,0,1,473970.0
20170505,1,0,1,472249.0
20170508,1,0,1,471241.0
20170509,1,0,1,472358.0
20170510,1,0,1,469510.0
20170511,1,0,1,468401.0
20170512,1,0,1,468248.0
20170515,1,0,1,466553.0
20170516,1,0,1,466458.0
20170517,1,0,1,465330.0
20170518,1,0,1,464584.0
20170519,1,0,1,462003.0
20170522,1,0,0,461237.0
20170523,1,0,0,460897.0
20170524,1,0,0,461007.0
20170525,1,0,0,463467.0
20170526,1,0,0,462567.0
20170530,1,0,0,462707.0
20170531,1,0,0,464047.0
20170601,1,0,0,464007.0
20170602,1,1,0,465227.0
20170605,1,1,0,465657.0
20170606,1,1,0,464267.0
20170607,1,1,0,466957.0
20170608,1,1,1,467146.0
20170609,1,1,1,466472.0
20170612,1,1,1,466616.0
20170613,1,1,1,465879.0
20170614,1,1,1,469514.0
20170615,1,1,1,468369.0
20170616,1,1,1,467749.0
20170619,1,1,1,470386.0
20170620,1,1,1,471857.0
20170621,1,1,1,474241.0
20170622,1,1,1,473735.0
20170623,1,1,1,473111.0
20170626,1,1,1,471404.0
20170627,1,1,1,468987.0
20170628,1,1,1,467360.0
20170629,1,1,1,467207.0
20170630,1,1,1,464798.0
20170703,1,1,1,463360.0
20170705,1,1,1,467851.0
20170706,1,1,1,466838.0
20170707,1,1,1,469783.0
20170710,1,1,1,468737.0
20170711,1,1,1,465963.0
20170712,1,1,1,466242.0
20170713,1,1,1,465136.0
20170714,1,1,1,463508.0
20170717,1,1,0,463427.0
20170718,1,1,0,462387.0
20170719,1,1,0,461877.0
20170720,1,1,0,462507.0
20170721,1,1,0,464387.0
20170724,1,1,0,464527.0
20170725,1,1,0,462487.0
20170726,1,1,0,461797.0
20170727,0,1,0,461267.0
20170728,0,1,0,461527.0
20170731,0,1,0,462997.0
20170801,0,1,0,462747.0
20170802,0,1,0,462827.0
20170803,0,1,0,462937.0
20170804,0,1,0,463197.0
20170807,0,1,0,462927.0
20170808,0,1,0,462717.0
20170809,0,1,0,462107.0
20170810,0,1,0,461087.0
20170811,0,1,0,461107.0
20170814,0,1,0,461347.0
20170815,0,1,0,461587.0
20170816,0,1,0,462037.0
20170817,0,1,0,461647.0
20170818,0,1,0,462007.0
20170821,0,1,0,461317.0
20170822,0,1,0,461547.0
20170823,0,1,0,461657.0
20170824,0,1,0,461447.0
20170825,0,1,0,462027.0
20170828,0,1,0,461657.0
20170829,0,1,0,461437.0
20170830,0,1,0,461877.0
20170831,0,1,0,460867.0
20170901,0,1,1,460432.0
20170905,0,0,1,461003.0
20170906,0,0,1,461486.0
20170907,0,0,1,462603.0
20170908,0,0,1,461746.0
20170911,0,0,1,460780.0
20170912,0,0,1,460692.0
20170913,0,0,1,461864.0
20170914,0,0,1,462242.0
20170915,0,0,1,463136.0
20170918,0,0,1,462330.0
20170919,0,0,1,462036.0
20170920,0,0,1,463481.0
20170921,0,0,1,463829.0
20170922,0,0,1,463871.0
20170925,0,0,1,465551.0
20170926,1,0,1,464849.0
20170927,1,0,1,465134.0
20170928,1,0,1,463937.0
20170929,1,0,1,463446.0
20171002,1,0,1,460529.0
20171003,1,0,1,459697.0
20171004,1,0,1,460240.0
20171005,1,0,1,461571.0
20171006,1,0,1,458290.0
20171009,1,1,1,458475.0
20171010,1,1,1,460482.0
20171011,1,1,1,461773.0
20171012,1,1,1,459207.0
20171013,1,1,1,461270.0
20171016,1,1,1,462898.0
20171017,1,1,1,462618.0
20171018,1,1,1,463554.0
20171019,1,1,1,461518.0
20171020,1,1,1,462625.0
20171023,1,1,1,461194.0
20171024,1,1,1,463375.0
20171025,1,1,1,463451.0
20171026,1,1,1,465216.0
20171027,1,1,1,468413.0
20171030,1,1,1,469063.0
20171031,1,1,1,470174.0
20171101,1,1,1,469368.0
20171102,1,1,1,468826.0
20171103,1,1,1,470810.0
20171106,1,1,1,473355.0
20171107,1,1,1,472172.0
20171108,1,0,1,471730.0
20171109,1,0,1,473152.0
20171110,1,0,1,472218.0
20171113,1,0,1,472121.0
20171114,1,0,1,470007.0
20171115,1,0,1,469708.0
20171116,1,0,1,469261.0
20171117,1,0,1,472490.0
20171120,1,0,1,471591.0
20171121,1,0,1,472160.0
20171122,1,0,1,473212.0
20171124,1,0,1,474994.0
20171127,1,1,1,473900.0
20171128,1,1,1,472771.0
20171129,1,1,1,470349.0
20171130,1,1,1,470888.0
20171201,1,1,1,473324.0
20171204,1,1,1,471228.0
20171205,1,1,1,472903.0
20171206,1,1,1,468954.0
20171207,1,1,1,472773.0
20171208,1,1,1,474689.0
20171211,1,1,1,475674.0
20171212,1,1,1,475610.0
20171213,1,1,1,473474.0
20171214,1,1,1,474455.0
20171215,1,1,1,475156.0
20171218,1,1,1,474628.0
20171219,1,1,1,476115.0
20171220,1,1,1,477376.0
20171221,1,1,1,478288.0
20171222,1,1,1,478514.0
20171226,1,1,1,482956.0
20171227,1,1,1,481859.0
20171228,1,1,1,480718.0
20171229,1,1,1,481680.0
20180102,1,1,1,480193.0
20180103,1,1,1,483176.0
20180104,1,1,1,484374.0
20180105,1,1,1,483886.0
20180108,1,1,1,483217.0
20180109,1,1,1,484441.0
20180110,1,1,1,485830.0
20180111,1,1,1,484112.0
20180112,1,0,1,484380.0
20180116,1,0,1,482903.0
20180117,1,0,1,483382.0
20180118,1,0,1,483042.0
20180119,1,0,1,482323.0
20180122,1,0,1,482520.0
20180123,1,0,1,484646.0
20180124,1,1,1,486306.0
20180125,1,1,1,486787.0
20180126,1,1,1,489042.0
20180129,1,1,1,487135.0
20180130,1,1,1,485065.0
20180131,1,1,1,483266.0
20180201,1,1,1,483954.0
20180202,1,1,1,481954.0
20180205,1,1,1,478240.0
20180206,1,1,1,476151.0
20180207,1,1,1,471722.0
20180208,1,1,0,470982.0
20180209,1,1,0,467902.0
20180212,1,0,0,467942.0
20180213,1,0,0,467842.0
20180214,1,0,0,469252.0
20180215,1,0,0,469992.0
20180216,1,0,0,470372.0
20180220,1,0,0,470612.0
20180221,1,0,0,470502.0
20180222,1,0,0,471592.0
20180223,1,0,0,472372.0
20180226,1,0,0,472732.0
20180227,1,0,0,471832.0
20180228,1,0,0,470462.0
20180301,1,0,0,469812.0
20180302,1,0,0,470072.0
20180305,1,0,0,471392.0
20180306,1,0,0,471422.0
20180307,1,0,0,469972.0
20180308,1,0,0,468942.0
20180309,0,0,0,468892.0
20180312,0,0,0,468892.0
20180313,0,0,0,468892.0
20180314,0,0,0,468892.0
20180315,0,0,0,468892.0
20180316,0,0,0,468892.0
20180319,0,0,0,468892.0
20180320,0,0,0,468892.0
20180321,0,0,0,468892.0
20180322,0,0,0,468892.0
20180323,0,0,0,468892.0
20180326,0,0,0,468892.0
20180327,0,0,0,468892.0
20180328,0,0,0,468892.0
20180329,0,0,0,468892.0
20180402,0,0,0,468892.0
20180403,0,0,0,468892.0
20180404,0,0,0,468892.0
20180405,0,0,0,468892.0
20180406,0,0,0,468892.0
20180409,0,0,0,468892.0
20180410,0,0,0,468892.0
20180411,0,0,0,468892.0
20180412,0,0,0,468892.0
20180413,1,0,0,469102.0
20180416,1,0,0,467932.0
20180417,1,0,0,468232.0
20180418,1,0,0,470192.0
20180419,1,0,0,470052.0
20180420,1,0,0,470122.0
20180423,1,0,0,470362.0
20180424,1,0,0,469422.0
20180425,1,0,0,469772.0
20180426,1,0,0,469912.0
20180427,1,0,0,469822.0
20180430,1,0,0,470292.0
20180501,1,0,0,468972.0
20180502,1,0,0,469652.0
20180503,1,0,0,470152.0
20180504,1,0,0,471442.0
20180507,1,0,0,472452.0
20180508,1,0,1,470194.0
20180509,1,0,1,474806.0
20180510,1,0,1,475228.0
20180511,1,0,1,474534.0
20180514,1,0,1,475954.0
20180515,1,0,1,476278.0
20180516,1,0,1,477307.0
20180517,1,0,1,477794.0
20180518,1,0,1,476951.0
20180521,1,0,1,478280.0
20180522,1,0,1,478390.0
20180523,1,0,1,478434.0
20180524,1,0,1,476342.0
20180525,1,0,1,470929.0
20180529,1,0,1,468947.0
20180530,1,0,1,472305.0
20180531,1,0,1,470257.0
20180601,1,1,1,467948.0
20180604,1,1,1,465569.0
20180605,0,1,1,464661.0
20180606,0,1,1,464091.0
20180607,0,1,1,466669.0
20180608,0,1,1,465614.0
20180611,0,1,1,466053.0
20180612,0,1,1,465999.0
20180613,0,1,1,467218.0
20180614,0,1,1,466129.0
20180615,0,1,1,463688.0
20180618,0,1,1,464851.0
20180619,0,1,1,463929.0
20180620,0,1,1,463952.0
20180621,0,1,1,462508.0
20180622,0,1,0,462158.0
20180625,0,1,0,461918.0
20180626,0,1,0,462018.0
20180627,0,1,0,462518.0
20180628,1,1,0,463288.0
20180629,1,1,0,463828.0
20180702,1,1,0,462998.0
20180703,1,1,0,463278.0
20180705,1,1,0,461748.0
20180706,1,0,0,462558.0
20180709,1,0,0,462608.0
20180710,1,0,0,462868.0
20180711,1,0,0,459138.0
20180712,1,0,0,459088.0
20180713,1,0,0,459768.0
20180716,1,0,0,456818.0
20180717,0,0,0,456768.0
20180718,0,0,0,456768.0
20180719,0,0,0,456768.0
20180720,0,0,0,456768.0
20180723,0,0,0,456768.0
20180724,0,0,0,456768.0
20180725,0,0,0,456768.0
20180726,0,0,0,456768.0
20180727,0,0,0,456768.0
20180730,0,0,0,456768.0
20180731,0,0,0,456768.0
20180801,0,0,0,456768.0
20180802,0,0,0,456768.0
20180803,0,0,0,456768.0
20180806,0,0,0,456768.0
20180807,0,0,0,456768.0
20180808,0,0,0,456768.0
20180809,0,0,0,456768.0
20180810,0,0,0,456768.0
20180813,0,0,0,456768.0
20180814,0,0,0,456768.0
20180815,0,0,0,456768.0
20180816,0,0,0,456768.0
20180817,0,0,0,456768.0
20180820,0,0,0,456768.0
20180821,0,0,0,456768.0
20180822,0,0,0,456768.0
20180823,0,0,0,456768.0
20180824,0,0,0,456768.0
20180827,0,0,0,456768.0
20180828,0,0,0,456768.0
20180829,0,0,0,456768.0
20180830,0,0,0,456768.0
20180831,0,0,0,456768.0
20180904,0,0,0,456768.0
20180905,0,0,0,456768.0
20180906,0,0,0,456768.0
20180907,0,0,0,456768.0
20180910,0,0,0,456768.0
20180911,0,0,0,456768.0
20180912,0,0,0,456768.0
20180913,0,0,0,456768.0
20180914,0,0,0,456768.0
20180917,0,0,0,456768.0
20180918,0,0,0,456768.0
20180919,0,0,0,456768.0
20180920,0,0,0,456768.0
20180921,0,0,0,456768.0
20180924,0,0,0,456768.0
20180925,0,1,1,457576.0
20180926,0,1,1,456544.0
20180927,0,1,1,458241.0
20180928,0,1,1,458706.0
20181001,1,1,1,464071.0
20181002,1,1,1,464708.0
20181003,1,1,1,467771.0
20181004,1,1,1,463466.0
20181005,1,1,1,462946.0
20181008,1,1,1,464215.0
20181009,1,1,1,466119.0
20181010,1,1,1,463295.0
20181011,1,1,1,457841.0
20181012,1,1,1,457144.0
20181015,1,1,1,458578.0
20181016,1,1,1,459297.0
20181017,1,1,1,456715.0
20181018,1,1,1,453825.0
20181019,0,1,1,454593.0
20181022,0,1,1,454149.0
20181023,0,1,1,451962.0
20181024,0,1,1,451657.0
20181025,0,1,1,453039.0
20181026,0,1,1,453775.0
20181029,0,1,1,452694.0
20181030,0,1,1,451547.0
20181031,0,1,1,451951.0
20181101,0,1,1,449586.0
20181102,0,1,0,450006.0
20181105,1,1,0,452726.0
20181106,1,1,0,453496.0
20181107,1,1,0,454036.0
20181108,1,1,0,454916.0
20181109,1,1,0,457156.0
20181112,1,1,0,458106.0
20181113,1,1,0,465476.0
20181114,1,1,1,470915.0
20181115,1,1,1,463601.0
20181116,1,1,1,465957.0
20181119,1,1,1,469184.0
20181120,1,1,1,475224.0
20181121,1,1,1,474144.0
20181123,1,1,1,480872.0
20181126,1,1,1,478397.0
20181127,1,1,1,478691.0
20181128,1,1,1,486013.0
20181129,1,1,1,484147.0
20181130,1,1,1,484747.0
20181203,1,1,1,477557.0
20181204,1,1,1,477874.0
20181205,1,1,1,478870.0
20181206,1,1,1,480127.0
20181207,1,1,1,479441.0
20181210,1,1,1,483389.0
20181211,1,1,1,481233.0
20181212,1,1,1,478864.0
20181213,1,1,1,476239.0
20181214,1,1,1,475959.0
20181217,1,1,1,475020.0
20181218,1,0,1,481628.0
20181219,1,0,1,477895.0
20181220,1,0,1,482524.0
20181221,1,0,1,483528.0
20181224,1,0,1,489549.0
20181226,1,0,1,482860.0
20181227,1,0,1,486759.0
20181228,1,0,1,486590.0
20181231,1,0,1,485712.0
20190102,1,0,1,483691.0
20190103,1,0,1,481402.0
20190104,1,0,1,479390.0
20190107,1,0,1,478444.0
20190108,1,0,1,475142.0
20190109,1,0,1,470303.0
20190110,1,0,1,469010.0
20190111,1,0,1,471119.0
20190114,1,0,1,473341.0
20190115,1,0,1,470914.0
20190116,1,0,1,469773.0
20190117,1,0,1,470446.0
20190118,1,0,1,467384.0
20190122,1,0,1,469040.0
20190123,1,0,1,469955.0
20190124,1,0,1,469571.0
20190125,1,0,1,468747.0
20190128,1,0,1,472723.0
20190129,1,0,1,468887.0
20190130,1,0,1,467866.0
20190131,1,0,1,469125.0
20190201,1,0,1,466173.0
20190204,1,0,1,467095.0
20190205,1,0,1,468411.0
20190206,1,0,1,467444.0
20190207,1,0,1,469305.0
20190208,1,0,1,468889.0
20190211,1,0,1,469884.0
20190212,1,0,1,468564.0
20190213,1,0,1,466437.0
20190214,1,0,1,464549.0
20190215,1,0,0,463185.0
20190219,0,0,0,462655.0
20190220,0,0,0,462655.0
20190221,0,0,0,462655.0
20190222,0,0,0,462655.0
20190225,0,0,0,462655.0
20190226,0,0,0,462655.0
20190227,0,0,0,462655.0
20190228,0,0,0,462655.0
20190301,0,0,0,462655.0
20190304,0,0,0,462655.0
20190305,0,0,0,462655.0
20190306,0,0,0,462655.0
20190307,0,0,0,462655.0
20190308,0,0,0,462655.0
20190311,0,0,0,462655.0
20190312,0,0,0,462655.0
20190313,0,0,0,462655.0
20190314,0,0,0,462655.0
20190315,0,0,0,462655.0
20190318,0,0,0,462655.0
20190319,0,0,0,462655.0
20190320,0,0,0,462655.0
20190321,0,0,0,462655.0
20190322,0,0,0,462655.0
20190325,0,0,0,462655.0
20190326,0,0,0,462655.0
20190327,0,0,0,462655.0
20190328,0,0,0,462655.0
20190329,0,0,0,462655.0
20190401,0,0,0,462655.0
20190402,0,0,0,462655.0
20190403,1,0,0,462475.0
20190404,1,0,0,462115.0
20190405,1,0,0,463095.0
20190408,1,0,0,464415.0
20190409,1,0,0,463995.0
20190410,1,0,0,464625.0
20190411,1,0,0,463595.0
20190412,1,0,0,463905.0
20190415,1,0,0,463415.0
20190416,1,0,0,464065.0
20190417,1,0,0,463775.0
20190418,1,0,0,463975.0
20190422,1,0,0,465455.0
20190423,1,0,0,466205.0
20190424,1,0,0,465795.0
20190425,1,0,0,465115.0
20190426,1,0,0,463205.0
20190429,1,0,0,463405.0
20190430,1,0,0,463815.0
20190501,1,0,0,463505.0
20190502,1,0,0,461715.0
20190503,1,0,0,461845.0
20190506,1,0,0,462155.0
20190507,1,0,0,461305.0
20190508,1,0,0,462025.0
20190509,1,0,0,461605.0
20190510,1,0,0,461565.0
20190513,1,0,0,460945.0
20190514,1,0,0,461685.0
20190515,1,0,0,461925.0
20190516,1,0,0,462775.0
20190517,1,0,0,462635.0
20190520,1,0,0,462925.0
20190521,1,0,0,462845.0
20190522,1,0,0,461135.0
20190523,1,0,0,457625.0
20190524,0,0,0,457575.0
20190528,0,0,0,457575.0
20190529,0,0,0,457575.0
20190530,0,0,0,457575.0
20190531,0,0,0,457575.0
20190603,0,1,1,459354.0
20190604,1,1,1,458004.0
20190605,1,1,1,461927.0
20190606,1,1,1,461208.0
20190607,1,1,1,458145.0
20190610,1,1,1,459452.0
20190611,1,1,1,458359.0
20190612,1,1,1,462391.0
20190613,1,1,1,460740.0
20190614,1,1,1,458932.0
20190617,1,1,1,460778.0
20190618,1,1,1,458229.0
20190619,1,1,1,458822.0
20190620,1,1,1,454326.0
20190621,1,1,1,452633.0
20190624,1,1,1,451303.0
20190625,1,1,1,450744.0
20190626,1,1,1,447387.0
20190627,1,1,1,447491.0
20190628,1,1,1,449527.0
20190701,1,1,1,448712.0
20190702,1,1,1,454657.0
20190703,1,1,1,452546.0
20190705,1,1,1,450832.0
20190708,1,1,1,451239.0
20190709,1,1,1,450207.0
20190710,1,1,1,444040.0
20190711,0,1,0,444206.0
20190712,0,1,0,443836.0
20190715,0,1,0,444286.0
20190716,0,1,0,445306.0
20190717,0,1,0,445326.0
20190718,0,1,0,445496.0
20190719,0,1,0,445856.0
20190722,0,1,0,445246.0
20190723,0,1,0,445366.0
20190724,0,1,0,446166.0
20190725,0,1,0,445916.0
20190726,0,1,0,446686.0
20190729,0,1,0,447026.0
20190730,0,1,0,446816.0
20190731,0,1,0,445856.0
20190801,0,1,0,446166.0
20190802,0,1,0,446976.0
20190805,0,1,0,447486.0
20190806,0,1,0,447076.0
20190807,0,1,0,447356.0
20190808,0,1,1,446876.0
20190809,0,1,1,445647.0
20190812,0,1,1,445880.0
20190813,0,1,1,442457.0
20190814,0,1,1,443908.0
20190815,0,1,1,444404.0
20190816,0,1,1,444636.0
20190819,0,1,1,443683.0
20190820,0,1,1,442713.0
20190821,0,1,1,443067.0
20190822,0,1,1,443849.0
20190823,0,1,1,444998.0
20190826,0,1,1,445203.0
20190827,0,1,1,444626.0
20190828,0,1,1,442877.0
20190829,0,1,1,441612.0
20190830,0,1,1,443095.0
20190903,0,1,1,443793.0
20190904,0,0,1,440633.0
20190905,0,0,1,440285.0
20190906,0,0,1,439789.0
20190909,0,0,1,438638.0
20190910,0,0,0,438408.0
20190911,0,0,0,438408.0
20190912,0,0,0,438408.0
20190913,0,0,0,438408.0
20190916,0,1,0,438338.0
20190917,1,1,1,432278.0
20190918,1,1,1,430223.0
20190919,1,1,1,430711.0
20190920,1,1,1,429789.0
20190923,1,1,1,430719.0
20190924,1,1,1,427834.0
20190925,1,1,1,426389.0
20190926,1,1,1,425592.0
20190927,1,1,1,424093.0
20190930,0,1,1,421674.0
20191001,0,0,1,421678.0
20191002,0,0,1,420607.0
20191003,0,0,0,420557.0
20191004,0,0,0,420557.0
20191007,0,0,0,420557.0
20191008,0,0,0,420557.0
20191009,0,0,0,420557.0
20191010,0,0,0,420557.0
20191011,0,0,0,420557.0
20191014,0,0,0,420557.0
20191015,0,0,0,420557.0
20191016,0,0,0,420557.0
20191017,0,0,0,420557.0
20191018,0,0,0,420557.0
20191021,0,0,0,420557.0
20191022,0,0,0,420557.0
20191023,0,0,0,420557.0
20191024,0,0,0,420557.0
20191025,0,0,0,420557.0
20191028,0,0,0,420557.0
20191029,0,0,0,420557.0
20191030,0,0,0,420557.0
20191031,0,0,0,420557.0
20191101,0,0,0,420557.0
20191104,0,0,0,420557.0
20191105,0,1,0,420957.0
20191106,0,1,0,420617.0
20191107,0,1,0,420057.0
20191108,0,1,0,420227.0
20191111,0,1,0,418707.0
20191112,0,1,0,418547.0
20191113,0,1,0,418337.0
20191114,0,1,0,418807.0
20191115,0,1,0,419217.0
20191118,0,1,0,417997.0
20191119,0,1,0,417437.0
20191120,0,0,0,417387.0
20191121,0,0,0,417387.0
20191122,0,0,0,417387.0
20191125,0,0,0,417387.0
20191126,0,0,0,417387.0
20191127,0,0,0,417387.0
20191129,0,0,0,417387.0
20191202,0,0,0,417387.0
20191203,0,0,0,417387.0
20191204,0,0,0,417387.0
20191205,0,0,0,417387.0
20191206,0,0,0,417387.0
20191209,0,0,0,417387.0
20191210,0,1,0,417277.0
20191211,0,1,0,417487.0
20191212,0,1,0,416637.0
20191213,0,1,0,416957.0
20191216,0,1,0,416507.0
20191217,0,1,0,416727.0
20191218,1,1,1,417140.0
20191219,1,1,1,417986.0
20191220,1,1,1,416373.0
20191223,1,1,1,417610.0
20191224,1,1,1,419212.0
20191226,1,1,1,419466.0
20191227,1,1,1,419978.0
20191230,1,1,1,420048.0
20191231,1,1,1,418516.0
20200102,1,1,1,419361.0
20200103,1,1,1,422717.0
20200106,1,1,1,421732.0
20200107,1,1,1,420829.0
20200108,1,1,1,414833.0
20200109,1,1,1,414193.0
20200110,1,1,1,412401.0
20200113,1,1,0,411591.0
20200114,1,1,0,411691.0
20200115,1,1,0,411941.0
20200116,1,1,0,413081.0
20200117,1,1,0,413871.0
20200121,1,1,0,414751.0
20200122,1,1,1,414200.0
20200123,0,1,1,414301.0
20200124,0,1,1,417050.0
20200127,0,1,1,419259.0
20200128,0,1,1,417431.0
20200129,0,1,1,418381.0
20200130,0,1,1,421358.0
20200131,0,1,1,421809.0
20200203,1,1,1,425050.0
20200204,1,1,1,424768.0
20200205,1,1,1,421155.0
20200206,1,1,1,420105.0
20200207,1,1,1,421703.0
20200210,1,1,1,424667.0
20200211,1,1,1,423481.0
20200212,1,1,1,419633.0
20200213,1,1,1,419361.0
20200214,1,1,1,417878.0
20200218,1,1,1,417551.0
20200219,1,1,1,415166.0
20200220,1,1,1,415513.0
20200221,1,1,1,416625.0
20200224,1,1,1,422398.0
20200225,1,1,1,425725.0
20200226,1,1,1,429904.0
20200227,1,1,1,432826.0
20200228,1,1,1,436248.0
20200302,1,1,1,431379.0
20200303,1,1,1,430328.0
20200304,1,1,1,430450.0
20200305,1,1,1,433757.0
20200306,1,1,1,443356.0
20200309,1,1,1,462143.0
20200310,1,1,1,453679.0
20200311,1,1,1,456138.0
20200312,1,1,1,461273.0
20200313,1,1,1,461704.0
20200316,1,1,1,469087.0
20200317,1,1,1,472155.0
20200318,1,1,1,483328.0
20200319,1,1,1,474073.0
20200320,1,1,1,479340.0
20200323,1,1,1,478218.0
20200324,1,1,1,474362.0
20200325,1,1,1,473297.0
20200326,1,1,1,477432.0
20200327,1,1,1,477946.0
20200330,1,1,1,481410.0
20200331,1,1,1,482100.0
20200401,1,1,1,485706.0
20200402,1,1,1,478409.0
20200403,1,1,1,471528.0
20200406,1,1,1,473733.0
20200407,1,1,1,475738.0
20200408,1,1,1,475673.0
20200409,1,1,1,480104.0
20200413,1,1,1,479620.0
20200414,1,1,1,484776.0
20200415,1,1,1,486813.0
20200416,1,1,1,484568.0
20200417,1,1,1,483978.0
20200420,1,1,1,489745.0
20200421,1,1,1,506393.0
20200422,1,1,1,502827.0
20200423,1,0,1,500204.0
20200424,1,0,1,503451.0
20200427,1,0,1,509136.0
20200428,1,0,1,509274.0
20200429,1,0,1,503773.0
20200430,1,0,1,497637.0
20200501,1,0,1,498251.0
20200504,1,0,1,497347.0
20200505,1,0,1,489275.0
20200506,1,0,1,492869.0
20200507,1,0,1,492759.0
20200508,1,0,1,488957.0
20200511,1,0,1,490842.0
20200512,1,0,1,490474.0
20200513,1,0,1,491258.0
20200514,1,1,1,485946.0
20200515,1,1,1,483580.0
20200518,1,1,1,476468.0
20200519,1,1,1,477066.0
20200520,1,1,1,475412.0
20200521,1,1,1,475659.0
20200522,1,1,1,476333.0
20200526,1,1,1,474224.0
20200527,1,1,1,477110.0
20200528,1,1,1,478261.0
20200529,1,1,1,473678.0
20200601,1,1,1,474797.0
20200602,1,1,1,470747.0
20200603,0,1,1,471362.0
20200604,0,1,1,470953.0
20200605,0,1,1,468140.0
20200608,0,1,1,469301.0
20200609,0,1,1,468118.0
20200610,0,1,1,467219.0
20200611,0,1,0,467196.0
20200612,0,1,0,468016.0
20200615,0,1,0,468636.0
20200616,0,1,0,469186.0
20200617,0,1,0,468946.0
20200618,0,1,0,468946.0
20200619,0,1,0,468636.0
20200622,0,1,0,468686.0
20200623,0,1,0,468956.0
20200624,0,1,0,469256.0
20200625,0,1,0,470406.0
20200626,0,1,0,470426.0
20200629,0,1,0,468776.0
20200630,0,1,0,468356.0
20200701,0,1,0,469156.0
20200702,0,1,0,468526.0
20200706,0,1,0,467566.0
20200707,0,1,0,467106.0
20200708,0,1,0,467626.0
20200709,0,1,0,468076.0
20200710,0,1,0,467816.0
20200713,0,1,0,468476.0
20200714,0,1,0,468406.0
20200715,0,1,0,468086.0
20200716,0,1,0,468636.0
20200717,0,1,0,468686.0
20200720,0,1,0,469456.0
20200721,0,1,0,469116.0
20200722,0,1,0,469056.0
20200723,0,1,0,468016.0
20200724,0,1,0,467786.0
20200727,0,1,0,468596.0
20200728,0,1,0,467816.0
20200729,0,1,0,467156.0
20200730,0,1,0,468166.0
20200731,0,1,0,468466.0
20200803,0,1,0,465446.0
20200804,0,0,0,465436.0
20200805,0,0,0,465436.0
20200806,0,0,0,465436.0
20200807,0,0,0,465436.0
20200810,0,0,0,465436.0
20200811,0,0,0,465436.0
20200812,0,0,0,465436.0
20200813,0,0,0,465436.0
20200814,0,0,0,465436.0
20200817,0,1,0,464906.0
20200818,0,1,0,465686.0
20200819,0,1,0,465776.0
20200820,0,1,0,465036.0
20200821,0,1,0,465996.0
20200824,0,1,0,466646.0
20200825,0,1,0,466446.0
20200826,0,1,0,466226.0
20200827,0,1,0,467586.0
20200828,0,1,0,467056.0
20200831,0,1,0,466786.0
20200901,0,1,0,465756.0
20200902,0,1,0,465346.0
20200903,0,1,0,465356.0
20200904,0,1,0,466366.0
20200908,0,1,0,464486.0
20200909,0,1,0,464546.0
20200910,0,1,0,463716.0
20200911,0,1,0,463176.0
20200914,0,1,0,463586.0
20200915,0,1,0,464106.0
20200916,0,1,0,463156.0
20200917,0,1,0,460906.0
20200918,0,0,0,460856.0
20200921,0,0,0,460856.0
20200922,0,0,0,460856.0
20200923,0,0,0,460856.0
20200924,0,0,0,460856.0
20200925,0,0,0,460856.0
20200928,0,0,0,460856.0
20200929,0,0,0,460856.0
20200930,0,0,0,460856.0
20201001,0,0,0,460856.0
20201002,0,0,0,460856.0
20201005,1,0,1,456587.0
20201006,1,0,1,452814.0
20201007,1,0,1,454702.0
20201008,1,0,1,452139.0
20201009,0,0,1,451927.0
20201012,0,0,1,453447.0
20201013,0,0,1,452947.0
20201014,0,0,1,451960.0
20201015,0,0,1,452120.0
20201016,0,0,1,452523.0
20201019,0,0,1,453405.0
20201020,0,0,1,452758.0
20201021,0,0,1,454170.0
20201022,0,0,1,453296.0
20201023,0,0,1,453691.0
20201026,0,0,1,454930.0
20201027,0,0,1,453422.0
20201028,0,0,1,455341.0
20201029,1,0,1,457670.0
20201030,1,0,1,458092.0
20201102,1,0,1,455963.0
20201103,1,0,1,454492.0
20201104,1,0,1,451053.0
20201105,1,0,1,451577.0
20201106,1,0,1,454361.0
20201109,1,0,1,448099.0
20201110,1,0,0,447130.0
20201111,0,0,0,446650.0
20201112,0,0,0,446650.0
20201113,0,0,0,446650.0
20201116,0,0,0,446650.0
20201117,0,0,0,446650.0
20201118,0,0,0,446650.0
20201119,0,0,0,446650.0
20201120,0,1,0,446140.0
20201123,0,1,0,445610.0
20201124,0,1,0,444840.0
20201125,0,1,1,445213.0
20201127,1,1,1,445842.0
20201130,1,1,1,444695.0
20201201,1,1,1,442913.0
20201202,1,1,1,445437.0
20201203,1,1,1,449665.0
20201204,1,1,1,450012.0
20201207,1,1,1,451043.0
20201208,1,1,1,451268.0
20201209,1,1,1,450430.0
20201210,1,1,1,452126.0
20201211,1,1,1,451586.0
20201214,1,1,1,451831.0
20201215,1,1,1,452881.0
20201216,1,1,1,453698.0
20201217,1,1,1,455345.0
20201218,1,1,1,456152.0
20201221,1,1,1,453337.0
20201222,1,1,1,450973.0
20201223,1,1,1,455301.0
20201224,1,1,1,455856.0
20201228,1,1,1,456644.0
20201229,1,1,1,456176.0
20201230,1,1,1,456968.0
20201231,1,1,1,455591.0
20210104,1,1,1,453347.0
20210105,1,1,1,456836.0
20210106,1,1,1,457808.0
20210107,1,1,1,458273.0
20210108,1,1,1,461712.0
20210111,1,1,1,461000.0
20210112,1,1,1,462874.0
20210113,1,1,1,462926.0
20210114,1,1,1,465057.0
20210115,1,1,1,462034.0
20210119,1,1,1,464748.0
20210120,1,1,1,465219.0
20210121,1,1,1,465528.0
20210122,1,1,1,464085.0
20210125,1,1,1,463916.0
20210126,1,1,1,463565.0
20210127,1,1,1,463532.0
20210128,1,1,1,463125.0
20210129,1,1,1,463875.0
20210201,1,1,1,464402.0
20210202,1,0,1,466936.0
20210203,1,0,1,468534.0
20210204,1,0,1,469494.0
20210205,1,0,1,470668.0
20210208,1,0,1,473220.0
20210209,1,0,1,473984.0
20210210,1,0,1,474485.0
20210211,1,0,1,473356.0
20210212,1,0,1,475711.0
20210216,1,0,1,478097.0
20210217,1,0,1,480166.0
20210218,1,0,1,479481.0
20210219,1,0,1,477644.0
20210222,1,0,1,481584.0
20210223,1,0,1,481949.0
20210224,1,0,1,485141.0
20210225,1,0,1,485363.0
20210226,1,0,1,481031.0
20210301,1,0,1,479167.0
20210302,1,0,1,477811.0
20210303,1,0,1,480500.0
20210304,1,0,1,485583.0
20210305,1,0,1,489859.0
20210308,1,0,1,487328.0
20210309,1,0,1,486237.0
20210310,1,0,1,487087.0
20210311,1,0,1,490436.0
20210312,1,0,1,490366.0
20210315,1,0,1,489365.0
20210316,1,0,1,488094.0
20210317,1,0,1,486777.0
20210318,1,0,1,477087.0
20210319,1,0,1,480067.0
20210322,1,0,1,480481.0
20210323,1,0,1,473305.0
20210324,1,0,1,479946.0
20210325,1,0,1,474058.0
20210326,1,0,1,479081.0
20210329,1,0,1,479675.0
20210330,1,0,1,477821.0
20210331,1,0,1,475524.0
20210401,1,0,1,480409.0
20210405,1,0,1,475123.0
20210406,1,0,1,476714.0
20210407,1,0,1,477734.0
20210408,1,0,1,477644.0
20210409,1,0,1,477271.0
20210412,1,0,1,477668.0
20210413,1,0,1,478421.0
20210414,1,0,1,484562.0
20210415,1,0,1,485246.0
20210416,1,0,1,484791.0
20210419,1,0,1,484897.0
20210420,1,0,1,483616.0
20210421,1,0,1,481187.0
20210422,1,0,1,481566.0
20210423,1,0,1,482809.0
20210426,1,0,1,482789.0
20210427,1,0,1,484961.0
20210428,1,0,1,487251.0
20210429,1,0,1,489358.0
20210430,1,0,1,486244.0
20210503,1,0,1,488393.0
20210504,1,0,1,491563.0
20210505,1,0,1,491658.0
20210506,1,0,1,490192.0
20210507,1,0,1,491268.0
20210510,1,0,1,491540.0
20210511,1,0,1,492955.0
20210512,1,0,1,494922.0
20210513,1,0,1,489781.0
20210514,1,0,1,492814.0
20210517,1,0,1,494730.0
20210518,1,0,1,493782.0
20210519,1,0,1,489561.0
20210520,1,0,1,486358.0
20210521,1,0,1,488998.0
20210524,1,0,1,493727.0
20210525,1,0,1,493470.0
20210526,1,0,1,494030.0
20210527,1,0,1,495145.0
20210528,1,0,1,493905.0
20210601,1,0,1,496699.0
20210602,1,0,1,499304.0
20210603,1,0,1,499058.0
20210604,1,0,1,500632.0
20210607,1,0,1,500061.0
20210608,1,0,1,501696.0
20210609,1,0,1,501375.0
20210610,1,0,1,502289.0
20210611,1,0,1,501956.0
20210614,1,1,1,501913.0
20210615,1,1,1,502063.0
20210616,1,1,1,501829.0
20210617,1,1,1,499202.0
20210618,1,1,1,500441.0
20210621,1,1,1,503442.0
20210622,1,1,1,504858.0
20210623,1,1,1,506191.0
20210624,1,1,1,507383.0
20210625,1,1,1,508417.0
20210628,1,1,1,506717.0
20210629,1,1,1,507313.0
20210630,1,1,1,508162.0
20210701,1,1,1,511204.0
20210702,1,1,1,512486.0
20210706,1,1,1,506950.0
20210707,1,1,1,504706.0
20210708,1,1,1,507681.0
20210709,1,1,1,510622.0
20210712,1,1,1,510685.0
20210713,1,1,1,512759.0
20210714,1,1,1,508561.0
20210715,1,1,1,505323.0
20210716,1,1,1,506132.0
20210719,1,1,1,496592.0
20210720,1,1,0,498362.0
20210721,1,1,0,502292.0
20210722,1,1,0,504342.0
20210723,1,1,0,505072.0
20210726,1,1,0,505312.0
20210727,1,1,0,503652.0
20210728,1,1,0,504642.0
20210729,1,1,0,506792.0
20210730,1,1,0,505672.0
20210802,1,1,0,503192.0
20210803,1,1,0,503412.0
20210804,1,1,0,502312.0
20210805,1,1,0,503072.0
20210806,1,1,0,502262.0
20210809,1,1,0,499662.0
20210810,0,1,0,499902.0
20210811,0,1,0,499602.0
20210812,0,1,0,498342.0
20210813,0,1,0,497622.0
20210816,0,1,0,498472.0
20210817,0,1,0,497382.0
20210818,0,1,0,497532.0
20210819,0,1,0,497312.0
20210820,0,1,0,497522.0
20210823,0,1,1,493922.0
20210824,0,1,1,490841.0
20210825,0,1,1,488772.0
20210826,0,1,0,491674.0
20210827,0,1,0,493444.0
20210830,0,1,0,492614.0
20210831,0,1,0,493334.0
20210901,0,1,0,495714.0
20210902,0,1,0,495974.0
20210903,0,1,0,496684.0
20210907,0,1,0,495244.0
20210908,0,1,0,498704.0
20210909,0,1,0,499874.0
20210910,0,1,0,498944.0
20210913,0,1,0,501874.0
20210914,0,1,0,502164.0
20210915,0,1,0,504164.0
20210916,0,1,0,502914.0
20210917,0,1,0,500614.0
20210920,0,1,0,499414.0
20210921,0,1,0,497614.0
20210922,0,1,0,497614.0
20210923,0,1,0,499324.0
20210924,0,1,1,501785.0
20210927,0,1,1,508308.0
20210928,1,1,1,509360.0
20210929,1,1,1,505656.0
20210930,1,1,1,511175.0
20211001,1,1,1,511402.0
20211004,1,1,1,516875.0
20211005,1,1,1,526039.0
20211006,1,1,1,516002.0
20211007,1,1,1,517631.0
20211008,1,1,1,518154.0
20211011,1,1,1,518858.0
20211012,1,1,1,520368.0
20211013,1,1,1,521484.0
20211014,1,1,1,525017.0
20211015,1,1,1,523734.0
20211018,1,1,1,518455.0
20211019,1,1,1,520678.0
20211020,1,1,1,523805.0
20211021,1,1,1,520520.0
20211022,1,1,1,523002.0
20211025,1,1,1,530036.0
20211026,1,1,1,530925.0
20211027,1,1,1,528268.0
20211028,1,1,1,523359.0
20211029,1,1,1,520303.0
20211101,1,1,1,519408.0
20211102,1,1,1,523042.0
20211103,1,1,1,518177.0
20211104,1,1,1,515415.0
20211105,1,1,1,517933.0
20211108,1,1,1,518186.0
20211109,1,1,1,517648.0
20211110,1,0,1,512436.0
20211111,1,0,1,512476.0
20211112,1,0,1,509853.0
20211115,1,0,1,509708.0
20211116,1,0,1,510966.0
20211117,1,0,1,505983.0
20211118,1,0,1,507666.0
20211119,1,0,1,501391.0
20211122,1,0,1,503545.0
20211123,1,0,1,507768.0
20211124,1,0,1,507604.0
20211126,1,0,1,485238.0
20211129,0,0,0,485138.0
20211130,0,0,0,485138.0
20211201,0,0,0,485138.0
20211202,0,0,0,485138.0
20211203,0,0,0,485138.0
20211206,0,0,0,485138.0
20211207,0,1,0,484858.0
20211208,0,1,0,483788.0
20211209,0,1,0,483798.0
20211210,0,1,0,482688.0
20211213,0,1,0,483998.0
20211214,0,1,0,484468.0
20211215,0,1,0,483918.0
20211216,0,1,0,484278.0
20211217,0,1,0,485038.0
20211220,0,1,0,483598.0
20211221,0,1,0,483248.0
20211222,0,1,0,482178.0
20211223,0,1,0,484628.0
20211227,0,1,0,481508.0
20211228,0,1,0,482078.0
20211229,0,1,0,482428.0
20211230,0,1,0,485318.0
20211231,0,1,0,483628.0
20220103,0,1,0,482778.0
20220104,0,1,0,483758.0
20220105,0,1,0,482108.0
20220106,0,1,0,482808.0
20220107,0,1,0,481768.0
20220110,0,1,0,480138.0
20220111,0,1,0,478438.0
20220112,0,1,0,472358.0
20220113,0,0,0,472968.0
20220114,0,0,0,472968.0
20220118,0,0,0,472968.0
20220119,0,0,1,472221.0
20220120,1,0,1,471850.0
20220121,1,0,1,472255.0
20220124,1,0,1,467745.0
20220125,1,0,1,471786.0
20220126,1,0,1,476682.0
20220127,1,0,1,477017.0
20220128,1,0,1,477013.0
20220131,1,0,1,478482.0
20220201,1,0,1,479603.0
20220202,1,0,1,480826.0
20220203,1,0,1,485801.0
20220204,1,0,1,489337.0
20220207,1,0,1,487519.0
20220208,1,0,1,482922.0
20220209,1,0,1,484578.0
20220210,1,0,1,484895.0
20220211,1,0,1,491630.0
20220214,1,0,1,496128.0
20220215,1,0,1,488441.0
20220216,1,0,1,489947.0
20220217,1,0,1,485163.0
20220218,1,0,1,485135.0
20220222,1,0,1,488402.0
20220223,1,0,1,489029.0
20220224,1,0,1,492313.0
20220225,1,0,1,489040.0
20220228,1,0,1,498441.0
20220301,1,0,1,515362.0
20220302,1,0,1,536983.0
20220303,1,0,1,534419.0
20220304,1,0,1,553891.0
20220307,1,0,1,563709.0
20220308,1,0,1,589673.0
20220309,1,0,1,533807.0
20220310,1,0,1,524066.0
20220311,1,0,1,532475.0
20220314,1,0,1,520221.0
20220315,1,0,1,503293.0
20220316,1,0,1,504850.0
20220317,1,0,1,529057.0
20220318,1,0,1,535146.0
20220321,1,0,1,550544.0
20220322,1,0,1,552502.0
20220323,1,0,1,568688.0
20220324,1,1,1,570579.0
20220325,1,1,1,572159.0
20220328,1,1,1,549579.0
20220329,1,1,1,543091.0
20220330,1,1,1,552268.0
20220331,1,1,1,541062.0
