20100104     0.00
20100105     0.00
20100106     0.00
20100107     0.00
20100108  -187.50
20100111     0.00
20100112 -1625.00
20100113  -750.00
20100114 -1593.75
20100115 -2187.50
20100119 -1968.75
20100120 -2781.25
20100121 -3581.30
20100122 -3581.30
20100125 -3581.30
20100126 -3581.30
20100127 -3581.30
20100128 -3581.30
20100129 -3581.30
20100201 -3581.30
20100202 -3581.30
20100203 -2656.30
20100204 -2993.80
20100205 -2868.80
20100208 -3406.30
20100209 -3068.80
20100210 -5547.60
20100211 -7171.30
20100212 -3831.60
20100216 -12199.90
20100217 -11381.70
20100218 -13141.90
20100219 -13366.90
20100222 -15341.90
20100223 -14229.40
20100224 -15179.40
20100225 -13804.40
20100226 -15416.90
20100301 -14391.90
20100302 -14429.40
20100303 -15254.40
20100304 -13316.90
20100305 -12541.90
20100308 -12854.40
20100309 -12254.40
20100310 -12204.40
20100311 -10679.40
20100312 -10704.40
20100315 -10579.40
20100316 -11891.90
20100317 -13404.40
20100318 -13191.90
20100319 -12954.40
20100322 -13241.90
20100323 -12329.40
20100324 -12004.40
20100325 -10154.40
20100326 -10604.40
20100329 -11416.90
20100330 -11979.40
20100331 -8779.40
20100401 -9016.90
20100402 -9016.90
20100405 -8716.90
20100406 -7799.40
20100407 -8516.90
20100408 -6404.40
20100409 -8641.90
20100412 -9214.40
20100413 -12293.00
20100414 -10171.20
20100415 -8470.30
20100416 -13317.10
20100419 -14481.30
20100420 -14388.50
20100421 -13533.30
20100422 -17529.40
20100423 -16603.40
20100426 -17666.20
20100427 -17354.30
20100428 -18213.90
20100429 -13700.90
20100430 -11838.40
20100503 -11216.10
20100504 -14816.30
20100505 -17946.30
20100506 -19726.30
20100507 -20586.30
20100510 -22136.30
20100511 -21746.30
20100512 -23276.30
20100513 -23826.30
20100514 -23556.30
20100517 -24416.30
20100518 -23856.30
20100519 -22016.30
20100520 -21496.30
20100521 -20786.30
20100524 -20606.30
20100525 -20996.30
20100526 -21646.30
20100527 -22796.30
20100528 -21342.55
20100601 -17574.72
20100602 -21316.66
20100603 -25346.06
20100604 -14225.70
20100607 -14554.03
20100608 -14431.15
20100609 -19111.44
20100610 -24607.71
20100611 -18815.21
20100614 -22820.41
20100615 -27482.74
20100616 -29880.25
20100617 -26286.65
20100618 -29345.40
20100621 -31777.59
20100622 -30062.59
20100623 -26868.53
20100624 -27915.09
20100625 -28183.84
20100628 -27041.03
20100629 -24760.71
20100630 -25233.21
20100701 -20031.02
20100702 -22039.46
20100706 -20398.21
20100707 -24689.46
20100708 -28213.53
20100709 -29746.34
20100712 -28301.65
20100713 -32134.46
20100714 -29915.09
20100715 -27510.71
20100716 -25799.15
20100719 -27053.53
20100720 -27271.03
20100721 -24674.46
20100722 -28756.65
20100723 -30394.46
20100726 -30408.53
20100727 -30473.84
20100728 -27885.71
20100729 -27935.40
20100730 -24547.28
20100802 -26650.09
20100803 -24678.21
20100804 -25493.84
20100805 -24281.34
20100806 -21912.59
20100809 -22520.40
20100810 -22120.40
20100811 -19804.78
20100812 -19417.28
20100813 -17189.15
20100816 -15006.34
20100817 -16506.34
20100818 -16248.53
20100819 -14545.40
20100820 -15753.21
20100823 -15004.78
20100824 -14065.71
20100825 -16743.84
20100826 -13826.65
20100827 -16750.09
20100830 -13092.28
20100831 -13212.59
20100901 -14951.65
20100902 -15426.65
20100903 -13784.46
20100907 -10298.21
20100908 -12886.96
20100909 -13864.46
20100910 -16162.90
20100913 -14378.53
20100914 -12678.84
20100915 -14287.59
20100916 -16779.46
20100917 -12305.71
20100920 -9268.53
20100921 -8340.09
20100922 -7505.40
20100923 -9174.46
20100924 -5375.71
20100927 -2766.03
20100928 -4133.21
20100929 -5621.34
20100930 -5271.34
20101001 -9732.28
20101004 -8210.40
20101005 -6461.03
20101006 -6543.53
20101007 -3629.15
20101008     0.00
20101011     0.00
20101012     0.00
20101013     0.00
20101014 -1651.54
20101015 -4892.99
20101018  -186.32
20101019 -4883.17
20101020     0.00
20101021 -2345.10
20101022 -1153.46
20101025     0.00
20101026 -3511.56
20101027 -4488.44
20101028 -4343.66
20101029 -5889.75
20101101 -2320.06
20101102 -1891.64
20101103     0.00
20101104     0.00
20101105  -609.23
20101108 -2391.49
20101109 -2416.30
20101110     0.00
20101111     0.00
20101112 -7195.30
20101115 -6567.88
20101116 -16205.18
20101117 -23468.38
20101118 -18773.98
20101119 -24288.38
20101122 -25036.98
20101123 -24297.48
20101124 -19797.18
20101126 -21016.78
20101129 -17767.68
20101130 -22890.48
20101201 -16342.58
20101202 -14672.08
20101203 -10963.23
20101206 -13442.13
20101207 -11385.63
20101208 -9934.63
20101209 -10908.43
20101210 -11772.78
20101213 -8816.88
20101214 -7045.98
20101215 -5644.53
20101216 -7548.18
20101217 -8363.63
20101220 -5330.03
20101221 -3500.23
20101222 -1463.28
20101223     0.00
20101227 -1101.40
20101228     0.00
20101229 -2906.35
20101230 -5412.79
20101231 -1978.41
20110103 -2043.49
20110104 -7217.46
20110105     0.00
20110106 -6382.94
20110107 -11169.36
20110110 -6189.64
20110111 -2580.30
20110112     0.00
20110113 -1788.69
20110114     0.00
20110118     0.00
20110119 -1950.21
20110120 -1718.71
20110121 -2117.64
20110124 -5618.45
20110125 -12338.50
20110126 -5159.64
20110127 -8666.48
20110128 -9065.53
20110131 -3454.33
20110201     0.00
20110202     0.00
20110203  -341.41
20110204     0.00
20110207 -1113.95
20110208     0.00
20110209     0.00
20110210 -2825.65
20110211 -5134.26
20110214 -4509.81
20110215 -9113.30
20110216 -7311.57
20110217 -6656.44
20110218 -10758.25
20110222 -15853.62
20110223 -10048.94
20110224 -12565.95
20110225 -9439.66
20110228 -10031.24
20110301 -2394.06
20110302     0.00
20110303     0.00
20110304     0.00
20110307 -1605.89
20110308 -3875.02
20110309 -3965.60
20110310 -7191.10
20110311 -10913.90
20110314 -9584.80
20110315 -19634.80
20110316 -16982.00
20110317 -12898.60
20110318 -15053.80
20110321 -12409.40
20110322 -10726.50
20110323 -10436.90
20110324 -11555.40
20110325 -11745.30
20110328 -14021.10
20110329 -13113.90
20110330 -13297.70
20110331 -10165.50
20110401 -7834.00
20110404 -7279.20
20110405 -6650.50
20110406 -5700.10
20110407 -3158.50
20110408     0.00
20110411 -5729.90
20110412 -10818.20
20110413 -8239.80
20110414 -7269.40
20110415 -5041.00
20110418 -10359.80
20110419 -11465.40
20110420 -7591.10
20110421 -7458.50
20110425 -6928.40
20110426 -5588.70
20110427 -4802.10
20110428 -6257.00
20110429 -2568.70
20110502 -5074.10
20110503 -10656.20
20110504 -14186.30
20110505 -29598.60
20110506 -29598.60
20110509 -29598.60
20110510 -29598.60
20110511 -29598.60
20110512 -29598.60
20110513 -29598.60
20110516 -29598.60
20110517 -29598.60
20110518 -29598.60
20110519 -29598.60
20110520 -29598.60
20110523 -29598.60
20110524 -29598.60
20110525 -29598.60
20110526 -29598.60
20110527 -29598.60
20110531 -29598.60
20110601 -29598.60
20110602 -29598.60
20110603 -29598.60
20110606 -29598.60
20110607 -29598.60
20110608 -29598.60
20110609 -29598.60
20110610 -28638.60
20110613 -29748.60
20110614 -30398.60
20110615 -27126.10
20110616 -27237.04
20110617 -28451.73
20110620 -28678.29
20110621 -29295.48
20110622 -29272.04
20110623 -23657.66
20110624 -22930.48
20110627 -24075.79
20110628 -29480.79
20110629 -32720.16
20110630 -35179.53
20110701 -34690.18
20110705 -36300.88
20110706 -35311.03
20110707 -43347.80
20110708 -37057.49
20110711 -33449.68
20110712 -36396.86
20110713 -39777.80
20110714 -38695.93
20110715 -39359.99
20110718 -37998.43
20110719 -38949.05
20110720 -40867.18
20110721 -42328.43
20110722 -42560.61
20110725 -42765.61
20110726 -41985.30
20110727 -41020.30
20110728 -39618.11
20110729 -32832.80
20110801 -30660.30
20110802 -28635.30
20110803 -25908.11
20110804 -15498.74
20110805 -18408.11
20110808 -6455.30
20110809 -1270.30
20110810 -4264.99
20110811 -14185.24
20110812 -11030.49
20110815 -17434.47
20110816 -13678.04
20110817 -15189.16
20110818 -2805.44
20110819 -4973.46
20110822 -7338.55
20110823 -12163.84
20110824 -15141.36
20110825 -15022.34
20110826 -14818.48
20110829 -18023.48
20110830 -17716.91
20110831 -20881.60
20110901 -18836.60
20110902 -10701.60
20110906 -10556.60
20110907 -15759.10
20110908 -14822.23
20110909 -9898.16
20110912 -12593.48
20110913 -17486.91
20110914 -17359.73
20110915 -18752.23
20110916 -16184.73
20110919 -10264.73
20110920 -11541.29
20110921 -7923.79
20110922     0.00
20110923 -1792.19
20110926 -5726.56
20110927 -13408.44
20110928 -5950.59
20110929 -5591.15
20110930     0.00
20111003     0.00
20111004     0.00
20111005 -9595.65
20111006 -17809.65
20111007 -18609.61
20111010 -28179.12
20111011 -29745.34
20111012 -29539.29
20111013 -28845.09
20111014 -35524.15
20111017 -32055.71
20111018 -32700.09
20111019 -32119.46
20111020 -34336.02
20111021 -34254.15
20111024 -36208.84
20111025 -33181.65
20111026 -32274.15
20111027 -39975.32
20111028 -40865.32
20111031 -39325.32
20111101 -37507.82
20111102 -36412.82
20111103 -38977.82
20111104 -38865.32
20111107 -37007.82
20111108 -38935.32
20111109 -36105.32
20111110 -33500.32
20111111 -32737.82
20111114 -31315.32
20111115 -33325.32
20111116 -31162.82
20111117 -28222.82
20111118 -27357.82
20111121 -26832.82
20111122 -26340.32
20111123 -25855.32
20111125 -24535.32
20111128 -22895.32
20111129 -23895.32
20111130 -22832.82
20111201 -23497.82
20111202 -22735.32
20111205 -20087.82
20111206 -20570.32
20111207 -19962.82
20111208 -22747.82
20111209 -18652.82
20111212 -19812.82
20111213 -18355.32
20111214 -19515.32
20111215 -20930.32
20111216 -22607.82
20111219 -24047.82
20111220 -22252.82
20111221 -23602.19
20111222 -23344.69
20111223 -24888.44
20111227 -26308.44
20111228 -26017.19
20111229 -24140.32
20111230 -24524.07
20120103 -24043.44
20120104 -25657.19
20120105 -25922.82
20120106 -27386.47
20120109 -27017.09
20120110 -25527.72
20120111 -24743.34
20120112 -25977.72
20120113 -25529.59
20120117 -21652.72
20120118 -21940.84
20120119 -21223.34
20120120 -24080.84
20120123 -24932.09
20120124 -25742.72
20120125 -26370.84
20120126 -24248.97
20120127 -25127.72
20120130 -25165.22
20120131 -23146.47
20120201 -23072.09
20120202 -25514.59
20120203 -25808.34
20120206 -25974.59
20120207 -25710.22
20120208 -25532.72
20120209 -26135.22
20120210 -25525.84
20120213 -25331.47
20120214 -25935.22
20120215 -24818.34
20120216 -26832.09
20120217 -28064.59
20120221 -27765.84
20120222 -27529.59
20120223 -27153.34
20120224 -26508.97
20120227 -25151.47
20120228 -24264.59
20120229 -26755.69
20120301 -22732.77
20120302 -25467.27
20120305 -23740.82
20120306 -24430.34
20120307 -21553.07
20120308 -19041.37
20120309 -19168.27
20120312 -20524.82
20120313 -19598.74
20120314 -21123.54
20120315 -23044.14
20120316 -19069.34
20120319 -19204.54
20120320 -22567.74
20120321 -21978.74
20120322 -24838.74
20120323 -21247.44
20120326 -19077.67
20120327 -20927.94
20120328 -23242.97
20120329 -28555.33
20120330 -24265.85
20120402 -20872.79
20120403 -19957.24
20120404 -23367.88
20120405 -23633.65
20120406 -26365.70
20120409 -29421.80
20120410 -28911.80
20120411 -28641.80
20120412 -27681.80
20120413 -27874.30
20120416 -29061.80
20120417 -28124.30
20120418 -29024.30
20120419 -28184.30
20120420 -26409.30
20120423 -28184.30
20120424 -26451.80
20120425 -26546.80
20120426 -26369.30
20120427 -27044.30
20120430 -27434.30
20120501 -28394.30
20120502 -28139.30
20120503 -29584.30
20120504 -28736.80
20120507 -29931.80
20120508 -31876.80
20120509 -32996.80
20120510 -31966.80
20120511 -34799.30
20120514 -35749.30
20120515 -34449.30
20120516 -34861.80
20120517 -34586.80
20120518 -36236.80
20120521 -35861.80
20120522 -37374.30
20120523 -38946.17
20120524 -39321.17
20120525 -38252.42
20120529 -39352.42
20120530 -38971.17
20120531 -38736.80
20120601 -37939.92
20120604 -38580.55
20120605 -38736.80
20120606 -39377.42
20120607 -39664.92
20120608 -39896.17
20120611 -38643.05
20120612 -39899.30
20120613 -38793.05
20120614 -39846.17
20120615 -39111.80
20120618 -39127.42
20120619 -40064.92
20120620 -40752.42
20120621 -39971.17
20120622 -41455.55
20120625 -39705.55
20120626 -40205.55
20120627 -39939.92
20120628 -38783.67
20120629 -41205.55
20120702 -36397.72
20120703 -45214.42
20120705 -44502.72
20120706 -37900.72
20120709 -39156.67
20120710 -36813.30
20120711 -39204.90
20120712 -39216.65
20120713 -41409.32
20120716 -44268.95
20120717 -46827.32
20120718 -46647.25
20120719 -50932.60
20120720 -47347.60
20120723 -42766.35
20120724 -41504.47
20120725 -43238.22
20120726 -43793.85
20120727 -48658.85
20120730 -44912.60
20120731 -43117.60
20120801 -45597.60
20120802 -45340.10
20120803 -51785.10
20120806 -50796.97
20120807 -53143.22
20120808 -52540.72
20120809 -50224.37
20120810 -52736.87
20120813 -56721.87
20120814 -56659.37
20120815 -55344.37
20120816 -55296.87
20120817 -53684.37
20120820 -51876.87
20120821 -48376.87
20120822 -48814.37
20120823 -50551.87
20120824 -50076.87
20120827 -50989.37
20120828 -51176.87
20120829 -48126.87
20120830 -47739.37
20120831 -48764.37
20120903 -48764.37
20120904 -48214.37
20120905 -50301.87
20120906 -49126.87
20120907 -48762.81
20120910 -50498.75
20120911 -51964.37
20120912 -49992.50
20120913 -49378.41
20120914 -48265.91
20120917 -55778.41
20120918 -58353.41
20120919 -55153.41
20120920 -58315.91
20120921 -57165.91
20120924 -58815.91
20120925 -59847.16
20120926 -64760.26
20120927 -66272.76
20120928 -63922.76
20121001 -64835.26
20121002 -65472.76
20121003 -65397.76
20121004 -65455.26
20121005 -65980.26
20121008 -65910.26
20121009 -65270.26
20121010 -65190.26
20121011 -63900.26
20121012 -63830.26
20121015 -65080.26
20121016 -65570.26
20121017 -65240.26
20121018 -64070.26
20121019 -63770.26
20121022 -65420.26
20121023 -64590.26
20121024 -65440.26
20121025 -65600.26
20121026 -66170.26
20121029 -65380.26
20121030 -66500.26
20121031 -66490.26
20121101 -66420.26
20121102 -65890.26
20121105 -66680.26
20121106 -69740.26
20121107 -65470.26
20121108 -66120.26
20121109 -67100.26
20121112 -66600.26
20121113 -66410.26
20121114 -67350.26
20121115 -66470.26
20121116 -67520.26
20121119 -69880.26
20121120 -67350.26
20121121 -68005.26
20121123 -69030.26
20121126 -68552.76
20121127 -69230.26
20121128 -68602.76
20121129 -70270.26
20121130 -70647.76
20121203 -71577.76
20121204 -71075.26
20121205 -71642.76
20121206 -70622.76
20121207 -69342.76
20121210 -69097.76
20121211 -69190.26
20121212 -70245.26
20121213 -68507.26
20121214 -71876.26
20121217 -71333.96
20121218 -72239.86
20121219 -74012.06
20121220 -73669.35
20121221 -71825.15
20121224 -71376.76
20121226 -74806.46
20121227 -75412.65
20121228 -75612.65
20121231 -75187.65
20130102 -74325.15
20130103 -74037.65
20130104 -73075.15
20130107 -74137.65
20130108 -74037.65
20130109 -73987.65
20130110 -73700.15
20130111 -73887.65
20130114 -76827.65
20130115 -77747.65
20130116 -78847.65
20130117 -78600.15
20130118 -79920.15
20130122 -80777.65
20130123 -79775.15
20130124 -77845.15
20130125 -78582.65
20130128 -76917.65
20130129 -75405.15
20130130 -76792.65
20130131 -76907.65
20130201 -75522.65
20130204 -77350.15
20130205 -77296.72
20130206 -77886.40
20130207 -77313.59
20130208 -77204.53
20130211 -75359.84
20130212 -73157.03
20130213 -73810.78
20130214 -72960.47
20130215 -74776.09
20130219 -74299.53
20130220 -77830.61
20130221 -82453.93
20130222 -82163.18
20130225 -85362.80
20130226 -88526.70
20130227 -87887.95
20130228 -88657.95
20130301 -89220.45
20130304 -88644.20
20130305 -88877.95
20130306 -86952.95
20130307 -86665.45
20130308 -85771.70
20130311 -85859.20
20130312 -86659.20
20130313 -86984.20
20130314 -87471.70
20130315 -87946.70
20130318 -88277.95
20130319 -89615.45
20130320 -89846.70
20130321 -89671.70
20130322 -90034.20
20130325 -89784.20
20130326 -90184.20
20130327 -90809.70
20130328 -88359.70
20130329 -88359.70
20130401 -87172.20
20130402 -87509.70
20130403 -88797.20
20130404 -88242.20
20130405 -86712.20
20130408 -87817.20
20130409 -88422.50
20130410 -86579.70
20130411 -83758.85
20130412 -81319.75
20130415 -78236.80
20130416 -78678.40
20130417 -74649.85
20130418 -73330.10
20130419 -74617.10
20130422 -76261.45
20130423 -76110.55
20130424 -77742.50
20130425 -83381.80
20130426 -80753.30
20130429 -84253.95
20130430 -84220.30
20130501 -81348.40
20130502 -87855.60
20130503 -90996.90
20130506 -92500.50
20130507 -94220.81
20130508 -92080.75
20130509 -94050.55
20130510 -95453.07
20130513 -96379.14
20130514 -94862.32
20130515 -94613.02
20130516 -96731.72
20130517 -97252.82
20130520 -97319.92
20130521 -94909.32
20130522 -93567.52
20130523 -92508.82
20130524 -92618.62
20130528 -95306.02
20130529 -94147.82
20130530 -94892.62
20130531 -92645.02
20130603 -95089.02
20130604 -96412.02
20130605 -96013.02
20130606 -96685.02
20130607 -97213.61
20130610 -96635.51
20130611 -95601.22
20130612 -97044.00
20130613 -98672.37
20130614 -98761.43
20130617 -98859.87
20130618 -98931.75
20130619 -97459.87
20130620 -98320.81
20130621 -98033.31
20130624 -96931.75
20130625 -96167.68
20130626 -96542.68
20130627 -96908.31
20130628 -98094.25
20130701 -98492.68
20130702 -98600.50
20130703 -98016.12
20130705 -97536.12
20130708 -98037.06
20130709 -96098.62
20130710 -95931.75
20130711 -95763.31
20130712 -97296.74
20130715 -97306.12
20130716 -96578.31
20130717 -97073.31
20130718 -98550.18
20130719 -99459.25
20130722 -97361.12
20130723 -98500.81
20130724 -96442.99
20130725 -97423.47
20130726 -99960.52
20130729 -98119.95
20130730 -99367.76
20130731 -96263.26
20130801 -87136.37
20130802 -92463.52
20130805 -91677.73
20130806 -95026.22
20130807 -97865.61
20130808 -101500.07
20130809 -98028.82
20130812 -98193.51
20130813 -94003.20
20130814 -94782.88
20130815 -94352.57
20130816 -91297.26
20130819 -92966.32
20130820 -95509.13
20130821 -96577.57
20130822 -94247.57
20130823 -94904.45
20130826 -98193.82
20130827 -96538.20
20130828 -93628.82
20130829 -96087.26
20130830 -96996.95
20130903 -92720.85
20130904 -93083.74
20130905 -87654.55
20130906 -86016.23
20130909 -90464.28
20130910 -93592.60
20130911 -94612.91
20130912 -92659.71
20130913 -92896.86
20130916 -97641.86
20130917 -102362.41
20130918 -103451.41
20130919 -105252.66
20130920 -107081.41
20130923 -109310.16
20130924 -111250.01
20130925 -111875.01
20130926 -112225.01
20130927 -111937.51
20130930 -113212.51
20131001 -113087.51
20131002 -113087.51
20131003 -113100.01
20131004 -113300.01
20131007 -113600.01
20131008 -113225.01
20131009 -113312.51
20131010 -113050.01
20131011 -112800.01
20131014 -112987.51
20131015 -113312.51
20131016 -113275.01
20131017 -113287.51
20131018 -113212.51
20131021 -113337.51
20131022 -113050.01
20131023 -113275.01
20131024 -113150.01
20131025 -113450.01
20131028 -113475.01
20131029 -113827.41
20131030 -114606.81
20131031 -113945.01
20131101 -111758.61
20131104 -110719.97
20131105 -111776.53
20131106 -111101.28
20131107 -109097.30
20131108 -114153.57
20131111 -115651.18
20131112 -114605.98
20131113 -115113.42
20131114 -115941.47
20131115 -116732.26
20131118 -115514.61
20131119 -115605.50
20131120 -117988.40
20131121 -120457.36
20131122 -119900.65
20131125 -119135.02
20131126 -117818.77
20131127 -116940.33
20131129 -117424.40
20131202 -119313.46
20131203 -121480.33
20131204 -123660.65
20131205 -124156.01
20131206 -124604.13
20131209 -124442.57
20131210 -125270.38
20131211 -124550.38
20131212 -124579.13
20131213 -123249.45
20131216 -124001.32
20131217 -123688.82
20131218 -124504.04
20131219 -125759.04
20131220 -126176.54
20131223 -125816.54
20131224 -126139.04
20131226 -126056.54
20131227 -126919.04
20131230 -126479.04
20131231 -128374.04
20140102 -127389.04
20140103 -127709.04
20140106 -127901.54
20140107 -127884.04
20140108 -128264.04
20140109 -130124.04
20140110 -131511.54
20140113 -131599.04
20140114 -131449.04
20140115 -131161.54
20140116 -131274.04
20140117 -131074.04
20140121 -131124.04
20140122 -131186.54
20140123 -131324.04
20140124 -131349.04
20140127 -131461.54
20140128 -131599.04
20140129 -131599.04
20140130 -131599.04
20140131 -131599.04
20140203 -131599.04
20140204 -131599.04
20140205 -131724.04
20140206 -131792.79
20140207 -131349.04
20140210 -132552.79
20140211 -130815.29
20140212 -131266.54
20140213 -126931.54
20140214 -127265.29
20140218 -124164.04
20140219 -118940.29
20140220 -119840.29
20140221 -118430.29
20140224 -125980.29
20140225 -124564.04
20140226 -125595.29
20140227 -125364.04
20140228 -123971.54
20140303 -124197.79
20140304 -123010.29
20140305 -124594.04
20140306 -123027.04
20140307 -121918.59
20140310 -125432.24
20140311 -126719.79
20140312 -130450.79
20140313 -130202.34
20140314 -128286.59
20140317 -131608.19
20140318 -129495.79
20140319 -130099.79
20140320 -130640.94
20140321 -131882.59
20140324 -130784.59
20140325 -129100.04
20140326 -128346.99
20140327 -124903.39
20140328 -125915.09
20140331 -126298.59
20140401 -128906.34
20140402 -132370.79
20140403 -129860.79
20140404 -129720.79
20140407 -129157.04
20140408 -126820.79
20140409 -126719.54
20140410 -126067.04
20140411 -127273.29
20140414 -126342.04
20140415 -123522.04
20140416 -123954.54
20140417 -123025.79
20140421 -125878.29
20140422 -125564.54
20140423 -125148.29
20140424 -124648.29
20140425 -122742.04
20140428 -121200.79
20140429 -119574.54
20140430 -119272.04
20140501 -123382.04
20140502 -122782.04
20140505 -122410.79
20140506 -120169.54
20140507 -121722.04
20140508 -122052.04
20140509 -123112.04
20140512 -126240.79
20140513 -124909.54
20140514 -124915.79
20140515 -126403.29
20140516 -127022.04
20140519 -127103.29
20140520 -127597.04
20140521 -126384.54
20140522 -125897.04
20140523 -125504.86
20140527 -126404.86
20140528 -124384.54
20140529 -124114.54
20140530 -125545.48
20140602 -126883.92
20140603 -129390.79
20140604 -129668.61
20140605 -130381.73
20140606 -130272.26
20140609 -129531.01
20140610 -129388.07
20140611 -130573.97
20140612 -128756.27
20140613 -128901.27
20140616 -128408.14
20140617 -130195.02
20140618 -129628.14
20140619 -129930.64
20140620 -129272.52
20140623 -129463.77
20140624 -128575.64
20140625 -127302.52
20140626 -127187.52
20140627 -128368.99
20140630 -128389.02
20140701 -129300.34
20140702 -132949.17
20140703 -134581.39
20140707 -134661.39
20140708 -134678.89
20140709 -135438.89
20140710 -135838.89
20140711 -135438.89
20140714 -135601.39
20140715 -135226.39
20140716 -135438.89
20140717 -135501.39
20140718 -135088.89
20140721 -134726.39
20140722 -134538.89
20140723 -134651.39
20140724 -134601.39
20140725 -134676.39
20140728 -134913.89
20140729 -133751.39
20140730 -133076.39
20140731 -132907.64
20140801 -130976.39
20140804 -132182.64
20140805 -131088.89
20140806 -132386.39
20140807 -130453.89
20140808 -130495.14
20140811 -130062.64
20140812 -129565.14
20140813 -126472.64
20140814 -127753.89
20140815 -126172.64
20140818 -125417.64
20140819 -125765.14
20140820 -124696.39
20140821 -125869.52
20140822 -125621.08
20140825 -124606.70
20140826 -124519.83
20140827 -124609.52
20140828 -125731.70
20140829 -126320.45
20140902 -124048.27
20140903 -124050.09
20140904 -122292.59
20140905 -122306.96
20140908 -121810.09
20140909 -122214.46
20140910 -121232.86
20140911 -119639.11
20140912 -120206.41
20140915 -121983.91
20140916 -123983.91
20140917 -123828.91
20140918 -120303.91
20140919 -117493.91
20140922 -115918.91
20140923 -115893.91
20140924 -118571.41
20140925 -117616.41
20140926 -118001.41
20140929 -121443.91
20140930 -117298.91
20141001 -117143.91
20141002 -118086.41
20141003 -116366.41
20141006 -119216.41
20141007 -118801.41
20141008 -117186.41
20141009 -115321.41
20141010 -114121.41
20141013 -116116.41
20141014 -113966.41
20141015 -112656.41
20141016 -115026.41
20141017 -114148.91
20141020 -113111.41
20141021 -115366.41
20141022 -113321.41
20141023 -116978.91
20141024 -115573.91
20141027 -116629.54
20141028 -118399.54
20141029 -119835.79
20141030 -118103.30
20141031 -119129.54
20141103 -118131.91
20141104 -114356.39
20141105 -115819.01
20141106 -116670.26
20141107 -117170.74
20141110 -115972.65
20141111 -116971.82
20141112 -114891.85
20141113 -109739.62
20141114 -112875.44
20141117 -112815.85
20141118 -110260.71
20141119 -108970.05
20141120 -109397.05
20141121 -112667.61
20141124 -113690.86
20141125 -110557.40
20141126 -109385.05
20141128 -93652.62
20141201 -99395.21
20141202 -96753.27
20141203 -96332.21
20141204 -94188.75
20141205 -94248.26
20141208 -88123.40
20141209 -89146.85
20141210 -83581.40
20141211 -82496.40
20141212 -76233.98
20141215 -71389.00
20141216 -67366.98
20141217 -71251.48
20141218 -66389.88
20141219 -68798.13
20141222 -63255.78
20141223 -68970.75
20141224 -64848.18
20141226 -62025.03
20141229 -57702.93
20141230 -59364.18
20141231 -56240.68
20150102 -54337.00
20150105 -46058.38
20150106 -41623.63
20150107 -41040.90
20150108 -44472.73
20150109 -42965.48
20150112 -36133.55
20150113 -36372.35
20150114 -41560.38
20150115 -35974.95
20150116 -40888.43
20150120 -33317.93
20150121 -38061.40
20150122 -35750.65
20150123 -35019.63
20150126 -33661.70
20150127 -36463.95
20150128 -29983.20
20150129 -29702.50
20150130 -35606.20
20150202 -39598.23
20150203 -49978.10
20150204 -41008.55
20150205 -44772.28
20150206 -49526.05
20150209 -52545.65
20150210 -49911.00
20150211 -49118.55
20150212 -54730.19
20150213 -60805.47
20150217 -65031.51
20150218 -64361.51
20150219 -63401.51
20150220 -63551.51
20150223 -61471.51
20150224 -61261.51
20150225 -62701.51
20150226 -58231.51
20150227 -60191.51
20150302 -59661.51
20150303 -60731.51
20150304 -62311.51
20150305 -62261.51
20150306 -61091.51
20150309 -59871.51
20150310 -58701.51
20150311 -59501.51
20150312 -57481.51
20150313 -55201.51
20150316 -54131.51
20150317 -55101.51
20150318 -56951.51
20150319 -54761.51
20150320 -55531.51
20150323 -56144.01
20150324 -56884.01
20150325 -57971.51
20150326 -59796.51
20150327 -56746.51
20150330 -56606.51
20150331 -55486.51
20150401 -57626.51
20150402 -57756.51
20150403 -57756.51
20150406 -60126.51
20150407 -61061.51
20150408 -60467.13
20150409 -59838.38
20150410 -59723.07
20150413 -59590.26
20150414 -59600.57
20150415 -60291.19
20150416 -60859.32
20150417 -60382.76
20150420 -59519.94
20150421 -59995.88
20150422 -60532.44
20150423 -59610.57
20150424 -59415.26
20150427 -58933.38
20150428 -59335.26
20150429 -60181.51
20150430 -61733.07
20150501 -62279.94
20150504 -62689.75
20150505 -62689.75
20150506 -62689.75
20150507 -62302.25
20150508 -62369.75
20150511 -62484.75
20150512 -60959.75
20150513 -61259.75
20150514 -63279.75
20150515 -63467.25
20150518 -61829.75
20150519 -63311.00
20150520 -61939.75
20150521 -62137.25
20150522 -62262.25
20150526 -66139.75
20150527 -66728.50
20150528 -66539.75
20150529 -64632.25
20150601 -62551.00
20150602 -60203.50
20150603 -59448.50
20150604 -63532.25
20150605 -60158.50
20150608 -62023.50
20150609 -59467.25
20150610 -56502.25
20150611 -59056.00
20150612 -59816.00
20150615 -60093.50
20150616 -62059.12
20150617 -62806.00
20150618 -60566.00
20150619 -64084.75
20150622 -61074.75
20150623 -59538.50
20150624 -61541.00
20150625 -62036.00
20150626 -59543.50
20150629 -65374.75
20150630 -64141.00
20150701 -63557.87
20150702 -64307.87
20150706 -68497.87
20150707 -69935.37
20150708 -70610.37
20150709 -66704.12
20150710 -63879.12
20150713 -63629.12
20150714 -64179.12
20150715 -65941.62
20150716 -66954.12
20150717 -68329.12
20150720 -70085.37
20150721 -70710.37
20150722 -72410.37
20150723 -74592.77
20150724 -75905.27
20150727 -76917.77
20150728 -76917.77
20150729 -76917.77
20150730 -76917.77
20150731 -76917.77
20150803 -76917.77
20150804 -76917.77
20150805 -76917.77
20150806 -76917.77
20150807 -76917.77
20150810 -76917.77
20150811 -76031.57
20150812 -77039.57
20150813 -76275.17
20150814 -75821.57
20150817 -75691.37
20150818 -75850.97
20150819 -74145.77
20150820 -73204.97
20150821 -71810.57
20150824 -68891.57
20150825 -68988.17
20150826 -71856.32
20150827 -75831.15
20150828 -82238.85
20150831 -91716.49
20150901 -81643.20
20150902 -84672.80
20150903 -84468.19
20150904 -80840.27
20150908 -83884.75
20150909 -78496.66
20150910 -83143.80
20150911 -79188.27
20150914 -76925.59
20150915 -81670.26
20150916 -86115.94
20150917 -83846.41
20150918 -78197.16
20150921 -82364.20
20150922 -80785.82
20150923 -78100.15
20150924 -79252.85
20150925 -81492.45
20150928 -76819.85
20150929 -78391.71
20150930 -79265.19
20151001 -77438.49
20151002 -77038.00
20151005 -80263.30
20151006 -85086.14
20151007 -85024.77
20151008 -85954.05
20151009 -85744.69
20151012 -81685.50
20151013 -81503.61
20151014 -80752.05
20151015 -81334.30
20151016 -81573.15
20151019 -79246.90
20151020 -80120.72
20151021 -80208.14
20151022 -80388.14
20151023 -80632.00
20151026 -78660.00
20151027 -78370.44
20151028 -81742.87
20151029 -82249.86
20151030 -83298.85
20151102 -82837.70
20151103 -85332.40
20151104 -82957.40
20151105 -81272.80
20151106 -81536.10
20151109 -80973.70
20151110 -80818.40
20151111 -79451.30
20151112 -77837.60
20151113 -76387.50
20151116 -76119.60
20151117 -74650.60
20151118 -74394.70
20151119 -73206.00
20151120 -71917.50
20151123 -73081.00
20151124 -75022.80
20151125 -75681.30
20151127 -71077.50
20151130 -70893.70
20151201 -71987.80
20151202 -66550.60
20151203 -70443.50
20151204 -69178.10
20151207 -62518.00
20151208 -61513.70
20151209 -60656.10
20151210 -59769.00
20151211 -54590.00
20151214 -53905.70
20151215 -54973.70
20151216 -50462.20
20151217 -49592.40
20151218 -49728.00
20151221 -50124.10
20151222 -49036.50
20151223 -52523.70
20151224 -52665.10
20151228 -52479.10
20151229 -56858.80
20151230 -51550.40
20151231 -53762.20
20160104 -52607.20
20160105 -51906.00
20160106 -47540.30
20160107 -47631.10
20160108 -48554.10
20160111 -43744.20
20160112 -41205.10
20160113 -40395.70
20160114 -39832.00
20160115 -36221.50
20160119 -34498.80
20160120 -31642.80
20160121 -34445.90
20160122 -41427.80
20160125 -37506.00
20160126 -40144.30
20160127 -42986.80
20160128 -44080.20
20160129 -47743.20
20160201 -42273.30
20160202 -38338.10
20160203 -43949.00
20160204 -42446.30
20160205 -41323.30
20160208 -39951.60
20160209 -34728.60
20160210 -33906.10
20160211 -32172.50
20160212 -38873.40
20160216 -36404.30
20160217 -41184.60
20160218 -39513.58
20160219 -35666.93
20160222 -38659.19
20160223 -34728.81
20160224 -36323.85
20160225 -37055.30
20160226 -36489.61
20160229 -37737.85
20160301 -39078.95
20160302 -39478.89
20160303 -38994.60
20160304 -44336.11
20160307 -47734.59
20160308 -45809.90
20160309 -48020.84
20160310 -50137.09
20160311 -52265.59
20160314 -52244.97
20160315 -52274.34
20160316 -51856.84
20160317 -50764.97
20160318 -49703.09
20160321 -50978.72
20160322 -51372.47
20160323 -48369.97
20160324 -49068.09
20160328 -49658.09
20160329 -48545.59
20160330 -49711.22
20160331 -47997.47
20160401 -48123.72
20160404 -48090.59
20160405 -45728.72
20160406 -46189.34
20160407 -45390.59
20160408 -45566.84
20160411 -44030.59
20160412 -46397.47
20160413 -45495.59
20160414 -45948.09
20160415 -43789.97
20160418 -45785.59
20160419 -46176.22
20160420 -47229.34
20160421 -47638.72
20160422 -49585.59
20160425 -49585.54
20160426 -47173.74
20160427 -45387.24
20160428 -43991.64
20160429 -44615.54
20160502 -45234.04
20160503 -47899.74
20160504 -48138.14
20160505 -48864.64
20160506 -47038.44
20160509 -50812.94
20160510 -44567.54
20160511 -40798.64
20160512 -40754.54
20160513 -41212.34
20160516 -38173.34
20160517 -35649.24
20160518 -35449.84
20160519 -35927.94
20160520 -35355.04
20160523 -36835.04
20160524 -36024.64
20160525 -32176.64
20160526 -32847.94
20160527 -32742.04
20160531 -33956.84
20160601 -32458.74
20160602 -29582.94
20160603 -31464.84
20160606 -29002.34
20160607 -26544.54
20160608 -22456.54
20160609 -24262.14
20160610 -27293.04
20160613 -27871.04
20160614 -28748.54
20160615 -31669.94
20160616 -37138.24
20160617 -30973.64
20160620 -29279.24
20160621 -31710.52
20160622 -32716.25
20160623 -32867.97
20160624 -32632.13
20160627 -28983.64
20160628 -25038.22
20160629 -21185.37
20160630 -23773.32
20160701 -21529.15
20160705 -25980.70
20160706 -26456.27
20160707 -31016.02
20160708 -28466.49
20160711 -30106.30
20160712 -29371.19
20160713 -30274.05
20160714 -34905.30
20160715 -36754.37
20160718 -36717.80
20160719 -36848.43
20160720 -38484.37
20160721 -37528.74
20160722 -36763.12
20160725 -37269.37
20160726 -36483.43
20160727 -34772.18
20160728 -32035.93
20160729 -30152.80
20160801 -31849.68
20160802 -33510.93
20160803 -33063.43
20160804 -32198.62
20160805 -36202.63
20160808 -37691.08
20160809 -36769.28
20160810 -34638.93
20160811 -41750.99
20160812 -42473.89
20160815 -47352.83
20160816 -49372.52
20160817 -49196.58
20160818 -48950.64
20160819 -50547.52
20160822 -48501.60
20160823 -47889.10
20160824 -47839.10
20160825 -48189.10
20160826 -48771.30
20160829 -46252.55
20160830 -46108.80
20160831 -45833.80
20160901 -46477.55
20160902 -47908.80
20160906 -46715.05
20160907 -47102.55
20160908 -49544.85
20160909 -49544.85
20160912 -49757.35
20160913 -48869.85
20160914 -49057.35
20160915 -48794.85
20160916 -49332.35
20160919 -49382.35
20160920 -49644.85
20160921 -49707.35
20160922 -49432.35
20160923 -49782.35
20160926 -48549.85
20160927 -49137.35
20160928 -49454.85
20160929 -49672.35
20160930 -50727.35
20161003 -50694.85
20161004 -50397.35
20161005 -50077.35
20161006 -49172.35
20161007 -47644.85
20161010 -47449.85
20161011 -48117.35
20161012 -47974.85
20161013 -47627.35
20161014 -46546.72
20161017 -48227.04
20161018 -48458.91
20161019 -49307.66
20161020 -49849.22
20161021 -51446.41
20161024 -50842.98
20161025 -51297.66
20161026 -50566.41
20161027 -48599.23
20161028 -48174.23
20161031 -49233.60
20161101 -49789.85
20161102 -50511.73
20161103 -50150.79
20161104 -51103.91
20161107 -49705.48
20161108 -48635.16
20161109 -45436.91
20161110 -44686.91
20161111 -43624.41
20161114 -42874.41
20161115 -42749.41
20161116 -43499.41
20161117 -42249.41
20161118 -41624.41
20161121 -42175.66
20161122 -42558.16
20161123 -42654.41
20161125 -43039.41
20161128 -45175.66
20161129 -45613.16
20161130 -44113.16
20161201 -42519.41
20161202 -43631.91
20161205 -43081.91
20161206 -42313.16
20161207 -43696.81
20161208 -43625.56
20161209 -41548.81
20161212 -40576.96
20161213 -40832.21
20161214 -42036.36
20161215 -41461.86
20161216 -38926.76
20161219 -40896.61
20161220 -41098.76
20161221 -42572.91
20161222 -42078.51
20161223 -42132.01
20161227 -40832.31
20161228 -41592.76
20161229 -41820.96
20161230 -42865.62
20170103 -44570.81
20170104 -44595.58
20170105 -47753.00
20170106 -45929.68
20170109 -50208.32
20170110 -51105.60
20170111 -49719.53
20170112 -48651.38
20170113 -49183.41
20170117 -51097.88
20170118 -50658.93
20170119 -48456.42
20170120 -47187.85
20170123 -50166.71
20170124 -47255.46
20170125 -46974.37
20170126 -47996.25
20170127 -48977.50
20170130 -50785.31
20170131 -51746.25
20170201 -51121.25
20170202 -51324.37
20170203 -50644.68
20170206 -53191.56
20170207 -54058.75
20170208 -55691.66
20170209 -54160.41
20170210 -53738.54
20170213 -53019.79
20170214 -51910.41
20170215 -50957.29
20170216 -52316.66
20170217 -53004.16
20170221 -53454.16
20170222 -53229.16
20170223 -54434.46
20170224 -55160.46
20170227 -55785.46
20170228 -55510.46
20170301 -55097.96
20170302 -55222.96
20170303 -55160.46
20170306 -55172.96
20170307 -54527.96
20170308 -55485.46
20170309 -56502.96
20170310 -56842.96
20170313 -57192.96
20170314 -56142.96
20170315 -56572.96
20170316 -55189.21
20170317 -56211.71
20170320 -57704.21
20170321 -58618.11
20170322 -57798.11
20170323 -58198.11
20170324 -58448.11
20170327 -58228.11
20170328 -58688.11
20170329 -59228.11
20170330 -60212.31
20170331 -61044.51
20170403 -59594.11
20170404 -63247.91
20170405 -64208.31
20170406 -65153.11
20170407 -67369.31
20170410 -67369.31
20170411 -67369.31
20170412 -67369.31
20170413 -67369.31
20170417 -67094.31
20170418 -66731.81
20170419 -66944.31
20170420 -66769.31
20170421 -66981.81
20170424 -67494.31
20170425 -68156.81
20170426 -67177.13
20170427 -67003.69
20170428 -66697.44
20170501 -69981.81
20170502 -68750.56
20170503 -69341.19
20170504 -70939.63
20170505 -70713.06
20170508 -71034.94
20170509 -72601.48
20170510 -72437.41
20170511 -73068.34
20170512 -72136.76
20170515 -73975.11
20170516 -74487.90
20170517 -74223.91
20170518 -73677.33
20170519 -76689.05
20170522 -77409.99
20170523 -78054.99
20170524 -77711.24
20170525 -77133.11
20170526 -76467.49
20170530 -75350.30
20170531 -75325.30
20170601 -75317.49
20170602 -75087.80
20170605 -75398.74
20170606 -75020.61
20170607 -75355.93
20170608 -75939.05
20170609 -76286.55
20170612 -75780.30
20170613 -75034.68
20170614 -71174.55
20170615 -73639.35
20170616 -73807.65
20170619 -72342.66
20170620 -69870.39
20170621 -68039.63
20170622 -67752.41
20170623 -67964.43
20170626 -69549.86
20170627 -73145.93
20170628 -76036.76
20170629 -76502.26
20170630 -80427.09
20170703 -82003.11
20170705 -78715.46
20170706 -82121.46
20170707 -80791.46
20170710 -80861.46
20170711 -82531.46
20170712 -83161.46
20170713 -85536.46
20170714 -85573.96
20170717 -85891.46
20170718 -86831.46
20170719 -86841.46
20170720 -85348.96
20170721 -84031.46
20170724 -85028.96
20170725 -89218.96
20170726 -88486.46
20170727 -88553.96
20170728 -87956.46
20170731 -87098.96
20170801 -89448.96
20170802 -89081.46
20170803 -89558.96
20170804 -89298.96
20170807 -89743.96
20170808 -89828.96
20170809 -90563.96
20170810 -90833.96
20170811 -90988.96
20170814 -90848.96
20170815 -90233.96
20170816 -89646.46
20170817 -89936.46
20170818 -89651.46
20170821 -90191.46
20170822 -89811.46
20170823 -89501.46
20170824 -89711.46
20170825 -88968.96
20170828 -89201.46
20170829 -89308.96
20170830 -88706.46
20170831 -90328.96
20170901 -90363.96
20170905 -90526.46
20170906 -90651.46
20170907 -90363.96
20170908 -90438.96
20170911 -90476.46
20170912 -91371.77
20170913 -92129.58
20170914 -92406.80
20170915 -92463.05
20170918 -93273.62
20170919 -93329.87
20170920 -93934.67
20170921 -93947.17
20170922 -94109.67
20170925 -94122.17
20170926 -94047.17
20170927 -94134.67
20170928 -94059.67
20170929 -94107.17
20171002 -95009.67
20171003 -95762.67
20171004 -95157.37
20171005 -93889.07
20171006 -97194.87
20171009 -97245.27
20171010 -94645.37
20171011 -93282.47
20171012 -95997.67
20171013 -94402.17
20171016 -93201.87
20171017 -93297.07
20171018 -93366.07
20171019 -95237.27
20171020 -93485.27
20171023 -94493.57
20171024 -92557.97
20171025 -92924.27
20171026 -91443.87
20171027 -89029.57
20171030 -88640.82
20171031 -87939.60
20171101 -88806.85
20171102 -89376.49
20171103 -86774.96
20171106 -83488.51
20171107 -84748.92
20171108 -84918.71
20171109 -83111.74
20171110 -83450.42
20171113 -83298.02
20171114 -85330.97
20171115 -86088.95
20171116 -86143.96
20171117 -83294.65
20171120 -83903.02
20171121 -83247.49
20171122 -82935.15
20171124 -80775.99
20171127 -81905.19
20171128 -81582.20
20171129 -83802.52
20171130 -82672.30
20171201 -80879.09
20171204 -82376.25
20171205 -80776.45
20171206 -85097.52
20171207 -80809.37
20171208 -78964.09
20171211 -77728.49
20171212 -77526.86
20171213 -80530.45
20171214 -79368.20
20171215 -78343.56
20171218 -78636.22
20171219 -76384.76
20171220 -74875.72
20171221 -74252.79
20171222 -73865.45
20171226 -69562.31
20171227 -71411.27
20171228 -71704.04
20171229 -71188.11
20180102 -73098.64
20180103 -71009.50
20180104 -70614.94
20180105 -71726.97
20180108 -71406.51
20180109 -68879.47
20180110 -67260.47
20180111 -67065.66
20180112 -65987.37
20180116 -68067.70
20180117 -67097.67
20180118 -66638.47
20180119 -66768.01
20180122 -66436.64
20180123 -65207.11
20180124 -63206.80
20180125 -64474.01
20180126 -61705.37
20180129 -62564.02
20180130 -63952.49
20180131 -64001.89
20180201 -61150.45
20180202 -60751.81
20180205 -66278.11
20180206 -68968.67
20180207 -70535.44
20180208 -70569.19
20180209 -74228.56
20180212 -73994.19
20180213 -74283.25
20180214 -71986.37
20180215 -72452.00
20180216 -73081.69
20180220 -72975.44
20180221 -71481.69
20180222 -72020.75
20180223 -73409.81
20180226 -73152.00
20180227 -71409.81
20180228 -71591.06
20180301 -72205.12
20180302 -71483.25
20180305 -70334.81
20180306 -70655.12
20180307 -70903.56
20180308 -71139.50
20180309 -71164.50
20180312 -71670.75
20180313 -72016.06
20180314 -73948.87
20180315 -73959.81
20180316 -73623.87
20180319 -76180.12
20180320 -74753.56
20180321 -74114.50
20180322 -76181.69
20180323 -77303.56
20180326 -77208.25
20180327 -78833.25
20180328 -79084.81
20180329 -79466.06
20180402 -80213.59
20180403 -79463.59
20180404 -79815.15
20180405 -78968.27
20180406 -79721.40
20180409 -79421.40
20180410 -79254.21
20180411 -79476.09
20180412 -78755.77
20180413 -78872.96
20180416 -79029.21
20180417 -79158.90
20180418 -76389.52
20180419 -76142.02
20180420 -75917.34
20180423 -75249.21
20180424 -76106.40
20180425 -75150.15
20180426 -75347.65
20180427 -75532.96
20180430 -75137.96
20180501 -75801.71
20180502 -75385.77
20180503 -75001.40
20180504 -73806.71
20180507 -73048.27
20180508 -74137.02
20180509 -71899.21
20180510 -72049.52
20180511 -73395.46
20180514 -73307.34
20180515 -71980.77
20180516 -71857.02
20180517 -72049.21
20180518 -72394.52
20180521 -71386.40
20180522 -71475.46
20180523 -72460.46
20180524 -74373.27
20180525 -78142.54
20180529 -80837.62
20180530 -78015.22
20180531 -79180.52
20180601 -81979.12
20180604 -84198.72
20180605 -84819.02
20180606 -84901.52
20180607 -81972.93
20180608 -83365.62
20180611 -83201.82
20180612 -82255.62
20180613 -81937.02
20180614 -83963.32
20180615 -86404.73
20180618 -87933.32
20180619 -88443.32
20180620 -87803.32
20180621 -87693.32
20180622 -87993.32
20180625 -88233.32
20180626 -88133.33
20180627 -87633.32
20180628 -88043.32
20180629 -88203.32
20180702 -88823.32
20180703 -88743.32
20180705 -89023.32
20180706 -88383.32
20180709 -88333.32
20180710 -88073.32
20180711 -91803.32
20180712 -91853.32
20180713 -91173.33
20180716 -94163.32
20180717 -94163.32
20180718 -94163.32
20180719 -94163.32
20180720 -94363.32
20180723 -94463.32
20180724 -94200.82
20180725 -94600.82
20180726 -94725.82
20180727 -95213.32
20180730 -95763.32
20180731 -97413.32
20180801 -96188.32
20180802 -96063.32
20180803 -96450.82
20180806 -96075.82
20180807 -96675.82
20180808 -96938.32
20180809 -96513.32
20180810 -93825.82
20180813 -94763.32
20180814 -95188.32
20180815 -95088.32
20180816 -96175.82
20180817 -95000.82
20180820 -95825.82
20180821 -96100.82
20180822 -95163.32
20180823 -94063.32
20180824 -94213.32
20180827 -93775.82
20180828 -92738.32
20180829 -92888.32
20180830 -92663.32
20180831 -93688.32
20180904 -93888.32
20180905 -93425.82
20180906 -93538.32
20180907 -93813.32
20180910 -93888.32
20180911 -93188.32
20180912 -92888.32
20180913 -92450.82
20180914 -92375.82
20180917 -91838.32
20180918 -91125.82
20180919 -92050.82
20180920 -93400.82
20180921 -93488.32
20180924 -93338.32
20180925 -93738.32
20180926 -93913.32
20180927 -93410.82
20180928 -92990.82
20181001 -93218.32
20181002 -92998.32
20181003 -89925.51
20181004 -89873.95
20181005 -90136.14
20181008 -88716.45
20181009 -89406.14
20181010 -88757.39
20181011 -93001.45
20181012 -93764.60
20181015 -91595.42
20181016 -91173.30
20181017 -93460.50
20181018 -95501.53
20181019 -93956.76
20181022 -94564.62
20181023 -97572.34
20181024 -99048.81
20181025 -97448.06
20181026 -98412.34
20181029 -99321.06
20181030 -99859.09
20181031 -98330.09
20181101 -100005.61
20181102 -97723.11
20181105 -95393.11
20181106 -95247.49
20181107 -95169.36
20181108 -94898.74
20181109 -94201.24
20181112 -94339.36
20181113 -91459.36
20181114 -84614.99
20181115 -92856.59
20181116 -91297.84
20181119 -87236.59
20181120 -89256.59
20181121 -89851.59
20181123 -91375.34
20181126 -91716.59
20181127 -91911.59
20181128 -87872.84
20181129 -89047.34
20181130 -89387.34
20181203 -92117.34
20181204 -90937.34
20181205 -90817.34
20181206 -92237.34
20181207 -90627.34
20181210 -90057.34
20181211 -91437.34
20181212 -94444.21
20181213 -94540.78
20181214 -97567.03
20181217 -99772.65
20181218 -99255.46
20181219 -99197.65
20181220 -99725.78
20181221 -100132.03
20181224 -99513.28
20181226 -100516.40
20181227 -99703.90
20181228 -99539.84
20181231 -98899.21
20190102 -98727.34
20190103 -97141.40
20190104 -101254.05
20190107 -102622.33
20190108 -106470.40
20190109 -111294.38
20190110 -113141.66
20190111 -110189.11
20190114 -108372.96
20190115 -110784.74
20190116 -112425.54
20190117 -112252.94
20190118 -116400.28
20190122 -113221.04
20190123 -113040.41
20190124 -112041.60
20190125 -114108.39
20190128 -109991.36
20190129 -112834.98
20190130 -113402.65
20190131 -110401.46
20190201 -114963.44
20190204 -115072.09
20190205 -113068.79
20190206 -114036.19
20190207 -110706.04
20190208 -110590.79
20190211 -110518.06
20190212 -112478.69
20190213 -115405.04
20190214 -114803.16
20190215 -114975.04
20190219 -114404.73
20190220 -114748.48
20190221 -115975.04
20190222 -114945.35
20190225 -115184.41
20190226 -113812.54
20190227 -115660.98
20190228 -116284.41
20190301 -117654.73
20190304 -116804.73
20190305 -116846.91
20190306 -115778.16
20190307 -113720.35
20190308 -113318.79
20190311 -113753.16
20190312 -112792.23
20190313 -113126.60
20190314 -114040.66
20190315 -113634.41
20190318 -113304.73
20190319 -113660.98
20190320 -111935.98
20190321 -112415.66
20190322 -109653.16
20190325 -109001.60
20190326 -108365.66
20190327 -106150.04
20190328 -106379.73
20190329 -105787.54
20190401 -109221.91
20190402 -109145.35
20190403 -110714.10
20190404 -110971.91
20190405 -110004.73
20190408 -110265.66
20190409 -109314.10
20190410 -109004.73
20190411 -109610.98
20190412 -111423.48
20190415 -111201.60
20190416 -110970.35
20190417 -110929.48
20190418 -110457.60
20190422 -109959.16
20190423 -108863.85
20190424 -107351.35
20190425 -107916.98
20190426 -107418.54
20190429 -107112.29
20190430 -106096.66
20190501 -106849.79
20190502 -107596.66
20190503 -106595.73
20190506 -104885.73
20190507 -105399.79
20190508 -104773.54
20190509 -103060.73
20190510 -102597.60
20190513 -102995.73
20190514 -105057.29
20190515 -104512.60
20190516 -105764.16
20190517 -104826.04
20190520 -105911.04
20190521 -105761.35
20190522 -106757.29
20190523 -104914.16
20190524 -106326.66
20190528 -105803.23
20190529 -105532.91
20190530 -105968.85
20190531 -102890.73
20190603 -101140.73
20190604 -103234.48
20190605 -103390.73
20190606 -103437.60
20190607 -102023.54
20190610 -102840.41
20190611 -102670.73
20190612 -100212.60
20190613 -100079.16
20190614 -100379.48
20190617 -99464.79
20190618 -100215.41
20190619 -98422.60
20190620 -99995.41
20190621 -103264.80
20190624 -103102.81
20190625 -102864.94
20190626 -108034.04
20190627 -106633.16
20190628 -104691.31
20190701 -109186.11
20190702 -104557.68
20190703 -103465.98
20190705 -107860.58
20190708 -107004.74
20190709 -109270.46
20190710 -112604.23
20190711 -112836.73
20190712 -112233.29
20190715 -112762.98
20190716 -112894.54
20190717 -111132.35
20190718 -111434.23
20190719 -110741.41
20190722 -112249.85
20190723 -112990.79
20190724 -111539.23
20190725 -112970.48
20190726 -112478.60
20190729 -111201.10
20190730 -112026.73
20190731 -112177.35
20190801 -107672.04
20190802 -105776.10
20190805 -101516.10
20190806 -101777.66
20190807 -99685.16
20190808 -101197.66
20190809 -101763.91
20190812 -98823.40
20190813 -103754.21
20190814 -99279.58
20190815 -97228.89
20190816 -97122.09
20190819 -100113.75
20190820 -99912.28
20190821 -100128.59
20190822 -100432.53
20190823 -96806.56
20190826 -97320.91
20190827 -95952.60
20190828 -96967.23
20190829 -99693.16
20190830 -98022.26
20190903 -95656.14
20190904 -98557.81
20190905 -103519.28
20190906 -102753.65
20190909 -105120.84
20190910 -107761.46
20190911 -108659.90
20190912 -110566.15
20190913 -113323.17
20190916 -111979.42
20190917 -111541.92
20190918 -111802.17
20190919 -109949.97
20190920 -110636.17
20190923 -108925.52
20190924 -110341.57
20190925 -114331.97
20190926 -113985.87
20190927 -114953.62
20190930 -117284.47
20191001 -117043.47
20191002 -116418.47
20191003 -115324.72
20191004 -114730.97
20191007 -115324.72
20191008 -115168.47
20191009 -116168.47
20191010 -117480.97
20191011 -119293.47
20191014 -118605.97
20191015 -119793.47
20191016 -119449.72
20191017 -119918.02
20191018 -119793.02
20191021 -119830.52
20191022 -120043.02
20191023 -119918.02
20191024 -120180.52
20191025 -120743.02
20191028 -121018.02
20191029 -121130.52
20191030 -121393.02
20191031 -121330.52
20191101 -120743.02
20191104 -120993.02
20191105 -120905.52
20191106 -121168.02
20191107 -120930.52
20191108 -121348.02
20191111 -123793.02
20191112 -123390.52
20191113 -124088.02
20191114 -123930.52
20191115 -123770.52
20191118 -124765.52
20191119 -124998.02
20191120 -124823.02
20191121 -125148.02
20191122 -124835.52
20191125 -124048.02
20191126 -124085.52
20191127 -124298.02
20191129 -123548.02
20191202 -123873.02
20191203 -124373.02
20191204 -124260.52
20191205 -124448.02
20191206 -124410.52
20191209 -124498.02
20191210 -124448.02
20191211 -124673.02
20191212 -124123.02
20191213 -123560.52
20191216 -123148.02
20191217 -122603.02
20191218 -122673.02
20191219 -122693.02
20191220 -123393.02
20191223 -122390.52
20191224 -121895.52
20191226 -122475.52
20191227 -121573.02
20191230 -121135.52
20191231 -121028.02
20200102 -120560.22
20200103 -119361.12
20200106 -120791.12
20200107 -121111.62
20200108 -124350.42
20200109 -124555.42
20200110 -125322.92
20200113 -126195.42
20200114 -125782.92
20200115 -125295.42
20200116 -124555.42
20200117 -123502.92
20200121 -122072.92
20200122 -123460.42
20200123 -123532.92
20200124 -123552.92
20200127 -123695.42
20200128 -124120.42
20200129 -124065.42
20200130 -123792.92
20200131 -124250.42
20200203 -123942.92
20200204 -124385.42
20200205 -124037.92
20200206 -124061.98
20200207 -121881.36
20200210 -120291.05
20200211 -122261.05
20200212 -124661.67
20200213 -124387.92
20200214 -124844.32
20200218 -124025.41
20200219 -127066.46
20200220 -124979.43
20200221 -122051.81
20200224 -112435.26
20200225 -107595.36
20200226 -102854.26
20200227 -99503.53
20200228 -90813.18
20200302 -94656.98
20200303 -93816.96
20200304 -93684.42
20200305 -87528.58
20200306 -69626.86
20200309 -41543.38
20200310 -59116.76
20200311 -55650.71
20200312 -50883.50
20200313 -53532.38
20200316 -37530.03
20200317 -44416.92
20200318 -40993.92
20200319 -46419.23
20200320 -36852.43
20200323 -33286.53
20200324 -39538.25
20200325 -41707.93
20200326 -36522.93
20200327 -34269.87
20200330 -28160.16
20200331 -29476.81
20200401 -22017.28
20200402 -28818.01
20200403 -33953.70
20200406 -34801.02
20200407 -34985.68
20200408 -35868.83
20200409 -30718.32
20200413 -31735.13
20200414 -26143.96
20200415 -19324.35
20200416 -20433.41
20200417 -22928.10
20200420 -15402.66
20200421     0.00
20200422 -4772.34
20200423 -7580.45
20200424 -3073.47
20200427     0.00
20200428     0.00
20200429 -6384.77
20200430 -13863.16
20200501 -13574.16
20200504 -13451.60
20200505 -22342.15
20200506 -20166.90
20200507 -17481.79
20200508 -23581.06
20200511 -23570.86
20200512 -22217.95
20200513 -19390.20
20200514 -22910.50
20200515 -26600.70
20200518 -36602.07
20200519 -35146.04
20200520 -35612.54
20200521 -34643.46
20200522 -33238.21
20200526 -37647.81
20200527 -34200.88
20200528 -34402.40
20200529 -36940.09
20200601 -36397.45
20200602 -40299.52
20200603 -42742.34
20200604 -45101.65
20200605 -49249.07
20200608 -48088.47
20200609 -48724.40
20200610 -49164.10
20200611 -49551.91
20200612 -48838.16
20200615 -48188.47
20200616 -47719.72
20200617 -47990.97
20200618 -47981.60
20200619 -48358.79
20200622 -48135.35
20200623 -47655.97
20200624 -47279.41
20200625 -45771.60
20200626 -45548.47
20200629 -47579.72
20200630 -48480.97
20200701 -47821.60
20200702 -48350.04
20200706 -49372.54
20200707 -49777.85
20200708 -49226.60
20200709 -48690.66
20200710 -49067.85
20200713 -48895.35
20200714 -48774.72
20200715 -48847.85
20200716 -47838.47
20200717 -47627.54
20200720 -46630.97
20200721 -47242.85
20200722 -47185.66
20200723 -47992.85
20200724 -48275.97
20200727 -47503.47
20200728 -48763.16
20200729 -49465.35
20200730 -48203.79
20200731 -47613.16
20200803 -48952.54
20200804 -48544.72
20200805 -49499.41
20200806 -49349.41
20200807 -50624.41
20200810 -50727.54
20200811 -53785.35
20200812 -53927.95
20200813 -54103.00
20200814 -54023.31
20200817 -53143.62
20200818 -53187.37
20200819 -53159.25
20200820 -53557.69
20200821 -53613.94
20200824 -53618.62
20200825 -52932.69
20200826 -52915.37
20200827 -52027.87
20200828 -51602.87
20200831 -51452.87
20200901 -51390.37
20200902 -51027.87
20200903 -50847.87
20200904 -49737.87
20200908 -51605.37
20200909 -51282.87
20200910 -51950.37
20200911 -51877.87
20200914 -51105.37
20200915 -51360.37
20200916 -51135.37
20200917 -50990.37
20200918 -49302.87
20200921 -51365.37
20200922 -51340.37
20200923 -52052.87
20200924 -52965.37
20200925 -53027.87
20200928 -52965.37
20200929 -53265.37
20200930 -49602.87
20201001 -49802.87
20201002 -49940.37
20201005 -49365.37
20201006 -51019.17
20201007 -47856.57
20201008 -51029.57
20201009 -49971.57
20201012 -50313.67
20201013 -51013.47
20201014 -51175.47
20201015 -49153.37
20201016 -48756.42
20201019 -47005.67
20201020 -45739.97
20201021 -43385.02
20201022 -43646.12
20201023 -42351.32
20201026 -42624.82
20201027 -45309.18
20201028 -45403.85
20201029 -43212.23
20201030 -42535.86
20201102 -43804.03
20201103 -42641.26
20201104 -46994.75
20201105 -45546.49
20201106 -42331.24
20201109 -44935.74
20201110 -41648.24
20201111 -42791.99
20201112 -45704.49
20201113 -45110.74
20201116 -44041.99
20201117 -43823.24
20201118 -42849.81
20201119 -44177.93
20201120 -44890.43
20201123 -43099.81
20201124 -42729.81
20201125 -44963.24
20201127 -44037.93
20201130 -46918.56
20201201 -44525.12
20201202 -42448.56
20201203 -39513.24
20201204 -38549.81
20201207 -38792.62
20201208 -40365.43
20201209 -39162.93
20201210 -40831.68
20201211 -41499.91
20201214 -41530.54
20201215 -39125.54
20201216 -38838.04
20201217 -36468.04
20201218 -34579.91
20201221 -34878.04
20201222 -37078.04
20201223 -32308.04
20201224 -31809.91
20201228 -30744.29
20201229 -29038.04
20201230 -28002.41
20201231 -28505.54
20210104 -29628.66
20210105 -25116.16
20210106 -20746.79
20210107 -20289.29
20210108 -17036.16
20210111 -17368.04
20210112 -12640.54
20210113 -14965.54
20210114 -10724.29
20210115 -13505.54
20210119 -15214.29
20210120 -16192.10
20210121 -15939.29
20210122 -22864.91
20210125 -21118.24
20210126 -17971.99
20210127 -18488.24
20210128 -19454.49
20210129 -16269.49
20210201 -16081.99
20210202 -15209.49
20210203 -12095.12
20210204 -11755.12
20210205 -10450.74
20210208 -7199.49
20210209 -6828.24
20210210 -11292.62
20210211 -10488.87
20210212 -7577.62
20210216 -1819.49
20210217 -1698.24
20210218 -2181.37
20210219 -2488.87
20210222     0.00
20210223     0.00
20210224     0.00
20210225     0.00
20210226 -4220.62
20210301 -7130.62
20210302 -6415.05
20210303 -3538.35
20210304     0.00
20210305     0.00
20210308 -1656.00
20210309 -3449.53
20210310 -5508.90
20210311 -2076.32
20210312     0.00
20210315 -1035.57
20210316 -1599.72
20210317 -2457.55
20210318 -12012.97
20210319 -7317.15
20210322 -8762.52
20210323 -16820.57
20210324 -10369.80
20210325 -17598.02
20210326 -11681.87
20210329 -9984.55
20210330 -13495.00
20210331 -10190.64
20210401 -9533.16
20210405 -13497.69
20210406 -13407.85
20210407 -12653.88
20210408 -12105.01
20210409 -12519.60
20210412 -13132.17
20210413 -13047.92
20210414 -4635.05
20210415 -6949.69
20210416 -5441.59
20210419 -3537.55
20210420 -4129.29
20210421 -4259.65
20210422 -1167.39
20210423     0.00
20210426     0.00
20210427     0.00
20210428     0.00
20210429     0.00
20210430  -412.64
20210503     0.00
20210504     0.00
20210505     0.00
20210506  -255.06
20210507  -179.42
20210510 -1044.92
20210511     0.00
20210512     0.00
20210513 -10066.20
20210514 -8421.10
20210517 -6379.70
20210518 -7790.20
20210519 -14748.30
20210520 -18089.20
20210521 -16099.60
20210524 -12220.00
20210525 -14877.20
20210526 -14517.20
20210527 -9727.60
20210528 -11679.90
20210601 -6385.50
20210602 -3767.80
20210603 -5327.10
20210604  -990.20
20210607 -2910.80
20210608  -251.00
20210609  -909.50
20210610  -508.20
20210611 -3341.60
20210614 -7591.30
20210615 -5909.40
20210616 -5978.20
20210617 -10625.40
20210618 -7894.10
20210621 -4452.90
20210622 -3081.50
20210623 -1523.70
20210624  -881.90
20210625  -685.40
20210628     0.00
20210629     0.00
20210630     0.00
20210701     0.00
20210702     0.00
20210706 -6348.90
20210707 -7867.50
20210708 -4536.65
20210709 -3270.05
20210712 -2583.41
20210713 -1546.15
20210714 -3018.95
20210715 -4714.56
20210716 -4427.04
20210719 -9542.54
20210720 -8425.66
20210721 -9814.41
20210722 -9018.16
20210723 -9920.04
20210726 -9902.85
20210727 -10060.66
20210728 -10787.22
20210729 -10078.16
20210730 -10606.29
20210802 -8318.16
20210803 -7382.54
20210804 -6197.54
20210805 -7424.41
20210806 -9650.97
20210809 -11310.35
20210810 -11887.54
20210811 -12426.55
20210812 -13936.55
20210813 -12656.55
20210816 -10712.80
20210817 -11865.30
20210818 -11902.80
20210819 -11185.30
20210820 -11240.92
20210823 -10144.67
20210824 -14334.10
20210825 -16574.62
20210826 -13620.87
20210827 -11100.87
20210830 -11180.87
20210831 -11039.00
20210901 -8377.75
20210902 -7883.37
20210903 -7814.00
20210907 -10644.62
20210908 -6247.12
20210909 -3858.37
20210910 -5975.87
20210913 -2467.75
20210914  -709.00
20210915   -34.00
20210916 -1818.37
20210917 -5182.37
20210920 -4826.12
20210921 -6513.62
20210922 -6938.62
20210923 -7009.87
20210924 -6207.97
20210927 -1535.47
20210928     0.00
20210929 -4355.00
20210930  -905.00
20211001 -3385.00
20211004 -1813.44
20211005     0.00
20211006 -5923.12
20211007 -5985.94
20211008 -6752.81
20211011 -7973.12
20211012 -4966.88
20211013 -4857.50
20211014 -5070.31
20211015 -6805.94
20211018 -10976.88
20211019 -8882.19
20211020 -8905.94
20211021 -7201.25
20211022 -6063.75
20211025 -1607.50
20211026 -2628.12
20211027 -3517.19
20211028 -6904.14
20211029 -11215.65
20211101 -11970.54
20211102 -9576.02
20211103 -10088.30
20211104 -12999.79
20211105 -11762.87
20211108 -9800.50
20211109 -11170.69
20211110 -12745.19
20211111 -11752.06
20211112 -15267.05
20211115 -15324.75
20211116 -14654.65
20211117 -21026.71
20211118 -19763.82
20211119 -27006.12
20211122 -23336.75
20211123 -20668.00
20211124 -21738.94
20211126 -29048.62
20211129 -30290.81
20211130 -33867.17
20211201 -33449.99
20211202 -31657.80
20211203 -32303.11
20211206 -31773.42
20211207 -31832.80
20211208 -33540.61
20211209 -33734.36
20211210 -33420.30
20211213 -32542.17
20211214 -32492.17
20211215 -34043.74
20211216 -33846.86
20211217 -33278.11
20211220 -34085.92
20211221 -34559.36
20211222 -33815.61
20211223 -32083.42
20211227 -34401.86
20211228 -34480.30
20211229 -34751.27
20211230 -32437.84
20211231 -34335.65
20220103 -34846.59
20220104 -32846.27
20220105 -34546.27
20220106 -33521.27
20220107 -34278.46
20220110 -36086.59
20220111 -37864.71
20220112 -43803.77
20220113 -44956.90
20220114 -42995.96
20220117 -42120.96
20220118 -40677.21
20220119 -39802.21
20220120 -37935.02
20220121 -40099.09
20220124 -40572.52
20220125 -38623.45
20220126 -31583.90
20220127 -31246.20
20220128 -30679.15
20220131 -29945.24
20220201 -26083.61
20220202 -25765.52
20220203 -21255.01
20220204 -15937.94
20220207 -15115.34
20220208 -17282.62
20220209 -14801.02
20220210 -12439.11
20220211 -6756.84
20220214 -1038.72
20220215 -9237.82
20220216 -5758.39
20220217 -12246.11
20220218 -13039.14
20220221 -13382.89
20220222 -6580.35
20220223 -2808.24
20220224  -290.82
20220225 -8108.37
20220228     0.00
20220301     0.00
20220302     0.00
20220303     0.00
20220304     0.00
20220307     0.00
20220308     0.00
20220309 -61641.00
20220310 -74923.39
20220311 -65597.40
20220314 -78727.00
20220315 -92737.01
20220316 -96852.09
20220317 -69168.93
20220318 -65548.28
20220321 -44508.49
20220322 -42284.26
20220323 -25592.81
20220324 -28780.36
20220325 -26262.46
20220328 -52997.24
20220329 -62077.11
20220330 -53526.08
20220331 -68055.40
