Testing from : 20100104 to: 20220331
-----------------------------------------------------------------------------------------------------------
                                                                                      Avg.   Monthly    Avg.
SysName         Market     TotProfit  MaxDD ClsTrdDD AvgWin  AvgLoss PerWins #Trds  MonthRet.  StdDev  YearlyRet.
TF-BollPdigm    Crude-CL      -44409  98759   87239    2770    -3851    0.54    168     -302    5740    -4804
TF-BollPdigm    Nat.Gas-NG    -21200  44839   41539    1471    -2932    0.64    210     -144    3905     -730
TF-BollPdigm    H.Oil-HO      -46595 119076  115771    2998    -5249    0.60    177     -316    6739    -7624
-------------------------------------------------------------------------------------------------------------------
Totals                       -112205 202725 or 1081.2 % Avg. DD   59305         555
-----------------------------------------------------------------------------------------------------------
Combined Monthly Return
Date         Profit Cum.Profit
-------------------------------------------------------------------
20100129      -5438      -5438
20100226      15456      10018
20100331        709      10727
20100430        568      11294
20100528     -20804      -9510
20100630     -16097     -25607
20100730       -844     -26451
20100831      -2096     -28546
20100930      -4629     -33176
20101029      -3727     -36902
20101130      -9772     -46674
20101231      -3195     -49870     -49870
20110131      11379     -38491
20110228       6570     -31920
20110331      18378     -13543
20110429       7261      -6282
20110531     -33149     -39430
20110630     -11598     -51028
20110729      -8739     -59768
20110831     -19628     -79396
20110930      23246     -56150
20111031     -25286     -81436
20111130      -3400     -84836
20111230       5984     -78853     -28983
20120131       1153     -77700
20120229     -15837     -93537
20120330       -844     -94381
20120430       3006     -91375
20120531       9581     -81794
20120629       1472     -80323
20120731      -9750     -90073
20120831      -5940     -96013
20120928       4340     -91673
20121031      -3450     -95123
20121130      -3827     -98949
20121231      -4629    -103578     -24725
20130131       4709     -98869
20130228     -15433    -114301
20130329      -2290    -116591
20130430      -9651    -126242
20130531      -5473    -131715
20130628      -6286    -138001
20130731      -8337    -146338
20130830       5111    -141227
20130930     -12917    -154144
20131031        282    -153862
20131129     -11829    -165691
20131231     -11162    -176853     -73275
20140131      20848    -156005
20140228       4778    -151227
20140331     -10321    -161549
20140430       5319    -156229
20140530      -6059    -162288
20140630      -1714    -164002
20140731      -6504    -170506
20140829      -4310    -174816
20140930      10731    -164085
20141031      12210    -151875
20141128      16317    -135558
20141231      34034    -101524      75329
20150130      11813     -89711
20150227     -13473    -103185
20150331       7980     -95205
20150430      -2800     -98005
20150529      -2360    -100365
20150630       6804     -93560
20150731       -637     -94197
20150831      -5373     -99570
20150930      12959     -86611
20151030        740     -85871
20151130      -1364     -87235
20151231      13068     -74167      27357
20160129       7144     -67023
20160229       8362     -58661
20160331     -11696     -70357
20160429     -14584     -84941
20160531       6501     -78440
20160630      -2445     -80885
20160729     -16769     -97654
20160831     -21054    -118708
20160930      -1418    -120126
20161031     -10769    -130895
20161130      -5580    -136475
20161230       2281    -134195     -60028
20170131      -2287    -136481
20170228       8270    -128212
20170331     -11843    -140055
20170428      -5600    -145655
20170531      -5111    -150766
20170630      -1759    -152525
20170731      -1801    -154326
20170831       -540    -154866
20170929       2360    -152507
20171031       4647    -147859
20171130       4795    -143065
20171229       5622    -137443      -3248
20180131       1586    -135857
20180228     -13127    -148984
20180329      -2260    -151244
20180430       2380    -148864
20180531      -2174    -151038
20180629      -1103    -152141
20180731      -6144    -158285
20180831        -42    -158327
20180928      -1650    -159977
20181031      -9605    -169582
20181130      29301    -140280
20181231       1645    -138636      -1193
20190131     -16586    -155222
20190228      -4820    -160042
20190329      14497    -145545
20190430      -7363    -152908
20190531     -10256    -163165
20190628      -9408    -172573
20190731      -5528    -178101
20190830       1205    -176895
20190930       5683    -171212
20191031       2332    -168880
20191129      11207    -157672
20191231      -4455    -162127     -23491
20200131      -4389    -166516
20200228      14439    -152077
20200331      45852    -106225
20200430      15207     -91018
20200529     -19569    -110587
20200630      -9932    -120519
20200731       3380    -117139
20200831       7111    -110028
20200930     -12597    -122625
20201030     -16302    -138927
20201130     -15420    -154347
20201231       7186    -147162      14965
20210129       9545    -137617
20210226      13466    -124151
20210331      -4667    -128819
20210430       8780    -120038
20210528       7921    -112118
20210630       6898    -105220
20210730     -12469    -117689
20210831     -11455    -129145
20210930       6218    -122926
20211029        160    -122766
20211130     -33633    -156400
20211231      -1510    -157910     -10748
20220131      -8177    -166086
20220228      14349    -151737
20220331      39532    -112206      45704
Average Monthly Return:     -763 StdDev: 11913  Sharpe: -0.06
Average  Yearly Return:    -8631 StdDev: 42187  Sharpe: -0.20
