-----------------------------------------
Sys Name : TF-BollwBO
Mkt Symb : CL Mkt Name : Crude
20100120    TF-BrkO-S  1 122.39000       0.00       0.00
20100201  LiqShortPos  1 120.02000    2320.00    2320.00
20100201    TF-BrkO-L  1 120.02000       0.00       0.00
20100204        Lxit2  1 117.57000   -2500.00    -180.00
20100208  TF-Bol-S-Cl  1 117.33000       0.00       0.00
20100219        Sxit1  1 123.62000   -6340.00   -6520.00
20100225    TF-BrkO-S  1 122.43000       0.00       0.00
20100302        Sxit2  1 125.57000   -3190.00   -9710.00
20100406  TF-Bol-B-Cl  1 131.19000       0.00       0.00
20100517   LiqLongPos  1 114.81000  -16430.00  -26140.00
20100517  TF-Bol-S-Cl  1 114.81000       0.00       0.00
20100707  LiqShortPos  1 113.20000    1560.00  -24580.00
20100707    TF-BrkO-L  1 113.20000       0.00       0.00
20100812        Lxit2  1 114.73000    1480.00  -23100.00
20101105  TF-Bol-B-Cl  1 122.54000       0.00       0.00
20101130   LiqLongPos  1 118.94000   -3650.00  -26750.00
20101130    TF-BrkO-S  1 118.94000       0.00       0.00
20101201        Sxit2  1 121.24000   -2350.00  -29100.00
20101206  TF-Bol-B-Cl  1 124.78000       0.00       0.00
20110511   LiqLongPos  1 129.52000    4690.00  -24410.00
20110511    TF-BrkO-S  1 129.52000       0.00       0.00
20110526        Sxit2  1 130.04000    -570.00  -24980.00
20110620  TF-Bol-S-Cl  1 121.18000       0.00       0.00
20110801  LiqShortPos  1 126.11000   -4980.00  -29960.00
20110801    TF-BrkO-L  1 126.11000       0.00       0.00
20110802        Lxit2  1 121.10000   -5060.00  -35020.00
20110805  TF-Bol-S-Cl  1 114.19000       0.00       0.00
20111025        Sxit1  1 118.84000   -4700.00  -39720.00
20111027    TF-BrkO-L  1 120.89000       0.00       0.00
20111125        Lxit2  1 122.34000    1400.00  -38320.00
20120103    TF-BrkO-L  1 128.43000       0.00       0.00
20120113        Lxit2  1 125.21000   -3270.00  -41590.00
20120210    TF-BrkO-S  1 124.23000       0.00       0.00
20120214        Sxit2  1 128.04000   -3860.00  -45450.00
20120222  TF-Bol-B-Cl  1 132.40000       0.00       0.00
20120509   LiqLongPos  1 122.80000   -9650.00  -55100.00
20120509  TF-Bol-S-Cl  1 122.80000       0.00       0.00
20120807        Sxit1  1 116.52000    6230.00  -48870.00
20121025  TF-Bol-S-Cl  1 109.05000       0.00       0.00
20121227        Sxit1  1 113.50000   -4500.00  -53370.00
20130123  TF-Bol-B-Cl  1 118.81000       0.00       0.00
20130403   LiqLongPos  1 116.73000   -2130.00  -55500.00
20130403    TF-BrkO-S  1 116.73000       0.00       0.00
20130429        Sxit2  1 114.71000    1970.00  -53530.00
20130502    TF-BrkO-L  1 113.92000       0.00       0.00
20130523        Lxit2  1 112.96000   -1010.00  -54540.00
20130705  TF-Bol-B-Cl  1 121.37000       0.00       0.00
20131023   LiqLongPos  1 119.07000   -2350.00  -56890.00
20131023  TF-Bol-S-Cl  1 119.07000       0.00       0.00
20131230        Sxit1  1 120.16000   -1140.00  -58030.00
20140219  TF-Bol-B-Cl  1 122.77000       0.00       0.00
20140711   LiqLongPos  1 124.45000    1630.00  -56400.00
20140711    TF-BrkO-S  1 124.45000       0.00       0.00
20140721  LiqShortPos  1 126.21000   -1810.00  -58210.00
20140721    TF-BrkO-L  1 126.21000       0.00       0.00
20140731        Lxit2  1 123.40000   -2860.00  -61070.00
20140815  TF-Bol-S-Cl  1 119.49000       0.00       0.00
20150408        Sxit1  1  77.67000   41770.00  -19300.00
20150501  TF-Bol-B-Cl  1  82.88000       0.00       0.00
20150721   LiqLongPos  1  71.65000  -11280.00  -30580.00
20150721  TF-Bol-S-Cl  1  71.65000       0.00       0.00
20151009        Sxit1  1  70.25000    1350.00  -29230.00
20151103    TF-BrkO-L  1  67.93000       0.00       0.00
20151111        Lxit2  1  63.07000   -4910.00  -34140.00
20151116  TF-Bol-S-Cl  1  60.93000       0.00       0.00
20160310        Sxit1  1  52.77000    8110.00  -26030.00
20160428  TF-Bol-B-Cl  1  57.09000       0.00       0.00
20160630   LiqLongPos  1  58.90000    1760.00  -24270.00
20160630    TF-BrkO-S  1  58.90000       0.00       0.00
20160809        Sxit2  1  53.28000    5570.00  -18700.00
20160923    TF-BrkO-S  1  53.26000       0.00       0.00
20160926  LiqShortPos  1  54.61000   -1400.00  -20100.00
20160926    TF-BrkO-L  1  54.61000       0.00       0.00
20160927   LiqLongPos  1  52.87000   -1790.00  -21890.00
20160927    TF-BrkO-S  1  52.87000       0.00       0.00
20160928        Sxit2  1  55.10000   -2280.00  -24170.00
20170118    TF-BrkO-S  1  57.55000       0.00       0.00
20170202        Sxit2  1  59.82000   -2320.00  -26490.00
20170313  TF-Bol-S-Cl  1  53.79000       0.00       0.00
20170411        Sxit1  1  57.98000   -4240.00  -30730.00
20170427    TF-BrkO-S  1  52.90000       0.00       0.00
20170515        Sxit2  1  53.72000    -870.00  -31600.00
20170614    TF-BrkO-S  1  48.99000       0.00       0.00
20170629        Sxit2  1  49.11000    -170.00  -31770.00
20170926  TF-Bol-B-Cl  1  55.04000       0.00       0.00
20180307   LiqLongPos  1  63.60000    8510.00  -23260.00
20180307    TF-BrkO-S  1  63.60000       0.00       0.00
20180320        Sxit2  1  65.96000   -2410.00  -25670.00
20180406    TF-BrkO-S  1  64.58000       0.00       0.00
20180411        Sxit2  1  69.04000   -4510.00  -30180.00
20180416  TF-Bol-B-Cl  1  69.86000       0.00       0.00
20180531   LiqLongPos  1  69.16000    -750.00  -30930.00
20180531    TF-BrkO-S  1  69.16000       0.00       0.00
20180622        Sxit2  1  69.71000    -600.00  -31530.00
20180702  TF-Bol-B-Cl  1  76.38000       0.00       0.00
20180808   LiqLongPos  1  70.95000   -5480.00  -37010.00
20180808    TF-BrkO-S  1  70.95000       0.00       0.00
20180824        Sxit2  1  72.41000   -1510.00  -38520.00
20181002  TF-Bol-B-Cl  1  79.91000       0.00       0.00
20181023   LiqLongPos  1  72.12000   -7840.00  -46360.00
20181023    TF-BrkO-S  1  72.12000       0.00       0.00
20190104        Sxit2  1  52.44000   19630.00  -26730.00
20190128    TF-BrkO-S  1  55.28000       0.00       0.00
20190130        Sxit2  1  58.36000   -3130.00  -29860.00
20190403  TF-Bol-B-Cl  1  65.79000       0.00       0.00
20190604   LiqLongPos  1  55.74000  -10100.00  -39960.00
20190604  TF-Bol-S-Cl  1  55.74000       0.00       0.00
20190711        Sxit1  1  63.05000   -7360.00  -47320.00
20190814    TF-BrkO-S  1  57.60000       0.00       0.00
20190905        Sxit2  1  59.65000   -2100.00  -49420.00
20190916    TF-BrkO-L  1  64.00000       0.00       0.00
20190927        Lxit2  1  57.53000   -6520.00  -55940.00
20191218  TF-Bol-B-Cl  1  63.11000       0.00       0.00
20200203   LiqLongPos  1  53.62000   -9540.00  -65480.00
20200203  TF-Bol-S-Cl  1  53.62000       0.00       0.00
20200601        Sxit1  1  31.19000   22380.00  -43100.00
20200902    TF-BrkO-S  1  36.86000       0.00       0.00
20201006        Sxit2  1  35.85000     960.00  -42140.00
20201015    TF-BrkO-S  1  34.35000       0.00       0.00
20201020        Sxit2  1  36.51000   -2210.00  -44350.00
20201029  TF-Bol-S-Cl  1  32.15000       0.00       0.00
20201111        Sxit1  1  36.55000   -4450.00  -48800.00
20201116    TF-BrkO-L  1  36.66000       0.00       0.00
20210318        Lxit2  1  54.78000   18070.00  -30730.00
20210324    TF-BrkO-L  1  54.37000       0.00       0.00
20210519        Lxit2  1  57.27000    2850.00  -27880.00
20210603  TF-Bol-B-Cl  1  62.93000       0.00       0.00
20211119   LiqLongPos  1  72.75000    9770.00  -18110.00
20211119    TF-BrkO-S  1  72.75000       0.00       0.00
20211222        Sxit2  1  70.10000    2600.00  -15510.00
20220204  TF-Bol-B-Cl  1  87.68000       0.00       0.00
20220331   Lx-EOFData  1 100.93000   13200.00   -2310.00
-----------------------------------------
Sys Name : TF-BollwBO
Mkt Symb : NG Mkt Name : Nat.Gas
20100218    TF-BrkO-S  1  12.48400       0.00       0.00
20100405        Sxit2  1  11.50600    9730.00    9730.00
20100429    TF-BrkO-S  1  11.36100       0.00       0.00
20100513        Sxit2  1  11.58000   -2240.00    7490.00
20100602    TF-BrkO-L  1  11.55200       0.00       0.00
20100628        Lxit2  1  11.82600    2690.00   10180.00
20100715    TF-BrkO-L  1  11.61400       0.00       0.00
20100802   LiqLongPos  1  11.85200    2330.00   12510.00
20100802    TF-BrkO-S  1  11.85200       0.00       0.00
20100913        Sxit2  1  11.04000    8070.00   20580.00
20101110    TF-BrkO-S  1  10.67100       0.00       0.00
20101119  LiqShortPos  1  10.79100   -1250.00   19330.00
20101119    TF-BrkO-L  1  10.79100       0.00       0.00
20101216        Lxit2  1  10.64800   -1480.00   17850.00
20110124  TF-Bol-B-Cl  1  11.20800       0.00       0.00
20110218   LiqLongPos  1  10.25900   -9540.00    8310.00
20110218  TF-Bol-S-Cl  1  10.25900       0.00       0.00
20110324        Sxit1  1  10.69900   -4450.00    3860.00
20110517    TF-BrkO-S  1  10.38400       0.00       0.00
20110520  LiqShortPos  1  10.42600    -470.00    3390.00
20110520    TF-BrkO-L  1  10.42600       0.00       0.00
20110613   LiqLongPos  1  10.75500    3240.00    6630.00
20110613    TF-BrkO-S  1  10.75500       0.00       0.00
20110715        Sxit2  1  10.55500    1950.00    8580.00
20110805  TF-Bol-S-Cl  1  10.10900       0.00       0.00
20120517        Sxit1  1   8.01500   20890.00   29470.00
20120614    TF-BrkO-L  1   7.64000       0.00       0.00
20120706   LiqLongPos  1   8.10000    4550.00   34020.00
20120706    TF-BrkO-S  1   8.10000       0.00       0.00
20120720        Sxit2  1   8.35200   -2570.00   31450.00
20120723  TF-Bol-B-Cl  1   8.37400       0.00       0.00
20120823   LiqLongPos  1   7.99900   -3800.00   27650.00
20120823    TF-BrkO-S  1   7.99900       0.00       0.00
20120911        Sxit2  1   8.17700   -1830.00   25820.00
20121002  TF-Bol-B-Cl  1   8.57600       0.00       0.00
20121109   LiqLongPos  1   8.22900   -3520.00   22300.00
20121109    TF-BrkO-S  1   8.22900       0.00       0.00
20121114        Sxit2  1   8.52900   -3050.00   19250.00
20121128    TF-BrkO-S  1   8.37300       0.00       0.00
20130117        Sxit2  1   8.04200    3260.00   22510.00
20130207    TF-BrkO-S  1   7.85700       0.00       0.00
20130225        Sxit2  1   7.90700    -550.00   21960.00
20130320  TF-Bol-B-Cl  1   8.46700       0.00       0.00
20130516   LiqLongPos  1   8.37600    -960.00   21000.00
20130516    TF-BrkO-S  1   8.37600       0.00       0.00
20130517        Sxit2  1   8.53300   -1620.00   19380.00
20130620    TF-BrkO-S  1   8.24300       0.00       0.00
20130710        Sxit2  1   8.14800     900.00   20280.00
20130805  TF-Bol-S-Cl  1   7.69300       0.00       0.00
20130917        Sxit1  1   8.06800   -3800.00   16480.00
20131010    TF-BrkO-L  1   8.03900       0.00       0.00
20131022        Lxit2  1   7.89200   -1520.00   14960.00
20131028    TF-BrkO-S  1   7.93400       0.00       0.00
20131115        Sxit2  1   7.81800    1110.00   16070.00
20131206  TF-Bol-B-Cl  1   8.25600       0.00       0.00
20140707   LiqLongPos  1   9.30300   10420.00   26490.00
20140707    TF-BrkO-S  1   9.30300       0.00       0.00
20140805        Sxit2  1   8.90100    3970.00   30460.00
20140918    TF-BrkO-S  1   8.86900       0.00       0.00
20140929        Sxit2  1   9.00700   -1430.00   29030.00
20141003    TF-BrkO-L  1   8.95700       0.00       0.00
20141008        Lxit2  1   8.76200   -2000.00   27030.00
20141008    TF-BrkO-S  1   8.75700       0.00       0.00
20141031        Sxit2  1   8.73100     210.00   27240.00
20141107  TF-Bol-B-Cl  1   9.26600       0.00       0.00
20141208   LiqLongPos  1   8.29100   -9800.00   17440.00
20141208    TF-BrkO-S  1   8.29100       0.00       0.00
20150114        Sxit2  1   7.82300    4630.00   22070.00
20150317    TF-BrkO-L  1   7.50600       0.00       0.00
20150326        Lxit2  1   7.33400   -1770.00   20300.00
20150508    TF-BrkO-L  1   7.42000       0.00       0.00
20150528        Lxit2  1   7.38400    -410.00   19890.00
20150608    TF-BrkO-L  1   7.26200       0.00       0.00
20150624        Lxit2  1   7.27800     110.00   20000.00
20150730    TF-BrkO-S  1   7.31800       0.00       0.00
20150812        Sxit2  1   7.44300   -1300.00   18700.00
20150821    TF-BrkO-S  1   7.21800       0.00       0.00
20150914        Sxit2  1   7.27300    -600.00   18100.00
20150922  TF-Bol-S-Cl  1   7.11400       0.00       0.00
20160107  LiqShortPos  1   6.36900    7400.00   25500.00
20160107    TF-BrkO-L  1   6.36900       0.00       0.00
20160111   LiqLongPos  1   6.35700    -170.00   25330.00
20160111    TF-BrkO-S  1   6.35700       0.00       0.00
20160129        Sxit2  1   6.28900     630.00   25960.00
20160226  TF-Bol-S-Cl  1   5.73600       0.00       0.00
20160404  LiqShortPos  1   5.91200   -1810.00   24150.00
20160404    TF-BrkO-L  1   5.91200       0.00       0.00
20160415        Lxit2  1   5.76600   -1510.00   22640.00
20160429    TF-BrkO-L  1   5.92000       0.00       0.00
20160516        Lxit2  1   5.77500   -1500.00   21140.00
20160607  TF-Bol-B-Cl  1   6.02800       0.00       0.00
20161102   LiqLongPos  1   5.96700    -660.00   20480.00
20161102  TF-Bol-S-Cl  1   5.96700       0.00       0.00
20161129        Sxit1  1   6.34900   -3870.00   16610.00
20161205    TF-BrkO-L  1   6.57100       0.00       0.00
20161216        Lxit2  1   6.36800   -2080.00   14530.00
20170109    TF-BrkO-S  1   6.08500       0.00       0.00
20170110  LiqShortPos  1   6.25200   -1720.00   12810.00
20170110    TF-BrkO-L  1   6.25200       0.00       0.00
20170131        Lxit2  1   6.11800   -1390.00   11420.00
20170222  TF-Bol-S-Cl  1   5.54400       0.00       0.00
20170407        Sxit1  1   6.08100   -5420.00    6000.00
20170505    TF-BrkO-L  1   5.96100       0.00       0.00
20170508   LiqLongPos  1   5.85600   -1100.00    4900.00
20170508    TF-BrkO-S  1   5.85600       0.00       0.00
20170510        Sxit2  1   5.99700   -1460.00    3440.00
20170523    TF-BrkO-S  1   5.91900       0.00       0.00
20170628        Sxit2  1   5.67500    2390.00    5830.00
20170706  TF-Bol-S-Cl  1   5.42700       0.00       0.00
20170821  LiqShortPos  1   5.55600   -1340.00    4490.00
20170821    TF-BrkO-L  1   5.55600       0.00       0.00
20170828        Lxit2  1   5.44200   -1190.00    3300.00
20170925    TF-BrkO-S  1   5.49200       0.00       0.00
20171107        Sxit2  1   5.49700    -100.00    3200.00
20171127  TF-Bol-S-Cl  1   5.24500       0.00       0.00
20180112        Sxit1  1   5.37800   -1380.00    1820.00
20180117    TF-BrkO-L  1   5.50400       0.00       0.00
20180206        Lxit2  1   5.40500   -1040.00     780.00
20180329    TF-BrkO-L  1   5.34900       0.00       0.00
20180405   LiqLongPos  1   5.24000   -1140.00    -360.00
20180405    TF-BrkO-S  1   5.24000       0.00       0.00
20180416        Sxit2  1   5.34700   -1120.00   -1480.00
20180525  TF-Bol-B-Cl  1   5.48400       0.00       0.00
20181224   LiqLongPos  1   5.88600    3970.00    2490.00
20181224    TF-BrkO-S  1   5.88600       0.00       0.00
20190114        Sxit2  1   6.00400   -1230.00    1260.00
20190401    TF-BrkO-L  1   5.26500       0.00       0.00
20190404        Lxit2  1   5.19200    -780.00     480.00
20190530    TF-BrkO-S  1   5.04100       0.00       0.00
20190705        Sxit2  1   4.86100    1750.00    2230.00
20190806  TF-Bol-S-Cl  1   4.60500       0.00       0.00
20190903  LiqShortPos  1   4.87400   -2740.00    -510.00
20190903    TF-BrkO-L  1   4.87400       0.00       0.00
20190923        Lxit2  1   5.00600    1270.00     760.00
20191003    TF-BrkO-L  1   4.81100       0.00       0.00
20191010        Lxit2  1   4.68900   -1270.00    -510.00
20191014    TF-BrkO-L  1   4.78200       0.00       0.00
20191113        Lxit2  1   4.90800    1210.00     700.00
20191210  TF-Bol-S-Cl  1   4.53100       0.00       0.00
20200313  LiqShortPos  1   4.20200    3240.00    3940.00
20200313    TF-BrkO-L  1   4.20200       0.00       0.00
20200316   LiqLongPos  1   4.05300   -1540.00    2400.00
20200316    TF-BrkO-S  1   4.05300       0.00       0.00
20200407        Sxit2  1   3.98100     670.00    3070.00
20200421    TF-BrkO-S  1   3.99500       0.00       0.00
20200505        Sxit2  1   4.17200   -1820.00    1250.00
20200512    TF-BrkO-S  1   3.76000       0.00       0.00
20200518  LiqShortPos  1   3.85800   -1030.00     220.00
20200518    TF-BrkO-L  1   3.85800       0.00       0.00
20200601        Lxit2  1   3.69200   -1710.00   -1490.00
20200616  TF-Bol-S-Cl  1   3.60200       0.00       0.00
20200803  LiqShortPos  1   3.70800   -1110.00   -2600.00
20200803    TF-BrkO-L  1   3.70800       0.00       0.00
20200908        Lxit2  1   4.12800    4150.00    1550.00
20201119    TF-BrkO-S  1   3.37600       0.00       0.00
20201221        Sxit2  1   3.43000    -590.00     960.00
20201229  TF-Bol-S-Cl  1   3.07000       0.00       0.00
20210125  LiqShortPos  1   3.30300   -2380.00   -1420.00
20210125    TF-BrkO-L  1   3.30300       0.00       0.00
20210226        Lxit2  1   3.54400    2360.00     940.00
20210422    TF-BrkO-L  1   3.51400       0.00       0.00
20210524        Lxit2  1   3.49900    -200.00     740.00
20210614  TF-Bol-B-Cl  1   3.89400       0.00       0.00
20211129   LiqLongPos  1   5.34200   14430.00   15170.00
20211129    TF-BrkO-S  1   5.34200       0.00       0.00
20211228        Sxit2  1   4.32400   10130.00   25300.00
20220325  TF-Bol-B-Cl  1   5.96900       0.00       0.00
20220331   Lx-EOFData  1   6.14200    1680.00   26980.00
-----------------------------------------
Sys Name : TF-BollwBO
Mkt Symb : HO Mkt Name : H.Oil
20100104    TF-BrkO-L  1   2.04930       0.00       0.00
20100113        Lxit2  1   1.96000   -3800.60   -3800.60
20100208  TF-Bol-S-Cl  1   1.75180       0.00       0.00
20100219        Sxit1  1   1.90530   -6497.00  -10297.60
20100302    TF-BrkO-L  1   1.93400       0.00       0.00
20100322        Lxit2  1   1.89450   -1709.00  -12006.60
20100406  TF-Bol-B-Cl  1   2.11010       0.00       0.00
20100521   LiqLongPos  1   1.69780  -17366.60  -29373.20
20100521  TF-Bol-S-Cl  1   1.69780       0.00       0.00
20100618        Sxit1  1   1.95230  -10739.00  -40112.20
20100713    TF-BrkO-L  1   1.83300       0.00       0.00
20100728        Lxit2  1   1.76460   -2922.80  -43035.00
20100810    TF-BrkO-S  1   1.84790       0.00       0.00
20100827        Sxit2  1   1.79280    2264.20  -40770.80
20100901    TF-BrkO-L  1   1.78240       0.00       0.00
20101015        Lxit2  1   1.94560    6804.40  -33966.40
20101105  TF-Bol-B-Cl  1   2.07890       0.00       0.00
20110511   LiqLongPos  1   2.54590   19564.00  -14402.40
20110511    TF-BrkO-S  1   2.54590       0.00       0.00
20110526        Sxit2  1   2.61520   -2960.60  -17363.00
20110615    TF-BrkO-S  1   2.65020       0.00       0.00
20110707        Sxit2  1   2.58940    2503.60  -14859.40
20110810    TF-BrkO-L  1   2.43590       0.00       0.00
20110912        Lxit2  1   2.51630    3326.80  -11532.60
20110926  TF-Bol-S-Cl  1   2.38010       0.00       0.00
20111017        Sxit1  1   2.64220  -11058.20  -22590.80
20111027    TF-BrkO-L  1   2.66450       0.00       0.00
20111101        Lxit2  1   2.54210   -5190.80  -27781.60
20120112    TF-BrkO-L  1   2.67790       0.00       0.00
20120120        Lxit2  1   2.54050   -5820.80  -33602.40
20120223  TF-Bol-B-Cl  1   2.82750       0.00       0.00
20120416   LiqLongPos  1   2.66550   -6854.00  -40456.40
20120416    TF-BrkO-S  1   2.66550       0.00       0.00
20120426        Sxit2  1   2.73630   -3023.60  -43480.00
20120508  TF-Bol-S-Cl  1   2.52810       0.00       0.00
20120720        Sxit1  1   2.48810    1630.00  -41850.00
20120920    TF-BrkO-L  1   2.63460       0.00       0.00
20121022        Lxit2  1   2.65830     945.40  -40904.60
20121107    TF-BrkO-S  1   2.56240       0.00       0.00
20121119        Sxit2  1   2.63210   -2977.40  -43882.00
20121207  TF-Bol-S-Cl  1   2.49680       0.00       0.00
20121226  LiqShortPos  1   2.60820   -4728.80  -48610.80
20121226    TF-BrkO-L  1   2.60820       0.00       0.00
20130115   LiqLongPos  1   2.59320    -680.00  -49290.80
20130115    TF-BrkO-S  1   2.59320       0.00       0.00
20130129        Sxit2  1   2.67400   -3443.60  -52734.40
20130206  TF-Bol-B-Cl  1   2.78380       0.00       0.00
20130408   LiqLongPos  1   2.39170  -16518.20  -69252.60
20130408  TF-Bol-S-Cl  1   2.39170       0.00       0.00
20130603  LiqShortPos  1   2.34800    1785.40  -67467.20
20130603    TF-BrkO-L  1   2.34800       0.00       0.00
20130621        Lxit2  1   2.35380     193.60  -67273.60
20130718  TF-Bol-B-Cl  1   2.58760       0.00       0.00
20130923   LiqLongPos  1   2.45530   -5606.60  -72880.20
20130923    TF-BrkO-S  1   2.45530       0.00       0.00
20131007        Sxit2  1   2.52710   -3065.60  -75945.80
20131025  TF-Bol-S-Cl  1   2.40690       0.00       0.00
20131125        Sxit1  1   2.52460   -4993.40  -80939.20
20131202    TF-BrkO-L  1   2.58750       0.00       0.00
20131212        Lxit2  1   2.51250   -3200.00  -84139.20
20131212    TF-BrkO-S  1   2.48810       0.00       0.00
20131220        Sxit2  1   2.59230   -4426.40  -88565.60
20140127  TF-Bol-B-Cl  1   2.71610       0.00       0.00
20140317   LiqLongPos  1   2.68720   -1263.80  -89829.40
20140317    TF-BrkO-S  1   2.68720       0.00       0.00
20140328        Sxit2  1   2.75100   -2729.60  -92559.00
20140507    TF-BrkO-L  1   2.73170       0.00       0.00
20140529        Lxit2  1   2.72560    -306.20  -92865.20
20140605  TF-Bol-S-Cl  1   2.65650       0.00       0.00
20140613        Sxit1  1   2.79670   -5938.40  -98803.60
20140619  TF-Bol-B-Cl  1   2.84870       0.00       0.00
20140702   LiqLongPos  1   2.74740   -4304.60 -103108.20
20140702    TF-BrkO-S  1   2.74740       0.00       0.00
20140725        Sxit2  1   2.70030    1928.20 -101180.00
20140902    TF-BrkO-S  1   2.61350       0.00       0.00
20141029        Sxit2  1   2.32130   12222.40  -88957.60
20141201  TF-Bol-S-Cl  1   2.02940       0.00       0.00
20150212  LiqShortPos  1   1.79770    9681.40  -79276.20
20150212    TF-BrkO-L  1   1.79770       0.00       0.00
20150310        Lxit2  1   1.91490    4872.40  -74403.80
20150318    TF-BrkO-L  1   1.85530       0.00       0.00
20150402        Lxit2  1   1.77500   -3422.60  -77826.40
20150402    TF-BrkO-S  1   1.75860       0.00       0.00
20150413        Sxit2  1   1.87580   -4972.40  -82798.80
20150716  TF-Bol-S-Cl  1   1.74880       0.00       0.00
20160308        Sxit1  1   1.14670   25238.20  -57560.60
20160406    TF-BrkO-L  1   1.03060       0.00       0.00
20160509        Lxit2  1   1.19880    7014.40  -50546.20
20160517  TF-Bol-B-Cl  1   1.35240       0.00       0.00
20160705   LiqLongPos  1   1.35400      17.20  -50529.00
20160705    TF-BrkO-S  1   1.35400       0.00       0.00
20160811        Sxit2  1   1.21670    5716.60  -44812.40
20160926    TF-BrkO-L  1   1.29500       0.00       0.00
20160927   LiqLongPos  1   1.25000   -1940.00  -46752.40
20160927    TF-BrkO-S  1   1.25000       0.00       0.00
20160928        Sxit2  1   1.31380   -2729.60  -49482.00
20170117    TF-BrkO-L  1   1.48330       0.00       0.00
20170118        Lxit2  1   1.39620   -3708.20  -53190.20
20170223    TF-BrkO-L  1   1.44320       0.00       0.00
20170228        Lxit2  1   1.37970   -2717.00  -55907.20
20170313  TF-Bol-S-Cl  1   1.27560       0.00       0.00
20170411        Sxit1  1   1.41140   -5753.60  -61660.80
20170503  TF-Bol-S-Cl  1   1.24430       0.00       0.00
20170522        Sxit1  1   1.34480   -4271.00  -65931.80
20170608  TF-Bol-S-Cl  1   1.17910       0.00       0.00
20170717        Sxit1  1   1.26530   -3670.40  -69602.20
20170901  TF-Bol-B-Cl  1   1.49680       0.00       0.00
20180731   LiqLongPos  1   1.89390   16628.20  -52974.00
20180731    TF-BrkO-S  1   1.89390       0.00       0.00
20180824        Sxit2  1   1.94320   -2120.60  -55094.60
20180911    TF-BrkO-L  1   2.01640       0.00       0.00
20181012        Lxit2  1   2.07620    2461.60  -52633.00
20181121  TF-Bol-S-Cl  1   1.74070       0.00       0.00
20190129  LiqShortPos  1   1.66160    3272.20  -49360.80
20190129    TF-BrkO-L  1   1.66160       0.00       0.00
20190308        Lxit2  1   1.73500    3032.80  -46328.00
20190410    TF-BrkO-L  1   1.84640       0.00       0.00
20190426        Lxit2  1   1.81130   -1524.20  -47852.20
20190603  TF-Bol-S-Cl  1   1.60040       0.00       0.00
20190711        Sxit1  1   1.74490   -6119.00  -53971.20
20190808  TF-Bol-S-Cl  1   1.52080       0.00       0.00
20190910        Sxit1  1   1.66980   -6308.00  -60279.20
20190916    TF-BrkO-L  1   1.72380       0.00       0.00
20190930        Lxit2  1   1.65280   -3032.00  -63311.20
20191211    TF-BrkO-S  1   1.67190       0.00       0.00
20191213        Sxit2  1   1.72610   -2326.40  -65637.60
20191218  TF-Bol-B-Cl  1   1.77960       0.00       0.00
20200122   LiqLongPos  1   1.57980   -8441.60  -74079.20
20200122  TF-Bol-S-Cl  1   1.57980       0.00       0.00
20200611        Sxit1  1   0.78730   33235.00  -40844.20
20200824    TF-BrkO-L  1   0.84380       0.00       0.00
20200902        Lxit2  1   0.79340   -2166.80  -43011.00
20201005  TF-Bol-S-Cl  1   0.66350       0.00       0.00
20201109  LiqShortPos  1   0.76510   -4317.20  -47328.20
20201109    TF-BrkO-L  1   0.76510       0.00       0.00
20210318        Lxit2  1   1.38170   25847.20  -21481.00
20210324    TF-BrkO-L  1   1.38740       0.00       0.00
20210405   LiqLongPos  1   1.34410   -1868.60  -23349.60
20210405    TF-BrkO-S  1   1.34410       0.00       0.00
20210412        Sxit2  1   1.41420   -2994.20  -26343.80
20210513  TF-Bol-B-Cl  1   1.64340       0.00       0.00
20210719   LiqLongPos  1   1.63690    -323.00  -26666.80
20210719    TF-BrkO-S  1   1.63690       0.00       0.00
20210729        Sxit2  1   1.74060   -4405.40  -31072.20
20210823  TF-Bol-S-Cl  1   1.47110       0.00       0.00
20210826        Sxit1  1   1.69010   -9248.00  -40320.20
20210924  TF-Bol-B-Cl  1   1.82210       0.00       0.00
20211117   LiqLongPos  1   1.95520    5540.20  -34780.00
20211117    TF-BrkO-S  1   1.95520       0.00       0.00
20211222        Sxit2  1   1.87590    3280.60  -31499.40
20220119  TF-Bol-B-Cl  1   2.31200       0.00       0.00
20220331   Lx-EOFData  1   3.38090   44843.80   13344.40
