-----------------------------------------
Sys Name : TF-BollPdigm
Mkt Symb : CL Mkt Name : Crude
Profit/Loss : -44410.0
Num Trades : 168
Percent Wins : 0.542
Avg Win  : 2770.55
Avg Loss : -3851.69
Avg Trade: -264.35
Max DrawDown: 98760.0
Avg DrawDown: 25474.17
AVG Monthly Return: -302.10884
Monthly StdDev: 5740.50547
-----------------------------------------
20100129      -6050      -6050
20100226       3240      -2810
20100331       2820         10
20100430       4000       4010
20100528      -2110       1900
20100630       -580       1320
20100730       1170       2490
20100831      -5920      -3430
20100930          0      -3430
20101029       -160      -3590
20101130       -230      -3820
20101231      -5450      -9270      -9270
20110131       3360      -5910
20110228       4340      -1570
20110331       8970       7400
20110429       6650      14050
20110531     -14220       -170
20110630      -2250      -2420
20110729      -2150      -4570
20110831      -9550     -14120
20110930       9830      -4290
20111031     -12350     -16640
20111130      -1380     -18020
20111230      -1750     -19770     -10500
20120131       3490     -16280
20120229      -6830     -23110
20120330      -4570     -27680
20120430       7130     -20550
20120531       5420     -15130
20120629       1900     -13230
20120731      -2800     -16030
20120831      -4040     -20070
20120928          0     -20070
20121031       -590     -20660
20121130      -2240     -22900
20121231      -1600     -24500      -4730
20130131       -640     -25140
20130228      -5990     -31130
20130329       -340     -31470
20130430     -10640     -42110
20130531      -3660     -45770
20130628       2520     -43250
20130731      -4270     -47520
20130830       2760     -44760
20130930      -4930     -49690
20131031        630     -49060
20131129       4310     -44750
20131231      -7190     -51940     -27440
20140131          0     -51940
20140228      -4710     -56650
20140331      -4480     -61130
20140430        820     -60310
20140530      -2790     -63100
20140630       -980     -64080
20140731      -4960     -69040
20140829      -2490     -71530
20140930       3580     -67950
20141031       9870     -58080
20141128      14410     -43670
20141231      13210     -30460      21480
20150130       5510     -24950
20150227       -840     -25790
20150331       4150     -21640
20150430      -5630     -27270
20150529       -450     -27720
20150630      -1240     -28960
20150731        480     -28480
20150831      -1540     -30020
20150930       4410     -25610
20151030      -4610     -30220
20151130        110     -30110
20151231       4340     -25770       4690
20160129       4390     -21380
20160229       2030     -19350
20160331      -4470     -23820
20160429      -5280     -29100
20160531       2160     -26940
20160630      -1300     -28240
20160729      -8160     -36400
20160831      -6670     -43070
20160930       2010     -41060
20161031      -4540     -45600
20161130      -1710     -47310
20161230          0     -47310     -21540
20170131       2300     -45010
20170228       2890     -42120
20170331      -3620     -45740
20170428      -2580     -48320
20170531      -2470     -50790
20170630       2500     -48290
20170731      -2500     -50790
20170831       -230     -51020
20170929      -2870     -53890
20171031        220     -53670
20171130       2830     -50840
20171229       2980     -47860       -550
20180131       4360     -43500
20180228      -2920     -46420
20180329      -1420     -47840
20180430      -2360     -50200
20180531      -1610     -51810
20180629      -1330     -53140
20180731      -5550     -58690
20180831       -680     -59370
20180928      -3430     -62800
20181031      -7430     -70230
20181130      12250     -57980
20181231       5790     -52190      -4330
20190131      -8140     -60330
20190228      -2330     -62660
20190329        150     -62510
20190430      -4440     -66950
20190531      -5940     -72890
20190628      -5340     -78230
20190731      -2020     -80250
20190830       5240     -75010
20190930      14000     -61010
20191031       3530     -57480
20191129       2380     -55100
20191231       -890     -55990      -3800
20200131      -9820     -65810
20200228       6520     -59290
20200331      24660     -34630
20200430       7300     -27330
20200529     -16330     -43660
20200630        230     -43430
20200731       1930     -41500
20200831       4660     -36840
20200930      -2600     -39440
20201030      -6600     -46040
20201130     -10170     -56210
20201231       2970     -53240       2750
20210129       3630     -49610
20210226       9280     -40330
20210331      -2370     -42700
20210430       4370     -38330
20210528       2060     -36270
20210630       1420     -34850
20210730      -7780     -42630
20210831      -2770     -45400
20210930      -3170     -48570
20211029       4280     -44290
20211130     -13370     -57660
20211231          0     -57660      -4420
20220131          0     -57660
20220228       7360     -50300
20220331       5890     -44410      13250
-----------------------------------------
-----------------------------------------
Sys Name : TF-BollPdigm
Mkt Symb : NG Mkt Name : Nat.Gas
Profit/Loss : -21200.0
Num Trades : 210
Percent Wins : 0.643
Avg Win  : 1471.7
Avg Loss : -2932.4
Avg Trade: -100.95
Max DrawDown: 44840.0
Avg DrawDown: 15606.67
AVG Monthly Return: -144.21769
Monthly StdDev: 3905.84773
-----------------------------------------
20100129       4500       4500
20100226       6680      11180
20100331      -3730       7450
20100430        380       7830
20100528      -3630       4200
20100630      -9440      -5240
20100730      -5690     -10930
20100831       4420      -6510
20100930        720      -5790
20101029       1830      -3960
20101130      -2210      -6170
20101231       3610      -2560      -2560
20110131       6240       3680
20110228      -4150       -470
20110331       2780       2310
20110429      -5630      -3320
20110531      -2780      -6100
20110630      -5270     -11370
20110729          0     -11370
20110831      -1330     -12700
20110930       4510      -8190
20111031       -740      -8930
20111130      -2020     -10950
20111230       5990      -4960      -2400
20120131       5260        300
20120229        270        570
20120330       5830       6400
20120430       -710       5690
20120531      -3450       2240
20120629          0       2240
20120731       2970       5210
20120831      -1900       3310
20120928       4340       7650
20121031      -2860       4790
20121130      -4510        280
20121231      -1060       -780       4180
20130131       -890      -1670
20130228        250      -1420
20130329      -1950      -3370
20130430       2820       -550
20130531      -4060      -4610
20130628      -1120      -5730
20130731       1220      -4510
20130830       -950      -5460
20130930      -1650      -7110
20131031       1210      -5900
20131129      -4720     -10620
20131231      -1730     -12350     -11570
20140131       8860      -3490
20140228       4910       1420
20140331      -2410       -990
20140430       4260       3270
20140530      -4130       -860
20140630          0       -860
20140731        640       -220
20140829      -1820      -2040
20140930       2640        600
20141031      -3040      -2440
20141128      -9950     -12390
20141231       8220      -4170       8180
20150130       1670      -2500
20150227       -290      -2790
20150331       3830       1040
20150430       2830       3870
20150529      -1910       1960
20150630        920       2880
20150731       3880       6760
20150831        170       6930
20150930        640       7570
20151030       3980      11550
20151130       2070      13620
20151231       -520      13100      17270
20160129        360      13460
20160229       6340      19800
20160331      -1720      18080
20160429       -170      17910
20160531        -10      17900
20160630       -250      17650
20160729       -130      17520
20160831      -3830      13690
20160930      -1900      11790
20161031      -5100       6690
20161130      -3870       2820
20161230          0       2820     -10280
20170131       -240       2580
20170228      -3330       -750
20170331      -3390      -4140
20170428        230      -3910
20170531       1630      -2280
20170630      -2130      -4410
20170731       2240      -2170
20170831       -310      -2480
20170929       2420        -60
20171031       1420       1360
20171130       1360       2720
20171229      -4540      -1820      -4640
20180131      -3060      -4880
20180228      -4390      -9270
20180329       -840     -10110
20180430       4740      -5370
20180531        -10      -5380
20180629       5670        290
20180731      -1800      -1510
20180831      -1250      -2760
20180928      -2580      -5340
20181031       1920      -3420
20181130      13040       9620
20181231     -10210       -590       1230
20190131          0       -590
20190228          0       -590
20190329        470       -120
20190430        470        350
20190531          0        350
20190628       1190       1540
20190731        570       2110
20190830       1160       3270
20190930      -5600      -2330
20191031      -1060      -3390
20191129       2740       -650
20191231      -1730      -2380      -1790
20200131       3250        870
20200228       1690       2560
20200331       1200       3760
20200430      -3080        680
20200529       3750       4430
20200630      -4740       -310
20200731       1450       1140
20200831      -1890       -750
20200930      -6360      -7110
20201030      -3180     -10290
20201130      -3390     -13680
20201231       -480     -14160     -11780
20210129       1110     -13050
20210226      -6390     -19440
20210331        840     -18600
20210430      -1940     -20540
20210528        930     -19610
20210630       1790     -17820
20210730       2820     -15000
20210831       4430     -10570
20210930      14230       3660
20211029      -6220      -2560
20211130      -4690      -7250
20211231      -1510      -8760       5400
20220131     -10600     -19360
20220228      -3570     -22930
20220331       1730     -21200     -12440
-----------------------------------------
-----------------------------------------
Sys Name : TF-BollPdigm
Mkt Symb : HO Mkt Name : H.Oil
Profit/Loss : -46595.8
Num Trades : 177
Percent Wins : 0.605
Avg Win  : 2998.06
Avg Loss : -5249.12
Avg Trade: -263.25
Max DrawDown: 119076.0
Avg DrawDown: 30703.8
AVG Monthly Return: -316.97823
Monthly StdDev: 6739.01541
-----------------------------------------
20100129      -3888      -3888
20100226       5536       1648
20100331       1619       3267
20100430      -3812       -546
20100528     -15064     -15610
20100630      -6077     -21687
20100730       3676     -18011
20100831       -596     -18606
20100930      -5349     -23956
20101029      -5397     -29352
20101130      -7332     -36684
20101231      -1355     -38040     -38040
20110131       1779     -36261
20110228       6380     -29880
20110331       6628     -23253
20110429       6241     -17012
20110531     -16149     -33160
20110630      -4078     -37238
20110729      -6589     -43828
20110831      -8748     -52576
20110930       8906     -43670
20111031     -12196     -55866
20111130          0     -55866
20111230       1744     -54123     -16083
20120131      -7597     -61720
20120229      -9277     -70997
20120330      -2104     -73101
20120430      -3414     -76515
20120531       7611     -68904
20120629       -428     -69333
20120731      -9920     -79253
20120831          0     -79253
20120928          0     -79253
20121031          0     -79253
20121130       2923     -76329
20121231      -1969     -78298     -24175
20130131       6239     -72059
20130228      -9693     -81751
20130329          0     -81751
20130430      -1831     -83582
20130531       2247     -81335
20130628      -7686     -89021
20130731      -5287     -94308
20130830       3301     -91007
20130930      -6337     -97344
20131031      -1558     -98902
20131129     -11419    -110321
20131231      -2242    -112563     -34265
20140131      11988    -100575
20140228       4578     -95997
20140331      -3431     -99429
20140430        239     -99189
20140530        861     -98328
20140630       -734     -99062
20140731      -2184    -101246
20140829          0    -101246
20140930       4511     -96735
20141031       5380     -91355
20141128      11857     -79498
20141231      12604     -66894      45669
20150130       4633     -62261
20150227     -12343     -74605
20150331          0     -74605
20150430          0     -74605
20150529          0     -74605
20150630       7124     -67480
20150731      -4997     -72477
20150831      -4003     -76480
20150930       7909     -68571
20151030       1370     -67201
20151130      -3544     -70745
20151231       9248     -61497       5397
20160129       2394     -59103
20160229         -8     -59111
20160331      -5506     -64617
20160429      -9134     -73751
20160531       4351     -69400
20160630       -895     -70295
20160729      -8479     -78774
20160831     -10554     -89328
20160930      -1528     -90856
20161031      -1129     -91985
20161130          0     -91985
20161230       2281     -89705     -28208
20170131      -4347     -94051
20170228       8710     -85342
20170331      -4833     -90175
20170428      -3250     -93425
20170531      -4271     -97696
20170630      -2129     -99825
20170731      -1541    -101366
20170831          0    -101366
20170929       2810     -98557
20171031       3007     -95549
20171130        605     -94945
20171229       7182     -87763       1942
20180131        286     -87477
20180228      -5817     -93294
20180329          0     -93294
20180430          0     -93294
20180531       -554     -93848
20180629      -5443     -99291
20180731       1206     -98085
20180831       1888     -96197
20180928       4360     -91837
20181031      -4095     -95932
20181130       4011     -91920
20181231       6065     -85856       1907
20190131      -8446     -94302
20190228      -2490     -96792
20190329      13877     -82915
20190430      -3393     -86308
20190531      -4316     -90625
20190628      -5258     -95883
20190731      -4078     -99961
20190830      -5195    -105155
20190930      -2717    -107872
20191031       -138    -108010
20191129       6087    -101922
20191231      -1835    -103757     -17901
20200131       2181    -101576
20200228       6229     -95347
20200331      19992     -75355
20200430      10987     -64368
20200529      -6989     -71357
20200630      -5422     -76779
20200731          0     -76779
20200831       4341     -72438
20200930      -3637     -76075
20201030      -6522     -82597
20201130      -1860     -84457
20201231       4696     -79762      23995
20210129       4805     -74957
20210226      10576     -64381
20210331      -3137     -67519
20210430       6350     -61168
20210528       4931     -56238
20210630       3688     -52550
20210730      -7509     -60059
20210831     -13115     -73175
20210930      -4842     -78016
20211029       2100     -75916
20211130     -15573     -91490
20211231          0     -91490     -11728
20220131       2423     -89066
20220228      10559     -78507
20220331      31912     -46596      44894
-----------------------------------------
