Testing from : 20100104 to: 20220331
-----------------------------------------------------------------------------------------------------------
                                                                                      Avg.   Monthly    Avg.
SysName         Market     TotProfit  MaxDD ClsTrdDD AvgWin  AvgLoss PerWins #Trds  MonthRet.  StdDev  YearlyRet.
TF-Boll-Omni... EuroCur-EC      6268  35231   24337    6402    -2826    0.32     37       42    3288      513
TF-Boll-Omni... J.Yen-JY       36312  18224   11918    6152    -2574    0.43     30      247    2528     2828
TF-Boll-Omni... B.Pound-BP    -12674  22331   17656    2917    -2112    0.35     37      -86    1818    -1032
-------------------------------------------------------------------------------------------------------------------
Totals                         29906  57231 or 75.8 % Avg. DD   16574         104
-----------------------------------------------------------------------------------------------------------
Combined Monthly Return
Date         Profit Cum.Profit
-------------------------------------------------------------------
20100129      -1462      -1462
20100226       6119       4656
20100331       1825       6481
20100430       2706       9188
20100528      13356      22544
20100630      -2700      19844
20100730      -5537      14306
20100831        525      14831
20100930       6425      21256
20101029      11750      33006
20101130     -15794      17213
20101231          0      17213      17213
20110131          0      17213
20110228          0      17213
20110331      -1225      15988
20110429       4413      20400
20110531     -13181       7219
20110630          0       7219
20110729       2575       9794
20110831         62       9856
20110930       6338      16194
20111031     -14694       1500
20111130        150       1650
20111230        425       2075     -15137
20120131      -1488        588
20120229        712       1300
20120330       3213       4513
20120430      -5281       -769
20120531       4169       3400
20120629      -5488      -2088
20120731       4413       2325
20120831      -3275       -950
20120928       -981      -1931
20121031        906      -1025
20121130        250       -775
20121231       7362       6587       4512
20130131      12019      18606
20130228       -344      18262
20130329       1663      19925
20130430      -1925      18000
20130531       4050      22050
20130628     -12087       9963
20130731      -3069       6894
20130830          0       6894
20130930       1513       8406
20131031          6       8413
20131129       2325      10738
20131231       4550      15288       8700
20140131      -4212      11075
20140228        469      11544
20140331      -1581       9963
20140430        319      10281
20140530       -744       9538
20140630        269       9806
20140731       2519      12325
20140829       4919      17244
20140930      14800      32044
20141031       5250      37294
20141128       9525      46819
20141231       5512      52331      37044
20150130      11306      63638
20150227        212      63850
20150331       5606      69456
20150430      -8613      60844
20150529       -606      60237
20150630       1394      61631
20150731      -2262      59369
20150831      -7581      51788
20150930      -3150      48637
20151030      -7856      40781
20151130       1094      41875
20151231      -1519      40356     -11975
20160129       -912      39444
20160229      -3813      35631
20160331      -2906      32725
20160429       2119      34844
20160531      -7256      27587
20160630      -1325      26262
20160729        237      26500
20160831      -2294      24206
20160930       3169      27375
20161031       2819      30194
20161130      10925      41119
20161230       4481      45600       5244
20170131      -7962      37637
20170228       -481      37156
20170331      -3019      34138
20170428       -281      33856
20170531       2356      36212
20170630        144      36356
20170731       1987      38344
20170831      -1600      36744
20170929      -3181      33562
20171031      -3625      29937
20171130      -4244      25694
20171229          0      25694     -19906
20180131       7725      33419
20180228      -3056      30362
20180329       2075      32437
20180430      -3944      28494
20180531       5231      33725
20180629       3931      37656
20180731       1744      39400
20180831       2181      41581
20180928        331      41912
20181031        456      42369
20181130       -663      41706
20181231      -4519      37187      11494
20190131      -2250      34937
20190228      -3487      31450
20190329      -2081      29369
20190430        281      29650
20190531       2375      32025
20190628      -1963      30063
20190731       3088      33150
20190830       4362      37513
20190930      -2481      35031
20191031      -2000      33031
20191129       -125      32906
20191231       1981      34888      -2300
20200131      -4650      30238
20200228      -2725      27513
20200331      -6956      20556
20200430       -912      19644
20200529       1725      21369
20200630      -2494      18875
20200731       9456      28331
20200831       3294      31625
20200930      -6125      25500
20201030        131      25631
20201130      -1550      24081
20201231       3238      27319      -7569
20210129      -2250      25069
20210226        537      25606
20210331       4256      29863
20210430      -6137      23725
20210528       1000      24725
20210630       -438      24288
20210730      -1762      22525
20210831          0      22525
20210930        969      23494
20211029        806      24300
20211130       3613      27913
20211231       -213      27700        381
20220131        400      28100
20220228      -2544      25556
20220331       4350      29906       2206
Average Monthly Return:      203 StdDev:  4837  Sharpe: 0.04
Average  Yearly Return:     2300 StdDev: 14977  Sharpe: 0.15
