20100104     0.00
20100105     0.00
20100106     0.00
20100107     0.00
20100108     0.00
20100111     0.00
20100112     0.00
20100113     0.00
20100114     0.00
20100115     0.00
20100119     0.00
20100120     0.00
20100121     0.00
20100122     0.00
20100125     0.00
20100126     0.00
20100127     0.00
20100128  -137.50
20100129     0.00
20100201     0.00
20100202 -1712.50
20100203     0.00
20100204  -687.50
20100205  -412.50
20100208 -1975.00
20100209 -1762.50
20100210 -3300.00
20100211 -3487.50
20100212 -3150.00
20100216 -5387.50
20100217 -3812.50
20100218 -3012.50
20100219 -3237.50
20100222 -5212.50
20100223 -4100.00
20100224 -5050.00
20100225 -3675.00
20100226 -5287.50
20100301 -4262.50
20100302 -4300.00
20100303 -5125.00
20100304 -3187.50
20100305 -2412.50
20100308 -2725.00
20100309 -2125.00
20100310 -2075.00
20100311  -550.00
20100312  -575.00
20100315  -450.00
20100316 -1762.50
20100317 -3275.00
20100318 -3062.50
20100319 -2825.00
20100322 -3112.50
20100323 -2200.00
20100324 -1875.00
20100325   -25.00
20100326  -475.00
20100329 -1287.50
20100330 -1850.00
20100331     0.00
20100401  -237.50
20100405     0.00
20100406  -962.50
20100407 -2450.00
20100408 -1437.50
20100409 -1425.00
20100412 -2037.50
20100413 -3062.50
20100414 -3325.00
20100415 -4612.50
20100416 -5212.50
20100419 -5262.50
20100420 -5262.50
20100421 -5262.50
20100422 -5262.50
20100423 -5262.50
20100426 -5262.50
20100427 -5262.50
20100428 -5262.50
20100429 -5262.50
20100430 -5262.50
20100503 -5262.50
20100504 -5262.50
20100505 -5262.50
20100506 -5262.50
20100507 -5262.50
20100510 -5262.50
20100511 -5262.50
20100512 -5262.50
20100513 -5262.50
20100514 -5262.50
20100517 -5262.50
20100518 -5262.50
20100519 -5262.50
20100520 -5262.50
20100521 -5262.50
20100524 -5262.50
20100525 -5262.50
20100526 -5262.50
20100527 -5262.50
20100528 -5262.50
20100601 -5262.50
20100602 -4887.50
20100603 -4850.00
20100604 -4550.00
20100607 -4125.00
20100608 -4200.00
20100609 -4037.50
20100610 -4550.00
20100611 -5237.50
20100614 -5987.50
20100615 -6000.00
20100616 -6600.00
20100617 -6737.50
20100618 -6850.00
20100621 -6575.00
20100622 -6337.50
20100623 -6162.50
20100624 -6112.50
20100625 -5562.50
20100628 -4887.50
20100629 -4075.00
20100630 -6712.50
20100701 -8212.50
20100702 -8275.00
20100706 -8275.00
20100707 -8275.00
20100708 -8275.00
20100709 -8687.50
20100712 -8462.50
20100713 -7925.00
20100714 -7312.50
20100715 -4375.00
20100716 -4800.00
20100719 -5862.50
20100720 -6312.50
20100721 -5287.50
20100722 -5000.00
20100723 -5225.00
20100726 -6862.50
20100727 -6725.00
20100728 -5075.00
20100729 -3662.50
20100730 -1000.00
20100802     0.00
20100803  -487.50
20100804     0.00
20100805     0.00
20100806 -2712.50
20100809 -3700.00
20100810 -5725.00
20100811 -5862.50
20100812 -3937.50
20100813 -3312.50
20100816 -5950.00
20100817 -5650.00
20100818 -5712.50
20100819 -5587.50
20100820 -5725.00
20100823 -5375.00
20100824 -7225.00
20100825 -8575.00
20100826 -6900.00
20100827 -5925.00
20100830 -5462.50
20100831 -7137.50
20100901 -5837.50
20100902 -5375.00
20100903 -1850.00
20100907 -1212.50
20100908 -2775.00
20100909 -1150.00
20100910 -1587.50
20100913  -737.50
20100914  -562.50
20100915  -662.50
20100916 -1312.50
20100917     0.00
20100920     0.00
20100921 -1062.50
20100922  -562.50
20100923 -1725.00
20100924     0.00
20100927 -1000.00
20100928 -3650.00
20100929 -4012.50
20100930 -4562.50
20101001 -9500.00
20101004 -9750.00
20101005 -10050.00
20101006 -10050.00
20101007 -10050.00
20101008 -10050.00
20101011 -10050.00
20101012 -10050.00
20101013 -10050.00
20101014 -10050.00
20101015 -10050.00
20101018 -10050.00
20101019 -10050.00
20101020 -10050.00
20101021 -10050.00
20101022 -10050.00
20101025 -10050.00
20101026 -10050.00
20101027 -10050.00
20101028 -10050.00
20101029 -10050.00
20101101 -10300.00
20101102 -10350.00
20101103 -10175.00
20101104 -8312.50
20101105 -7850.00
20101108 -8312.50
20101109 -5600.00
20101110 -6075.00
20101111 -5100.00
20101112 -8600.00
20101115 -7725.00
20101116 -11062.50
20101117 -12050.00
20101118 -10837.50
20101119 -12825.00
20101122 -11875.00
20101123 -10825.00
20101124 -10300.00
20101126 -11162.50
20101129 -13450.00
20101130 -11037.50
20101201 -11512.50
20101202 -11887.50
20101203 -10862.50
20101206 -11450.00
20101207 -11600.00
20101208 -11075.00
20101209 -11800.00
20101210 -12225.00
20101213 -10750.00
20101214 -11075.00
20101215 -11050.00
20101216 -11425.00
20101217 -10937.50
20101220 -10112.50
20101221 -9562.50
20101222 -9437.50
20101223 -8400.00
20101227 -7225.00
20101228 -7087.50
20101229 -7575.00
20101230 -7575.00
20101231 -6225.00
20110103 -7425.00
20110104 -7900.00
20110105 -6700.00
20110106 -7475.00
20110107 -8125.00
20110110 -7350.00
20110111 -8525.00
20110112 -5625.00
20110113 -5575.00
20110114 -5250.00
20110118 -5100.00
20110119 -6100.00
20110120 -5325.00
20110121 -5262.50
20110124 -5750.00
20110125 -7662.50
20110126 -5512.50
20110127 -5675.00
20110128 -7112.50
20110131 -4837.50
20110201 -3512.50
20110202 -1687.50
20110203 -2650.00
20110204 -2212.50
20110207 -2600.00
20110208 -1387.50
20110209     0.00
20110210 -2037.50
20110211 -2275.00
20110214 -3225.00
20110215 -6812.50
20110216 -7075.00
20110217 -3350.00
20110218 -6750.00
20110222 -14750.00
20110223 -15637.50
20110224 -15637.50
20110225 -15637.50
20110228 -15637.50
20110301 -15637.50
20110302 -15637.50
20110303 -15637.50
20110304 -15637.50
20110307 -15637.50
20110308 -15637.50
20110309 -15637.50
20110310 -15637.50
20110311 -15637.50
20110314 -15637.50
20110315 -15637.50
20110316 -15325.00
20110317 -17737.50
20110318 -18375.00
20110321 -18275.00
20110322 -18337.50
20110323 -17937.50
20110324 -19200.00
20110325 -18887.50
20110328 -18487.50
20110329 -19087.50
20110330 -18587.50
20110331 -20387.50
20110401 -20200.00
20110404 -21725.00
20110405 -21112.50
20110406 -21100.00
20110407 -20850.00
20110408 -21612.50
20110411 -21250.00
20110412 -20487.50
20110413 -20000.00
20110414 -19450.00
20110415 -20250.00
20110418 -21300.00
20110419 -21975.00
20110420 -22750.00
20110421 -23250.00
20110425 -23312.50
20110426 -23275.00
20110427 -23975.00
20110428 -25437.50
20110429 -25525.00
20110502 -25525.00
20110503 -25525.00
20110504 -25525.00
20110505 -25525.00
20110506 -25525.00
20110509 -25525.00
20110510 -25525.00
20110511 -25525.00
20110512 -25525.00
20110513 -25525.00
20110516 -25525.00
20110517 -25525.00
20110518 -25525.00
20110519 -25525.00
20110520 -25525.00
20110523 -25525.00
20110524 -25525.00
20110525 -25525.00
20110526 -25525.00
20110527 -25525.00
20110531 -25525.00
20110601 -25525.00
20110602 -25525.00
20110603 -25525.00
20110606 -25525.00
20110607 -25525.00
20110608 -25525.00
20110609 -25525.00
20110610 -25525.00
20110613 -25525.00
20110614 -25525.00
20110615 -25525.00
20110616 -23750.00
20110617 -23700.00
20110620 -23050.00
20110621 -23800.00
20110622 -22000.00
20110623 -22537.50
20110624 -21875.00
20110627 -21225.00
20110628 -22100.00
20110629 -22150.00
20110630 -19150.00
20110701 -19050.00
20110705 -20712.50
20110706 -19950.00
20110707 -20637.50
20110708 -22337.50
20110711 -21775.00
20110712 -24462.50
20110713 -24662.50
20110714 -24662.50
20110715 -24662.50
20110718 -24662.50
20110719 -24662.50
20110720 -24662.50
20110721 -24662.50
20110722 -24662.50
20110725 -24662.50
20110726 -24662.50
20110727 -24662.50
20110728 -24662.50
20110729 -24662.50
20110801 -24662.50
20110802 -24662.50
20110803 -24662.50
20110804 -24662.50
20110805 -24662.50
20110808 -24662.50
20110809 -24662.50
20110810 -24550.00
20110811 -26062.50
20110812 -26212.50
20110815 -27037.50
20110816 -26950.00
20110817 -27812.50
20110818 -27912.50
20110819 -27912.50
20110822 -27912.50
20110823 -27912.50
20110824 -27912.50
20110825 -27912.50
20110826 -27912.50
20110829 -26637.50
20110830 -26137.50
20110831 -26112.50
20110901 -27262.50
20110902 -26700.00
20110906 -27862.50
20110907 -27950.00
20110908 -28075.00
20110909 -27650.00
20110912 -29187.50
20110913 -29400.00
20110914 -29850.00
20110915 -31050.00
20110916 -31150.00
20110919 -31150.00
20110920 -31150.00
20110921 -31150.00
20110922 -31150.00
20110923 -31150.00
20110926 -31150.00
20110927 -31150.00
20110928 -31150.00
20110929 -31150.00
20110930 -31150.00
20111003 -31850.00
20111004 -29962.50
20111005 -32100.00
20111006 -31637.50
20111007 -30662.50
20111010 -32075.00
20111011 -39437.50
20111012 -39687.50
20111013 -39687.50
20111014 -39687.50
20111017 -39687.50
20111018 -39687.50
20111019 -39687.50
20111020 -39687.50
20111021 -39687.50
20111024 -39687.50
20111025 -39687.50
20111026 -39687.50
20111027 -39687.50
20111028 -39687.50
20111031 -39687.50
20111101 -39687.50
20111102 -39687.50
20111103 -39687.50
20111104 -39687.50
20111107 -39687.50
20111108 -39687.50
20111109 -39687.50
20111110 -39687.50
20111111 -39687.50
20111114 -39687.50
20111115 -39687.50
20111116 -39687.50
20111117 -39687.50
20111118 -39687.50
20111121 -39687.50
20111122 -39687.50
20111123 -39687.50
20111125 -39687.50
20111128 -39687.50
20111129 -39687.50
20111130 -39687.50
20111201 -39687.50
20111202 -39687.50
20111205 -39687.50
20111206 -39687.50
20111207 -39687.50
20111208 -39687.50
20111209 -39687.50
20111212 -39687.50
20111213 -39687.50
20111214 -39687.50
20111215 -39687.50
20111216 -39687.50
20111219 -39687.50
20111220 -39687.50
20111221 -39687.50
20111222 -39687.50
20111223 -39687.50
20111227 -39687.50
20111228 -39687.50
20111229 -39687.50
20111230 -39687.50
20120103 -39687.50
20120104 -39687.50
20120105 -39687.50
20120106 -39687.50
20120109 -39687.50
20120110 -39687.50
20120111 -39687.50
20120112 -39687.50
20120113 -39687.50
20120117 -39687.50
20120118 -39687.50
20120119 -39687.50
20120120 -39687.50
20120123 -39687.50
20120124 -39687.50
20120125 -39687.50
20120126 -39687.50
20120127 -39687.50
20120130 -39687.50
20120131 -39687.50
20120201 -39687.50
20120202 -39687.50
20120203 -39687.50
20120206 -39687.50
20120207 -39687.50
20120208 -39687.50
20120209 -39687.50
20120210 -39687.50
20120213 -39687.50
20120214 -39687.50
20120215 -39687.50
20120216 -39687.50
20120217 -39687.50
20120221 -39687.50
20120222 -39687.50
20120223 -39687.50
20120224 -39687.50
20120227 -39687.50
20120228 -39000.00
20120229 -38625.00
20120301 -38500.00
20120302 -37975.00
20120305 -38375.00
20120306 -37862.50
20120307 -38287.50
20120308 -37700.00
20120309 -37737.50
20120312 -37900.00
20120313 -37187.50
20120314 -37112.50
20120315 -36175.00
20120316 -35925.00
20120319 -36300.00
20120320 -37375.00
20120321 -36875.00
20120322 -37150.00
20120323 -36337.50
20120326 -35650.00
20120327 -36137.50
20120328 -36250.00
20120329 -36850.00
20120330 -34475.00
20120402 -33575.00
20120403 -33787.50
20120404 -33650.00
20120405 -32925.00
20120409 -33075.00
20120410 -33325.00
20120411 -33525.00
20120412 -32575.00
20120413 -32787.50
20120416 -33625.00
20120417 -33337.50
20120418 -34237.50
20120419 -34700.00
20120420 -32725.00
20120423 -33700.00
20120424 -32287.50
20120425 -31312.50
20120426 -31575.00
20120427 -32250.00
20120430 -31725.00
20120501 -31825.00
20120502 -32750.00
20120503 -33325.00
20120504 -33087.50
20120507 -33712.50
20120508 -35087.50
20120509 -35487.50
20120510 -34300.00
20120511 -36550.00
20120514 -37612.50
20120515 -37937.50
20120516 -37937.50
20120517 -37937.50
20120518 -37937.50
20120521 -37937.50
20120522 -37937.50
20120523 -37937.50
20120524 -37937.50
20120525 -37937.50
20120529 -37937.50
20120530 -37937.50
20120531 -37937.50
20120601 -37625.00
20120604 -38450.00
20120605 -38425.00
20120606 -39362.50
20120607 -39750.00
20120608 -39950.00
20120611 -39650.00
20120612 -39250.00
20120613 -39675.00
20120614 -40125.00
20120615 -39025.00
20120618 -40025.00
20120619 -40675.00
20120620 -40675.00
20120621 -40675.00
20120622 -40675.00
20120625 -40675.00
20120626 -40387.50
20120627 -40237.50
20120628 -40537.50
20120629 -39975.00
20120702 -38725.00
20120703 -35125.00
20120705 -28775.00
20120706 -31825.00
20120709 -26912.50
20120710 -28750.00
20120711 -30175.00
20120712 -27737.50
20120713 -26112.50
20120716 -20512.50
20120717 -20087.50
20120718 -16175.00
20120719 -11437.50
20120720 -9000.00
20120723 -14000.00
20120724 -19362.50
20120725 -15662.50
20120726 -19212.50
20120727 -15937.50
20120730 -11950.00
20120731 -14062.50
20120801 -15400.00
20120802 -17075.00
20120803 -14350.00
20120806 -16825.00
20120807 -18312.50
20120808 -16287.50
20120809 -12725.00
20120810 -14400.00
20120813 -18837.50
20120814 -19975.00
20120815 -20250.00
20120816 -20250.00
20120817 -20250.00
20120820 -20250.00
20120821 -20250.00
20120822 -20250.00
20120823 -20250.00
20120824 -20250.00
20120827 -20250.00
20120828 -20250.00
20120829 -20250.00
20120830 -20250.00
20120831 -20250.00
20120904 -20250.00
20120905 -20250.00
20120906 -20250.00
20120907 -20250.00
20120910 -20250.00
20120911 -20250.00
20120912 -20250.00
20120913 -20250.00
20120914 -20250.00
20120917 -20250.00
20120918 -20250.00
20120919 -20250.00
20120920 -20250.00
20120921 -20250.00
20120924 -20250.00
20120925 -20250.00
20120926 -20250.00
20120927 -20250.00
20120928 -20250.00
20121001 -20250.00
20121002 -20250.00
20121003 -20250.00
20121004 -20250.00
20121005 -20250.00
20121008 -20250.00
20121009 -20250.00
20121010 -20250.00
20121011 -20250.00
20121012 -20250.00
20121015 -20250.00
20121016 -20250.00
20121017 -20250.00
20121018 -20250.00
20121019 -20250.00
20121022 -20250.00
20121023 -20250.00
20121024 -20250.00
20121025 -20250.00
20121026 -20250.00
20121029 -20250.00
20121030 -20250.00
20121031 -20250.00
20121101 -20250.00
20121102 -20250.00
20121105 -20250.00
20121106 -20250.00
20121107 -20250.00
20121108 -20250.00
20121109 -20250.00
20121112 -20250.00
20121113 -20300.00
20121114 -20850.00
20121115 -20000.00
20121116 -19062.50
20121119 -19950.00
20121120 -21012.50
20121121 -20800.00
20121123 -21450.00
20121126 -21812.50
20121127 -24275.00
20121128 -24262.50
20121129 -24062.50
20121130 -22500.00
20121203 -23112.50
20121204 -22987.50
20121205 -24350.00
20121206 -25050.00
20121207 -24050.00
20121210 -23562.50
20121211 -22062.50
20121212 -21662.50
20121213 -21637.50
20121214 -22887.50
20121217 -22600.00
20121218 -21250.00
20121219 -19525.00
20121220 -16975.00
20121221 -18425.00
20121224 -19075.00
20121226 -16800.00
20121227 -16375.00
20121228 -17025.00
20121231 -16775.00
20130102 -14400.00
20130103 -14050.00
20130104 -12225.00
20130107 -13750.00
20130108 -13775.00
20130109 -13750.00
20130110 -13637.50
20130111 -14325.00
20130114 -17937.50
20130115 -18825.00
20130116 -20125.00
20130117 -19287.50
20130118 -19887.50
20130122 -20462.50
20130123 -19112.50
20130124 -18887.50
20130125 -19400.00
20130128 -20300.00
20130129 -20400.00
20130130 -22787.50
20130131 -22950.00
20130201 -22950.00
20130204 -22950.00
20130205 -22950.00
20130206 -22950.00
20130207 -22950.00
20130208 -22950.00
20130211 -22950.00
20130212 -22950.00
20130213 -22950.00
20130214 -22950.00
20130215 -22950.00
20130219 -22950.00
20130220 -22950.00
20130221 -22950.00
20130222 -22950.00
20130225 -22950.00
20130226 -22950.00
20130227 -22950.00
20130228 -22950.00
20130301 -22950.00
20130304 -22950.00
20130305 -22950.00
20130306 -22950.00
20130307 -22950.00
20130308 -22950.00
20130311 -22950.00
20130312 -22950.00
20130313 -22950.00
20130314 -22950.00
20130315 -22950.00
20130318 -22950.00
20130319 -22950.00
20130320 -22950.00
20130321 -22950.00
20130322 -22950.00
20130325 -22950.00
20130326 -22950.00
20130327 -22950.00
20130328 -22950.00
20130329 -22950.00
20130401 -22950.00
20130402 -22800.00
20130403 -24137.50
20130404 -23437.50
20130405 -23637.50
20130408 -24537.50
20130409 -24887.50
20130410 -24525.00
20130411 -24687.50
20130412 -25900.00
20130415 -24262.50
20130416 -25575.00
20130417 -25450.00
20130418 -24600.00
20130419 -25287.50
20130422 -24637.50
20130423 -24037.50
20130424 -23800.00
20130425 -24562.50
20130426 -23762.50
20130429 -26962.50
20130430 -27200.00
20130501 -26537.50
20130502 -27675.00
20130503 -27262.50
20130506 -25112.50
20130507 -25600.00
20130508 -25100.00
20130509 -26762.50
20130510 -25175.00
20130513 -26412.50
20130514 -26312.50
20130515 -25375.00
20130516 -24612.50
20130517 -24950.00
20130520 -23975.00
20130521 -22575.00
20130522 -23100.00
20130523 -23750.00
20130524 -24387.50
20130528 -23012.50
20130529 -23912.50
20130530 -24012.50
20130531 -23637.50
20130603 -22675.00
20130604 -22875.00
20130605 -22337.50
20130606 -22387.50
20130607 -22262.50
20130610 -22762.50
20130611 -21675.00
20130612 -20975.00
20130613 -22625.00
20130614 -22075.00
20130617 -22262.50
20130618 -22700.00
20130619 -23062.50
20130620 -24350.00
20130621 -24562.50
20130624 -23625.00
20130625 -22962.50
20130626 -23087.50
20130627 -22962.50
20130628 -23325.00
20130701 -23625.00
20130702 -23825.00
20130703 -23750.00
20130705 -24625.00
20130708 -23575.00
20130709 -23100.00
20130710 -22750.00
20130711 -22650.00
20130712 -24225.00
20130715 -23325.00
20130716 -22200.00
20130717 -22112.50
20130718 -22775.00
20130719 -22562.50
20130722 -21600.00
20130723 -22712.50
20130724 -22862.50
20130725 -23675.00
20130726 -23300.00
20130729 -23650.00
20130730 -25000.00
20130731 -25775.00
20130801 -24887.50
20130802 -24437.50
20130805 -23337.50
20130806 -23750.00
20130807 -23200.00
20130808 -23350.00
20130809 -22575.00
20130812 -22962.50
20130813 -21787.50
20130814 -22375.00
20130815 -23562.50
20130816 -22850.00
20130819 -24350.00
20130820 -23512.50
20130821 -24450.00
20130822 -23512.50
20130823 -24112.50
20130826 -26137.50
20130827 -25962.50
20130828 -25362.50
20130829 -25350.00
20130830 -25912.50
20130903 -23775.00
20130904 -25150.00
20130905 -23675.00
20130906 -24400.00
20130909 -24400.00
20130910 -25012.50
20130911 -25100.00
20130912 -23150.00
20130913 -22937.50
20130916 -24462.50
20130917 -24712.50
20130918 -24737.50
20130919 -25837.50
20130920 -26087.50
20130923 -26937.50
20130924 -26712.50
20130925 -27162.50
20130926 -27900.00
20130927 -27700.00
20130930 -28925.00
20131001 -29112.50
20131002 -29112.50
20131003 -29125.00
20131004 -29325.00
20131007 -29625.00
20131008 -29250.00
20131009 -29337.50
20131010 -29075.00
20131011 -28825.00
20131014 -29012.50
20131015 -29337.50
20131016 -29300.00
20131017 -29312.50
20131018 -29237.50
20131021 -29700.00
20131022 -29362.50
20131023 -29537.50
20131024 -29675.00
20131025 -29950.00
20131028 -29975.00
20131029 -30025.00
20131030 -30250.00
20131031 -30525.00
20131101 -30575.00
20131104 -30525.00
20131105 -30462.50
20131106 -30275.00
20131107 -30237.50
20131108 -30550.00
20131111 -30950.00
20131112 -30825.00
20131113 -30700.00
20131114 -30537.50
20131115 -30312.50
20131118 -29812.50
20131119 -30100.00
20131120 -30062.50
20131121 -30362.50
20131122 -30325.00
20131125 -30450.00
20131126 -30137.50
20131127 -30225.00
20131129 -30125.00
20131202 -30125.00
20131203 -30462.50
20131204 -30725.00
20131205 -30575.00
20131206 -30612.50
20131209 -30800.00
20131210 -30700.00
20131211 -30862.50
20131212 -30612.50
20131213 -30175.00
20131216 -29712.50
20131217 -29787.50
20131218 -29350.00
20131219 -29525.00
20131220 -29800.00
20131223 -29650.00
20131224 -29500.00
20131226 -29075.00
20131227 -29287.50
20131230 -28662.50
20131231 -28825.00
20140102 -28337.50
20140103 -28925.00
20140106 -29137.50
20140107 -28887.50
20140108 -27750.00
20140109 -27275.00
20140110 -27550.00
20140113 -27862.50
20140114 -28000.00
20140115 -27137.50
20140116 -27500.00
20140117 -26837.50
20140121 -26825.00
20140122 -26837.50
20140123 -27412.50
20140124 -27200.00
20140127 -27225.00
20140128 -27362.50
20140129 -26412.50
20140130 -26812.50
20140131 -26975.00
20140203 -27375.00
20140204 -28412.50
20140205 -28562.50
20140206 -28225.00
20140207 -28062.50
20140210 -28425.00
20140211 -28700.00
20140212 -28537.50
20140213 -28962.50
20140214 -29112.50
20140218 -29787.50
20140219 -30250.00
20140220 -29750.00
20140221 -28937.50
20140224 -28625.00
20140225 -27650.00
20140226 -26550.00
20140227 -26412.50
20140228 -25412.50
20140303 -26762.50
20140304 -25512.50
20140305 -25750.00
20140306 -24425.00
20140307 -23537.50
20140310 -26025.00
20140311 -26062.50
20140312 -27100.00
20140313 -26812.50
20140314 -27150.00
20140317 -27337.50
20140318 -25650.00
20140319 -23737.50
20140320 -24675.00
20140321 -26425.00
20140324 -23975.00
20140325 -24337.50
20140326 -24412.50
20140327 -23525.00
20140328 -24275.00
20140331 -22312.50
20140401 -21612.50
20140402 -24112.50
20140403 -22912.50
20140404 -23212.50
20140407 -23487.50
20140408 -21950.00
20140409 -22150.00
20140410 -23187.50
20140411 -24387.50
20140414 -22575.00
20140415 -20137.50
20140416 -20262.50
20140417 -20475.00
20140421 -22700.00
20140422 -23025.00
20140423 -23050.00
20140424 -22362.50
20140425 -20212.50
20140428 -19862.50
20140429 -18212.50
20140430 -18312.50
20140501 -22212.50
20140502 -21662.50
20140505 -20962.50
20140506 -20175.00
20140507 -21075.00
20140508 -19912.50
20140509 -20125.00
20140512 -21987.50
20140513 -21187.50
20140514 -22350.00
20140515 -24337.50
20140516 -24650.00
20140519 -24650.00
20140520 -24650.00
20140521 -24650.00
20140522 -24650.00
20140523 -24650.00
20140527 -24650.00
20140528 -24650.00
20140529 -24650.00
20140530 -24650.00
20140602 -24650.00
20140603 -24650.00
20140604 -24650.00
20140605 -24650.00
20140606 -25150.00
20140609 -24750.00
20140610 -24475.00
20140611 -24250.00
20140612 -24262.50
20140613 -24450.00
20140616 -23900.00
20140617 -23825.00
20140618 -24225.00
20140619 -25000.00
20140620 -24725.00
20140623 -24012.50
20140624 -23500.00
20140625 -23625.00
20140626 -23812.50
20140627 -24425.00
20140630 -22437.50
20140701 -21800.00
20140702 -21462.50
20140703 -21125.00
20140707 -19137.50
20140708 -18537.50
20140709 -17312.50
20140710 -16387.50
20140711 -13962.50
20140714 -15275.00
20140715 -14900.00
20140716 -15912.50
20140717 -16212.50
20140718 -14437.50
20140721 -13275.00
20140722 -12125.00
20140723 -13487.50
20140724 -13750.00
20140725 -14225.00
20140728 -15512.50
20140729 -13825.00
20140730 -13512.50
20140731 -13462.50
20140801 -12262.50
20140804 -14112.50
20140805 -13725.00
20140806 -15562.50
20140807 -14950.00
20140808 -14287.50
20140811 -13825.00
20140812 -12800.00
20140813 -11637.50
20140814 -12762.50
20140815 -13450.00
20140818 -13050.00
20140819 -13062.50
20140820 -11850.00
20140821 -12337.50
20140822 -12975.00
20140825 -11587.50
20140826 -11275.00
20140827 -11750.00
20140828 -12675.00
20140829 -11425.00
20140902 -11725.00
20140903 -9562.50
20140904 -8175.00
20140905 -9437.50
20140908 -8662.50
20140909 -7350.00
20140910 -7087.50
20140911 -5737.50
20140912 -5475.00
20140915 -5862.50
20140916 -5262.50
20140917 -5387.50
20140918 -4112.50
20140919 -2362.50
20140922 -1437.50
20140923 -1062.50
20140924 -1550.00
20140925  -375.00
20140926     0.00
20140929 -1162.50
20140930  -187.50
20141001  -462.50
20141002 -1125.00
20141003  -675.00
20141006 -2925.00
20141007 -4000.00
20141008 -3925.00
20141009 -3600.00
20141010 -2350.00
20141013 -4425.00
20141014 -6175.00
20141015 -6375.00
20141016 -6375.00
20141017 -6375.00
20141020 -6375.00
20141021 -6375.00
20141022 -6375.00
20141023 -6375.00
20141024 -6375.00
20141027 -6375.00
20141028 -6375.00
20141029 -6375.00
20141030 -6375.00
20141031 -6375.00
20141103 -6375.00
20141104 -6375.00
20141105 -6375.00
20141106 -6375.00
20141107 -6375.00
20141110 -6375.00
20141111 -6375.00
20141112 -6375.00
20141113 -6375.00
20141114 -6375.00
20141117 -6375.00
20141118 -6375.00
20141119 -6375.00
20141120 -6375.00
20141121 -6375.00
20141124 -6375.00
20141125 -6375.00
20141126 -6375.00
20141128 -6375.00
20141201 -6375.00
20141202 -6550.00
20141203 -7237.50
20141204 -7225.00
20141205 -7012.50
20141208 -6812.50
20141209 -7425.00
20141210 -7625.00
20141211 -6837.50
20141212 -6387.50
20141215 -5762.50
20141216 -5550.00
20141217 -4287.50
20141218 -3950.00
20141219 -5100.00
20141222 -5425.00
20141223 -4937.50
20141224 -6137.50
20141226 -6175.00
20141229 -5937.50
20141230 -6612.50
20141231 -7225.00
20150102 -7650.00
20150105 -7262.50
20150106 -7125.00
20150107 -7737.50
20150108 -8362.50
20150109 -8525.00
20150112 -8937.50
20150113 -9312.50
20150114 -9412.50
20150115 -9412.50
20150116 -9412.50
20150120 -9412.50
20150121 -9412.50
20150122 -9412.50
20150123 -9412.50
20150126 -9412.50
20150127 -9412.50
20150128 -9412.50
20150129 -9412.50
20150130 -9412.50
20150202 -9412.50
20150203 -9412.50
20150204 -9412.50
20150205 -9412.50
20150206 -9412.50
20150209 -9412.50
20150210 -9412.50
20150211 -9412.50
20150212 -9412.50
20150213 -9412.50
20150217 -9412.50
20150218 -9412.50
20150219 -9412.50
20150220 -9412.50
20150223 -9412.50
20150224 -9412.50
20150225 -9412.50
20150226 -9412.50
20150227 -9412.50
20150302 -9412.50
20150303 -9412.50
20150304 -9412.50
20150305 -9412.50
20150306 -9412.50
20150309 -9412.50
20150310 -9412.50
20150311 -9412.50
20150312 -9412.50
20150313 -9412.50
20150316 -9412.50
20150317 -9412.50
20150318 -9575.00
20150319 -9512.50
20150320 -10087.50
20150323 -10350.00
20150324 -10500.00
20150325 -10587.50
20150326 -10400.00
20150327 -10387.50
20150330 -10562.50
20150331 -9650.00
20150401 -9925.00
20150402 -10162.50
20150406 -10087.50
20150407 -9987.50
20150408 -9800.00
20150409 -9737.50
20150410 -9687.50
20150413 -9362.50
20150414 -9512.50
20150415 -9637.50
20150416 -9650.00
20150417 -9825.00
20150420 -9737.50
20150421 -9487.50
20150422 -9462.50
20150423 -9375.00
20150424 -9062.50
20150427 -8875.00
20150428 -8862.50
20150429 -9025.00
20150430 -8950.00
20150501 -8787.50
20150504 -8700.00
20150505 -8537.50
20150506 -9375.00
20150507 -8787.50
20150508 -9300.00
20150511 -9150.00
20150512 -9150.00
20150513 -9262.50
20150514 -11187.50
20150515 -11200.00
20150518 -11325.00
20150519 -11025.00
20150520 -10925.00
20150521 -11037.50
20150522 -10075.00
20150526 -9737.50
20150527 -9687.50
20150528 -9837.50
20150529 -10137.50
20150601 -9775.00
20150602 -10850.00
20150603 -10575.00
20150604 -11362.50
20150605 -10775.00
20150608 -11337.50
20150609 -11687.50
20150610 -11200.00
20150611 -10687.50
20150612 -10512.50
20150615 -10162.50
20150616 -11437.50
20150617 -12275.00
20150618 -12212.50
20150619 -11975.00
20150622 -12312.50
20150623 -12687.50
20150624 -12637.50
20150625 -13137.50
20150626 -13212.50
20150629 -12325.00
20150630 -7850.00
20150701 -9475.00
20150702 -9037.50
20150706 -9662.50
20150707 -11787.50
20150708 -11987.50
20150709 -10375.00
20150710 -9850.00
20150713 -9250.00
20150714 -10287.50
20150715 -10887.50
20150716 -11337.50
20150717 -12450.00
20150720 -14637.50
20150721 -14650.00
20150722 -14650.00
20150723 -14650.00
20150724 -14650.00
20150727 -14650.00
20150728 -14650.00
20150729 -14650.00
20150730 -14650.00
20150731 -14650.00
20150803 -14650.00
20150804 -14650.00
20150805 -14650.00
20150806 -14650.00
20150807 -14650.00
20150810 -14650.00
20150811 -14650.00
20150812 -14650.00
20150813 -14650.00
20150814 -14650.00
20150817 -14650.00
20150818 -14650.00
20150819 -14650.00
20150820 -14650.00
20150821 -14650.00
20150824 -14650.00
20150825 -14650.00
20150826 -14650.00
20150827 -15300.00
20150828 -15625.00
20150831 -15725.00
20150901 -15050.00
20150902 -15050.00
20150903 -14825.00
20150904 -14675.00
20150908 -15312.50
20150909 -14962.50
20150910 -15050.00
20150911 -15062.50
20150914 -15562.50
20150915 -15800.00
20150916 -15712.50
20150917 -15575.00
20150918 -14712.50
20150921 -15062.50
20150922 -14437.50
20150923 -14537.50
20150924 -14750.00
20150925 -15812.50
20150928 -15187.50
20150929 -15562.50
20150930 -15950.00
20151001 -15212.50
20151002 -15062.50
20151005 -15562.50
20151006 -15750.00
20151007 -15900.00
20151008 -15412.50
20151009 -15637.50
20151012 -15725.00
20151013 -17050.00
20151014 -16875.00
20151015 -16612.50
20151016 -16262.50
20151019 -15900.00
20151020 -16150.00
20151021 -16612.50
20151022 -16287.50
20151023 -16125.00
20151026 -15600.00
20151027 -15912.50
20151028 -15512.50
20151029 -15387.50
20151030 -15662.50
20151102 -15312.50
20151103 -15325.00
20151104 -15575.00
20151105 -14575.00
20151106 -14737.50
20151109 -14687.50
20151110 -14150.00
20151111 -14500.00
20151112 -14600.00
20151113 -14025.00
20151116 -14325.00
20151117 -14650.00
20151118 -14325.00
20151119 -14562.50
20151120 -14387.50
20151123 -14925.00
20151124 -14750.00
20151125 -15362.50
20151127 -15012.50
20151130 -15662.50
20151201 -16025.00
20151202 -15725.00
20151203 -16637.50
20151204 -17150.00
20151207 -16637.50
20151208 -16600.00
20151209 -17025.00
20151210 -17587.50
20151211 -17137.50
20151214 -17475.00
20151215 -17425.00
20151216 -16512.50
20151217 -16762.50
20151218 -16912.50
20151221 -16400.00
20151222 -15750.00
20151223 -15600.00
20151224 -15450.00
20151228 -15225.00
20151229 -15762.50
20151230 -15287.50
20151231 -15287.50
20160104 -14337.50
20160105 -14562.50
20160106 -14650.00
20160107 -14925.00
20160108 -15625.00
20160111 -14887.50
20160112 -15750.00
20160113 -15650.00
20160114 -15187.50
20160115 -15700.00
20160119 -15962.50
20160120 -15862.50
20160121 -15950.00
20160122 -16137.50
20160125 -16412.50
20160126 -16550.00
20160127 -16137.50
20160128 -15737.50
20160129 -16412.50
20160201 -16175.00
20160202 -16237.50
20160203 -16400.00
20160204 -15912.50
20160205 -15475.00
20160208 -14887.50
20160209 -14775.00
20160210 -14925.00
20160211 -14775.00
20160212 -14662.50
20160216 -15212.50
20160217 -15637.50
20160218 -15237.50
20160219 -15212.50
20160222 -15150.00
20160223 -14350.00
20160224 -13975.00
20160225 -13912.50
20160226 -13775.00
20160229 -13700.00
20160301 -13275.00
20160302 -13512.50
20160303 -14000.00
20160304 -14137.50
20160307 -14275.00
20160308 -14475.00
20160309 -14575.00
20160310 -15175.00
20160311 -15225.00
20160314 -15562.50
20160315 -15475.00
20160316 -15137.50
20160317 -14737.50
20160318 -14687.50
20160321 -14987.50
20160322 -14637.50
20160323 -14700.00
20160324 -14437.50
20160328 -14912.50
20160329 -14850.00
20160330 -15262.50
20160331 -15175.00
20160401 -14912.50
20160404 -15175.00
20160405 -15725.00
20160406 -15625.00
20160407 -15975.00
20160408 -15400.00
20160411 -14550.00
20160412 -14675.00
20160413 -14687.50
20160414 -15062.50
20160415 -14662.50
20160418 -15400.00
20160419 -13725.00
20160420 -12000.00
20160421 -12425.00
20160422 -16087.50
20160425 -15300.00
20160426 -14137.50
20160427 -14200.00
20160428 -13925.00
20160429 -13787.50
20160502 -13087.50
20160503 -14375.00
20160504 -14325.00
20160505 -15562.50
20160506 -14537.50
20160509 -14950.00
20160510 -12075.00
20160511 -12362.50
20160512 -12675.00
20160513 -13025.00
20160516 -13050.00
20160517 -12037.50
20160518 -12162.50
20160519 -12825.00
20160520 -12462.50
20160523 -13087.50
20160524 -13287.50
20160525 -11387.50
20160526 -11500.00
20160527 -10937.50
20160531 -11737.50
20160601 -10225.00
20160602 -7925.00
20160603 -8387.50
20160606 -7050.00
20160607 -6800.00
20160608 -4275.00
20160609 -5062.50
20160610 -5887.50
20160613 -6187.50
20160614 -6150.00
20160615 -7575.00
20160616 -9087.50
20160617 -7250.00
20160620 -8875.00
20160621 -10637.50
20160622 -10587.50
20160623 -11525.00
20160624 -12687.50
20160627 -11187.50
20160628 -10375.00
20160629 -10125.00
20160630 -8137.50
20160701 -8162.50
20160705 -11337.50
20160706 -11287.50
20160707 -13512.50
20160708 -13875.00
20160711 -13875.00
20160712 -13875.00
20160713 -13875.00
20160714 -13875.00
20160715 -13875.00
20160718 -13875.00
20160719 -13875.00
20160720 -13875.00
20160721 -13875.00
20160722 -13875.00
20160725 -13875.00
20160726 -13875.00
20160727 -13875.00
20160728 -13875.00
20160729 -13875.00
20160801 -13787.50
20160802 -13550.00
20160803 -14000.00
20160804 -13650.00
20160805 -14287.50
20160808 -14337.50
20160809 -14337.50
20160810 -14575.00
20160811 -14300.00
20160812 -14612.50
20160815 -14587.50
20160816 -14662.50
20160817 -14787.50
20160818 -14837.50
20160819 -14837.50
20160822 -14250.00
20160823 -13875.00
20160824 -13687.50
20160825 -13550.00
20160826 -12662.50
20160829 -12137.50
20160830 -11900.00
20160831 -11700.00
20160901 -12025.00
20160902 -12250.00
20160906 -12212.50
20160907 -12425.00
20160908 -12587.50
20160909 -12462.50
20160912 -12750.00
20160913 -12337.50
20160914 -12437.50
20160915 -12262.50
20160916 -12450.00
20160919 -12487.50
20160920 -12587.50
20160921 -12675.00
20160922 -12562.50
20160923 -12525.00
20160926 -12087.50
20160927 -12487.50
20160928 -12450.00
20160929 -12237.50
20160930 -12387.50
20161003 -12062.50
20161004 -12062.50
20161005 -12537.50
20161006 -12075.00
20161007 -12025.00
20161010 -12475.00
20161011 -12650.00
20161012 -12125.00
20161013 -13087.50
20161014 -13337.50
20161017 -13475.00
20161018 -13287.50
20161019 -13300.00
20161020 -13137.50
20161021 -13012.50
20161024 -12412.50
20161025 -12500.00
20161026 -12862.50
20161027 -13012.50
20161028 -12712.50
20161031 -13100.00
20161101 -13000.00
20161102 -13175.00
20161103 -12887.50
20161104 -13000.00
20161107 -12787.50
20161108 -13050.00
20161109 -12625.00
20161110 -12525.00
20161111 -12437.50
20161114 -11987.50
20161115 -12237.50
20161116 -12137.50
20161117 -12437.50
20161118 -12687.50
20161121 -12800.00
20161122 -12650.00
20161123 -12162.50
20161125 -11287.50
20161128 -10637.50
20161129 -10925.00
20161130 -11137.50
20161201 -10900.00
20161202 -11450.00
20161205 -10850.00
20161206 -10562.50
20161207 -10212.50
20161208 -11675.00
20161209 -11550.00
20161212 -11925.00
20161213 -12087.50
20161214 -12325.00
20161215 -11625.00
20161216 -11237.50
20161219 -11787.50
20161220 -12512.50
20161221 -12250.00
20161222 -12737.50
20161223 -12675.00
20161227 -13475.00
20161228 -13075.00
20161229 -13237.50
20161230 -13400.00
20170103 -13325.00
20170104 -13925.00
20170105 -14312.50
20170106 -14387.50
20170109 -14387.50
20170110 -14387.50
20170111 -14387.50
20170112 -14387.50
20170113 -14387.50
20170117 -14387.50
20170118 -14037.50
20170119 -14275.00
20170120 -14412.50
20170123 -14900.00
20170124 -15175.00
20170125 -15187.50
20170126 -15600.00
20170127 -15675.00
20170130 -17237.50
20170131 -17050.00
20170201 -16012.50
20170202 -16025.00
20170203 -16650.00
20170206 -16275.00
20170207 -15700.00
20170208 -14787.50
20170209 -15262.50
20170210 -14587.50
20170213 -14775.00
20170214 -15350.00
20170215 -14050.00
20170216 -15537.50
20170217 -16700.00
20170221 -17212.50
20170222 -16912.50
20170223 -17350.00
20170224 -17712.50
20170227 -18300.00
20170228 -18062.50
20170301 -17650.00
20170302 -17775.00
20170303 -17712.50
20170306 -17825.00
20170307 -17950.00
20170308 -18137.50
20170309 -18400.00
20170310 -18487.50
20170313 -18487.50
20170314 -18487.50
20170315 -18487.50
20170316 -18562.50
20170317 -18487.50
20170320 -18462.50
20170321 -18562.50
20170322 -18475.00
20170323 -18037.50
20170324 -17275.00
20170327 -17062.50
20170328 -17087.50
20170329 -16937.50
20170330 -16637.50
20170331 -15787.50
20170403 -15400.00
20170404 -15375.00
20170405 -15700.00
20170406 -15562.50
20170407 -15587.50
20170410 -15575.00
20170411 -15450.00
20170412 -15875.00
20170413 -16262.50
20170417 -16150.00
20170418 -15787.50
20170419 -16000.00
20170420 -15825.00
20170421 -15987.50
20170424 -16375.00
20170425 -16350.00
20170426 -15900.00
20170427 -16175.00
20170428 -16175.00
20170501 -18062.50
20170502 -18162.50
20170503 -18487.50
20170504 -18437.50
20170505 -18375.00
20170508 -17962.50
20170509 -18425.00
20170510 -18237.50
20170511 -18037.50
20170512 -17875.00
20170515 -17987.50
20170516 -18537.50
20170517 -18512.50
20170518 -16962.50
20170519 -17375.00
20170522 -17550.00
20170523 -17137.50
20170524 -17137.50
20170525 -16700.00
20170526 -16050.00
20170530 -15362.50
20170531 -15525.00
20170601 -15337.50
20170602 -15787.50
20170605 -15825.00
20170606 -15900.00
20170607 -16262.50
20170608 -16625.00
20170609 -16800.00
20170612 -16725.00
20170613 -16600.00
20170614 -16762.50
20170615 -16787.50
20170616 -16775.00
20170619 -17150.00
20170620 -16912.50
20170621 -17037.50
20170622 -16462.50
20170623 -16562.50
20170626 -17187.50
20170627 -17262.50
20170628 -17200.00
20170629 -16362.50
20170630 -16937.50
20170703 -17037.50
20170705 -17375.00
20170706 -18412.50
20170707 -18512.50
20170710 -17287.50
20170711 -17037.50
20170712 -19112.50
20170713 -23487.50
20170714 -23712.50
20170717 -23712.50
20170718 -23712.50
20170719 -23712.50
20170720 -23712.50
20170721 -23712.50
20170724 -23712.50
20170725 -23712.50
20170726 -23712.50
20170727 -23712.50
20170728 -23712.50
20170731 -23712.50
20170801 -23712.50
20170802 -23737.50
20170803 -23662.50
20170804 -23812.50
20170807 -24100.00
20170808 -23975.00
20170809 -24100.00
20170810 -23350.00
20170811 -23525.00
20170814 -23625.00
20170815 -23250.00
20170816 -23112.50
20170817 -23012.50
20170818 -23087.50
20170821 -22937.50
20170822 -22787.50
20170823 -22587.50
20170824 -22587.50
20170825 -22425.00
20170828 -22287.50
20170829 -22175.00
20170830 -22012.50
20170831 -22625.00
20170901 -22500.00
20170905 -22662.50
20170906 -22787.50
20170907 -22500.00
20170908 -22575.00
20170911 -22612.50
20170912 -22312.50
20170913 -22312.50
20170914 -22450.00
20170915 -22475.00
20170918 -22312.50
20170919 -22150.00
20170920 -22237.50
20170921 -22250.00
20170922 -22412.50
20170925 -22425.00
20170926 -22350.00
20170927 -22437.50
20170928 -22362.50
20170929 -22500.00
20171002 -22312.50
20171003 -22212.50
20171004 -22150.00
20171005 -22212.50
20171006 -22237.50
20171009 -22212.50
20171010 -22200.00
20171011 -22037.50
20171012 -22187.50
20171013 -22375.00
20171016 -22262.50
20171017 -22237.50
20171018 -22162.50
20171019 -22187.50
20171020 -21962.50
20171023 -22300.00
20171024 -22375.00
20171025 -22287.50
20171026 -22262.50
20171027 -22175.00
20171030 -22175.00
20171031 -22025.00
20171101 -22150.00
20171102 -22262.50
20171103 -22150.00
20171106 -22137.50
20171107 -22125.00
20171108 -22150.00
20171109 -21812.50
20171110 -21912.50
20171113 -21850.00
20171114 -21612.50
20171115 -21650.00
20171116 -21562.50
20171117 -21887.50
20171120 -21987.50
20171121 -21987.50
20171122 -22000.00
20171124 -21850.00
20171127 -21675.00
20171128 -21575.00
20171129 -21762.50
20171130 -21875.00
20171201 -22025.00
20171204 -21762.50
20171205 -21775.00
20171206 -21725.00
20171207 -21475.00
20171208 -21412.50
20171211 -20950.00
20171212 -20750.00
20171213 -21112.50
20171214 -21162.50
20171215 -21112.50
20171218 -21200.00
20171219 -21175.00
20171220 -21462.50
20171221 -21500.00
20171222 -21462.50
20171226 -21862.50
20171227 -22050.00
20171228 -21412.50
20171229 -21562.50
20180102 -22162.50
20180103 -22475.00
20180104 -22225.00
20180105 -22225.00
20180108 -21675.00
20180109 -21837.50
20180110 -21500.00
20180111 -21187.50
20180112 -20950.00
20180116 -21225.00
20180117 -21750.00
20180118 -22075.00
20180119 -22212.50
20180122 -22687.50
20180123 -22537.50
20180124 -23675.00
20180125 -23912.50
20180126 -24237.50
20180129 -24437.50
20180130 -24437.50
20180131 -24437.50
20180201 -24437.50
20180202 -24437.50
20180205 -24437.50
20180206 -24437.50
20180207 -24437.50
20180208 -24437.50
20180209 -24437.50
20180212 -24437.50
20180213 -24637.50
20180214 -24862.50
20180215 -24537.50
20180216 -24850.00
20180220 -25125.00
20180221 -24825.00
20180222 -24687.50
20180223 -24450.00
20180226 -23962.50
20180227 -23475.00
20180228 -22137.50
20180301 -20275.00
20180302 -20950.00
20180305 -20062.50
20180306 -20262.50
20180307 -21275.00
20180308 -20925.00
20180309 -22812.50
20180312 -22637.50
20180313 -22412.50
20180314 -23275.00
20180315 -23450.00
20180316 -23762.50
20180319 -26350.00
20180320 -26100.00
20180321 -26000.00
20180322 -25950.00
20180323 -25962.50
20180326 -26262.50
20180327 -26562.50
20180328 -26662.50
20180329 -24612.50
20180402 -25100.00
20180403 -24912.50
20180404 -26425.00
20180405 -25200.00
20180406 -25125.00
20180409 -24350.00
20180410 -24275.00
20180411 -24500.00
20180412 -23762.50
20180413 -24212.50
20180416 -25012.50
20180417 -24925.00
20180418 -25000.00
20180419 -25275.00
20180420 -25975.00
20180423 -26275.00
20180424 -26062.50
20180425 -25537.50
20180426 -25550.00
20180427 -24550.00
20180430 -24825.00
20180501 -24337.50
20180502 -25000.00
20180503 -23775.00
20180504 -25275.00
20180507 -26487.50
20180508 -26212.50
20180509 -26437.50
20180510 -26675.00
20180511 -27337.50
20180514 -27712.50
20180515 -27312.50
20180516 -27425.00
20180517 -27462.50
20180518 -26062.50
20180521 -26600.00
20180522 -25787.50
20180523 -25125.00
20180524 -25375.00
20180525 -24650.00
20180529 -25275.00
20180530 -26325.00
20180531 -26212.50
20180601 -26362.50
20180604 -27262.50
20180605 -27025.00
20180606 -26537.50
20180607 -25012.50
20180608 -25175.00
20180611 -24150.00
20180612 -23675.00
20180613 -23600.00
20180614 -23262.50
20180615 -22187.50
20180618 -22375.00
20180619 -21287.50
20180620 -21337.50
20180621 -21025.00
20180622 -21737.50
20180625 -20400.00
20180626 -20137.50
20180627 -20237.50
20180628 -19587.50
20180629 -19675.00
20180702 -18525.00
20180703 -18512.50
20180705 -18100.00
20180706 -20437.50
20180709 -19000.00
20180710 -18662.50
20180711 -17112.50
20180712 -17450.00
20180713 -16475.00
20180716 -17075.00
20180717 -17775.00
20180718 -17950.00
20180719 -18337.50
20180720 -18700.00
20180723 -18700.00
20180724 -18962.50
20180725 -19450.00
20180726 -19575.00
20180727 -20062.50
20180730 -20612.50
20180731 -22262.50
20180801 -21037.50
20180802 -20862.50
20180803 -21462.50
20180806 -20175.00
20180807 -21087.50
20180808 -21262.50
20180809 -21112.50
20180810 -19312.50
20180813 -20262.50
20180814 -20687.50
20180815 -20587.50
20180816 -21675.00
20180817 -20500.00
20180820 -21325.00
20180821 -21600.00
20180822 -20512.50
20180823 -19612.50
20180824 -19862.50
20180827 -19425.00
20180828 -18387.50
20180829 -18537.50
20180830 -18312.50
20180831 -19337.50
20180904 -19537.50
20180905 -19075.00
20180906 -19187.50
20180907 -19462.50
20180910 -19537.50
20180911 -18837.50
20180912 -18537.50
20180913 -18100.00
20180914 -18025.00
20180917 -17487.50
20180918 -16775.00
20180919 -17700.00
20180920 -19050.00
20180921 -19137.50
20180924 -18987.50
20180925 -19387.50
20180926 -19562.50
20180927 -19900.00
20180928 -19000.00
20181001 -20087.50
20181002 -20587.50
20181003 -20225.00
20181004 -20250.00
20181005 -20775.00
20181008 -20837.50
20181009 -20737.50
20181010 -20650.00
20181011 -20975.00
20181012 -21062.50
20181015 -21062.50
20181016 -21062.50
20181017 -21062.50
20181018 -21062.50
20181019 -21062.50
20181022 -21062.50
20181023 -21062.50
20181024 -21062.50
20181025 -21062.50
20181026 -21062.50
20181029 -21062.50
20181030 -21062.50
20181031 -21062.50
20181101 -21062.50
20181102 -21062.50
20181105 -21062.50
20181106 -21062.50
20181107 -21062.50
20181108 -21062.50
20181109 -21062.50
20181112 -21062.50
20181113 -21062.50
20181114 -21062.50
20181115 -21062.50
20181116 -21062.50
20181119 -21062.50
20181120 -21062.50
20181121 -21062.50
20181123 -21062.50
20181126 -21062.50
20181127 -21062.50
20181128 -21062.50
20181129 -21062.50
20181130 -21062.50
20181203 -21062.50
20181204 -21062.50
20181205 -20887.50
20181206 -21087.50
20181207 -20725.00
20181210 -21075.00
20181211 -20812.50
20181212 -20562.50
20181213 -21212.50
20181214 -21537.50
20181217 -21325.00
20181218 -21175.00
20181219 -21562.50
20181220 -21887.50
20181221 -22325.00
20181224 -22362.50
20181226 -23062.50
20181227 -23125.00
20181228 -23125.00
20181231 -23125.00
20190102 -23125.00
20190103 -23125.00
20190104 -23125.00
20190107 -23125.00
20190108 -23125.00
20190109 -23125.00
20190110 -23125.00
20190111 -23125.00
20190114 -23125.00
20190115 -23125.00
20190116 -23125.00
20190117 -23125.00
20190118 -23125.00
20190122 -23125.00
20190123 -23125.00
20190124 -23125.00
20190125 -23125.00
20190128 -23125.00
20190129 -23125.00
20190130 -23125.00
20190131 -23125.00
20190201 -23125.00
20190204 -23125.00
20190205 -23125.00
20190206 -23125.00
20190207 -23125.00
20190208 -23125.00
20190211 -23125.00
20190212 -23125.00
20190213 -23125.00
20190214 -23125.00
20190215 -23125.00
20190219 -23125.00
20190220 -22625.00
20190221 -23150.00
20190222 -23150.00
20190225 -21912.50
20190226 -21487.50
20190227 -21300.00
20190228 -20787.50
20190301 -20787.50
20190304 -20787.50
20190305 -21200.00
20190306 -20400.00
20190307 -19450.00
20190308 -19462.50
20190311 -18800.00
20190312 -20562.50
20190313 -20512.50
20190314 -20850.00
20190315 -22012.50
20190318 -21475.00
20190319 -21362.50
20190320 -21887.50
20190321 -22437.50
20190322 -22175.00
20190325 -22562.50
20190326 -22137.50
20190327 -21312.50
20190328 -21175.00
20190329 -19700.00
20190401 -20775.00
20190402 -21050.00
20190403 -21400.00
20190404 -21900.00
20190405 -21237.50
20190408 -20975.00
20190409 -20687.50
20190410 -20862.50
20190411 -20562.50
20190412 -20812.50
20190415 -20825.00
20190416 -19375.00
20190417 -18987.50
20190418 -18937.50
20190422 -18150.00
20190423 -17375.00
20190424 -16487.50
20190425 -16850.00
20190426 -16812.50
20190429 -16162.50
20190430 -15537.50
20190501 -16087.50
20190502 -16162.50
20190503 -15825.00
20190506 -14862.50
20190507 -15112.50
20190508 -14800.00
20190509 -13050.00
20190510 -12562.50
20190513 -13075.00
20190514 -15712.50
20190515 -15962.50
20190516 -17562.50
20190517 -16775.00
20190520 -18175.00
20190521 -18187.50
20190522 -18512.50
20190523 -18162.50
20190524 -18575.00
20190528 -19887.50
20190529 -21212.50
20190530 -21500.00
20190531 -21500.00
20190603 -21600.00
20190604 -21550.00
20190605 -22075.00
20190606 -21787.50
20190607 -22025.00
20190610 -22025.00
20190611 -21425.00
20190612 -21000.00
20190613 -19937.50
20190614 -19237.50
20190617 -19100.00
20190618 -19750.00
20190619 -20650.00
20190620 -19987.50
20190621 -20400.00
20190624 -19575.00
20190625 -19650.00
20190626 -19500.00
20190627 -19675.00
20190628 -21700.00
20190701 -22937.50
20190702 -23187.50
20190703 -21762.50
20190705 -21612.50
20190708 -21775.00
20190709 -22537.50
20190710 -22312.50
20190711 -21012.50
20190712 -20437.50
20190715 -21862.50
20190716 -22162.50
20190717 -22225.00
20190718 -23400.00
20190719 -22637.50
20190722 -23825.00
20190723 -23737.50
20190724 -23812.50
20190725 -24087.50
20190726 -24287.50
20190729 -24162.50
20190730 -24450.00
20190731 -25000.00
20190801 -25025.00
20190802 -25025.00
20190805 -25025.00
20190806 -25025.00
20190807 -25025.00
20190808 -25025.00
20190809 -25025.00
20190812 -25025.00
20190813 -25025.00
20190814 -25025.00
20190815 -25025.00
20190816 -25025.00
20190819 -25025.00
20190820 -25025.00
20190821 -25025.00
20190822 -25025.00
20190823 -25025.00
20190826 -25025.00
20190827 -25025.00
20190828 -25025.00
20190829 -25025.00
20190830 -25025.00
20190903 -25025.00
20190904 -25025.00
20190905 -25025.00
20190906 -25025.00
20190909 -25025.00
20190910 -25025.00
20190911 -25025.00
20190912 -25025.00
20190913 -25025.00
20190916 -25025.00
20190917 -25025.00
20190918 -25025.00
20190919 -25025.00
20190920 -25025.00
20190923 -25025.00
20190924 -25025.00
20190925 -25025.00
20190926 -25025.00
20190927 -25025.00
20190930 -25025.00
20191001 -25025.00
20191002 -25025.00
20191003 -25025.00
20191004 -25025.00
20191007 -25025.00
20191008 -25025.00
20191009 -25025.00
20191010 -25025.00
20191011 -25025.00
20191014 -25025.00
20191015 -25262.50
20191016 -25562.50
20191017 -25387.50
20191018 -25262.50
20191021 -25725.00
20191022 -25962.50
20191023 -25837.50
20191024 -26100.00
20191025 -26662.50
20191028 -26937.50
20191029 -27050.00
20191030 -27312.50
20191031 -27250.00
20191101 -26662.50
20191104 -26912.50
20191105 -26825.00
20191106 -27087.50
20191107 -26850.00
20191108 -27237.50
20191111 -28162.50
20191112 -27600.00
20191113 -28087.50
20191114 -28075.00
20191115 -28250.00
20191118 -28425.00
20191119 -28275.00
20191120 -28100.00
20191121 -28425.00
20191122 -28112.50
20191125 -27325.00
20191126 -27362.50
20191127 -27575.00
20191129 -26825.00
20191202 -27150.00
20191203 -27650.00
20191204 -27537.50
20191205 -27725.00
20191206 -27687.50
20191209 -27775.00
20191210 -27725.00
20191211 -27950.00
20191212 -27400.00
20191213 -27287.50
20191216 -26425.00
20191217 -26100.00
20191218 -26500.00
20191219 -26650.00
20191220 -26800.00
20191223 -26937.50
20191224 -26862.50
20191226 -26462.50
20191227 -26100.00
20191230 -26112.50
20191231 -25975.00
20200102 -25900.00
20200103 -26187.50
20200106 -26412.50
20200107 -26400.00
20200108 -26275.00
20200109 -25800.00
20200110 -25687.50
20200113 -25800.00
20200114 -25487.50
20200115 -25250.00
20200116 -25650.00
20200117 -25387.50
20200121 -24837.50
20200122 -25025.00
20200123 -24887.50
20200124 -25237.50
20200127 -25300.00
20200128 -25425.00
20200129 -25800.00
20200130 -25887.50
20200131 -25850.00
20200203 -25987.50
20200204 -26025.00
20200205 -25812.50
20200206 -26150.00
20200207 -26075.00
20200210 -26525.00
20200211 -27050.00
20200212 -27162.50
20200213 -27512.50
20200214 -27462.50
20200218 -26187.50
20200219 -26512.50
20200220 -26550.00
20200221 -26887.50
20200224 -26812.50
20200225 -27012.50
20200226 -27200.00
20200227 -27062.50
20200228 -26962.50
20200302 -27737.50
20200303 -28150.00
20200304 -28525.00
20200305 -27850.00
20200306 -27275.00
20200309 -26050.00
20200310 -26600.00
20200311 -26300.00
20200312 -25175.00
20200313 -24637.50
20200316 -22737.50
20200317 -22475.00
20200318 -22550.00
20200319 -25287.50
20200320 -26375.00
20200323 -28600.00
20200324 -28925.00
20200325 -28725.00
20200326 -28675.00
20200327 -28600.00
20200330 -28400.00
20200331 -28562.50
20200401 -27100.00
20200402 -26837.50
20200403 -26475.00
20200406 -26387.50
20200407 -26537.50
20200408 -26450.00
20200409 -26987.50
20200413 -26512.50
20200414 -25875.00
20200415 -25287.50
20200416 -25050.00
20200417 -24962.50
20200420 -24262.50
20200421 -24225.00
20200422 -24837.50
20200423 -25150.00
20200424 -24625.00
20200427 -23950.00
20200428 -23662.50
20200429 -24062.50
20200430 -25225.00
20200501 -24862.50
20200504 -24062.50
20200505 -24287.50
20200506 -23800.00
20200507 -24575.00
20200508 -24950.00
20200511 -25137.50
20200512 -25175.00
20200513 -24350.00
20200514 -24187.50
20200515 -24350.00
20200518 -24750.00
20200519 -24650.00
20200520 -24775.00
20200521 -24100.00
20200522 -24025.00
20200526 -24762.50
20200527 -24912.50
20200528 -25187.50
20200529 -24787.50
20200601 -24650.00
20200602 -25200.00
20200603 -25537.50
20200604 -26300.00
20200605 -26525.00
20200608 -26650.00
20200609 -26337.50
20200610 -26275.00
20200611 -26450.00
20200612 -26462.50
20200615 -26425.00
20200616 -26412.50
20200617 -26475.00
20200618 -26512.50
20200619 -26587.50
20200622 -26375.00
20200623 -26212.50
20200624 -26175.00
20200625 -25825.00
20200626 -25762.50
20200629 -26237.50
20200630 -26875.00
20200701 -26937.50
20200702 -27012.50
20200706 -26537.50
20200707 -26725.00
20200708 -26987.50
20200709 -26775.00
20200710 -27312.50
20200713 -28087.50
20200714 -27975.00
20200715 -27712.50
20200716 -27300.00
20200717 -27100.00
20200720 -26850.00
20200721 -27200.00
20200722 -27075.00
20200723 -26850.00
20200724 -26887.50
20200727 -26862.50
20200728 -27475.00
20200729 -27587.50
20200730 -27437.50
20200731 -27225.00
20200803 -27037.50
20200804 -27762.50
20200805 -28012.50
20200806 -28062.50
20200807 -28412.50
20200810 -28262.50
20200811 -28300.00
20200812 -27975.00
20200813 -27687.50
20200814 -27687.50
20200817 -27187.50
20200818 -27312.50
20200819 -27300.00
20200820 -27737.50
20200821 -27762.50
20200824 -27712.50
20200825 -26987.50
20200826 -26787.50
20200827 -25900.00
20200828 -25475.00
20200831 -25325.00
20200901 -25262.50
20200902 -25237.50
20200903 -25287.50
20200904 -25337.50
20200908 -25387.50
20200909 -25125.00
20200910 -24962.50
20200911 -24350.00
20200914 -23937.50
20200915 -24887.50
20200916 -23425.00
20200917 -21675.00
20200918 -19825.00
20200921 -22325.00
20200922 -22325.00
20200923 -23075.00
20200924 -24012.50
20200925 -24075.00
20200928 -24012.50
20200929 -24312.50
20200930 -20650.00
20201001 -20850.00
20201002 -20987.50
20201005 -20412.50
20201006 -18587.50
20201007 -17312.50
20201008 -18062.50
20201009 -16962.50
20201012 -18825.00
20201013 -18212.50
20201014 -17200.00
20201015 -15462.50
20201016 -15812.50
20201019 -15350.00
20201020 -14437.50
20201021 -13900.00
20201022 -14037.50
20201023 -12887.50
20201026 -13400.00
20201027 -13975.00
20201028 -16137.50
20201029 -16750.00
20201030 -16725.00
20201102 -16525.00
20201103 -15725.00
20201104 -14512.50
20201105 -13275.00
20201106 -13875.00
20201109 -13612.50
20201110 -10512.50
20201111 -11000.00
20201112 -12287.50
20201113 -11787.50
20201116 -11000.00
20201117 -10125.00
20201118 -9425.00
20201119 -9800.00
20201120 -9512.50
20201123 -8550.00
20201124 -7975.00
20201125 -9637.50
20201127 -8462.50
20201130 -11062.50
20201201 -12037.50
20201202 -12387.50
20201203 -11487.50
20201204 -12050.00
20201207 -12100.00
20201208 -12950.00
20201209 -12112.50
20201210 -12525.00
20201211 -12025.00
20201214 -11550.00
20201215 -10775.00
20201216 -10675.00
20201217 -9537.50
20201218 -8350.00
20201221 -7062.50
20201222 -6687.50
20201223 -5925.00
20201224 -5500.00
20201228 -5637.50
20201229 -3225.00
20201230 -2575.00
20201231 -1575.00
20210104 -1487.50
20210105     0.00
20210106     0.00
20210107  -625.00
20210108     0.00
20210111  -512.50
20210112     0.00
20210113  -462.50
20210114     0.00
20210115  -550.00
20210119 -2537.50
20210120 -3775.00
20210121 -3975.00
20210122 -9400.00
20210125 -6562.50
20210126 -3350.00
20210127 -3387.50
20210128 -5000.00
20210129 -2737.50
20210201 -3462.50
20210202 -4612.50
20210203 -3162.50
20210204 -3737.50
20210205 -3912.50
20210208 -1375.00
20210209 -1362.50
20210210 -5537.50
20210211 -4637.50
20210212 -4362.50
20210216 -2012.50
20210217 -2700.00
20210218 -2350.00
20210219 -3200.00
20210222 -1800.00
20210223  -462.50
20210224     0.00
20210225 -1762.50
20210226 -2812.50
20210301 -4425.00
20210302 -2225.00
20210303 -3475.00
20210304 -3712.50
20210305 -1987.50
20210308 -2050.00
20210309 -1300.00
20210310 -3600.00
20210311 -3687.50
20210312 -3875.00
20210315 -2712.50
20210316 -2187.50
20210317 -2625.00
20210318 -4950.00
20210319 -3362.50
20210322 -3737.50
20210323 -3337.50
20210324 -2762.50
20210325 -4025.00
20210326 -4412.50
20210329 -5075.00
20210330 -6762.50
20210331 -2012.50
20210401 -3975.00
20210405 -3762.50
20210406 -3412.50
20210407 -3600.00
20210408 -2312.50
20210409 -3050.00
20210412 -4512.50
20210413 -3587.50
20210414 -1862.50
20210415 -1650.00
20210416 -1125.00
20210419     0.00
20210420     0.00
20210421     0.00
20210422     0.00
20210423     0.00
20210426     0.00
20210427  -500.00
20210428 -1812.50
20210429 -1862.50
20210430     0.00
20210503 -1037.50
20210504     0.00
20210505     0.00
20210506     0.00
20210507     0.00
20210510 -2700.00
20210511  -250.00
20210512     0.00
20210513 -6337.50
20210514 -7487.50
20210517 -7362.50
20210518 -7825.00
20210519 -10562.50
20210520 -10700.00
20210521 -11350.00
20210524 -12237.50
20210525 -14687.50
20210526 -14812.50
20210527 -14812.50
20210528 -14812.50
20210601 -14812.50
20210602 -14812.50
20210603 -14812.50
20210604 -14812.50
20210607 -14812.50
20210608 -14812.50
20210609 -14812.50
20210610 -14812.50
20210611 -14812.50
20210614 -14812.50
20210615 -14812.50
20210616 -14812.50
20210617 -14812.50
20210618 -14812.50
20210621 -14812.50
20210622 -14812.50
20210623 -14812.50
20210624 -14812.50
20210625 -14812.50
20210628 -14812.50
20210629 -14812.50
20210630 -14812.50
20210701 -14812.50
20210702 -14812.50
20210706 -14812.50
20210707 -14812.50
20210708 -14812.50
20210709 -14812.50
20210712 -14812.50
20210713 -14812.50
20210714 -14812.50
20210715 -14812.50
20210716 -14812.50
20210719 -14812.50
20210720 -14812.50
20210721 -14812.50
20210722 -14812.50
20210723 -14812.50
20210726 -14812.50
20210727 -14812.50
20210728 -14812.50
20210729 -14812.50
20210730 -14812.50
20210802 -14812.50
20210803 -14812.50
20210804 -14812.50
20210805 -14812.50
20210806 -14812.50
20210809 -14812.50
20210810 -14812.50
20210811 -14812.50
20210812 -14812.50
20210813 -14812.50
20210816 -14812.50
20210817 -14812.50
20210818 -14812.50
20210819 -14812.50
20210820 -14812.50
20210823 -14812.50
20210824 -14812.50
20210825 -14812.50
20210826 -14812.50
20210827 -14812.50
20210830 -14812.50
20210831 -14812.50
20210901 -14812.50
20210902 -14812.50
20210903 -14812.50
20210907 -14812.50
20210908 -14787.50
20210909 -14775.00
20210910 -15150.00
20210913 -14937.50
20210914 -15287.50
20210915 -15950.00
20210916 -15750.00
20210917 -15637.50
20210920 -15362.50
20210921 -15125.00
20210922 -15550.00
20210923 -15737.50
20210924 -15612.50
20210927 -16250.00
20210928 -15900.00
20210929 -16225.00
20210930 -16112.50
20211001 -16350.00
20211004 -16312.50
20211005 -16962.50
20211006 -16275.00
20211007 -16625.00
20211008 -16237.50
20211011 -15625.00
20211012 -13600.00
20211013 -12937.50
20211014 -13712.50
20211015 -14737.50
20211018 -15275.00
20211019 -15475.00
20211020 -16800.00
20211021 -15375.00
20211022 -15487.50
20211025 -16325.00
20211026 -16637.50
20211027 -16800.00
20211028 -16612.50
20211029 -16787.50
20211101 -16737.50
20211102 -17737.50
20211103 -18112.50
20211104 -17637.50
20211105 -17450.00
20211108 -16600.00
20211109 -17087.50
20211110 -15375.00
20211111 -15125.00
20211112 -15650.00
20211115 -15875.00
20211116 -16650.00
20211117 -17125.00
20211118 -16762.50
20211119 -16625.00
20211122 -15737.50
20211123 -14975.00
20211124 -15650.00
20211126 -15150.00
20211129 -15962.50
20211130 -17237.50
20211201 -17425.00
20211202 -16737.50
20211203 -18087.50
20211206 -17700.00
20211207 -16900.00
20211208 -18075.00
20211209 -18912.50
20211210 -18737.50
20211213 -19075.00
20211214 -18900.00
20211215 -20675.00
20211216 -20425.00
20211217 -20325.00
20211220 -20437.50
20211221 -20075.00
20211222 -19862.50
20211223 -19400.00
20211227 -17425.00
20211228 -18087.50
20211229 -18012.50
20211230 -20000.00
20211231 -20100.00
20220103 -19487.50
20220104 -16762.50
20220105 -16875.00
20220106 -17175.00
20220107 -15875.00
20220110 -17500.00
20220111 -17350.00
20220112 -16812.50
20220113 -18487.50
20220114 -18425.00
20220118 -18687.50
20220119 -16637.50
20220120 -14887.50
20220121 -15200.00
20220124 -15525.00
20220125 -15362.50
20220126 -13375.00
20220127 -13050.00
20220128 -11425.00
20220131 -10900.00
20220201 -8562.50
20220202 -8337.50
20220203 -8675.00
20220204 -8025.00
20220207 -5875.00
20220208 -6662.50
20220209 -4650.00
20220210 -5925.00
20220211 -5025.00
20220214 -5437.50
20220215 -7262.50
20220216 -5000.00
20220217 -4625.00
20220218 -3937.50
20220222 -1237.50
20220223     0.00
20220224     0.00
20220225 -8950.00
20220228  -875.00
20220301     0.00
20220302     0.00
20220303     0.00
20220304     0.00
20220307     0.00
20220308     0.00
20220309 -6150.00
20220310 -10012.50
20220311 -9212.50
20220314 -10712.50
20220315 -7912.50
20220316 -14037.50
20220317 -10412.50
20220318 -12787.50
20220321 -8137.50
20220322 -8075.00
20220323 -7350.00
20220324 -9725.00
20220325 -8137.50
20220328 -12975.00
20220329 -17287.50
20220330 -15000.00
20220331 -17812.50
