-----------------------------------------
Sys Name : TF-Boll-TM
Mkt Symb : GC Mkt Name : Gold
20100407     TF-Bol-B  1 1388.80000       0.00       0.00
20100506        Lprof  1 1438.80000    4950.00    4950.00
20100914     TF-Bol-B  1 1500.90000       0.00       0.00
20101001        Lprof  1 1551.00000    4960.00    9910.00
20110127     TF-Bol-S  1 1549.40000       0.00       0.00
20110203         Sxit  1 1579.50000   -3060.00    6850.00
20110301     TF-Bol-B  1 1656.70000       0.00       0.00
20110315         Lxit  1 1626.70000   -3050.00    3800.00
20110324     TF-Bol-B  1 1675.20000       0.00       0.00
20110328         Lxit  1 1645.20000   -3050.00     750.00
20110405     TF-Bol-B  1 1682.80000       0.00       0.00
20110420        Lprof  1 1732.80000    4950.00    5700.00
20110713     TF-Bol-B  1 1806.70000       0.00       0.00
20110729        Lprof  1 1856.80000    4960.00   10660.00
20111214     TF-Bol-S  1 1809.80000       0.00       0.00
20111221         Sxit  1 1839.80000   -3050.00    7610.00
20111228     TF-Bol-S  1 1776.90000       0.00       0.00
20120103         Sxit  1 1807.00000   -3060.00    4550.00
20120508     TF-Bol-S  1 1813.00000       0.00       0.00
20120515        Sprof  1 1763.00000    4950.00    9500.00
20120822     TF-Bol-B  1 1862.90000       0.00       0.00
20120906        Lprof  1 1913.00000    4960.00   14460.00
20121218     TF-Bol-S  1 1869.40000       0.00       0.00
20130117         Sxit  1 1899.50000   -3060.00   11400.00
20130214     TF-Bol-S  1 1836.80000       0.00       0.00
20130220        Sprof  1 1786.70000    4960.00   16360.00
20131112     TF-Bol-S  1 1460.30000       0.00       0.00
20131114         Sxit  1 1490.30000   -3050.00   13310.00
20131120     TF-Bol-S  1 1450.10000       0.00       0.00
20131219        Sprof  1 1400.00000    4960.00   18270.00
20140224     TF-Bol-B  1 1532.70000       0.00       0.00
20140314        Lprof  1 1582.80000    4960.00   23230.00
20140530     TF-Bol-S  1 1448.30000       0.00       0.00
20140616         Sxit  1 1478.30000   -3050.00   20180.00
20140911     TF-Bol-S  1 1437.40000       0.00       0.00
20141003        Sprof  1 1387.40000    4950.00   25130.00
20150115     TF-Bol-B  1 1449.40000       0.00       0.00
20150121        Lprof  1 1499.50000    4960.00   30090.00
20150317     TF-Bol-S  1 1335.30000       0.00       0.00
20150318         Sxit  1 1365.30000   -3050.00   27040.00
20150707     TF-Bol-S  1 1346.60000       0.00       0.00
20150720        Sprof  1 1296.50000    4960.00   32000.00
20151014     TF-Bol-B  1 1376.50000       0.00       0.00
20151028         Lxit  1 1346.50000   -3050.00   28950.00
20151117     TF-Bol-S  1 1260.60000       0.00       0.00
20160107         Sxit  1 1290.60000   -3050.00   25900.00
20160208     TF-Bol-B  1 1369.30000       0.00       0.00
20160211        Lprof  1 1419.30000    4950.00   30850.00
20160615     TF-Bol-B  1 1482.10000       0.00       0.00
20160622         Lxit  1 1452.00000   -3060.00   27790.00
20160624     TF-Bol-B  1 1488.40000       0.00       0.00
20160624         Lxit  1 1441.10000   -4780.00   23010.00
20160627     TF-Bol-B  1 1509.10000       0.00       0.00
20160706        Lprof  1 1559.10000    4950.00   27960.00
20161004     TF-Bol-S  1 1467.50000       0.00       0.00
20161109         Sxit  1 1494.50000   -2750.00   25210.00
20161111     TF-Bol-S  1 1422.20000       0.00       0.00
20161123        Sprof  1 1372.20000    4950.00   30160.00
20170417     TF-Bol-B  1 1463.60000       0.00       0.00
20170426         Lxit  1 1433.50000   -3060.00   27100.00
20170606     TF-Bol-B  1 1463.40000       0.00       0.00
20170612         Lxit  1 1433.40000   -3050.00   24050.00
20170707     TF-Bol-S  1 1382.70000       0.00       0.00
20170720         Sxit  1 1412.80000   -3060.00   20990.00
20170818     TF-Bol-B  1 1463.40000       0.00       0.00
20170907        Lprof  1 1513.50000    4960.00   25950.00
20171207     TF-Bol-S  1 1412.30000       0.00       0.00
20171226         Sxit  1 1442.30000   -3050.00   22900.00
20180110     TF-Bol-B  1 1482.30000       0.00       0.00
20180301         Lxit  1 1460.70000   -2210.00   20690.00
20180430     TF-Bol-S  1 1457.70000       0.00       0.00
20180621        Sprof  1 1407.70000    4950.00   25640.00
20181204     TF-Bol-B  1 1371.80000       0.00       0.00
20190104        Lprof  1 1421.80000    4950.00   30590.00
20190417     TF-Bol-S  1 1387.20000       0.00       0.00
20190531         Sxit  1 1412.70000   -2600.00   27990.00
20190605     TF-Bol-B  1 1452.10000       0.00       0.00
20190620        Lprof  1 1502.10000    4950.00   32940.00
20191125     TF-Bol-S  1 1548.80000       0.00       0.00
20191224         Sxit  1 1578.80000   -3050.00   29890.00
20200103     TF-Bol-B  1 1625.10000       0.00       0.00
20200106        Lprof  1 1675.10000    4950.00   34840.00
20200324     TF-Bol-B  1 1755.00000       0.00       0.00
20200325         Lxit  1 1725.00000   -3050.00   31790.00
20200406     TF-Bol-B  1 1767.10000       0.00       0.00
20200409        Lprof  1 1817.10000    4950.00   36740.00
20200721     TF-Bol-B  1 1881.50000       0.00       0.00
20200723        Lprof  1 1931.60000    4960.00   41700.00
20201123     TF-Bol-S  1 1865.60000       0.00       0.00
20201127        Sprof  1 1815.50000    4960.00   46660.00
20210119     TF-Bol-S  1 1831.30000       0.00       0.00
20210120         Sxit  1 1863.40000   -3260.00   43400.00
20210204     TF-Bol-S  1 1822.40000       0.00       0.00
20210208         Sxit  1 1852.50000   -3060.00   40340.00
20210216     TF-Bol-S  1 1812.80000       0.00       0.00
20210226        Sprof  1 1762.70000    4960.00   45300.00
20210518     TF-Bol-B  1 1892.70000       0.00       0.00
20210614         Lxit  1 1862.70000   -3050.00   42250.00
20210809     TF-Bol-S  1 1746.10000       0.00       0.00
20210813         Sxit  1 1776.10000   -3050.00   39200.00
20210929     TF-Bol-S  1 1737.50000       0.00       0.00
20210930         Sxit  1 1767.60000   -3060.00   36140.00
20211110     TF-Bol-B  1 1849.90000       0.00       0.00
20211122         Lxit  1 1819.90000   -3050.00   33090.00
20220211     TF-Bol-B  1 1870.40000       0.00       0.00
20220222        Lprof  1 1920.50000    4960.00   38050.00
-----------------------------------------
Sys Name : TF-Boll-TM
Mkt Symb : HG Mkt Name : Copper
20100104     TF-Bol-B  1   4.25100       0.00       0.00
20100127         Lxit  1   4.13100   -3050.00   -3050.00
20100205     TF-Bol-S  1   3.72650       0.00       0.00
20100209         Sxit  1   3.84700   -3062.50   -6112.50
20100330     TF-Bol-B  1   4.45550       0.00       0.00
20100419         Lxit  1   4.33500   -3062.50   -9175.00
20100505     TF-Bol-S  1   3.88650       0.00       0.00
20100506         Sxit  1   4.01750   -3325.00  -12500.00
20100517     TF-Bol-S  1   3.84400       0.00       0.00
20100521         Sxit  1   3.96450   -3062.50  -15562.50
20100603     TF-Bol-S  1   3.80100       0.00       0.00
20100607        Sprof  1   3.60100    4950.00  -10612.50
20100901     TF-Bol-B  1   4.30450       0.00       0.00
20100929        Lprof  1   4.50500    4962.50   -5650.00
20110429     TF-Bol-S  1   4.94950       0.00       0.00
20110506        Sprof  1   4.74950    4950.00    -700.00
20110809     TF-Bol-S  1   4.68400       0.00       0.00
20110810         Sxit  1   4.81100   -3225.00   -3925.00
20110811     TF-Bol-S  1   4.66300       0.00       0.00
20110812         Sxit  1   4.82100   -4000.00   -7925.00
20110919     TF-Bol-S  1   4.60500       0.00       0.00
20110922        Sprof  1   4.40500    4950.00   -2975.00
20120117     TF-Bol-B  1   4.45400       0.00       0.00
20120127        Lprof  1   4.65400    4950.00    1975.00
20120509     TF-Bol-S  1   4.35950       0.00       0.00
20120523        Sprof  1   4.15900    4962.50    6937.50
20120907     TF-Bol-B  1   4.26400       0.00       0.00
20120913        Lprof  1   4.46450    4962.50   11900.00
20130318     TF-Bol-S  1   4.15900       0.00       0.00
20130415        Sprof  1   3.95850    4962.50   16862.50
20131114     TF-Bol-S  1   3.81000       0.00       0.00
20131125         Sxit  1   3.93050   -3062.50   13800.00
20131202     TF-Bol-S  1   3.83350       0.00       0.00
20131210         Sxit  1   3.93250   -2525.00   11275.00
20131224     TF-Bol-B  1   4.02650       0.00       0.00
20140123         Lxit  1   3.94900   -1987.50    9287.50
20140307     TF-Bol-S  1   3.80150       0.00       0.00
20140319        Sprof  1   3.60100    4962.50   14250.00
20140701     TF-Bol-B  1   3.94050       0.00       0.00
20140813         Lxit  1   3.87300   -1737.50   12512.50
20140922     TF-Bol-S  1   3.74000       0.00       0.00
20141128        Sprof  1   3.54000    4950.00   17462.50
20150430     TF-Bol-B  1   3.55100       0.00       0.00
20150529         Lxit  1   3.43100   -3050.00   14412.50
20150619     TF-Bol-S  1   3.25700       0.00       0.00
20150723        Sprof  1   3.05650    4962.50   19375.00
20151106     TF-Bol-S  1   2.94750       0.00       0.00
20151120        Sprof  1   2.74700    4962.50   24337.50
20160303     TF-Bol-B  1   2.91450       0.00       0.00
20160407         Lxit  1   2.81300   -2587.50   21750.00
20161107     TF-Bol-B  1   2.95300       0.00       0.00
20161110        Lprof  1   3.15350    4962.50   26712.50
20170419     TF-Bol-S  1   3.15450       0.00       0.00
20170501         Sxit  1   3.27500   -3062.50   23650.00
20170503     TF-Bol-S  1   3.18050       0.00       0.00
20170609         Sxit  1   3.26100   -2062.50   21587.50
20170717     TF-Bol-B  1   3.34750       0.00       0.00
20170807        Lprof  1   3.54800    4962.50   26550.00
20171226     TF-Bol-B  1   3.84250       0.00       0.00
20180123         Lxit  1   3.72200   -3062.50   23487.50
20180322     TF-Bol-S  1   3.56200       0.00       0.00
20180410         Sxit  1   3.68250   -3062.50   20425.00
20180606     TF-Bol-B  1   3.79300       0.00       0.00
20180615         Lxit  1   3.67300   -3050.00   17375.00
20180625     TF-Bol-S  1   3.51850       0.00       0.00
20180706        Sprof  1   3.31800    4962.50   22337.50
20181231     TF-Bol-S  1   3.11450       0.00       0.00
20190130         Sxit  1   3.20600   -2337.50   20000.00
20190219     TF-Bol-B  1   3.32850       0.00       0.00
20190501         Lxit  1   3.30950    -525.00   19475.00
20190521     TF-Bol-S  1   3.17550       0.00       0.00
20190719         Sxit  1   3.23000   -1412.50   18062.50
20190805     TF-Bol-S  1   3.00900       0.00       0.00
20190912         Sxit  1   3.11050   -2587.50   15475.00
20191001     TF-Bol-S  1   2.98350       0.00       0.00
20191011         Sxit  1   3.09150   -2750.00   12725.00
20191206     TF-Bol-B  1   3.16300       0.00       0.00
20200123         Lxit  1   3.15100    -350.00   12375.00
20200130     TF-Bol-S  1   2.98650       0.00       0.00
20200316        Sprof  1   2.78600    4962.50   17337.50
20200610     TF-Bol-B  1   3.10450       0.00       0.00
20200615         Lxit  1   2.98400   -3062.50   14275.00
20200623     TF-Bol-B  1   3.11150       0.00       0.00
20200710        Lprof  1   3.31200    4962.50   19237.50
20201020     TF-Bol-B  1   3.54550       0.00       0.00
20201127        Lprof  1   3.75600    5212.50   24450.00
20210818     TF-Bol-S  1   4.50150       0.00       0.00
20210823         Sxit  1   4.62200   -3062.50   21387.50
20210920     TF-Bol-S  1   4.46700       0.00       0.00
20210922         Sxit  1   4.58700   -3050.00   18337.50
20210930     TF-Bol-S  1   4.46950       0.00       0.00
20211004         Sxit  1   4.59000   -3062.50   15275.00
20211013     TF-Bol-B  1   4.86800       0.00       0.00
20211015        Lprof  1   5.06850    4962.50   20237.50
20220209     TF-Bol-B  1   4.99000       0.00       0.00
20220211         Lxit  1   4.87000   -3050.00   17187.50
20220216     TF-Bol-B  1   4.94200       0.00       0.00
20220217         Lxit  1   4.82200   -3050.00   14137.50
20220301     TF-Bol-B  1   4.95100       0.00       0.00
20220304        Lprof  1   5.15100    4950.00   19087.50
-----------------------------------------
Sys Name : TF-Boll-TM
Mkt Symb : SI Mkt Name : Silver
20100128     TF-Bol-S  1  21.70000       0.00       0.00
20100202         Sxit  1  22.30500   -3075.00   -3075.00
20100204     TF-Bol-S  1  21.59000       0.00       0.00
20100205        Sprof  1  20.58500    4975.00    1900.00
20100511     TF-Bol-B  1  24.64500       0.00       0.00
20100519         Lxit  1  24.04000   -3075.00   -1175.00
20100621     TF-Bol-B  1  24.85000       0.00       0.00
20100622         Lxit  1  24.15900   -3505.00   -4680.00
20100728     TF-Bol-S  1  22.76500       0.00       0.00
20100730         Sxit  1  23.37000   -3075.00   -7755.00
20100827     TF-Bol-B  1  24.70500       0.00       0.00
20100914        Lprof  1  25.70500    4950.00   -2805.00
20110218     TF-Bol-B  1  37.25500       0.00       0.00
20110222        Lprof  1  38.26000    4975.00    2170.00
20110822     TF-Bol-B  1  48.93000       0.00       0.00
20110823         Lxit  1  48.32500   -3075.00    -905.00
20110902     TF-Bol-B  1  48.02500       0.00       0.00
20110906         Lxit  1  47.42000   -3075.00   -3980.00
20110923     TF-Bol-S  1  38.84000       0.00       0.00
20110926        Sprof  1  36.03700   13965.00    9985.00
20120228     TF-Bol-B  1  41.55000       0.00       0.00
20120229         Lxit  1  40.94500   -3075.00    6910.00
20120508     TF-Bol-S  1  34.50000       0.00       0.00
20120511        Sprof  1  33.50000    4950.00   11860.00
20120823     TF-Bol-B  1  34.93500       0.00       0.00
20120827        Lprof  1  35.94000    4975.00   16835.00
20121220     TF-Bol-S  1  35.64000       0.00       0.00
20121221        Sprof  1  34.64000    4950.00   21785.00
20130219     TF-Bol-S  1  34.22000       0.00       0.00
20130220        Sprof  1  33.21500    4975.00   26760.00
20130827     TF-Bol-B  1  29.23500       0.00       0.00
20130829         Lxit  1  28.63000   -3075.00   23685.00
20131202     TF-Bol-S  1  24.14500       0.00       0.00
20131210         Sxit  1  24.75000   -3075.00   20610.00
20131231     TF-Bol-S  1  23.24500       0.00       0.00
20140102         Sxit  1  23.95400   -3595.00   17015.00
20140224     TF-Bol-B  1  26.62000       0.00       0.00
20140226         Lxit  1  26.01500   -3075.00   13940.00
20140314     TF-Bol-B  1  26.27000       0.00       0.00
20140317         Lxit  1  25.66500   -3075.00   10865.00
20140501     TF-Bol-S  1  23.20000       0.00       0.00
20140502         Sxit  1  23.80500   -3075.00    7790.00
20140710     TF-Bol-B  1  25.71000       0.00       0.00
20140715         Lxit  1  25.10500   -3075.00    4715.00
20140919     TF-Bol-S  1  22.53000       0.00       0.00
20140930        Sprof  1  21.53000    4950.00    9665.00
20150120     TF-Bol-B  1  22.24000       0.00       0.00
20150129         Lxit  1  21.63500   -3075.00    6590.00
20150707     TF-Bol-S  1  19.46000       0.00       0.00
20150826        Sprof  1  18.46000    4950.00   11540.00
20151014     TF-Bol-B  1  20.21000       0.00       0.00
20151102         Lxit  1  19.60500   -3075.00    8465.00
20160211     TF-Bol-B  1  19.97500       0.00       0.00
20160216         Lxit  1  19.37500   -3050.00    5415.00
20160304     TF-Bol-B  1  19.58500       0.00       0.00
20160401         Lxit  1  18.98000   -3075.00    2340.00
20160412     TF-Bol-B  1  20.25500       0.00       0.00
20160420        Lprof  1  21.25500    4950.00    7290.00
20160624     TF-Bol-B  1  22.17000       0.00       0.00
20160701        Lprof  1  23.17500    4975.00   12265.00
20161006     TF-Bol-S  1  21.38500       0.00       0.00
20161101         Sxit  1  21.99000   -3075.00    9190.00
20161114     TF-Bol-S  1  20.83000       0.00       0.00
20161215        Sprof  1  19.82500    4975.00   14165.00
20170503     TF-Bol-S  1  20.33500       0.00       0.00
20170523         Sxit  1  20.94000   -3075.00   11090.00
20170705     TF-Bol-S  1  19.54000       0.00       0.00
20170724         Sxit  1  20.14500   -3075.00    8015.00
20170905     TF-Bol-B  1  21.44500       0.00       0.00
20170918         Lxit  1  20.84000   -3075.00    4940.00
20171130     TF-Bol-S  1  19.92000       0.00       0.00
20171229         Sxit  1  20.38500   -2375.00    2565.00
20180613     TF-Bol-B  1  20.31000       0.00       0.00
20180615         Lxit  1  19.88500   -2175.00     390.00
20180627     TF-Bol-S  1  19.38500       0.00       0.00
20180813        Sprof  1  18.38500    4950.00    5340.00
20181226     TF-Bol-B  1  17.94500       0.00       0.00
20190130        Lprof  1  18.95000    4975.00   10315.00
20190423     TF-Bol-S  1  17.63500       0.00       0.00
20190614         Sxit  1  17.85000   -1125.00    9190.00
20190716     TF-Bol-B  1  18.33000       0.00       0.00
20190724        Lprof  1  19.33000    4950.00   14140.00
20191206     TF-Bol-S  1  19.00000       0.00       0.00
20191220         Sxit  1  19.60500   -3075.00   11065.00
20200108     TF-Bol-B  1  20.99500       0.00       0.00
20200109         Lxit  1  20.39000   -3075.00    7990.00
20200221     TF-Bol-B  1  20.93500       0.00       0.00
20200225         Lxit  1  20.33000   -3075.00    4915.00
20200228     TF-Bol-S  1  18.96500       0.00       0.00
20200303         Sxit  1  19.57000   -3075.00    1840.00
20200309     TF-Bol-S  1  18.88000       0.00       0.00
20200310         Sxit  1  19.48500   -3075.00   -1235.00
20200312     TF-Bol-S  1  18.87000       0.00       0.00
20200313        Sprof  1  17.87000    4950.00    3715.00
20200720     TF-Bol-B  1  22.15000       0.00       0.00
20200721        Lprof  1  23.15000    4950.00    8665.00
20201130     TF-Bol-S  1  23.88000       0.00       0.00
20201201         Sxit  1  24.48500   -3075.00    5590.00
20210104     TF-Bol-B  1  28.98000       0.00       0.00
20210108         Lxit  1  28.37500   -3075.00    2515.00
20210128     TF-Bol-B  1  28.71000       0.00       0.00
20210128         Lxit  1  26.66000  -10300.00   -7785.00
20210129     TF-Bol-B  1  28.73500       0.00       0.00
20210201        Lprof  1  30.18900    7220.00    -565.00
20210330     TF-Bol-S  1  25.59000       0.00       0.00
20210331         Sxit  1  26.19500   -3075.00   -3640.00
20210517     TF-Bol-B  1  29.94500       0.00       0.00
20210519         Lxit  1  29.34000   -3075.00   -6715.00
20210601     TF-Bol-B  1  30.28500       0.00       0.00
20210602         Lxit  1  29.66500   -3150.00   -9865.00
20210727     TF-Bol-S  1  26.17500       0.00       0.00
20210729         Sxit  1  26.78000   -3075.00  -12940.00
20210806     TF-Bol-S  1  26.20500       0.00       0.00
20210809        Sprof  1  25.20000    4975.00   -7965.00
20211215     TF-Bol-S  1  23.14500       0.00       0.00
20211216         Sxit  1  23.75000   -3075.00  -11040.00
20220224     TF-Bol-B  1  26.71000       0.00       0.00
20220225         Lxit  1  25.83000   -4450.00  -15490.00
20220301     TF-Bol-B  1  26.75500       0.00       0.00
20220307        Lprof  1  27.75500    4950.00  -10540.00
