EC,BP,CL,NG,HO,GC,HG,SI,
20100129,5656.25,0,0,0,0,0,-5425.0,70.0,
20100226,8481.25,3387.5,-6120.0,0,-6400.0,0,-13912.5,-1475.0,
20100331,9943.75,3750.0,-6120.0,5160.0,-6400.0,0,-14387.5,-5625.0,
20100430,12618.75,3143.75,-11540.0,5540.0,-3644.8,2830.0,-19187.5,-5625.0,
20100528,25456.25,8312.5,-7380.0,1910.0,-14375.0,6010.0,-21287.5,-9520.0,
20100630,25868.75,5025.0,-7960.0,-4860.0,-19821.6,9100.0,-17087.5,-17440.0,
20100730,18956.25,5025.0,-10910.0,-6660.0,-26025.0,3600.0,-23087.5,-23420.0,
20100831,18956.25,2475.0,-11730.0,-5470.0,-28019.2,3600.0,-23087.5,-24625.0,
20100930,22125.0,4862.5,-11730.0,-4750.0,-26637.4,7630.0,-18525.0,-12680.0,
20101029,26037.5,6925.0,-14490.0,-2920.0,-28632.4,12430.0,-16475.0,1035.0,
20101130,19056.25,5068.75,-15600.0,-5460.0,-25675.6,15130.0,-14412.5,19050.0,
20101231,19056.25,5068.75,-13580.0,-5460.0,-17040.4,18660.0,1125.0,32675.0,
20110131,19056.25,5068.75,-18200.0,-9280.0,-8749.6,11000.0,1412.5,12225.0,
20110228,19056.25,5293.75,-18920.0,-10260.0,-1076.2,7220.0,1887.5,21515.0,
20110331,21306.25,3950.0,-9950.0,-12680.0,5551.4,1900.0,-3862.5,41855.0,
20110429,29831.25,8181.25,-3300.0,-12680.0,11792.6,13550.0,-4362.5,95305.0,
20110531,20012.5,4950.0,-15570.0,-12700.0,-579.8,11490.0,-4325.0,28175.0,
20110630,20012.5,4325.0,-16710.0,-15700.0,-4187.6,8090.0,-4912.5,28175.0,
20110729,14725.0,3050.0,-16670.0,-15700.0,-9609.0,11630.0,-4912.5,28175.0,
20110831,14725.0,662.5,-9650.0,-16390.0,-17865.4,31680.0,-11525.0,18300.0,
20110930,21881.25,2581.25,180.0,-11880.0,-16160.2,14810.0,5862.5,20700.0,
20111031,14493.75,-175.0,-9840.0,-12620.0,-24462.8,14810.0,-6137.5,-655.0,
20111130,14493.75,-175.0,-9040.0,-7360.0,-33471.0,14810.0,-4362.5,7580.0,
20111230,15593.75,-175.0,-10790.0,-1370.0,-38427.0,17240.0,-5850.0,32025.0,
20120131,14106.25,-2825.0,-11310.0,3890.0,-41433.4,6020.0,-3875.0,14050.0,
20120229,11050.0,-2825.0,-10820.0,4160.0,-40400.2,6020.0,-1875.0,4635.0,
20120330,11050.0,-2675.0,-15790.0,9990.0,-42504.4,6020.0,-3237.5,-8025.0,
20120430,11050.0,-1312.5,-15790.0,9280.0,-44767.4,6020.0,-5775.0,-8025.0,
20120531,18118.75,-2587.5,-4100.0,6840.0,-31944.8,9870.0,862.5,885.0,
20120629,14543.75,-4493.75,-2200.0,6610.0,-32373.2,5870.0,-2275.0,1830.0,
20120731,18981.25,-5025.0,-5000.0,10640.0,-40243.2,5220.0,-300.0,320.0,
20120831,16218.75,-5025.0,-8760.0,5360.0,-40218.0,8250.0,-1325.0,5355.0,
20120928,17031.25,-3700.0,-8760.0,5360.0,-40919.4,16880.0,3937.5,21030.0,
20121031,18343.75,-3756.25,-9100.0,4490.0,-46109.8,11400.0,-1162.5,9725.0,
20121130,14987.5,-5100.0,-11340.0,2990.0,-46109.8,8390.0,-1162.5,4100.0,
20121231,14718.75,-7950.0,-12750.0,2600.0,-50741.6,7440.0,-1162.5,7485.0,
20130131,19343.75,-10887.5,-11220.0,2910.0,-50741.6,9030.0,-1162.5,-3700.0,
20130228,13862.5,-2375.0,-17260.0,2020.0,-56083.2,17420.0,-1162.5,1860.0,
20130329,13725.0,-2375.0,-17260.0,1600.0,-59598.6,15860.0,662.5,2405.0,
20130430,9118.75,-6200.0,-21950.0,4420.0,-52362.0,28220.0,6162.5,23305.0,
20130531,9118.75,-6200.0,-21950.0,360.0,-50115.0,36210.0,3537.5,33015.0,
20130628,5975.0,-8137.5,-26540.0,910.0,-56338.6,53140.0,9500.0,47010.0,
20130731,5975.0,-10512.5,-20980.0,2130.0,-56103.4,44250.0,7975.0,46220.0,
20130830,3581.25,-10512.5,-18220.0,1180.0,-61461.8,40280.0,5637.5,31385.0,
20130930,3006.25,-8262.5,-22750.0,-180.0,-67055.4,40280.0,5637.5,20500.0,
20131031,3818.75,-9068.75,-19770.0,-180.0,-68508.6,40280.0,5637.5,20500.0,
20131129,1618.75,-7118.75,-15460.0,-2540.0,-70964.8,41500.0,4187.5,20500.0,
20131231,662.5,-5843.75,-22850.0,-930.0,-72661.6,46310.0,3300.0,21805.0,
20140131,-1987.5,-6656.25,-22850.0,1710.0,-74130.8,39650.0,437.5,23055.0,
20140228,-1987.5,-7193.75,-21220.0,6620.0,-69552.8,38340.0,437.5,12160.0,
20140331,-2837.5,-9037.5,-26330.0,4210.0,-72984.2,34560.0,2475.0,7325.0,
20140430,-3750.0,-8443.75,-26330.0,8470.0,-75986.4,34580.0,1637.5,7325.0,
20140530,-6675.0,-9187.5,-27630.0,4720.0,-75986.4,35030.0,50.0,7670.0,
20140630,-8075.0,-7737.5,-24480.0,4720.0,-82386.4,29400.0,50.0,1475.0,
20140731,-4250.0,-10500.0,-28260.0,9340.0,-85472.6,29400.0,487.5,-3045.0,
20140829,-1037.5,-10093.75,-30260.0,7520.0,-84048.8,29400.0,-1737.5,-5025.0,
20140930,5350.0,-7856.25,-26680.0,6880.0,-75165.8,32450.0,-937.5,695.0,
20141031,6662.5,-6568.75,-16810.0,5410.0,-69785.6,36450.0,-1925.0,5450.0,
20141128,7837.5,-4268.75,-2400.0,-1500.0,-57929.0,36130.0,3612.5,8475.0,
20141231,12062.5,-4031.25,10810.0,8370.0,-45324.8,31190.0,4125.0,8260.0,
20150130,22200.0,-800.0,16320.0,10040.0,-40692.2,33510.0,12400.0,-990.0,
20150227,23462.5,-3606.25,15480.0,9750.0,-53081.4,27280.0,6975.0,-3700.0,
20150331,29050.0,-2968.75,19630.0,10930.0,-53081.4,19970.0,6750.0,-3700.0,
20150430,24212.5,-4637.5,15290.0,10210.0,-53081.4,19970.0,7462.5,-3700.0,
20150529,24212.5,-6331.25,15000.0,6900.0,-53081.4,19970.0,3512.5,-3700.0,
20150630,24212.5,-3543.75,13760.0,6900.0,-53081.4,19970.0,2150.0,-3700.0,
20150731,24212.5,-4262.5,15460.0,6900.0,-48835.2,26010.0,8437.5,-905.0,
20150831,21662.5,-5306.25,13920.0,6370.0,-52837.8,19490.0,8762.5,15.0,
20150930,20300.0,-6475.0,18330.0,7030.0,-44929.2,19490.0,5137.5,-3650.0,
20151030,16481.25,-8856.25,14110.0,11960.0,-43215.6,15090.0,5137.5,-6210.0,
20151130,19525.0,-8506.25,14620.0,14030.0,-35370.0,14270.0,10100.0,-8625.0,
20151231,15975.0,-6475.0,20460.0,13510.0,-24471.0,14780.0,7937.5,-8625.0,
20160129,14493.75,-3400.0,24850.0,13870.0,-22077.0,9980.0,9637.5,-8625.0,
20160229,9425.0,-1362.5,26880.0,20210.0,-22085.4,15590.0,8637.5,-13505.0,
20160331,10687.5,-4187.5,22470.0,18490.0,-25856.2,15520.0,7737.5,-10775.0,
20160429,11350.0,-4500.0,23360.0,17130.0,-22693.6,21010.0,6000.0,755.0,
20160531,8362.5,-5412.5,25860.0,17130.0,-18342.4,15750.0,6000.0,-8200.0,
20160630,7975.0,-3568.75,24560.0,21640.0,-19237.0,11380.0,6000.0,-5985.0,
20160729,6800.0,-3562.5,22070.0,21510.0,-23301.8,14320.0,6000.0,2635.0,
20160831,6206.25,-2831.25,16440.0,17920.0,-31705.2,9740.0,6000.0,-7000.0,
20160930,6206.25,-1868.75,16440.0,15950.0,-31705.2,9740.0,6000.0,-7000.0,
20161031,6843.75,2775.0,16440.0,16000.0,-37140.0,11250.0,6000.0,-8535.0,
20161130,8312.5,1175.0,16440.0,13350.0,-38134.6,14100.0,14700.0,-11945.0,
20161230,9262.5,-350.0,15980.0,13350.0,-35669.2,16320.0,11512.5,-9480.0,
20170131,6456.25,-350.0,14290.0,13350.0,-40809.2,9450.0,17062.5,-15925.0,
20170228,6456.25,-350.0,13200.0,13710.0,-40809.2,9450.0,16337.5,-15925.0,
20170331,3800.0,-2025.0,11650.0,10320.0,-43358.6,9450.0,14187.5,-15925.0,
20170428,4150.0,-318.75,9220.0,8870.0,-45953.4,7000.0,11862.5,-15925.0,
20170531,8337.5,-718.75,5500.0,8870.0,-50043.4,3910.0,9387.5,-19660.0,
20170630,10293.75,-2356.25,5090.0,8880.0,-52122.4,-210.0,8262.5,-20725.0,
20170731,15212.5,-2362.5,2850.0,11120.0,-53713.4,-4300.0,12500.0,-25020.0,
20170831,15856.25,-4100.0,2850.0,8990.0,-50601.2,-2290.0,17100.0,-25850.0,
20170929,14543.75,-2868.75,2830.0,8780.0,-47451.2,-6660.0,13512.5,-30675.0,
20171031,12981.25,-5081.25,5310.0,6660.0,-44444.0,-6660.0,17162.5,-30675.0,
20171130,9868.75,-5081.25,8140.0,4110.0,-43839.2,-6660.0,15412.5,-30575.0,
20171229,9868.75,-5081.25,11120.0,4740.0,-36657.2,-10300.0,16350.0,-33100.0,
20180131,13862.5,-1612.5,15480.0,3170.0,-36371.6,-9050.0,12175.0,-33100.0,
20180228,10981.25,-4250.0,9430.0,-490.0,-41381.4,-11570.0,12175.0,-33100.0,
20180329,11681.25,-2856.25,9430.0,-490.0,-41381.4,-12560.0,11612.5,-33100.0,
20180430,11493.75,-3293.75,11010.0,-490.0,-42225.6,-13290.0,8012.5,-33100.0,
20180531,16775.0,-937.5,9400.0,-630.0,-39709.8,-11310.0,8012.5,-33100.0,
20180629,17368.75,-181.25,9300.0,-910.0,-45517.6,-6290.0,5575.0,-35415.0,
20180731,17356.25,356.25,3120.0,-1780.0,-45517.6,-3240.0,8937.5,-32220.0,
20180831,17262.5,1518.75,3120.0,-1780.0,-45517.6,-550.0,13512.5,-26585.0,
20180928,17262.5,300.0,3670.0,-1910.0,-43140.4,500.0,8562.5,-27360.0,
20181031,19525.0,187.5,-210.0,10.0,-47235.4,-2320.0,8562.5,-25210.0,
20181130,19943.75,-1537.5,12590.0,13050.0,-38523.8,-2320.0,8562.5,-28175.0,
20181231,18618.75,-1400.0,18380.0,2310.0,-32459.0,1070.0,8862.5,-25485.0,
20190131,17831.25,-2562.5,10240.0,2310.0,-40905.2,4840.0,6175.0,-22825.0,
20190228,17262.5,-2268.75,9260.0,2310.0,-43739.4,3930.0,8350.0,-25505.0,
20190329,17337.5,-4293.75,9260.0,2310.0,-43739.4,360.0,8050.0,-27400.0,
20190430,17612.5,-4293.75,10810.0,2310.0,-43739.4,-670.0,7100.0,-27965.0,
20190531,18606.25,-1243.75,6530.0,2490.0,-45838.6,-2290.0,7450.0,-25880.0,
20190628,16875.0,-1918.75,1800.0,3780.0,-49681.6,4510.0,5600.0,-28575.0,
20190731,18012.5,5093.75,100.0,4350.0,-51789.2,5630.0,4137.5,-24795.0,
20190830,19737.5,5431.25,-4310.0,3870.0,-54674.6,14790.0,4162.5,-15835.0,
20190930,21012.5,1393.75,-11420.0,460.0,-62880.6,9140.0,1500.0,-22555.0,
20191031,17881.25,2331.25,-15670.0,460.0,-63064.6,9750.0,-1300.0,-17210.0,
20191129,17881.25,2206.25,-15670.0,-2450.0,-63064.6,8720.0,-1300.0,-20000.0,
20191231,18281.25,4187.5,-14270.0,-1380.0,-62602.6,6070.0,462.5,-25350.0,
20200131,13481.25,3718.75,-17860.0,1870.0,-57062.0,10430.0,-875.0,-30625.0,
20200228,15456.25,2393.75,-10790.0,3560.0,-50833.4,8310.0,-1350.0,-34515.0,
20200331,7981.25,1406.25,13870.0,4760.0,-30841.4,-1870.0,6450.0,-28410.0,
20200430,7981.25,493.75,21170.0,1780.0,-19854.2,7890.0,3425.0,-31840.0,
20200529,7981.25,2218.75,4490.0,1820.0,-26843.0,11380.0,1725.0,-38200.0,
20200630,7181.25,1062.5,4490.0,3340.0,-32600.4,5270.0,2887.5,-38200.0,
20200731,14006.25,3387.5,4490.0,3450.0,-32600.4,18690.0,6375.0,-17725.0,
20200831,15756.25,5081.25,4490.0,4150.0,-32600.4,17960.0,10712.5,3390.0,
20200930,12918.75,1150.0,4490.0,-960.0,-32600.4,8430.0,9987.5,-24700.0,
20201030,13081.25,1150.0,3150.0,-960.0,-32197.2,8430.0,4112.5,-24700.0,
20201130,12912.5,981.25,-1790.0,-2310.0,-34863.4,14550.0,13362.5,-27085.0,
20201231,16231.25,2881.25,1180.0,920.0,-30167.8,2390.0,15387.5,-39300.0,
20210129,14943.75,3168.75,4810.0,-2680.0,-25363.0,-1470.0,16312.5,-51535.0,
20210226,13387.5,4675.0,14090.0,-2680.0,-14787.4,10680.0,29500.0,-54175.0,
20210331,15031.25,2968.75,11720.0,-2680.0,-17924.8,12240.0,27075.0,-60910.0,
20210430,10818.75,2968.75,16090.0,-2680.0,-11574.4,4100.0,38950.0,-69225.0,
20210528,10818.75,3700.0,18820.0,-5730.0,-6643.6,6830.0,44187.5,-70530.0,
20210630,10818.75,2150.0,26230.0,-1820.0,-2956.0,-4400.0,35075.0,-77600.0,
20210730,10818.75,106.25,19210.0,1000.0,-8159.0,-4400.0,35075.0,-82615.0,
20210831,10818.75,-600.0,19210.0,5430.0,-13954.2,-13430.0,29087.5,-74680.0,
20210930,11043.75,-912.5,18980.0,19660.0,-8586.6,-16430.0,29200.0,-64885.0,
20211029,11437.5,-2837.5,28070.0,13440.0,-2328.6,-19620.0,19837.5,-75600.0,
20211130,14462.5,250.0,18980.0,9380.0,-10790.8,-24510.0,19837.5,-75600.0,
20211231,13850.0,-3050.0,18980.0,9330.0,-10790.8,-24510.0,19837.5,-84500.0,
20220131,11425.0,-3050.0,21640.0,-1710.0,-5654.2,-24510.0,19837.5,-84500.0,
20220228,8462.5,-3050.0,31040.0,-1710.0,4904.6,-20920.0,15200.0,-88720.0,
20220331,10531.25,-2806.25,36930.0,1960.0,36816.2,-16080.0,22612.5,-84885.0,
