Testing from : 20000103 to: 20240718
-----------------------------------------------------------------------------------------------------------
                                                                                      Avg.   Monthly    Avg.
SysName         Market     TotProfit  MaxDD ClsTrdDD AvgWin  AvgLoss PerWins #Trds  MonthRet.  StdDev  YearlyRet.
TF-Boll-Omni... EuroCur-EC     40418  20749   18187    3056    -1306    0.42     76      137    1679     1750
TF-Boll-Omni... J.Yen-JY       -4137  19374   16200    1528    -1117    0.40     70      -14     950      -45
TF-Boll-Omni... B.Pound-BP     -2537  14093   13000    1121     -974    0.45     78       -8     802      -79
TF-Boll-Omni... TenYr-TY      -18015  26309   22915     936     -885    0.36     80      -61     658     -748
TF-Boll-Omni... FiveYr-FV     -20570  23814   22070     545     -614    0.29     75      -69     445     -832
TF-Boll-Omni... 30YrBnd-US      1718  23556   20512    2208    -1694    0.44     75        5    1335       39
TF-Boll-Omni... MiniES-ES      13675  16975   13787    2262    -1777    0.50     56       46    1247      240
TF-Boll-Omni... MiniNQ-NQ      28425  31795   28535    2795    -1976    0.49     75       96    1952      509
TF-Boll-Omni... MiniDow-EM   -382700 622300  525700   29309   -25597    0.35     60    -1427   18707   -19340
TF-Boll-Omni... Crude-CL       17810  23849   22819    4915    -2611    0.38     71       60    2244     1221
TF-Boll-Omni... Nat.Gas-NG       370  68719   64559    4639    -3600    0.44     80        1    3388      117
TF-Boll-Omni... H.Oil-HO       -2265  58713   35231    4220    -3327    0.44     71       -7    2716      383
TF-Boll-Omni... Gold-GC        21989  33940   24740    3836    -2181    0.41     81       74    2416      457
TF-Boll-Omni... Copper-HG    5238150 2139950  1835050  424563   -105463    0.32     81    17756   226293   188993
TF-Boll-Omni... Silver-SI   -1138700 5067800  4625800  577700   -244090    0.28     72    -3860   311217   -61504
TF-Boll-Omni... Corn-C_        10237  11650    7787     951     -560    0.45     80       34     616      364
TF-Boll-Omni... SoyBean-S_     -7584   7584    7584      51     -122    0.13     76      -25      66     -299
TF-Boll-Omni... Wheat-W_       -7575  29700   25412    1593    -1345    0.42     69      -25    1053     -314
TF-Boll-Omni... Sugar-SB       -5658  15371   14081     719     -803    0.48     81      -19     696     -226
TF-Boll-Omni... Coffee-KC     -15925  26406   20375    1826    -1524    0.38     61      -53    1123     -653
TF-Boll-Omni... Cotton-CT      72484  14509   10704    2507     -947    0.56     73      245    1451     2884
-------------------------------------------------------------------------------------------------------------------
Totals                       3839610 6446818 or 70.3 % Avg. DD 1166778        1541
-----------------------------------------------------------------------------------------------------------
Combined Monthly Return
Date         Profit Cum.Profit
-------------------------------------------------------------------
20000131     -25538     -25538
20000229       -550     -26088
20000331      -7855     -33943
20000428     -17946     -51889
20000531       -942     -52832
20000630       3156     -49675
20000731      -5444     -55119
20000831     -13740     -68860
20000929      18045     -50815
20001031      25189     -25626
20001130     -10593     -36219
20001229       2898     -33321     -33321
20010131     -17524     -50845
20010228     -32748     -83593
20010330     -42928    -126521
20010430      -9538    -136059
20010531       -694    -136753
20010629      51157     -85596
20010731     -20015    -105611
20010831       5163    -100448
20010928      -6968    -107416
20011031     -65774    -173190
20011130       -247    -173437
20011231     -37600    -211037    -177715
20020131        288    -210749
20020228       -671    -211421
20020328     -22941    -234361
20020430        550    -233811
20020531      -6320    -240131
20020628     -10353    -250484
20020731      76354    -174131
20020830     -14412    -188543
20020930       -856    -189399
20021031     -41100    -230499
20021129     -22166    -252664
20021231     -26832    -279496     -68460
20030131     -24320    -303816
20030228     -18235    -322052
20030331      -4495    -326547
20030430      -3628    -330175
20030530       5795    -324379
20030630      -5137    -329516
20030731      33969    -295547
20030829     -91057    -386605
20030930        -65    -386670
20031031     213512    -173158
20031128      -5254    -178412
20031231     -13200    -191612      87884
20040130     211094      19482
20040227     -24896      -5414
20040331    -153857    -159271
20040430    -151667    -310939
20040528       -169    -311107
20040630      -4561    -315669
20040730       3586    -312083
20040831      -9244    -321326
20040930      -5519    -326845
20041029    -402503    -729348
20041130      -5962    -735310
20041231     -39228    -774539    -582927
20050131       -162    -774701
20050228      41478    -733223
20050331    -120620    -853844
20050429       2550    -851294
20050531      -8506    -859800
20050630     -31194    -890993
20050729     -18937    -909931
20050831      -8845    -918775
20050930     -98750   -1017526
20051031     192640    -824886
20051130     -64375    -889261
20051230       9457    -879804    -105265
20060131    -122685   -1002489
20060228    -248449   -1250938
20060331       -750   -1251688
20060428    2784727    1533039
20060531    -377242    1155797
20060630      -1734    1154063
20060731      -7590    1146474
20060831        100    1146574
20060929      17092    1163666
20061031      38974    1202640
20061130     -81239    1121401
20061229     -48124    1073277    1953080
20070131          0    1073277
20070228    -119076     954201
20070330       -666     953534
20070430     628617    1582151
20070531    -140469    1441682
20070629        991    1442673
20070731    -112540    1330133
20070831      -7518    1322615
20070928      17720    1340335
20071031     -11283    1329052
20071130      -5315    1323737
20071231      -5516    1318221     244944
20080131     617549    1935770
20080229     -78070    1857700
20080331     -56744    1800956
20080430      -9393    1791563
20080530      -8379    1783184
20080630      -5003    1778181
20080731    -365709    1412471
20080829          0    1412471
20080930    -265854    1146617
20081031    2866427    4013044
20081128     -43333    3969711
20081231       4488    3974199    2655977
20090130     -30679    3943519
20090227    -132810    3810709
20090331     -18588    3792121
20090430     525824    4317945
20090529     -69017    4248927
20090630     -56477    4192450
20090731       -663    4191787
20090831     544246    4736033
20090930     -93132    4642901
20091030      -4160    4638741
20091130      -4171    4634571
20091231     -71528    4563042     588844
20100129      -1756    4561287
20100226     -88570    4472716
20100331       1151    4473868
20100430     -41553    4432314
20100528     -11202    4421112
20100630     -32120    4388992
20100730     -82988    4306005
20100831       3897    4309902
20100930     -19955    4289947
20101029    1428006    5717953
20101130     197787    5915739
20101231    -882657    5033082     470040
20110131    -182298    4850785
20110228     627665    5478450
20110331    1974057    7452506
20110429     -25203    7427303
20110531   -2035566    5391737
20110630       -380    5391357
20110729      -5800    5385557
20110831      41495    5427053
20110930    -434607    4992445
20111031     -53493    4938953
20111130      -1178    4937775
20111230       3684    4941459     -91623
20120131      -6177    4935282
20120229     -62679    4872603
20120330       3027    4875630
20120430      -9498    4866132
20120531    1160451    6026583
20120629    -298667    5727916
20120731        950    5728866
20120831      -4596    5724270
20120928    1690605    7414876
20121031    -341716    7073159
20121130     -28820    7044339
20121231     -33468    7010871    2069412
20130131     -79807    6931064
20130228     -85299    6845766
20130328     -77014    6768752
20130430    -422038    6346714
20130531    -108749    6237965
20130628      -3676    6234289
20130731      -7610    6226679
20130830      -4352    6222328
20130930      -5265    6217063
20131031       1970    6219033
20131129      -5740    6213294
20131231    -254945    5958349   -1052522
20140131    -130050    5828299
20140228       4006    5832305
20140331     116114    5948419
20140430     -32720    5915699
20140530          0    5915699
20140630     -10605    5905094
20140731     -10690    5894404
20140829       5987    5900390
20140930     410351    6310741
20141031     -68692    6242050
20141128    -226262    6015787
20141231    -140429    5875358     -82991
20150130     314199    6189557
20150227    -182949    6006608
20150331      -5714    6000894
20150430      -4449    5996445
20150529    -126372    5870073
20150630      -1271    5868803
20150731     -16683    5852119
20150831      -4397    5847722
20150930     -21698    5826025
20151030     -61069    5764956
20151130          0    5764956
20151231     -67138    5697819    -177539
20160129          6    5697825
20160229     -21211    5676614
20160331      -1065    5675549
20160429     -10702    5664847
20160531    -159831    5505017
20160630       1095    5506112
20160729     795727    6301839
20160831    -397306    5904533
20160930          0    5904533
20161031    -126077    5778456
20161130      -1038    5777419
20161230     -29670    5747749      49930
20170131          0    5747749
20170228       3694    5751443
20170331      -8986    5742456
20170428      -2429    5740027
20170531    -140832    5599195
20170630       -182    5599013
20170731     -58130    5540883
20170831     -27481    5513402
20170929    -127392    5386010
20171031        278    5386288
20171130      -8743    5377545
20171229      -7245    5370300    -377449
20180131     -48366    5321934
20180228     -12920    5309014
20180329      -3038    5305976
20180430     -38938    5267039
20180531      -6945    5260094
20180629     -38902    5221191
20180731       1310    5222501
20180831     -39605    5182896
20180928       -655    5182241
20181031      -6163    5176079
20181130     -12375    5163704
20181231      -4455    5159249    -211051
20190131     -42833    5116415
20190228     -70540    5045875
20190329     -26606    5019269
20190430     -61064    4958205
20190531    -170174    4788031
20190628     -79949    4708082
20190731      -2285    4705797
20190830      37506    4743304
20190930    -161122    4582181
20191031          0    4582181
20191129      -6526    4575656
20191231     140041    4715697    -443552
20200131    -115140    4600557
20200228     -38855    4561702
20200331    -156801    4404901
20200430         54    4404955
20200529      -4020    4400935
20200630      -5244    4395691
20200731    1622137    6017828
20200831    2686912    8704741
20200930    -194299    8510442
20201030       -401    8510041
20201130      -6663    8503377
20201231     221340    8724718    4009021
20210129    -446121    8278597
20210226   -1180488    7098110
20210331    -374438    6723671
20210430       -700    6722971
20210528     -95942    6627030
20210630       -692    6626337
20210730       3365    6629702
20210831    -100922    6528780
20210930    -248798    6279982
20211029    -551285    5728697
20211130       2312    5731010
20211231      -5570    5725439   -2999279
20220131     -36576    5688863
20220228    -401623    5287240
20220331       9228    5296468
20220429      21417    5317885
20220531    -200980    5116904
20220630          0    5116904
20220729    -260325    4856579
20220831    -284790    4571790
20220930        362    4572152
20221031     -86602    4485551
20221130      -1338    4484213
20221230    -428839    4055374   -1670065
20230131     556457    4611832
20230228     -98889    4512943
20230331    -845168    3667775
20230428       -372    3667403
20230531     -10745    3656658
20230630    -109860    3546798
20230731      -2943    3543855
20230831     -29613    3514242
20230929    -157377    3356865
20231031       2240    3359105
20231130      -6257    3352849
20231229    -604137    2748711   -1306663
20240131        214    2748925
20240229       9286    2758211
20240328     -17542    2740670
20240430    1083853    3824523
20240531     -25402    3799121
20240628       1977    3801098
20240718      38512    3839610    1090899
Average Monthly Return:    13015 StdDev: 416898  Sharpe: 0.03
Average  Yearly Return:   153584 StdDev: 1412451  Sharpe: 0.11
