20100104     0.00
20100105     0.00
20100106     0.00
20100107  -459.20
20100108  -985.60
20100111 -1859.20
20100112 -1176.00
20100113  -414.40
20100114  -728.00
20100115  -884.80
20100119     0.00
20100120     0.00
20100121     0.00
20100122  -537.60
20100125     0.00
20100126  -560.00
20100127 -1612.80
20100128  -746.00
20100129     0.00
20100201 -1023.15
20100202 -2346.25
20100203 -2775.90
20100204 -2869.95
20100205 -2300.10
20100208 -3782.25
20100209 -4662.10
20100210 -6073.70
20100211 -5020.65
20100212 -5914.00
20100216 -5736.05
20100217 -6974.85
20100218 -6924.10
20100219 -6373.25
20100222 -5596.60
20100223 -5692.85
20100224 -6222.85
20100225 -4074.10
20100226 -3954.10
20100301 -3745.35
20100302 -4671.60
20100303 -4036.60
20100304 -3899.10
20100305 -3669.10
20100308 -4126.60
20100309 -5600.35
20100310 -5548.35
20100311 -6172.95
20100312 -5302.20
20100315 -4299.85
20100316 -3109.35
20100317 -3863.90
20100318 -4859.15
20100319 -3293.60
20100322 -2430.10
20100323 -1463.95
20100324 -3267.20
20100325 -4200.30
20100326 -3958.05
20100329 -5103.00
20100330 -5962.40
20100331 -4012.60
20100401 -3660.80
20100405 -2934.80
20100406 -2358.60
20100407 -3316.00
20100408 -4237.20
20100409 -5028.60
20100412 -5166.60
20100413 -4709.40
20100414 -5590.40
20100415 -4313.80
20100416 -3570.80
20100419 -4641.00
20100420 -2637.00
20100421 -2462.80
20100422 -2090.20
20100423  -941.00
20100426 -1208.00
20100427 -1015.40
20100428  -594.20
20100429 -1875.80
20100430 -1304.00
20100503 -1563.60
20100504 -2007.20
20100505 -1500.20
20100506 -1786.40
20100507 -1446.00
20100510 -1762.60
20100511 -1715.20
20100512 -2646.40
20100513 -2440.20
20100514 -1866.60
20100517 -1357.80
20100518 -1877.00
20100519 -1482.60
20100520 -2144.80
20100521 -2444.00
20100524 -2288.80
20100525 -2446.00
20100526 -2684.20
20100527 -2506.40
20100528 -1688.80
20100601 -1924.00
20100602 -1408.80
20100603 -1464.80
20100604 -2088.40
20100607 -1955.60
20100608 -3121.60
20100609 -4935.20
20100610 -5549.20
20100611 -4350.60
20100614 -2534.50
20100615     0.00
20100616  -232.05
20100617  -369.45
20100618     0.00
20100621 -1159.50
20100622 -1211.85
20100623 -1700.20
20100624     0.00
20100625     0.00
20100628  -300.00
20100629 -2156.25
20100630 -1143.75
20100701 -1493.75
20100702 -2055.00
20100706 -3338.75
20100707 -1553.75
20100708 -1340.00
20100709 -1683.75
20100712  -596.25
20100713  -668.75
20100714     0.00
20100715     0.00
20100716  -508.75
20100719 -1387.50
20100720 -2746.25
20100721 -4135.00
20100722 -1887.40
20100723 -1039.30
20100726 -1129.70
20100727 -2705.45
20100728     0.00
20100729     0.00
20100730     0.00
20100802 -1996.20
20100803 -6911.55
20100804 -4774.65
20100805 -6719.55
20100806 -7806.30
20100809 -8694.90
20100810 -5887.35
20100811 -6501.60
20100812 -1596.00
20100813     0.00
20100816  -460.30
20100817  -191.90
20100818  -230.20
20100819     0.00
20100820     0.00
20100823     0.00
20100824 -4117.60
20100825 -5608.15
20100826 -4696.75
20100827   -39.60
20100830     0.00
20100831 -1537.85
20100901     0.00
20100902     0.00
20100903     0.00
20100907     0.00
20100908   -11.45
20100909     0.00
20100910     0.00
20100913     0.00
20100914     0.00
20100915 -3125.65
20100916     0.00
20100917     0.00
20100920 -2681.45
20100921 -2585.20
20100922 -3114.25
20100923 -3616.35
20100924     0.00
20100927     0.00
20100928     0.00
20100929 -6409.60
20100930 -11614.10
20101001 -16648.55
20101004 -20975.50
20101005 -17725.50
20101006 -17207.50
20101007 -7764.30
20101008  -446.70
20101011     0.00
20101012     0.00
20101013     0.00
20101014     0.00
20101015 -7956.80
20101018 -2709.60
20101019 -3299.60
20101020     0.00
20101021     0.00
20101022     0.00
20101025     0.00
20101026     0.00
20101027 -4426.95
20101028 -7321.25
20101029     0.00
20101101     0.00
20101102     0.00
20101103     0.00
20101104     0.00
20101105     0.00
20101108     0.00
20101109     0.00
20101110 -8388.00
20101111 -22455.75
20101112 -40384.00
20101115 -36146.30
20101116 -46096.75
20101117 -49727.90
20101118 -35914.35
20101119 -48653.10
20101122 -54374.60
20101123 -56310.80
20101124 -50590.10
20101126 -56193.35
20101129 -51876.10
20101130 -53527.85
20101201 -45891.40
20101202 -40566.35
20101203 -30625.85
20101206 -32626.00
20101207 -35095.75
20101208 -32819.30
20101209 -29764.00
20101210 -25439.05
20101213 -13888.20
20101214 -9712.55
20101215 -10653.75
20101216 -7399.60
20101217     0.00
20101220     0.00
20101221     0.00
20101222 -5999.15
20101223 -7005.65
20101227 -11336.80
20101228 -8123.05
20101229 -13793.40
20101230 -24231.65
20101231 -14840.25
20110103 -17450.25
20110104 -21714.70
20110105 -16993.95
20110106 -27559.55
20110107 -24707.65
20110110 -21145.80
20110111 -12458.45
20110112 -11978.75
20110113 -16916.85
20110114 -24555.55
20110118 -19501.50
20110119 -16868.65
20110120 -12694.35
20110121 -2042.15
20110124     0.00
20110125 -3957.95
20110126     0.00
20110127     0.00
20110128 -2427.65
20110131     0.00
20110201     0.00
20110202     0.00
20110203 -14990.95
20110204 -17743.70
20110207 -10790.55
20110208 -15924.00
20110209 -10609.40
20110210 -2859.40
20110211 -1556.90
20110214 -2945.65
20110215     0.00
20110216     0.00
20110217     0.00
20110218 -5443.75
20110222 -11937.50
20110223 -17475.00
20110224 -26275.00
20110225 -18093.75
20110228 -9631.25
20110301 -8161.25
20110302 -1067.50
20110303     0.00
20110304     0.00
20110307     0.00
20110308 -4731.25
20110309 -4592.50
20110310 -13385.00
20110311 -11731.25
20110314 -19143.75
20110315 -30025.00
20110316 -34945.00
20110317 -25863.75
20110318 -16876.25
20110321 -16736.25
20110322 -11067.50
20110323 -16976.25
20110324 -11076.25
20110325 -13981.25
20110328 -22968.75
20110329 -26347.50
20110330 -26470.00
20110331 -20285.00
20110401 -26352.50
20110404 -27946.25
20110405 -17917.50
20110406 -12080.00
20110407 -9051.25
20110408 -12453.40
20110411 -12213.95
20110412 -15780.85
20110413 -12956.45
20110414 -12546.70
20110415 -11419.45
20110418 -11408.55
20110419 -15403.00
20110420 -20677.80
20110421 -23006.10
20110425 -24188.35
20110426 -25148.25
20110427 -24169.95
20110428 -21607.95
20110429 -20490.60
20110502 -17245.05
20110503 -17456.10
20110504 -19472.85
20110505 -20170.20
20110506 -19122.30
20110509 -20824.95
20110510 -25682.55
20110511 -26101.50
20110512 -27793.15
20110513 -28196.35
20110516 -29271.55
20110517 -29809.15
20110518 -32900.35
20110519 -29439.55
20110520 -31421.95
20110523 -28397.95
20110524 -29741.95
20110525 -32194.75
20110526 -32362.75
20110527 -33370.75
20110531 -34009.15
20110601 -31589.95
20110602 -35151.55
20110603 -36596.35
20110606 -35386.75
20110607 -37940.35
20110608 -38384.95
20110609 -38384.95
20110610 -38384.95
20110613 -38384.95
20110614 -38384.95
20110615 -38384.95
20110616 -38384.95
20110617 -37822.45
20110620 -35497.45
20110621 -35741.20
20110622 -35459.95
20110623 -36397.45
20110624 -37072.45
20110627 -37278.70
20110628 -40390.45
20110629 -41367.85
20110630 -45154.15
20110701 -41365.30
20110705 -42289.30
20110706 -41364.25
20110707 -35594.35
20110708 -34144.45
20110711 -34029.10
20110712 -28263.90
20110713 -33426.40
20110714 -33425.60
20110715 -29293.60
20110718 -26078.15
20110719 -26984.50
20110720 -26300.35
20110721 -21140.55
20110722 -16401.65
20110725 -18002.65
20110726 -20099.40
20110727 -19479.75
20110728 -22069.10
20110729 -22376.20
20110801 -27513.60
20110802 -31828.95
20110803 -31575.65
20110804 -29350.90
20110805 -29327.15
20110808 -27853.75
20110809 -25386.40
20110810 -25987.10
20110811 -25939.00
20110812 -28670.40
20110815 -33721.25
20110816 -33844.65
20110817 -35163.90
20110818 -35972.10
20110819 -29424.70
20110822 -30110.90
20110823 -29405.10
20110824 -31430.50
20110825 -32177.70
20110826 -30961.10
20110829 -32369.90
20110830 -33527.10
20110831 -33520.50
20110901 -33732.90
20110902 -35803.00
20110906 -41680.90
20110907 -41946.45
20110908 -42891.25
20110909 -47103.55
20110912 -45000.10
20110913 -45781.45
20110914 -46532.05
20110915 -48372.80
20110916 -55025.60
20110919 -55369.40
20110920 -55369.40
20110921 -55369.40
20110922 -55369.40
20110923 -54581.90
20110926 -56269.40
20110927 -58106.90
20110928 -55350.65
20110929 -54469.40
20110930 -53625.65
20111003 -51581.90
20111004 -52744.40
20111005 -53175.65
20111006 -55688.15
20111007 -51919.40
20111010 -52650.65
20111011 -51563.15
20111012 -53831.90
20111013 -56906.90
20111014 -57619.40
20111017 -55538.15
20111018 -54600.65
20111019 -56344.40
20111020 -54656.90
20111021 -59606.90
20111024 -61838.15
20111025 -56494.40
20111026 -55425.65
20111027 -55763.15
20111028 -55969.40
20111031 -52894.40
20111101 -51656.90
20111102 -51788.15
20111103 -52838.15
20111104 -54113.15
20111107 -55163.15
20111108 -53888.15
20111109 -54113.15
20111110 -54038.15
20111111 -55500.65
20111114 -54319.40
20111115 -57525.65
20111116 -56156.90
20111117 -55050.65
20111118 -56081.90
20111121 -54603.15
20111122 -54987.85
20111123 -53144.35
20111125 -51417.20
20111128 -50615.15
20111129 -52464.60
20111130 -55722.85
20111201 -55131.85
20111202 -52625.20
20111205 -57500.75
20111206 -58388.00
20111207 -51628.70
20111208 -54677.50
20111209 -51077.20
20111212 -46560.10
20111213 -47851.60
20111214 -42749.95
20111215 -43073.20
20111216 -43188.25
20111219 -45253.10
20111220 -47708.35
20111221 -46069.65
20111222 -47235.35
20111223 -47083.10
20111227 -48685.30
20111228 -49920.00
20111229 -50734.30
20111230 -51088.70
20120103 -57285.55
20120104 -57045.65
20120105 -50030.00
20120106 -51392.60
20120109 -51598.10
20120110 -53068.40
20120111 -57055.35
20120112 -55644.15
20120113 -57559.35
20120117 -57626.55
20120118 -58096.95
20120119 -60221.55
20120120 -60221.55
20120123 -60221.55
20120124 -60221.55
20120125 -60221.55
20120126 -60221.55
20120127 -60221.55
20120130 -60221.55
20120131 -60652.80
20120201 -60296.55
20120202 -60859.05
20120203 -60990.30
20120206 -62059.05
20120207 -62865.30
20120208 -62527.80
20120209 -61009.05
20120210 -60746.55
20120213 -59696.55
20120214 -56527.80
20120215 -55177.80
20120216 -54671.55
20120217 -55102.80
20120221 -56490.30
20120222 -54915.30
20120223 -55158.30
20120224 -54529.95
20120227 -53796.15
20120228 -55154.10
20120229 -55104.30
20120301 -55960.65
20120302 -54728.55
20120305 -55631.85
20120306 -54504.90
20120307 -53272.95
20120308 -53438.55
20120309 -53246.55
20120312 -52370.70
20120313 -51648.60
20120314 -49650.75
20120315 -46726.65
20120316 -45922.80
20120319 -45514.05
20120320 -45719.55
20120321 -47072.85
20120322 -42217.80
20120323 -43833.60
20120326 -46708.35
20120327 -51527.40
20120328 -49655.55
20120329 -46431.90
20120330 -48312.30
20120402 -50155.35
20120403 -50945.40
20120404 -50149.20
20120405 -48955.35
20120409 -47603.10
20120410 -49522.20
20120411 -50078.40
20120412 -49771.20
20120413 -49973.85
20120416 -48342.60
20120417 -47911.35
20120418 -48023.85
20120419 -48267.60
20120420 -49505.10
20120423 -49505.10
20120424 -51211.35
20120425 -48680.10
20120426 -48376.20
20120427 -48485.55
20120430 -49326.90
20120501 -50480.70
20120502 -48611.70
20120503 -46341.45
20120504 -46429.05
20120507 -47460.45
20120508 -45081.90
20120509 -45153.00
20120510 -45843.20
20120511 -43082.90
20120514 -43475.90
20120515 -44251.45
20120516 -44115.25
20120517 -45179.55
20120518 -44182.90
20120521 -42145.50
20120522 -38452.95
20120523 -33123.55
20120524 -34573.75
20120525 -34885.65
20120529 -33273.25
20120530 -31785.25
20120531 -30497.40
20120601 -26727.35
20120604 -26415.20
20120605 -25289.05
20120606 -29498.95
20120607 -31309.80
20120608 -31160.25
20120611 -33639.15
20120612 -33003.30
20120613 -30853.65
20120614 -31340.40
20120615 -34829.85
20120618 -35129.55
20120619 -41537.65
20120620 -38848.85
20120621 -37572.85
20120622 -33326.35
20120625 -35464.90
20120626 -38172.90
20120627 -40134.60
20120628 -41687.20
20120629 -45465.95
20120702 -47273.45
20120703 -47757.20
20120705 -46747.20
20120706 -46767.20
20120709 -46802.20
20120710 -46817.20
20120711 -46967.20
20120712 -46422.20
20120713 -47787.20
20120716 -48107.20
20120717 -46982.20
20120718 -47422.20
20120719 -47772.20
20120720 -47927.20
20120723 -47552.20
20120724 -46972.20
20120725 -46212.20
20120726 -47152.20
20120727 -47182.20
20120730 -47022.20
20120731 -47127.20
20120801 -46737.20
20120802 -46942.20
20120803 -47812.20
20120806 -47812.20
20120807 -47812.20
20120808 -47812.20
20120809 -47812.20
20120810 -47812.20
20120813 -47812.20
20120814 -47812.20
20120815 -47812.20
20120816 -47812.20
20120817 -47812.20
20120820 -47812.20
20120821 -47812.20
20120822 -47812.20
20120823 -47812.20
20120824 -47812.20
20120827 -47812.20
20120828 -47812.20
20120829 -47812.20
20120830 -47812.20
20120831 -47812.20
20120904 -47812.20
20120905 -47812.20
20120906 -47812.20
20120907 -47812.20
20120910 -47812.20
20120911 -47812.20
20120912 -47812.20
20120913 -47812.20
20120914 -47812.20
20120917 -47812.20
20120918 -47812.20
20120919 -47812.20
20120920 -47812.20
20120921 -47812.20
20120924 -47812.20
20120925 -47812.20
20120926 -47812.20
20120927 -47812.20
20120928 -47812.20
20121001 -47812.20
20121002 -47812.20
20121003 -47812.20
20121004 -47812.20
20121005 -47812.20
20121008 -47812.20
20121009 -47812.20
20121010 -47812.20
20121011 -47812.20
20121012 -47812.20
20121015 -47812.20
20121016 -47812.20
20121017 -47512.20
20121018 -47722.20
20121019 -48982.20
20121022 -48907.20
20121023 -52897.20
20121024 -54187.20
20121025 -54187.20
20121026 -54187.20
20121029 -54187.20
20121030 -54187.20
20121031 -54187.20
20121101 -54187.20
20121102 -54187.20
20121105 -53905.95
20121106 -53793.45
20121107 -54018.45
20121108 -54093.45
20121109 -53530.95
20121112 -54524.70
20121113 -51918.45
20121114 -52480.95
20121115 -52949.70
20121116 -52387.20
20121119 -54224.70
20121120 -52368.45
20121121 -52743.45
20121123 -51749.70
20121126 -51037.20
20121127 -51130.95
20121128 -53268.45
20121129 -53849.70
20121130 -51674.70
20121203 -51712.20
20121204 -50830.95
20121205 -51112.20
20121206 -51805.95
20121207 -52893.45
20121210 -50324.70
20121211 -51262.20
20121212 -50170.80
20121213 -49083.30
20121214 -50493.75
20121217 -52887.75
20121218 -52089.30
20121219 -51889.20
20121220 -51225.15
20121221 -52593.90
20121224 -51971.10
20121226 -52559.40
20121227 -53753.40
20121228 -53258.85
20121231 -52417.50
20130102 -55122.30
20130103 -52052.40
20130104 -51531.15
20130107 -52708.50
20130108 -51226.35
20130109 -51300.60
20130110 -52763.25
20130111 -54856.35
20130114 -53930.40
20130115 -52689.60
20130116 -52595.90
20130117 -52982.60
20130118 -52950.85
20130122 -50730.85
20130123 -51457.65
20130124 -49014.05
20130125 -51014.45
20130128 -51660.45
20130129 -49144.45
20130130 -49683.25
20130131 -49928.45
20130201 -50268.05
20130204 -50970.45
20130205 -50629.25
20130206 -49176.05
20130207 -49395.25
20130208 -48058.05
20130211 -48816.05
20130212 -48716.45
20130213 -50210.45
20130214 -49167.30
20130215 -48762.65
20130219 -47886.85
20130220 -49212.40
20130221 -49707.10
20130222 -51405.85
20130225 -52361.75
20130226 -52267.35
20130227 -49799.40
20130228 -49837.25
20130301 -48170.70
20130304 -49119.40
20130305 -46706.50
20130306 -46517.60
20130307 -49437.55
20130308 -49413.80
20130311 -49461.30
20130312 -48326.30
20130313 -46390.05
20130314 -43783.80
20130315 -41337.55
20130318 -41826.30
20130319 -41167.55
20130320 -43275.05
20130321 -44231.30
20130322 -45722.55
20130325 -46535.05
20130326 -45835.05
20130327 -44970.05
20130328 -45447.90
20130401 -47053.85
20130402 -44506.10
20130403 -45192.00
20130404 -46481.55
20130405 -48220.50
20130408 -48148.75
20130409 -48746.05
20130410 -48663.00
20130411 -49538.60
20130412 -48294.20
20130415 -48862.85
20130416 -50446.90
20130417 -49938.50
20130418 -51061.35
20130419 -52588.55
20130422 -52327.05
20130423 -50089.00
20130424 -49735.75
20130425 -49383.15
20130426 -48179.00
20130429 -48171.20
20130430 -49013.45
20130501 -48258.65
20130502 -50644.70
20130503 -51031.65
20130506 -51977.60
20130507 -51953.05
20130508 -52159.75
20130509 -52159.75
20130510 -52070.15
20130513 -51666.95
20130514 -51151.75
20130515 -50994.95
20130516 -50726.15
20130517 -50860.55
20130520 -50681.35
20130521 -50793.35
20130522 -48991.70
20130523 -49558.10
20130524 -48542.30
20130528 -47938.50
20130529 -47897.75
20130530 -46911.70
20130531 -46752.70
20130603 -48715.15
20130604 -49196.90
20130605 -48601.90
20130606 -50250.90
20130607 -49196.40
20130610 -50709.40
20130611 -50039.05
20130612 -47928.60
20130613 -48352.05
20130614 -48961.65
20130617 -49091.40
20130618 -48804.35
20130619 -49593.50
20130620 -46021.90
20130621 -46982.95
20130624 -47772.10
20130625 -48370.10
20130626 -47560.20
20130627 -48137.15
20130628 -47373.05
20130701 -47307.85
20130702 -47980.70
20130703 -46628.05
20130705 -46213.40
20130708 -47195.20
20130709 -46767.60
20130710 -46341.00
20130711 -46661.25
20130712 -45071.65
20130715 -46739.40
20130716 -47393.50
20130717 -48322.70
20130718 -50671.70
20130719 -50918.10
20130722 -51164.50
20130723 -51030.10
20130724 -50582.10
20130725 -51142.10
20130726 -51321.30
20130729 -52329.30
20130730 -52351.70
20130731 -52441.30
20130801 -52127.70
20130802 -52038.10
20130805 -51522.90
20130806 -51500.50
20130807 -52015.70
20130808 -51855.30
20130809 -52606.10
20130812 -51456.10
20130813 -49816.10
20130814 -49986.10
20130815 -49746.10
20130816 -48216.10
20130819 -48676.10
20130820 -52676.10
20130821 -56366.10
20130822 -56366.10
20130823 -56366.10
20130826 -56366.10
20130827 -56366.10
20130828 -56366.10
20130829 -56366.10
20130830 -56366.10
20130903 -56366.10
20130904 -56366.10
20130905 -56366.10
20130906 -56366.10
20130909 -56366.10
20130910 -56366.10
20130911 -56366.10
20130912 -56366.10
20130913 -56366.10
20130916 -56366.10
20130917 -56628.60
20130918 -56609.85
20130919 -56947.35
20130920 -56516.10
20130923 -57416.10
20130924 -57716.10
20130925 -56852.70
20130926 -56252.70
20130927 -57033.45
20130930 -55689.45
20131001 -55234.65
20131002 -54727.50
20131003 -55031.40
20131004 -54809.55
20131007 -54477.45
20131008 -54582.90
20131009 -54758.70
20131010 -54003.15
20131011 -54160.05
20131014 -53869.35
20131015 -54839.10
20131016 -53572.50
20131017 -53174.85
20131018 -51476.10
20131021 -51013.65
20131022 -50631.60
20131023 -50687.80
20131024 -50895.65
20131025 -50179.05
20131028 -49786.00
20131029 -50951.60
20131030 -51100.90
20131031 -50227.15
20131101 -50218.60
20131104 -48974.65
20131105 -49077.50
20131106 -49448.85
20131107 -50414.20
20131108 -50377.30
20131111 -50491.90
20131112 -52329.00
20131113 -51305.25
20131114 -50467.75
20131115 -52131.50
20131118 -52017.75
20131119 -51605.25
20131120 -52514.00
20131121 -53069.00
20131122 -51046.50
20131125 -52055.25
20131126 -52470.25
20131127 -51876.50
20131129 -53362.75
20131202 -52641.50
20131203 -52749.00
20131204 -52294.00
20131205 -51294.00
20131206 -52224.00
20131209 -52086.50
20131210 -53807.75
20131211 -54586.50
20131212 -55186.50
20131213 -56673.00
20131216 -56673.00
20131217 -55284.20
20131218 -54970.60
20131219 -56135.40
20131220 -57479.40
20131223 -56493.80
20131224 -56404.20
20131226 -56762.60
20131227 -57389.80
20131230 -57165.80
20131231 -57300.20
20140102 -56762.60
20140103 -55821.80
20140106 -55821.80
20140107 -55732.20
20140108 -54298.60
20140109 -53133.80
20140110 -53537.00
20140113 -53671.40
20140114 -53178.60
20140115 -52013.80
20140116 -52999.40
20140117 -51969.00
20140121 -51969.00
20140122 -51117.80
20140123 -51162.60
20140124 -51476.20
20140127 -50087.40
20140128 -51073.00
20140129 -49818.60
20140130 -50938.60
20140131 -52416.15
20140203 -49236.10
20140204 -50557.20
20140205 -48167.65
20140206 -49803.90
20140207 -49285.05
20140210 -49764.35
20140211 -47282.95
20140212 -47763.45
20140213 -48311.45
20140214 -48095.80
20140218 -45323.95
20140219 -41581.70
20140220 -42440.55
20140221 -42762.60
20140224 -39243.85
20140225 -41231.35
20140226 -41667.60
20140227 -39627.60
20140228 -39922.60
20140303 -33801.35
20140304 -35911.35
20140305 -30165.10
20140306 -29733.85
20140307 -29586.35
20140310 -26840.10
20140311 -25906.35
20140312 -25487.60
20140313 -25763.85
20140314 -28085.10
20140317 -30870.10
20140318 -29913.85
20140319 -32492.60
20140320 -37188.85
20140321 -37183.85
20140324 -37895.10
20140325 -34827.60
20140326 -37015.10
20140327 -35983.85
20140328 -33210.10
20140331 -34442.60
20140401 -36886.35
20140402 -38402.60
20140403 -38220.10
20140404 -32900.10
20140407 -31548.85
20140408 -29197.60
20140409 -29291.35
20140410 -28367.60
20140411 -30186.35
20140414 -26852.60
20140415 -32473.85
20140416 -33518.85
20140417 -28030.10
20140421 -29997.60
20140422 -23632.60
20140423 -24036.35
20140424 -23157.60
20140425 -26032.60
20140428 -29246.35
20140429 -23385.10
20140430 -25423.85
20140501 -26151.35
20140502 -26387.60
20140505 -25188.85
20140506 -27083.85
20140507 -28982.60
20140508 -30545.10
20140509 -35585.10
20140512 -34428.85
20140513 -35291.35
20140514 -36322.60
20140515 -31597.60
20140516 -36003.85
20140519 -36585.10
20140520 -37641.35
20140521 -37641.35
20140522 -37641.35
20140523 -37261.35
20140527 -34581.35
20140528 -34381.35
20140529 -36941.35
20140530 -37181.35
20140602 -37601.35
20140603 -39361.35
20140604 -36801.35
20140605 -35641.35
20140606 -34201.35
20140609 -33741.35
20140610 -37241.35
20140611 -35661.35
20140612 -35881.35
20140613 -38601.35
20140616 -37341.35
20140617 -35741.35
20140618 -37481.35
20140619 -37361.35
20140620 -37261.35
20140623 -38461.35
20140624 -36081.35
20140625 -33621.35
20140626 -32361.35
20140627 -32801.35
20140630 -30121.35
20140701 -29901.35
20140702 -28041.35
20140703 -27221.35
20140707 -23386.95
20140708 -24309.35
20140709 -21702.15
20140710 -18588.55
20140711 -16250.15
20140714 -17416.55
20140715 -16450.95
20140716 -15290.15
20140717 -14302.15
20140718 -14818.15
20140721 -16801.35
20140722 -16434.95
20140723 -15430.95
20140724 -11975.75
20140725 -11180.55
20140728 -10896.55
20140729 -7006.15
20140730 -5053.35
20140731 -1650.95
20140801 -1711.75
20140804 -3450.15
20140805 -1173.35
20140806 -3670.15
20140807 -1195.75
20140808 -2180.55
20140811 -3232.55
20140812     0.00
20140813 -2498.40
20140814 -1659.20
20140815 -1086.40
20140818     0.00
20140819     0.00
20140820 -4845.60
20140821 -7014.40
20140822 -5182.40
20140825 -3240.80
20140826 -7072.80
20140827 -7339.20
20140828 -5444.80
20140829 -4954.40
20140902 -2064.50
20140903 -4701.75
20140904  -332.70
20140905     0.00
20140908 -2426.80
20140909 -4197.35
20140910 -7596.90
20140911 -8421.70
20140912 -4344.10
20140915     0.00
20140916     0.00
20140917 -2477.60
20140918  -612.80
20140919     0.00
20140922  -297.60
20140923 -1382.40
20140924    -4.80
20140925  -874.40
20140926 -5080.00
20140929 -5852.80
20140930 -3300.80
20141001 -2125.60
20141002     0.00
20141003 -4648.30
20141006 -6734.60
20141007 -10399.35
20141008 -9732.65
20141009 -3654.25
20141010 -3435.00
20141013 -6943.90
20141014 -4739.70
20141015 -3969.00
20141016 -4398.90
20141017 -5361.65
20141020 -8563.60
20141021 -7875.80
20141022 -11246.50
20141023 -9781.70
20141024 -12800.10
20141027 -10168.10
20141028 -12440.10
20141029 -14722.50
20141030 -14722.50
20141031 -12975.30
20141103 -12236.10
20141104 -10556.10
20141105 -9413.70
20141106 -9212.10
20141107 -10623.30
20141110 -10421.70
20141111 -14252.10
20141112 -15125.70
20141113 -11403.70
20141114 -10734.50
20141117 -9330.90
20141118 -9687.70
20141119 -10002.90
20141120 -11308.50
20141121 -11901.30
20141124 -10586.50
20141125 -11086.50
20141126 -12612.90
20141128 -9101.30
20141201 -8201.30
20141202 -6049.30
20141203 -5301.30
20141204 -6887.70
20141205 -5637.30
20141208 -6382.50
20141209 -7758.90
20141210 -7784.90
20141211 -6544.50
20141212 -5462.10
20141215 -5437.70
20141216 -2887.70
20141217 -3824.90
20141218 -5809.30
20141219 -5812.10
20141222 -6155.70
20141223 -6454.10
20141224 -5983.70
20141226 -5580.50
20141229 -4908.50
20141230 -4975.70
20141231 -4370.90
20150102 -1850.15
20150105 -5098.70
20150106 -11747.90
20150107 -11199.35
20150108 -12565.10
20150109 -13947.95
20150112 -11702.45
20150113 -12516.65
20150114 -14007.35
20150115 -15629.75
20150116 -13376.60
20150120 -13340.50
20150121 -12636.75
20150122 -11649.25
20150123 -11666.75
20150126 -14081.75
20150127 -16783.00
20150128 -17915.50
20150129 -15288.00
20150130 -15580.50
20150202 -17182.75
20150203 -20325.25
20150204 -21769.50
20150205 -21489.25
20150206 -22836.75
20150209 -24854.00
20150210 -21163.00
20150211 -21181.75
20150212 -24961.00
20150213 -23708.75
20150217 -22296.00
20150218 -20883.50
20150219 -17920.00
20150220 -16266.75
20150223 -14149.00
20150224 -13439.75
20150225 -8420.00
20150226 -8962.50
20150227 -8131.75
20150302 -6717.50
20150303 -4258.50
20150304 -6612.50
20150305 -6790.00
20150306 -8998.75
20150309 -8039.25
20150310 -7108.00
20150311 -6542.50
20150312 -7103.25
20150313 -3347.25
20150316 -7561.00
20150317 -7150.50
20150318 -7359.00
20150319 -8280.50
20150320 -8316.50
20150323 -8090.00
20150324 -4759.75
20150325 -6145.50
20150326 -5250.00
20150327 -3305.25
20150330  -327.50
20150331  -197.75
20150401 -3113.00
20150402 -7733.75
20150406 -8601.25
20150407 -7125.50
20150408 -5436.75
20150409 -5906.00
20150410 -6932.75
20150413 -7217.00
20150414 -9053.75
20150415 -8402.25
20150416 -12996.50
20150417 -13830.00
20150420 -10543.75
20150421 -10389.50
20150422 -12145.75
20150423 -13803.50
20150424 -14943.25
20150427 -15034.75
20150428 -14541.25
20150429 -13618.00
20150430 -12414.75
20150501 -10954.00
20150504 -8166.50
20150505 -9711.75
20150506 -9886.25
20150507 -11376.50
20150508 -14428.75
20150511 -15422.25
20150512 -16740.50
20150513 -15953.00
20150514 -15980.50
20150515 -15951.75
20150518 -19709.25
20150519 -19041.75
20150520 -17888.00
20150521 -15056.75
20150522 -14494.25
20150526 -13406.75
20150527 -13575.50
20150528 -13819.25
20150529 -14194.25
20150601 -15563.00
20150602 -16650.50
20150603 -17250.50
20150604 -17775.50
20150605 -17550.50
20150608 -18094.25
20150609 -18394.25
20150610 -18056.75
20150611 -16388.00
20150612 -16369.25
20150615 -14215.75
20150616 -14013.25
20150617 -13262.25
20150618 -13658.50
20150619 -12236.75
20150622 -15152.75
20150623 -13150.75
20150624 -16575.75
20150625 -15735.75
20150626 -15565.00
20150629 -15843.25
20150630 -18083.25
20150701 -15890.25
20150702 -15256.25
20150706 -15420.50
20150707 -14411.75
20150708 -14393.50
20150709 -12210.00
20150710 -15441.00
20150713 -17237.25
20150714 -18885.25
20150715 -17033.50
20150716 -15632.00
20150717 -13727.25
20150720 -10459.00
20150721 -9784.50
20150722 -9223.00
20150723 -8638.50
20150724 -7389.00
20150727 -6695.25
20150728 -6247.00
20150729 -8583.50
20150730 -8550.75
20150731 -7954.00
20150803 -6066.50
20150804 -7094.75
20150805 -6069.75
20150806 -4655.00
20150807 -5292.25
20150810 -6820.75
20150811 -6960.75
20150812 -9382.75
20150813 -9582.75
20150814 -10646.75
20150817 -10366.75
20150818 -10926.75
20150819 -10142.75
20150820 -10310.75
20150821 -9302.75
20150824 -8497.75
20150825 -9242.50
20150826 -9649.25
20150827 -14338.50
20150828 -13297.00
20150831 -11822.75
20150901 -10322.25
20150902 -9305.50
20150903 -13441.50
20150904 -12759.50
20150908 -12993.25
20150909 -14686.75
20150910 -12494.25
20150911 -14659.50
20150914 -15448.25
20150915 -14855.75
20150916 -14820.75
20150917 -14679.50
20150918 -12754.50
20150921 -12582.00
20150922 -11117.00
20150923 -11368.25
20150924 -12495.75
20150925 -14475.75
20150928 -13254.50
20150929 -14142.00
20150930 -13769.50
20151001 -13704.50
20151002 -14351.75
20151005 -17154.10
20151006 -17386.50
20151007 -16572.50
20151008 -16175.30
20151009 -15326.10
20151012 -15630.10
20151013 -18638.50
20151014 -18056.10
20151015 -17966.50
20151016 -17652.90
20151019 -17675.30
20151020 -18123.30
20151021 -17854.50
20151022 -16913.70
20151023 -17630.50
20151026 -16824.10
20151027 -17316.90
20151028 -16801.70
20151029 -17003.30
20151030 -17092.90
20151102 -15771.30
20151103 -14920.10
20151104 -16824.10
20151105 -16555.30
20151106 -17227.30
20151109 -18280.10
20151110 -16667.30
20151111 -16712.10
20151112 -16084.90
20151113 -15928.10
20151116 -15614.50
20151117 -16510.50
20151118 -17204.90
20151119 -16129.70
20151120 -15345.70
20151123 -15099.30
20151124 -16017.70
20151125 -16219.30
20151127 -16084.90
20151130 -16174.50
20151201 -15032.10
20151202 -15256.10
20151203 -14718.50
20151204 -14942.50
20151207 -15345.70
20151208 -16017.70
20151209 -15816.10
20151210 -17025.70
20151211 -16958.50
20151214 -17115.30
20151215 -16936.10
20151216 -16936.10
20151217 -16689.70
20151218 -15793.70
20151221 -16084.90
20151222 -15928.10
20151223 -15681.70
20151224 -15883.30
20151228 -16555.30
20151229 -16510.50
20151230 -15681.70
20151231 -15480.10
20160104 -16084.90
20160105 -16980.90
20160106 -17316.90
20160107 -16577.70
20160108 -17227.30
20160111 -17935.70
20160112 -17898.20
20160113 -18066.95
20160114 -18479.45
20160115 -18104.45
20160119 -18385.70
20160120 -16866.95
20160121 -17916.95
20160122 -18516.95
20160125 -18685.70
20160126 -18779.45
20160127 -19147.55
20160128 -19264.60
20160129 -17738.20
20160201 -18228.80
20160202 -19884.70
20160203 -19938.20
20160204 -18346.95
20160205 -18938.15
20160208 -18971.35
20160209 -17876.95
20160210 -18094.55
20160211 -16958.90
20160212 -18295.60
20160216 -19624.90
20160217 -19150.50
20160218 -18261.80
20160219 -17688.15
20160222 -18558.50
20160223 -19915.85
20160224 -18437.30
20160225 -19185.35
20160226 -18151.10
20160229 -17871.25
20160301 -17435.95
20160302 -17874.75
20160303 -19217.25
20160304 -21086.00
20160307 -21356.00
20160308 -20836.00
20160309 -20566.00
20160310 -20806.00
20160311 -21126.00
20160314 -22266.00
20160315 -22216.00
20160316 -22352.25
20160317 -21079.75
20160318 -19223.50
20160321 -21085.55
20160322 -19473.45
20160323 -20533.50
20160324 -23076.35
20160328 -22624.55
20160329 -22796.25
20160330 -23232.60
20160331 -24998.65
20160401 -26214.45
20160404 -28852.80
20160405 -29192.80
20160406 -29227.20
20160407 -29507.20
20160408 -30477.20
20160411 -30477.20
20160412 -30477.20
20160413 -30477.20
20160414 -30477.20
20160415 -30477.20
20160418 -30477.20
20160419 -30477.20
20160420 -30527.20
20160421 -30607.20
20160422 -30927.20
20160425 -30577.20
20160426 -30787.20
20160427 -30467.20
20160428 -30927.20
20160429 -30847.20
20160502 -30247.20
20160503 -31557.20
20160504 -31837.20
20160505 -32827.20
20160506 -32787.20
20160509 -33287.20
20160510 -33717.20
20160511 -34017.20
20160512 -33887.20
20160513 -33997.20
20160516 -33683.45
20160517 -32810.95
20160518 -33935.95
20160519 -37003.45
20160520 -36403.45
20160523 -36623.45
20160524 -35063.45
20160525 -35173.45
20160526 -33743.45
20160527 -33793.45
20160531 -34133.45
20160601 -34903.45
20160602 -34923.45
20160603 -33123.05
20160606 -31459.45
20160607 -30913.05
20160608 -28481.10
20160609 -31293.00
20160610 -30422.80
20160613 -31393.25
20160614 -33211.00
20160615 -31886.85
20160616 -30160.20
20160617 -28555.60
20160620 -29145.25
20160621 -31380.50
20160622 -31933.25
20160623 -29820.85
20160624 -33010.70
20160627 -32925.60
20160628 -29403.35
20160629 -26771.20
20160630 -28762.80
20160701 -27157.55
20160705 -27155.50
20160706 -28245.25
20160707 -29898.55
20160708 -28555.25
20160711 -23840.05
20160712 -22179.75
20160713 -19984.80
20160714 -17095.70
20160715 -19082.70
20160718 -18633.00
20160719 -20411.70
20160720 -21252.55
20160721 -20375.20
20160722 -22487.85
20160725 -22841.85
20160726 -21408.75
20160727 -22429.15
20160728 -22918.90
20160729 -20120.15
20160801 -21080.20
20160802 -22036.40
20160803 -22056.35
20160804 -19139.65
20160805 -17351.65
20160808 -18342.65
20160809 -21521.85
20160810 -24890.60
20160811 -24965.40
20160812 -26352.20
20160815 -27764.80
20160816 -29166.20
20160817 -30077.25
20160818 -29786.05
20160819 -30021.25
20160822 -29293.25
20160823 -28946.05
20160824 -29517.25
20160825 -29147.65
20160826 -29080.45
20160829 -29013.25
20160830 -29181.25
20160831 -29696.45
20160901 -30222.85
20160902 -29562.05
20160906 -29517.25
20160907 -29438.85
20160908 -29517.25
20160909 -29774.85
20160912 -29494.85
20160913 -29282.05
20160914 -29618.05
20160915 -29226.05
20160916 -27770.05
20160919 -27411.65
20160920 -27753.05
20160921 -27768.40
20160922 -28289.50
20160923 -29699.65
20160926 -28423.00
20160927 -28008.35
20160928 -27852.55
20160929 -29440.40
20160930 -29307.40
20161003 -31258.25
20161004 -30597.45
20161005 -29981.45
20161006 -30765.45
20161007 -30418.25
20161010 -30743.05
20161011 -30563.85
20161012 -30720.65
20161013 -30978.25
20161014 -30989.45
20161017 -30709.45
20161018 -30247.50
20161019 -30663.40
20161020 -31764.25
20161021 -31588.45
20161024 -30364.65
20161025 -28192.05
20161026 -28783.25
20161027 -28460.35
20161028 -28679.45
20161031 -29846.50
20161101 -31085.60
20161102 -30541.85
20161103 -29510.60
20161104 -27373.10
20161107 -26248.10
20161108 -28816.85
20161109 -27841.85
20161110 -30935.60
20161111 -31891.85
20161114 -31010.60
20161115 -31066.85
20161116 -31404.35
20161117 -31948.10
20161118 -32266.85
20161121 -31816.85
20161122 -32360.60
20161123 -33916.85
20161125 -34241.85
20161128 -34241.85
20161129 -34241.85
20161130 -34241.85
20161201 -34241.85
20161202 -34241.85
20161205 -33838.65
20161206 -35115.45
20161207 -35646.75
20161208 -35131.05
20161209 -33891.90
20161212 -34908.05
20161213 -33770.80
20161214 -32981.50
20161215 -33437.45
20161216 -32769.60
20161219 -33467.00
20161220 -33361.80
20161221 -33512.30
20161222 -31378.95
20161223 -30250.30
20161227 -30392.65
20161228 -31138.15
20161229 -32989.40
20161230 -33634.20
20170103 -36005.45
20170104 -37366.65
20170105 -39030.30
20170106 -38482.80
20170109 -39989.05
20170110 -41101.55
20170111 -41639.05
20170112 -42664.05
20170113 -42621.55
20170117 -43006.55
20170118 -42594.05
20170119 -42745.30
20170120 -43314.05
20170123 -41917.80
20170124 -42977.80
20170125 -42667.80
20170126 -42357.80
20170127 -41697.80
20170130 -42407.80
20170131 -41607.80
20170201 -40107.80
20170202 -39637.80
20170203 -40137.80
20170206 -40917.80
20170207 -41457.80
20170208 -41297.80
20170209 -40967.80
20170210 -40727.80
20170213 -39937.80
20170214 -40227.80
20170215 -40897.80
20170216 -41407.80
20170217 -42657.80
20170221 -42517.80
20170222 -42687.80
20170223 -42077.80
20170224 -41607.80
20170227 -42057.80
20170228 -41837.80
20170301 -40317.80
20170302 -41397.80
20170303 -40187.80
20170306 -39067.80
20170307 -40147.80
20170308 -40087.80
20170309 -40223.40
20170310 -41246.20
20170313 -41576.60
20170314 -41251.80
20170315 -40478.60
20170316 -40433.40
20170317 -40064.20
20170320 -40041.40
20170321 -39613.00
20170322 -39135.40
20170323 -39877.40
20170324 -39923.80
20170327 -40431.40
20170328 -40177.80
20170329 -39932.20
20170330 -39147.80
20170331 -37935.80
20170403 -39253.00
20170404 -38401.80
20170405 -38267.40
20170406 -39051.40
20170407 -39768.20
20170410 -39454.60
20170411 -39656.20
20170412 -39611.40
20170413 -39387.40
20170417 -39096.20
20170418 -39611.40
20170419 -38984.20
20170420 -38257.60
20170421 -37956.60
20170424 -37156.00
20170425 -37253.90
20170426 -35026.00
20170427 -34262.40
20170428 -37292.90
20170501 -38323.65
20170502 -37801.65
20170503 -38005.25
20170504 -36171.75
20170505 -36318.60
20170508 -36925.40
20170509 -36403.55
20170510 -37862.05
20170511 -36491.65
20170512 -34565.35
20170515 -31086.85
20170516 -34941.65
20170517 -38138.70
20170518 -36682.65
20170519 -38175.40
20170522 -38964.10
20170523 -37679.25
20170524 -36593.75
20170525 -36852.60
20170526 -36198.70
20170530 -36469.00
20170531 -35101.75
20170601 -33049.40
20170602 -31145.55
20170605 -32569.05
20170606 -31683.15
20170607 -32116.55
20170608 -32789.55
20170609 -32707.75
20170612 -32504.00
20170613 -31492.55
20170614 -30284.25
20170615 -29320.75
20170616 -28411.05
20170619 -28539.60
20170620 -28090.60
20170621 -25502.35
20170622 -22213.30
20170623 -25037.20
20170626 -24987.90
20170627 -25617.50
20170628 -24958.80
20170629 -27142.65
20170630 -28268.30
20170703 -28694.70
20170705 -29214.20
20170706 -29669.70
20170707 -30229.90
20170710 -28145.80
20170711 -27429.50
20170712 -27604.00
20170713 -29960.00
20170714 -31360.90
20170717 -31749.25
20170718 -32001.65
20170719 -32842.65
20170720 -33076.05
20170721 -32773.65
20170724 -32708.65
20170725 -31858.65
20170726 -32382.85
20170727 -33075.85
20170728 -32896.45
20170731 -34136.05
20170801 -34657.45
20170802 -35172.45
20170803 -35082.45
20170804 -35312.45
20170807 -35277.45
20170808 -35567.45
20170809 -35557.45
20170810 -34057.45
20170811 -34127.45
20170814 -33877.45
20170815 -33582.45
20170816 -33412.45
20170817 -33457.45
20170818 -33642.45
20170821 -33782.45
20170822 -33907.45
20170823 -34447.45
20170824 -34917.45
20170825 -34077.45
20170828 -34917.45
20170829 -34992.45
20170830 -35367.45
20170831 -35367.45
20170901 -35367.45
20170905 -35367.45
20170906 -35367.45
20170907 -35367.45
20170908 -35367.45
20170911 -35367.45
20170912 -35367.45
20170913 -35367.45
20170914 -35367.45
20170915 -35367.45
20170918 -35367.45
20170919 -35367.45
20170920 -35367.45
20170921 -35367.45
20170922 -35367.45
20170925 -35367.45
20170926 -35367.45
20170927 -35367.45
20170928 -35367.45
20170929 -35367.45
20171002 -35367.45
20171003 -35367.45
20171004 -35367.45
20171005 -35367.45
20171006 -35367.45
20171009 -35367.45
20171010 -35367.45
20171011 -35367.45
20171012 -35367.45
20171013 -35367.45
20171016 -35367.45
20171017 -35367.45
20171018 -35367.45
20171019 -35367.45
20171020 -35367.45
20171023 -35367.45
20171024 -35367.45
20171025 -35367.45
20171026 -35367.45
20171027 -35367.45
20171030 -35367.45
20171031 -35367.45
20171101 -35367.45
20171102 -35367.45
20171103 -35367.45
20171106 -35367.45
20171107 -35367.45
20171108 -35367.45
20171109 -35367.45
20171110 -35367.45
20171113 -35367.45
20171114 -35367.45
20171115 -35367.45
20171116 -35367.45
20171117 -35569.05
20171120 -36879.45
20171121 -37215.45
20171122 -35871.45
20171124 -35300.25
20171127 -35501.85
20171128 -36677.85
20171129 -35937.05
20171130 -36523.45
20171201 -36389.45
20171204 -36820.65
20171205 -37428.25
20171206 -38435.65
20171207 -36831.90
20171208 -37229.40
20171211 -36974.40
20171212 -36595.15
20171213 -36173.10
20171214 -34868.90
20171215 -34201.25
20171218 -35576.50
20171219 -37146.25
20171220 -37354.85
20171221 -34787.35
20171222 -34163.60
20171226 -35278.60
20171227 -34621.10
20171228 -34883.60
20171229 -35578.60
20180102 -37933.60
20180103 -37323.60
20180104 -36183.60
20180105 -37423.60
20180108 -37293.60
20180109 -37083.60
20180110 -35783.60
20180111 -32783.60
20180112 -33753.60
20180116 -34026.00
20180117 -32935.20
20180118 -31683.60
20180119 -31274.40
20180122 -31105.20
20180123 -32300.00
20180124 -32222.80
20180125 -32792.00
20180126 -34460.80
20180129 -37275.20
20180130 -38717.20
20180131 -37369.60
20180201 -36613.20
20180202 -38245.60
20180205 -39580.40
20180206 -39826.00
20180207 -40414.40
20180208 -38813.60
20180209 -38955.20
20180212 -39319.60
20180213 -38829.60
20180214 -39430.40
20180215 -40123.20
20180216 -39195.60
20180220 -37313.30
20180221 -35628.10
20180222 -37992.50
20180223 -35891.20
20180226 -35351.50
20180227 -33697.10
20180228 -34497.00
20180301 -37087.45
20180302 -35501.60
20180305 -32262.70
20180306 -34872.55
20180307 -32776.65
20180308 -30571.90
20180309 -31003.65
20180312 -32182.75
20180313 -32575.85
20180314 -32241.95
20180315 -31244.65
20180316 -31460.55
20180319 -34105.65
20180320 -31366.45
20180321 -32065.35
20180322 -32785.60
20180323 -31982.60
20180326 -32052.85
20180327 -32381.65
20180328 -32472.45
20180329 -32216.05
20180402 -32430.60
20180403 -31343.60
20180404 -32748.10
20180405 -33171.05
20180406 -33111.15
20180409 -33605.95
20180410 -32697.00
20180411 -32802.70
20180412 -32686.55
20180413 -32566.25
20180416 -31236.00
20180417 -30234.30
20180418 -30923.40
20180419 -30608.30
20180420 -30905.65
20180423 -30411.20
20180424 -30928.90
20180425 -29727.75
20180426 -30628.90
20180427 -31973.75
20180430 -32638.95
20180501 -32642.05
20180502 -32776.45
20180503 -32642.05
20180504 -32028.85
20180507 -32058.25
20180508 -32900.85
20180509 -32056.05
20180510 -32661.25
20180511 -32519.25
20180514 -33068.85
20180515 -33621.25
20180516 -33527.85
20180517 -33075.85
20180518 -32539.85
20180521 -32590.45
20180522 -33237.45
20180523 -33880.45
20180524 -33697.65
20180525 -33001.85
20180529 -31001.85
20180530 -31703.05
20180531 -31373.05
20180601 -31298.05
20180604 -31898.05
20180605 -33028.05
20180606 -32473.05
20180607 -31013.05
20180608 -30984.30
20180611 -30966.80
20180612 -30849.30
20180613 -31211.80
20180614 -31168.05
20180615 -32573.05
20180618 -33294.30
20180619 -34656.80
20180620 -34750.55
20180621 -34600.55
20180622 -34863.05
20180625 -34956.80
20180626 -35144.30
20180627 -35050.55
20180628 -34413.05
20180629 -34169.30
20180702 -32875.55
20180703 -32879.70
20180705 -32050.05
20180706 -33973.50
20180709 -34083.35
20180710 -34012.00
20180711 -32711.95
20180712 -32054.05
20180713 -31166.50
20180716 -31719.70
20180717 -31303.55
20180718 -30779.05
20180719 -30776.40
20180720 -31806.15
20180723 -32091.55
20180724 -32075.45
20180725 -32094.20
20180726 -31192.05
20180727 -31193.55
20180730 -31415.40
20180731 -30248.10
20180801 -29397.55
20180802 -29137.70
20180803 -30113.85
20180806 -30780.05
20180807 -30668.55
20180808 -30061.75
20180809 -30053.95
20180810 -29138.20
20180813 -28319.35
20180814 -28108.95
20180815 -26925.05
20180816 -26838.10
20180817 -26325.55
20180820 -24717.70
20180821 -25215.65
20180822 -24900.55
20180823 -24991.15
20180824 -26437.55
20180827 -27458.50
20180828 -25998.00
20180829 -26076.15
20180830 -26430.40
20180831 -26178.85
20180904 -26137.20
20180905 -27578.45
20180906 -26776.85
20180907 -27341.00
20180910 -27316.60
20180911 -26971.80
20180912 -28245.35
20180913 -27701.60
20180914 -27345.35
20180917 -26445.35
20180918 -25891.60
20180919 -26310.35
20180920 -27329.10
20180921 -27715.35
20180924 -26915.35
20180925 -26595.35
20180926 -26619.10
20180927 -26785.35
20180928 -27291.60
20181001 -27167.85
20181002 -29151.60
20181003 -30005.35
20181004 -29775.35
20181005 -29825.35
20181008 -30550.35
20181009 -30280.35
20181010 -30175.35
20181011 -30180.35
20181012 -31229.15
20181015 -30597.75
20181016 -30805.95
20181017 -29357.00
20181018 -29295.90
20181019 -29167.35
20181022 -32042.90
20181023 -30256.55
20181024 -29167.30
20181025 -29224.40
20181026 -30503.10
20181029 -32609.70
20181030 -33571.65
20181031 -33730.35
20181101 -32902.85
20181102 -31379.10
20181105 -33174.95
20181106 -34324.30
20181107 -34096.05
20181108 -34108.10
20181109 -34944.50
20181112 -34931.60
20181113 -35998.30
20181114 -36173.70
20181115 -36138.70
20181116 -36054.10
20181119 -35687.70
20181120 -36139.30
20181121 -36321.50
20181123 -36011.90
20181126 -36669.50
20181127 -36633.10
20181128 -36013.10
20181129 -35845.90
20181130 -36028.10
20181203 -37016.30
20181204 -37374.70
20181205 -37441.90
20181206 -37621.10
20181207 -37105.90
20181210 -37441.90
20181211 -37195.50
20181212 -37397.10
20181213 -38119.10
20181214 -38119.10
20181217 -38119.10
20181218 -38119.10
20181219 -38119.10
20181220 -37679.10
20181221 -36739.10
20181224 -36424.10
20181226 -36899.10
20181227 -36179.10
20181228 -36244.10
20181231 -36249.10
20190102 -35569.10
20190103 -35564.10
20190104 -36409.10
20190107 -36524.10
20190108 -35984.10
20190109 -36714.10
20190110 -36574.10
20190111 -36394.10
20190114 -36644.10
20190115 -36329.10
20190116 -36784.10
20190117 -37334.10
20190118 -37094.10
20190122 -36714.10
20190123 -36909.10
20190124 -36719.10
20190125 -37214.10
20190128 -37074.10
20190129 -37224.10
20190130 -37329.10
20190131 -37349.10
20190201 -36969.10
20190204 -36529.10
20190205 -36849.10
20190206 -36979.10
20190207 -36554.10
20190208 -36424.10
20190211 -35424.10
20190212 -35039.10
20190213 -35079.10
20190214 -35214.10
20190215 -35289.10
20190219 -35454.10
20190220 -35439.10
20190221 -36364.10
20190222 -35864.10
20190225 -35909.10
20190226 -35369.10
20190227 -35539.10
20190228 -35769.10
20190301 -36284.10
20190304 -35924.10
20190305 -36664.10
20190306 -36464.10
20190307 -35914.10
20190308 -36104.10
20190311 -35959.10
20190312 -37121.60
20190313 -38175.35
20190314 -37277.85
20190315 -38121.60
20190318 -37950.35
20190319 -37875.35
20190320 -37162.85
20190321 -37181.60
20190322 -36844.10
20190325 -36975.35
20190326 -37387.85
20190327 -36825.35
20190328 -36881.60
20190329 -37069.10
20190401 -36169.10
20190402 -36000.35
20190403 -37387.85
20190404 -37369.10
20190405 -36581.60
20190408 -36487.85
20190409 -36750.35
20190410 -36975.35
20190411 -35456.60
20190412 -35550.35
20190415 -35906.60
20190416 -35550.35
20190417 -34312.85
20190418 -35531.60
20190422 -35512.85
20190423 -35662.85
20190424 -35325.35
20190425 -35700.35
20190426 -35981.60
20190429 -35437.85
20190430 -35625.35
20190501 -34487.00
20190502 -34722.95
20190503 -33627.50
20190506 -33021.95
20190507 -32450.90
20190508 -31754.15
20190509 -32013.45
20190510 -30903.10
20190513 -29356.30
20190514 -30853.55
20190515 -30477.40
20190516 -30598.45
20190517 -28426.90
20190520 -29959.60
20190521 -31428.00
20190522 -30073.35
20190523 -30926.60
20190524 -31609.00
20190528 -33482.65
20190529 -34193.35
20190530 -33963.75
20190531 -34476.15
20190603 -35448.55
20190604 -35996.35
20190605 -35175.75
20190606 -36108.75
20190607 -34575.15
20190610 -34439.15
20190611 -34814.55
20190612 -35274.55
20190613 -35404.55
20190614 -34959.55
20190617 -35294.55
20190618 -35494.55
20190619 -35664.55
20190620 -35064.55
20190621 -34864.55
20190624 -34929.55
20190625 -34682.05
20190626 -35542.05
20190627 -35148.30
20190628 -34112.05
20190701 -33649.55
20190702 -34642.05
20190703 -33122.05
20190705 -33863.30
20190708 -35035.80
20190709 -33462.05
20190710 -34313.30
20190711 -33549.55
20190712 -33462.05
20190715 -32747.05
20190716 -34064.55
20190717 -33085.80
20190718 -31618.60
20190719 -32965.30
20190722 -33800.90
20190723 -36917.50
20190724 -38058.40
20190725 -37855.85
20190726 -38370.45
20190729 -38429.45
20190730 -38362.85
20190731 -38871.65
20190801 -37733.45
20190802 -35810.45
20190805 -34444.45
20190806 -34161.25
20190807 -32469.05
20190808 -33247.25
20190809 -34833.65
20190812 -33109.65
20190813 -34461.45
20190814 -34048.65
20190815 -34163.25
20190816 -34463.05
20190819 -33256.45
20190820 -33072.05
20190821 -33248.05
20190822 -33599.25
20190823 -32741.45
20190826 -32367.25
20190827 -31566.05
20190828 -32553.45
20190829 -31971.65
20190830 -31573.05
20190903 -31312.05
20190904 -30680.65
20190905 -30956.45
20190906 -30910.45
20190909 -30662.45
20190910 -30663.25
20190911 -30364.65
20190912 -31560.65
20190913 -32713.05
20190916 -33609.05
20190917 -32937.05
20190918 -33205.85
20190919 -33161.05
20190920 -33609.05
20190923 -34236.25
20190924 -35132.25
20190925 -36252.25
20190926 -36073.05
20190927 -36073.05
20190930 -37158.65
20191001 -37158.65
20191002 -37158.65
20191003 -37158.65
20191004 -37158.65
20191007 -37158.65
20191008 -37158.65
20191009 -37158.65
20191010 -37158.65
20191011 -37158.65
20191014 -37158.65
20191015 -37158.65
20191016 -37158.65
20191017 -37158.65
20191018 -37158.65
20191021 -37158.65
20191022 -37158.65
20191023 -37158.65
20191024 -37158.65
20191025 -37158.65
20191028 -37158.65
20191029 -37158.65
20191030 -37273.65
20191031 -37903.65
20191101 -38008.65
20191104 -38293.65
20191105 -38218.65
20191106 -38316.15
20191107 -37573.65
20191108 -37257.40
20191111 -38747.40
20191112 -38728.65
20191113 -38144.90
20191114 -37988.65
20191115 -38377.40
20191118 -38906.15
20191119 -40359.90
20191120 -39094.90
20191121 -37242.40
20191122 -37047.40
20191125 -35353.65
20191126 -36047.40
20191127 -35517.40
20191129 -35909.40
20191202 -36147.15
20191203 -35231.15
20191204 -34742.40
20191205 -33375.40
20191206 -32089.15
20191209 -29929.15
20191210 -27368.65
20191211 -26905.15
20191212 -24931.40
20191213 -27609.65
20191216 -25681.90
20191217 -28027.65
20191218 -27169.15
20191219 -28327.15
20191220 -26880.65
20191223 -29084.65
20191224 -27950.15
20191226 -28345.65
20191227 -25725.65
20191230 -25592.90
20191231 -27382.65
20200102 -29871.65
20200103 -29179.90
20200106 -27982.90
20200107 -28778.15
20200108 -30603.90
20200109 -29569.90
20200110 -26643.90
20200113 -27679.90
20200114 -26727.65
20200115 -26362.65
20200116 -27147.90
20200117 -26520.90
20200121 -26965.90
20200122 -25404.90
20200123 -26458.90
20200124 -27781.90
20200127 -28734.90
20200128 -26461.90
20200129 -26891.90
20200130 -26836.90
20200131 -27499.90
20200203 -26116.90
20200204 -27124.90
20200205 -27012.90
20200206 -26956.90
20200207 -25948.90
20200210 -25276.90
20200211 -23204.90
20200212 -21132.90
20200213 -24604.90
20200214 -25164.90
20200218 -23932.90
20200219 -22252.90
20200220 -23260.90
20200221 -22252.90
20200224 -24436.90
20200225 -24380.90
20200226 -25500.90
20200227 -25374.90
20200228 -24700.90
20200302 -28438.90
20200303 -28108.90
20200304 -29942.90
20200305 -30773.90
20200306 -30213.90
20200309 -28633.90
20200310 -28833.90
20200311 -28973.90
20200312 -26765.50
20200313 -27913.90
20200316 -23491.10
20200317 -21715.10
20200318 -19449.50
20200319 -17381.10
20200320 -17564.70
20200323 -16617.10
20200324 -18387.50
20200325 -19564.70
20200326 -18546.30
20200327 -16065.90
20200330 -13778.30
20200331 -12819.50
20200401 -8397.10
20200402 -11097.10
20200403 -12176.70
20200406 -14873.90
20200407 -14410.30
20200408 -15305.50
20200409 -16104.30
20200413 -13329.50
20200414 -12541.90
20200415 -12654.70
20200416 -12874.70
20200417 -13655.50
20200420 -13426.70
20200421 -11327.90
20200422 -14516.30
20200423 -14746.30
20200424 -13110.30
20200427 -10563.90
20200428 -11961.10
20200429 -15093.10
20200430 -17319.10
20200501 -18517.10
20200504 -14453.50
20200505 -15405.90
20200506 -14051.10
20200507 -15199.90
20200508 -15900.70
20200511 -15499.10
20200512 -17791.50
20200513 -16956.30
20200514 -18242.30
20200515 -18283.90
20200518 -19715.50
20200519 -21339.50
20200520 -21872.70
20200521 -20781.90
20200522 -20107.90
20200526 -21265.50
20200527 -20255.50
20200528 -19485.50
20200529 -19510.80
20200601 -22114.00
20200602 -23062.10
20200603 -25191.60
20200604 -25204.15
20200605 -25485.40
20200608 -25485.40
20200609 -25072.90
20200610 -24679.15
20200611 -24360.40
20200612 -24097.90
20200615 -23685.40
20200616 -23572.90
20200617 -24529.15
20200618 -24004.15
20200619 -23685.40
20200622 -24472.90
20200623 -24547.90
20200624 -24397.90
20200625 -23647.90
20200626 -23966.65
20200629 -25260.40
20200630 -25597.90
20200701 -26722.90
20200702 -26392.90
20200706 -24404.15
20200707 -25270.40
20200708 -24587.90
20200709 -24254.15
20200710 -23537.90
20200713 -24486.65
20200714 -24584.15
20200715 -24552.90
20200716 -24779.15
20200717 -26560.40
20200720 -25134.15
20200721 -25849.15
20200722 -27954.15
20200723 -28264.15
20200724 -29174.15
20200727 -28644.15
20200728 -28669.15
20200729 -28419.15
20200730 -27634.15
20200731 -27894.15
20200803 -27289.15
20200804 -27144.15
20200805 -26731.65
20200806 -28242.90
20200807 -30069.15
20200810 -30917.90
20200811 -31210.40
20200812 -31611.65
20200813 -29772.90
20200814 -31088.85
20200817 -30678.05
20200818 -30264.65
20200819 -28914.15
20200820 -29719.55
20200821 -30327.20
20200824 -29963.55
20200825 -28809.55
20200826 -29934.70
20200827 -29094.75
20200828 -28501.35
20200831 -27180.05
20200901 -26447.60
20200902 -27421.90
20200903 -29870.60
20200904 -28465.60
20200908 -29663.10
20200909 -30791.85
20200910 -29418.10
20200911 -29136.85
20200914 -31756.85
20200915 -32315.60
20200916 -33081.85
20200917 -34035.60
20200918 -35818.10
20200921 -36671.85
20200922 -36521.85
20200923 -36666.85
20200924 -36561.85
20200925 -36316.85
20200928 -36446.85
20200929 -36646.85
20200930 -36396.85
20201001 -37143.25
20201002 -37322.65
20201005 -36948.85
20201006 -35324.25
20201007 -33794.45
20201008 -33710.05
20201009 -33366.25
20201012 -34748.45
20201013 -33756.85
20201014 -32855.65
20201015 -32800.25
20201016 -31330.25
20201019 -29411.05
20201020 -30287.45
20201021 -30456.65
20201022 -28752.25
20201023 -29346.05
20201026 -28712.05
20201027 -28483.25
20201028 -29144.45
20201029 -31514.65
20201030 -32143.85
20201102 -29506.05
20201103 -29871.05
20201104 -30189.65
20201105 -31031.25
20201106 -29829.85
20201109 -29274.25
20201110 -30245.25
20201111 -31381.45
20201112 -29855.05
20201113 -29685.85
20201116 -26811.05
20201117 -27667.85
20201118 -26775.65
20201119 -27617.25
20201120 -27285.85
20201123 -27134.65
20201124 -28037.45
20201125 -29557.05
20201127 -28893.05
20201130 -30826.85
20201201 -30806.85
20201202 -30698.65
20201203 -30450.85
20201204 -31430.45
20201207 -30980.65
20201208 -31449.45
20201209 -28316.05
20201210 -29099.85
20201211 -30220.25
20201214 -31314.05
20201215 -30450.85
20201216 -29166.45
20201217 -27545.25
20201218 -28635.45
20201221 -29432.25
20201222 -29357.45
20201223 -27398.25
20201224 -27054.65
20201228 -26621.25
20201229 -26022.45
20201230 -24467.25
20201231 -23451.45
20210104 -21816.85
20210105 -19514.05
20210106 -19076.65
20210107 -22138.65
20210108 -22133.65
20210111 -21490.05
20210112 -21795.85
20210113 -20483.45
20210114 -16650.05
20210115 -18535.65
20210119 -20253.65
20210120 -20003.30
20210121 -20030.15
20210122 -22241.55
20210125 -22738.95
20210126 -22580.20
20210127 -22371.40
20210128 -24329.70
20210129 -23293.25
20210201 -21264.65
20210202 -21038.70
20210203 -21802.45
20210204 -20075.15
20210205 -19018.80
20210208 -19070.80
20210209 -17415.45
20210210 -18029.60
20210211 -17913.90
20210212 -18245.50
20210216 -15026.25
20210217 -13380.85
20210218 -10019.35
20210219 -8641.60
20210222 -3037.60
20210223 -3577.75
20210224 -2744.70
20210225 -5173.10
20210226 -8306.55
20210301 -8649.25
20210302 -8684.90
20210303 -11647.85
20210304 -12009.00
20210305 -12309.30
20210308 -12812.80
20210309 -15688.05
20210310 -14800.50
20210311 -10881.00
20210312 -12062.65
20210315 -12864.95
20210316 -11058.55
20210317 -13008.60
20210318 -15336.60
20210319 -16660.25
20210322 -18364.40
20210323 -21159.80
20210324 -21659.80
20210325 -21659.80
20210326 -21659.80
20210329 -21659.80
20210330 -21659.80
20210331 -21659.80
20210401 -21659.80
20210405 -21659.80
20210406 -21659.80
20210407 -21659.80
20210408 -21659.80
20210409 -21659.80
20210412 -21659.80
20210413 -21659.80
20210414 -21659.80
20210415 -21659.80
20210416 -21659.80
20210419 -21659.80
20210420 -21659.80
20210421 -21659.80
20210422 -21659.80
20210423 -21659.80
20210426 -19874.65
20210427 -16700.80
20210428 -18769.15
20210429 -20543.50
20210430 -20956.75
20210503 -22246.75
20210504 -20898.85
20210505 -15958.75
20210506 -14222.80
20210507 -14949.40
20210510 -16768.15
20210511 -13949.80
20210512 -16173.40
20210513 -18663.70
20210514 -19692.70
20210517 -19310.65
20210518 -15927.70
20210519 -17495.05
20210520 -17192.65
20210521 -18754.60
20210524 -18629.50
20210525 -17361.40
20210526 -16285.00
20210527 -15273.85
20210528 -11842.45
20210601 -11221.15
20210602 -11217.25
20210603 -13388.50
20210604 -10928.95
20210607 -12600.25
20210608 -12410.20
20210609 -12530.50
20210610 -12203.20
20210611 -13056.40
20210614 -15171.40
20210615 -17084.05
20210616 -16292.65
20210617 -19525.00
20210618 -19393.75
20210621 -18606.25
20210622 -19337.50
20210623 -18662.50
20210624 -18850.00
20210625 -17200.00
20210628 -15362.50
20210629 -16300.00
20210630 -16468.75
20210701 -17725.00
20210702 -18981.25
20210706 -20837.50
20210707 -20143.75
20210708 -19281.25
20210709 -19562.50
20210712 -18625.00
20210713 -19281.25
20210714 -17650.00
20210715 -17481.25
20210716 -15868.75
20210719 -17725.00
20210720 -13825.00
20210721 -10375.00
20210722 -3756.25
20210723 -5500.00
20210726     0.00
20210727 -2268.75
20210728 -2756.25
20210729 -6119.10
20210730 -14222.55
20210802 -16574.60
20210803 -15671.45
20210804 -15595.45
20210805 -12035.50
20210806 -12104.20
20210809 -11788.75
20210810 -5657.40
20210811 -7682.50
20210812 -2193.90
20210813     0.00
20210816     0.00
20210817  -458.55
20210818     0.00
20210819 -6423.65
20210820 -6609.45
20210823 -5958.20
20210824 -2855.70
20210825 -1318.70
20210826 -1603.95
20210827     0.00
20210830     0.00
20210831 -6602.40
20210901 -7917.75
20210902 -5394.85
20210903 -5695.50
20210907 -5906.45
20210908 -7207.90
20210909 -11079.15
20210910 -12310.15
20210913 -13307.70
20210914 -12203.55
20210915 -9562.25
20210916 -11116.65
20210917 -13521.70
20210920 -21840.30
20210921 -21066.25
20210922 -18890.95
20210923 -15749.10
20210924 -15955.65
20210927 -15658.15
20210928 -11105.10
20210929 -11682.70
20210930 -4820.10
20211001 -3575.75
20211004 -6220.85
20211005 -4672.80
20211006 -2319.95
20211007     0.00
20211008     0.00
20211011     0.00
20211012 -1237.30
20211013 -6385.60
20211014 -4130.20
20211015 -5153.15
20211018 -7517.35
20211019 -5733.60
20211020 -2346.10
20211021 -7779.85
20211022 -6953.60
20211025 -5661.10
20211026 -3409.85
20211027 -4131.10
20211028 -1446.10
20211029     0.00
20211101     0.00
20211102 -2833.75
20211103  -795.00
20211104 -3417.50
20211105 -4901.25
20211108 -6683.75
20211109 -1510.00
20211110 -2922.50
20211111  -587.50
20211112     0.00
20211115     0.00
20211116     0.00
20211117     0.00
20211118 -3880.00
20211119  -996.25
20211122 -2243.75
20211123     0.00
20211124     0.00
20211126 -4918.75
20211129 -9020.00
20211130 -11594.50
20211201 -13458.25
20211202 -12826.40
20211203 -10668.75
20211206 -8176.45
20211207 -13423.10
20211208 -15439.20
20211209 -17069.20
20211210 -20279.20
20211213 -18161.70
20211214 -18902.95
20211215 -18956.70
20211216 -15235.45
20211217 -18402.95
20211220 -22745.50
20211221 -20635.25
20211222 -21164.55
20211223 -21599.00
20211227 -19760.05
20211228 -20573.80
20211229 -17493.90
20211230 -13653.85
20211231 -17209.10
20220103 -16531.50
20220104 -10281.15
20220105 -7176.75
20220106 -7579.50
20220107 -3550.65
20220110 -3057.10
20220111 -3646.05
20220112 -2404.25
20220113 -2688.00
20220114  -559.05
20220118 -1941.80
20220119  -467.45
20220120  -749.85
20220121 -4790.90
20220124 -6311.55
20220125 -3680.10
20220126     0.00
20220127 -2641.55
20220128     0.00
20220131     0.00
20220201 -1678.40
20220202     0.00
20220203     0.00
20220204 -3530.35
20220207 -3364.15
20220208     0.00
20220209  -331.00
20220210  -871.05
20220211 -2137.45
20220214 -4946.10
20220215 -2940.35
20220216 -3874.10
20220217 -6259.25
20220218 -5735.80
20220222 -8253.85
20220223 -7052.95
20220224 -13046.90
20220225 -10865.25
20220228 -12590.50
20220301 -14153.10
20220302 -18363.10
20220303 -17103.10
20220304 -20483.10
20220307 -22259.10
20220308 -20333.10
20220309 -23577.10
20220310 -23291.10
20220311 -18337.10
20220314 -20631.85
20220315 -20173.10
20220316 -22306.35
20220317 -18993.35
20220318 -14130.60
20220321 -10745.60
20220322 -11593.60
20220323 -11193.35
20220324 -8917.60
20220325 -1957.60
20220328     0.00
20220329 -5379.25
20220330 -2639.50
20220331 -8383.75
