20100104     0.00
20100105     0.00
20100106     0.00
20100107  -823.20
20100108  -121.80
20100111  -970.20
20100112 -2998.80
20100113 -4917.80
20100114 -4917.80
20100115 -4917.80
20100119 -4917.80
20100120 -5417.80
20100121 -3757.80
20100122 -2217.80
20100125 -2937.80
20100126 -2387.80
20100127 -1347.80
20100128 -1317.80
20100129  -567.80
20100201 -3037.80
20100202  -237.80
20100203  -487.80
20100204 -5097.80
20100205 -5097.80
20100208 -4660.80
20100209 -8696.40
20100210 -9869.60
20100211 -11305.80
20100212 -8303.60
20100216 -14434.40
20100217 -15191.20
20100218 -19167.00
20100219 -17014.80
20100222 -15524.80
20100223 -14484.80
20100224 -14984.80
20100225 -14594.80
20100226 -16544.80
20100301 -14244.80
20100302 -17794.60
20100303 -16705.40
20100304 -15935.40
20100305 -14910.00
20100308 -13909.80
20100309 -14459.20
20100310 -13780.40
20100311 -12640.80
20100312 -13122.80
20100315 -14561.60
20100316 -11740.20
20100317 -10241.80
20100318 -8918.60
20100319 -11539.40
20100322 -12083.80
20100323 -12593.80
20100324 -12343.80
20100325 -11103.80
20100326 -10113.80
20100329 -9973.80
20100330 -10543.80
20100331 -9503.80
20100401 -11673.80
20100405 -13103.80
20100406 -13029.00
20100407 -15013.80
20100408 -16163.20
20100409 -16725.60
20100412 -17603.80
20100413 -18091.20
20100414 -15129.40
20100415 -15031.00
20100416 -18787.80
20100419 -22852.00
20100420 -21149.20
20100421 -20244.00
20100422 -19837.60
20100423 -16926.60
20100426 -18409.40
20100427 -20455.00
20100428 -19729.60
20100429 -14891.60
20100430 -11736.60
20100503 -11261.80
20100504 -18437.00
20100505 -24137.00
20100506 -29350.60
20100507 -33647.00
20100510 -31797.60
20100511 -31001.80
20100512 -32453.80
20100513 -35926.20
20100514 -41710.80
20100517 -43037.60
20100518 -43363.00
20100519 -43827.60
20100520 -43966.20
20100521 -44726.20
20100524 -45005.40
20100525 -42386.20
20100526 -47204.20
20100527 -53490.80
20100528 -52692.40
20100601 -49870.20
20100602 -51571.20
20100603 -52055.60
20100604 -44466.80
20100607 -43652.00
20100608 -45156.00
20100609 -50716.60
20100610 -53091.00
20100611 -48896.00
20100614 -48851.20
20100615 -50630.40
20100616 -55217.60
20100617 -54064.20
20100618 -56179.40
20100621 -57769.40
20100622 -58179.40
20100623 -56199.40
20100624 -56919.40
20100625 -58119.40
20100628 -59279.40
20100629 -56969.40
20100630 -56659.40
20100701 -53979.40
20100702 -53169.40
20100706 -53009.40
20100707 -56109.40
20100708 -54739.40
20100709 -54089.40
20100712 -55229.40
20100713 -53243.60
20100714 -53828.20
20100715 -54375.80
20100716 -55949.80
20100719 -55280.40
20100720 -53477.00
20100721 -56758.00
20100722 -49643.60
20100723 -51093.40
20100726 -51105.20
20100727 -53769.60
20100728 -54252.20
20100729 -51792.20
20100730 -50242.20
20100802 -49482.20
20100803 -47652.20
20100804 -48712.20
20100805 -47782.20
20100806 -47782.20
20100809 -45422.20
20100810 -47725.00
20100811 -48136.60
20100812 -46361.20
20100813 -46433.40
20100816 -45147.80
20100817 -47096.00
20100818 -46774.00
20100819 -45077.60
20100820 -43290.20
20100823 -42125.00
20100824 -41027.60
20100825 -40813.40
20100826 -41904.60
20100827 -41948.00
20100830 -43018.00
20100831 -43058.00
20100901 -42669.20
20100902 -41668.80
20100903 -43758.80
20100907 -42174.80
20100908 -41484.00
20100909 -41582.60
20100910 -41220.60
20100913 -41132.00
20100914 -40875.80
20100915 -40716.20
20100916 -42127.40
20100917 -42119.00
20100920 -40430.60
20100921 -41249.60
20100922 -41791.40
20100923 -41476.40
20100924 -40800.20
20100927 -41127.80
20100928 -41056.40
20100929 -38112.20
20100930 -35739.20
20101001 -34647.20
20101004 -35029.40
20101005 -34277.60
20101006 -34059.20
20101007 -36411.20
20101008 -35147.00
20101011 -35268.80
20101012 -35961.80
20101013 -34357.40
20101014 -35063.00
20101015 -37603.60
20101018 -37603.60
20101019 -37603.60
20101020 -37603.60
20101021 -37603.60
20101022 -37603.60
20101025 -37603.60
20101026 -37603.60
20101027 -37603.60
20101028 -37603.60
20101029 -37603.60
20101101 -37603.60
20101102 -37603.60
20101103 -37603.60
20101104 -37603.60
20101105 -36954.60
20101108 -36202.80
20101109 -36164.80
20101110 -33516.40
20101111 -32969.00
20101112 -37281.80
20101115 -37438.40
20101116 -42288.20
20101117 -48706.40
20101118 -45282.00
20101119 -48411.40
20101122 -47825.00
20101123 -49283.00
20101124 -43755.20
20101126 -44114.80
20101129 -42048.20
20101130 -47386.00
20101201 -44925.60
20101202 -42127.60
20101203 -40690.00
20101206 -39851.40
20101207 -41722.40
20101208 -40401.40
20101209 -41765.20
20101210 -42915.80
20101213 -41742.40
20101214 -43609.00
20101215 -42943.80
20101216 -44516.20
20101217 -44425.40
20101220 -42991.80
20101221 -41412.00
20101222 -40243.80
20101223 -38697.20
20101227 -40223.60
20101228 -39410.20
20101229 -39897.80
20101230 -42605.80
20101231 -39280.80
20110103 -38674.00
20110104 -42788.60
20110105 -40369.20
20110106 -43591.20
20110107 -44987.00
20110110 -40835.40
20110111 -36762.00
20110112 -35600.40
20110113 -36459.40
20110114 -34803.20
20110118 -34933.80
20110119 -35001.20
20110120 -38607.20
20110121 -37928.00
20110124 -42711.00
20110125 -46569.80
20110126 -42090.00
20110127 -46238.40
20110128 -40856.20
20110131 -35100.00
20110201 -36548.60
20110202 -34643.20
20110203 -36441.80
20110204 -40351.20
20110207 -44406.40
20110208 -44507.00
20110209 -43138.80
20110210 -46143.20
20110211 -48679.00
20110214 -47005.80
20110215 -47884.60
20110216 -45841.00
20110217 -46781.80
20110218 -47850.80
20110222 -38711.80
20110223 -31596.80
20110224 -32936.00
20110225 -31469.40
20110228 -32976.60
20110301 -25123.40
20110302 -20537.00
20110303 -20809.80
20110304 -16929.80
20110307 -18081.00
20110308 -20164.20
20110309 -18961.00
20110310 -20724.60
20110311 -23522.40
20110314 -22280.80
20110315 -31180.80
20110316 -28528.00
20110317 -24444.60
20110318 -26599.80
20110321 -24105.40
20110322 -22160.00
20110323 -23080.40
20110324 -23136.40
20110325 -23638.80
20110328 -26314.60
20110329 -24807.40
20110330 -25491.20
20110331 -20559.00
20110401 -18415.00
20110404 -16335.20
20110405 -15894.00
20110406 -15143.60
20110407 -13052.00
20110408 -5786.60
20110411 -11479.00
20110412 -18504.80
20110413 -16376.40
20110414 -15956.00
20110415 -12927.60
20110418 -17196.40
20110419 -17627.00
20110420 -11815.20
20110421 -11907.60
20110425 -12640.00
20110426 -11487.80
20110427 -10001.20
20110428 -9993.60
20110429 -7667.80
20110502 -9073.20
20110503 -14117.80
20110504 -17935.40
20110505 -38131.60
20110506 -42482.00
20110509 -32235.80
20110510 -29251.00
20110511 -32796.40
20110512 -34203.20
20110513 -36080.20
20110516 -30952.60
20110517 -29232.00
20110518 -35135.60
20110519 -31995.20
20110520 -35506.40
20110523 -28956.00
20110524 -33485.20
20110525 -37860.40
20110526 -39200.20
20110527 -37620.20
20110531 -36140.20
20110601 -36510.20
20110602 -34860.20
20110603 -35730.20
20110606 -34530.20
20110607 -34490.20
20110608 -34330.20
20110609 -36060.20
20110610 -35230.20
20110613 -37270.20
20110614 -36620.20
20110615 -34551.60
20110616 -33699.60
20110617 -31968.60
20110620 -30194.00
20110621 -29680.00
20110622 -32935.80
20110623 -20031.40
20110624 -19212.60
20110627 -19415.80
20110628 -25149.40
20110629 -30553.80
20110630 -32281.00
20110701 -30255.40
20110705 -34073.60
20110706 -32655.00
20110707 -34926.60
20110708 -33176.60
20110711 -32956.60
20110712 -35686.60
20110713 -37006.60
20110714 -34396.60
20110715 -36446.60
20110718 -35136.60
20110719 -36746.60
20110720 -37286.60
20110721 -38016.60
20110722 -38756.60
20110725 -38086.60
20110726 -38476.60
20110727 -36286.60
20110728 -36326.60
20110729 -34586.60
20110801 -40886.60
20110802 -42416.60
20110803 -42416.60
20110804 -42416.60
20110805 -42746.60
20110808 -37116.60
20110809 -35696.60
20110810 -38582.80
20110811 -41039.00
20110812 -40030.00
20110815 -40473.20
20110816 -38806.20
20110817 -38528.20
20110818 -36563.80
20110819 -35696.40
20110822 -36936.00
20110823 -37660.40
20110824 -35906.00
20110825 -35094.40
20110826 -34191.20
20110829 -35267.00
20110830 -35192.20
20110831 -36245.60
20110901 -37678.00
20110902 -35702.80
20110906 -35395.20
20110907 -35988.40
20110908 -37413.00
20110909 -37410.00
20110912 -40289.80
20110913 -43259.80
20110914 -42549.80
20110915 -41429.80
20110916 -39299.80
20110919 -37129.80
20110920 -37929.80
20110921 -36249.80
20110922 -30589.80
20110923 -29889.80
20110926 -30829.40
20110927 -38913.60
20110928 -32469.20
20110929 -32858.20
20110930 -27121.60
20111003 -23932.80
20111004 -20963.80
20111005 -26528.20
20111006 -33267.20
20111007 -32390.60
20111010 -37314.80
20111011 -38473.20
20111012 -38248.40
20111013 -38869.80
20111014 -46704.60
20111017 -46718.00
20111018 -47328.00
20111019 -45418.00
20111020 -45638.00
20111021 -46958.00
20111024 -50578.00
20111025 -51588.00
20111026 -50818.00
20111027 -50168.80
20111028 -53965.40
20111031 -54545.60
20111101 -57618.80
20111102 -56978.80
20111103 -55708.80
20111104 -55568.80
20111107 -53438.80
20111108 -52648.80
20111109 -52778.80
20111110 -50708.80
20111111 -48848.80
20111114 -48438.80
20111115 -46668.80
20111116 -42848.80
20111117 -47178.80
20111118 -47498.80
20111121 -49078.80
20111122 -48148.80
20111123 -50438.80
20111125 -52088.80
20111128 -50688.80
20111129 -51768.80
20111130 -50938.80
20111201 -51918.80
20111202 -51278.80
20111205 -50048.80
20111206 -50308.80
20111207 -49648.80
20111208 -50008.80
20111209 -48608.80
20111212 -47978.80
20111213 -48228.80
20111214 -46798.80
20111215 -46708.80
20111216 -46708.80
20111219 -46398.80
20111220 -46718.80
20111221 -46988.80
20111222 -47128.80
20111223 -46578.80
20111227 -46558.80
20111228 -46268.80
20111229 -45328.80
20111230 -44948.80
20120103 -43538.80
20120104 -44308.80
20120105 -44558.80
20120106 -45628.80
20120109 -45368.80
20120110 -43738.80
20120111 -43438.80
20120112 -47630.80
20120113 -49350.60
20120117 -47110.60
20120118 -47950.20
20120119 -45501.00
20120120 -47579.60
20120123 -49399.60
20120124 -49689.60
20120125 -51439.60
20120126 -50289.60
20120127 -51309.60
20120130 -50879.60
20120131 -48779.60
20120201 -47569.60
20120202 -49289.60
20120203 -48739.60
20120206 -49249.60
20120207 -48469.60
20120208 -48229.60
20120209 -48519.60
20120210 -49709.60
20120213 -51489.60
20120214 -52929.60
20120215 -51859.60
20120216 -53279.60
20120217 -54449.60
20120221 -53869.60
20120222 -53769.60
20120223 -50895.00
20120224 -47413.00
20120227 -48942.00
20120228 -52749.60
20120229 -53796.00
20120301 -47581.20
20120302 -53018.20
20120305 -51053.00
20120306 -54309.40
20120307 -50999.00
20120308 -48174.80
20120309 -48114.20
20120312 -49502.00
20120313 -48243.40
20120314 -49768.20
20120315 -51688.80
20120316 -47714.00
20120319 -47849.20
20120320 -51212.40
20120321 -51123.40
20120322 -53708.40
20120323 -50929.60
20120326 -49494.20
20120327 -49372.60
20120328 -51622.00
20120329 -55122.80
20120330 -54640.20
20120402 -49351.20
20120403 -51849.40
20120404 -56726.60
20120405 -54018.00
20120409 -56026.60
20120410 -58815.00
20120411 -55858.60
20120412 -52749.80
20120413 -53191.20
20120416 -55860.00
20120417 -54360.00
20120418 -55537.20
20120419 -55787.00
20120420 -55352.00
20120423 -57014.40
20120424 -55821.80
20120425 -57649.00
20120426 -57967.20
20120427 -58187.20
20120430 -59237.20
20120501 -58807.20
20120502 -58567.20
20120503 -62117.20
20120504 -65557.20
20120507 -66677.20
20120508 -68433.40
20120509 -68641.40
20120510 -68472.00
20120511 -66910.40
20120514 -63348.20
20120515 -63385.20
20120516 -61908.40
20120517 -59737.20
20120518 -57859.20
20120521 -60191.80
20120522 -59228.00
20120523 -55207.40
20120524 -56379.00
20120525 -56868.80
20120529 -55928.80
20120530 -50074.00
20120531 -47078.80
20120601 -40616.20
20120604 -41324.20
20120605 -41915.60
20120606 -44245.80
20120607 -43852.60
20120608 -43342.60
20120611 -40413.80
20120612 -40437.40
20120613 -39292.20
20120614 -39432.00
20120615 -40617.40
20120618 -36967.80
20120619 -39348.60
20120620 -34725.20
20120621 -28217.00
20120622 -29699.80
20120625 -28661.40
20120626 -29677.40
20120627 -31339.80
20120628 -27773.80
20120629 -40857.20
20120702 -38219.20
20120703 -44848.40
20120705 -44364.20
20120706 -40217.20
20120709 -44469.40
20120710 -39690.40
20120711 -44527.00
20120712 -45490.00
20120713 -47135.80
20120716 -49394.80
20120717 -50743.80
20120718 -54650.60
20120719 -60625.40
20120720 -60117.20
20120723 -56087.20
20120724 -55747.20
20120725 -57387.20
20120726 -57427.20
20120727 -58917.20
20120730 -56577.20
20120731 -54907.20
20120801 -56137.20
20120802 -56867.20
20120803 -61567.20
20120806 -62057.20
20120807 -61397.20
20120808 -61707.20
20120809 -61587.20
20120810 -63337.20
20120813 -63747.20
20120814 -62697.20
20120815 -63557.20
20120816 -63797.20
20120817 -63847.20
20120820 -63277.20
20120821 -63287.20
20120822 -62777.20
20120823 -65307.20
20120824 -64307.20
20120827 -63817.20
20120828 -63417.20
20120829 -63937.20
20120830 -64567.20
20120831 -65077.20
20120903 -64947.20
20120904 -65627.20
20120905 -65037.20
20120906 -64847.20
20120907 -63907.20
20120910 -65207.20
20120911 -66017.20
20120912 -66017.20
20120913 -66017.20
20120914 -66017.20
20120917 -66017.20
20120918 -66017.20
20120919 -66017.20
20120920 -66084.40
20120921 -65110.00
20120924 -66034.00
20120925 -65618.20
20120926 -65693.80
20120927 -63665.20
20120928 -63312.40
20121001 -64295.20
20121002 -64247.80
20121003 -68090.00
20121004 -62856.00
20121005 -64321.00
20121008 -64738.20
20121009 -61624.40
20121010 -61128.60
20121011 -57990.60
20121012 -59315.00
20121015 -61186.60
20121016 -62121.80
20121017 -62174.00
20121018 -61121.60
20121019 -63009.80
20121022 -65381.80
20121023 -64551.80
20121024 -65401.80
20121025 -65961.80
20121026 -66761.80
20121029 -65231.80
20121030 -66491.80
20121031 -67041.80
20121101 -67821.80
20121102 -67041.80
20121105 -67831.80
20121106 -70261.80
20121107 -65012.60
20121108 -65081.20
20121109 -69665.40
20121112 -69570.80
20121113 -69458.00
20121114 -72038.80
20121115 -70541.40
20121116 -72150.00
20121119 -77819.20
20121120 -75289.20
20121121 -75919.20
20121123 -76819.20
20121126 -76279.20
20121127 -75719.20
20121128 -75389.20
20121129 -75439.20
20121130 -75409.20
20121203 -75889.20
20121204 -74779.20
20121205 -75769.20
20121206 -73809.20
20121207 -71207.80
20121210 -69125.60
20121211 -70169.20
20121212 -72520.80
20121213 -70320.60
20121214 -72384.60
20121217 -72269.80
20121218 -75288.20
20121219 -77530.40
20121220 -80020.20
20121221 -76966.00
20121224 -75027.60
20121226 -80156.20
20121227 -79214.20
20121228 -80943.40
20121231 -79322.40
20130102 -77533.40
20130103 -78073.80
20130104 -79274.60
20130107 -78459.80
20130108 -76871.00
20130109 -75342.20
20130110 -76797.40
20130111 -80061.00
20130114 -78253.00
20130115 -80962.60
20130116 -80250.20
20130117 -81528.40
20130118 -82843.00
20130122 -83502.40
20130123 -85448.20
20130124 -85076.80
20130125 -83903.60
20130128 -83545.20
20130129 -83901.60
20130130 -83531.60
20130131 -83981.60
20130201 -83701.60
20130204 -85301.60
20130205 -84831.60
20130206 -85238.00
20130207 -85312.60
20130208 -83658.80
20130211 -82708.60
20130212 -81541.20
20130213 -83532.00
20130214 -81596.20
20130215 -83504.80
20130219 -85256.40
20130220 -88227.00
20130221 -92822.20
20130222 -92625.20
20130225 -93497.80
20130226 -96800.20
20130227 -98442.60
20130228 -100173.20
20130301 -102811.60
20130304 -103833.60
20130305 -100869.80
20130306 -101150.60
20130307 -99856.80
20130308 -99660.00
20130311 -99793.60
20130312 -100183.00
20130313 -101219.40
20130314 -100486.80
20130315 -99297.80
20130318 -99894.40
20130319 -104113.60
20130320 -102027.60
20130321 -103151.20
20130322 -102475.20
20130325 -102313.40
20130326 -99581.20
20130327 -96975.20
20130328 -96336.80
20130329 -96336.80
20130401 -95675.40
20130402 -95230.00
20130403 -99996.80
20130404 -99949.60
20130405 -99869.20
20130408 -102374.20
20130409 -104183.40
20130410 -103380.60
20130411 -99661.00
20130412 -95464.40
20130415 -91945.20
20130416 -90771.80
20130417 -85172.00
20130418 -86201.00
20130419 -86758.00
20130422 -90003.60
20130423 -90380.20
20130424 -94593.40
20130425 -99370.20
20130426 -98479.20
20130429 -97738.60
20130430 -97086.20
20130501 -95126.80
20130502 -100024.00
20130503 -99457.80
20130506 -100711.40
20130507 -102476.40
20130508 -100350.40
20130509 -101450.20
20130510 -101253.40
20130513 -101335.00
20130514 -100549.00
20130515 -100297.20
20130516 -101948.40
20130517 -103977.00
20130520 -103916.60
20130521 -103751.00
20130522 -103324.20
20130523 -104673.00
20130524 -104542.80
20130528 -106630.20
20130529 -105072.00
20130530 -104206.80
20130531 -101569.20
20130603 -103685.60
20130604 -102362.60
20130605 -102761.60
20130606 -102089.60
20130607 -101178.20
20130610 -101568.80
20130611 -102673.40
20130612 -101090.00
20130613 -99229.40
20130614 -98276.00
20130617 -98775.80
20130618 -98297.00
20130619 -97843.40
20130620 -102306.00
20130621 -102740.80
20130624 -102420.80
20130625 -101520.80
20130626 -102190.80
20130627 -100640.80
20130628 -100470.80
20130701 -100590.80
20130702 -101360.80
20130703 -101720.80
20130705 -98860.80
20130708 -100180.80
20130709 -98950.80
20130710 -97220.80
20130711 -98830.80
20130712 -97790.80
20130715 -97420.80
20130716 -97740.80
20130717 -97260.80
20130718 -94914.60
20130719 -95329.20
20130722 -97225.20
20130723 -96813.40
20130724 -99590.00
20130725 -99994.00
20130726 -101829.80
20130729 -101723.60
20130730 -103613.60
20130731 -99731.60
20130801 -95124.40
20130802 -97132.80
20130805 -98249.20
20130806 -101343.00
20130807 -103415.20
20130808 -105170.80
20130809 -100414.60
20130812 -99923.80
20130813 -97853.40
20130814 -98374.00
20130815 -97614.00
20130816 -96571.40
20130819 -98459.60
20130820 -99708.80
20130821 -101196.00
20130822 -101155.80
20130823 -98111.60
20130826 -99563.60
20130827 -93233.80
20130828 -90243.00
20130829 -92869.00
20130830 -95820.40
20130903 -95289.00
20130904 -97239.40
20130905 -94910.20
20130906 -91292.20
20130909 -94959.00
20130910 -99042.00
20130911 -98492.00
20130912 -96288.80
20130913 -97182.20
20130916 -101512.20
20130917 -105509.00
20130918 -101276.60
20130919 -104229.60
20130920 -105331.20
20130923 -108817.60
20130924 -109479.20
20130925 -110457.40
20130926 -111372.60
20130927 -110923.60
20130930 -110905.00
20131001 -110514.60
20131002 -110025.40
20131003 -111260.60
20131004 -110550.00
20131007 -112313.00
20131008 -111853.00
20131009 -113733.00
20131010 -112893.00
20131011 -113353.00
20131014 -112523.00
20131015 -114023.00
20131016 -113153.00
20131017 -114893.00
20131018 -114583.00
20131021 -116973.00
20131022 -118763.00
20131023 -117733.00
20131024 -117983.00
20131025 -119117.80
20131028 -121065.20
20131029 -120252.60
20131030 -119287.00
20131031 -117545.20
20131101 -112083.80
20131104 -111073.60
20131105 -109613.60
20131106 -111594.60
20131107 -109927.80
20131108 -112101.20
20131111 -113606.00
20131112 -110335.80
20131113 -112534.80
20131114 -114186.60
20131115 -115245.20
20131118 -113733.80
20131119 -113255.00
20131120 -115260.40
20131121 -119042.80
20131122 -119896.00
20131125 -118196.40
20131126 -117786.40
20131127 -116406.40
20131129 -116826.40
20131202 -119035.20
20131203 -120625.20
20131204 -122037.20
20131205 -122616.20
20131206 -122896.40
20131209 -123178.80
20131210 -124172.80
20131211 -121939.00
20131212 -122282.40
20131213 -121777.60
20131216 -123986.60
20131217 -122460.00
20131218 -125392.40
20131219 -125143.40
20131220 -128022.80
20131223 -127162.80
20131224 -127942.80
20131226 -128202.80
20131227 -130052.80
20131230 -129342.80
20131231 -131312.80
20140102 -130402.80
20140103 -130572.80
20140106 -130552.80
20140107 -130622.80
20140108 -131452.80
20140109 -133562.80
20140110 -133082.80
20140113 -130872.80
20140114 -129922.80
20140115 -130362.80
20140116 -129792.80
20140117 -130352.80
20140121 -129302.80
20140122 -126722.80
20140123 -126312.80
20140124 -121792.80
20140127 -128532.20
20140128 -124627.40
20140129 -116875.80
20140130 -121117.60
20140131 -123074.40
20140203 -123017.60
20140204 -119350.80
20140205 -122217.00
20140206 -123278.40
20140207 -122520.00
20140210 -126672.40
20140211 -122962.40
20140212 -123637.60
20140213 -118863.20
20140214 -116958.20
20140218 -112601.20
20140219 -104457.00
20140220 -104099.20
20140221 -107236.20
20140224 -114020.20
20140225 -113582.00
20140226 -113322.40
20140227 -115097.60
20140228 -113566.40
20140303 -109710.00
20140304 -111221.60
20140305 -116578.60
20140306 -115465.00
20140307 -113662.80
20140310 -116670.20
20140311 -118489.00
20140312 -123170.00
20140313 -124277.80
20140314 -122180.80
20140317 -123925.80
20140318 -124143.20
20140319 -122964.20
20140320 -125236.80
20140321 -125186.40
20140324 -125059.40
20140325 -124535.20
20140326 -123567.00
20140327 -122305.60
20140328 -122886.20
20140331 -124116.20
20140401 -126906.20
20140402 -126146.20
20140403 -124416.20
20140404 -123876.20
20140407 -124206.20
20140408 -121506.20
20140409 -119946.20
20140410 -119456.20
20140411 -119466.20
20140414 -119756.20
20140415 -119986.20
20140416 -120346.20
20140417 -117696.20
20140421 -117856.20
20140422 -119336.20
20140423 -119736.20
20140424 -119486.20
20140425 -121476.20
20140428 -119826.20
20140429 -119066.20
20140430 -120766.20
20140501 -122046.20
20140502 -122156.20
20140505 -122296.20
20140506 -121166.20
20140507 -120402.20
20140508 -122898.80
20140509 -124141.60
20140512 -124020.20
20140513 -122599.20
20140514 -121058.00
20140515 -121412.00
20140516 -121396.00
20140519 -120829.40
20140520 -119440.80
20140521 -118318.60
20140522 -119897.80
20140523 -118651.40
20140527 -118461.40
20140528 -119202.00
20140529 -119422.40
20140530 -120462.40
20140602 -120002.40
20140603 -119642.40
20140604 -119552.40
20140605 -120345.60
20140606 -119718.60
20140609 -119458.60
20140610 -120370.40
20140611 -121388.80
20140612 -120288.80
20140613 -120230.80
20140616 -120560.80
20140617 -121080.80
20140618 -121860.80
20140619 -121726.60
20140620 -121527.00
20140623 -123818.20
20140624 -122690.20
20140625 -122585.80
20140626 -125197.80
20140627 -126252.00
20140630 -127286.40
20140701 -127254.60
20140702 -130518.00
20140703 -129704.60
20140707 -130250.80
20140708 -128453.00
20140709 -129118.00
20140710 -128910.40
20140711 -128339.60
20140714 -128933.60
20140715 -126752.80
20140716 -128309.40
20140717 -128708.20
20140718 -126850.20
20140721 -127261.40
20140722 -126768.20
20140723 -126828.60
20140724 -128539.60
20140725 -129077.20
20140728 -129277.20
20140729 -130567.20
20140730 -130887.20
20140731 -132347.20
20140801 -131917.20
20140804 -132277.20
20140805 -132907.20
20140806 -132907.20
20140807 -132907.20
20140808 -132907.20
20140811 -132907.20
20140812 -132907.20
20140813 -132907.20
20140814 -132907.20
20140815 -134757.20
20140818 -133187.20
20140819 -132297.20
20140820 -132887.20
20140821 -133397.20
20140822 -133087.20
20140825 -132787.20
20140826 -133297.20
20140827 -133317.20
20140828 -133987.20
20140829 -135397.20
20140902 -131229.40
20140903 -136791.60
20140904 -134462.60
20140905 -132584.40
20140908 -131542.80
20140909 -130881.00
20140910 -128196.60
20140911 -129474.20
20140912 -128259.00
20140915 -128871.20
20140916 -131532.60
20140917 -130602.20
20140918 -128084.60
20140919 -127205.20
20140922 -125316.20
20140923 -125502.40
20140924 -127931.80
20140925 -128441.60
20140926 -129878.80
20140929 -131772.60
20140930 -125939.20
20141001 -125723.40
20141002 -125264.20
20141003 -123132.80
20141006 -125352.80
20141007 -122684.80
20141008 -121066.00
20141009 -117775.40
20141010 -118956.60
20141013 -119303.80
20141014 -110850.60
20141015 -110059.40
20141016 -111430.80
20141017 -112387.40
20141020 -110773.40
20141021 -112922.60
20141022 -108761.00
20141023 -111036.20
20141024 -109248.00
20141027 -108340.80
20141028 -110448.40
20141029 -113494.80
20141030 -112804.80
20141031 -112944.80
20141103 -111184.80
20141104 -109594.80
20141105 -111084.80
20141106 -110314.80
20141107 -111224.80
20141110 -111544.80
20141111 -112164.80
20141112 -112024.80
20141113 -111134.80
20141114 -112314.80
20141117 -108924.80
20141118 -108874.80
20141119 -107464.80
20141120 -107634.80
20141121 -110524.80
20141124 -110924.80
20141125 -108244.80
20141126 -108324.80
20141128 -103454.80
20141201 -109252.60
20141202 -106026.60
20141203 -106334.60
20141204 -106665.20
20141205 -103749.40
20141208 -100657.60
20141209 -103219.80
20141210 -99300.60
20141211 -98220.60
20141212 -95783.80
20141215 -92523.20
20141216 -89791.80
20141217 -93188.80
20141218 -87227.20
20141219 -89204.20
20141222 -83680.60
20141223 -87461.20
20141224 -82373.00
20141226 -79793.60
20141229 -76709.00
20141230 -78164.00
20141231 -74928.00
20150102 -73896.20
20150105 -68083.20
20150106 -65567.20
20150107 -64512.60
20150108 -65678.80
20150109 -65102.80
20150112 -59249.00
20150113 -59662.80
20150114 -65595.20
20150115 -62025.40
20150116 -66202.00
20150120 -61904.00
20150121 -64045.60
20150122 -62218.60
20150123 -61868.20
20150126 -61138.40
20150127 -63184.40
20150128 -60102.40
20150129 -59989.20
20150130 -67735.40
20150202 -71446.80
20150203 -78664.80
20150204 -70709.00
20150205 -74389.60
20150206 -76994.00
20150209 -79583.60
20150210 -75055.20
20150211 -73094.00
20150212 -76849.60
20150213 -75996.20
20150217 -76494.20
20150218 -75860.20
20150219 -73425.40
20150220 -67449.40
20150223 -61633.20
20150224 -69401.20
20150225 -67973.80
20150226 -67144.60
20150227 -65357.80
20150302 -68816.60
20150303 -67554.20
20150304 -70168.60
20150305 -70406.60
20150306 -69605.20
20150309 -71221.60
20150310 -69801.00
20150311 -69681.00
20150312 -68561.00
20150313 -66351.00
20150316 -65391.00
20150317 -64871.00
20150318 -65505.00
20150319 -67563.40
20150320 -68369.40
20150323 -69930.60
20150324 -70477.00
20150325 -71961.40
20150326 -72170.80
20150327 -72135.00
20150330 -71672.00
20150331 -71436.20
20150401 -72292.40
20150402 -74298.80
20150406 -80734.40
20150407 -83393.40
20150408 -79044.00
20150409 -80249.40
20150410 -81900.00
20150413 -82916.00
20150414 -82916.00
20150415 -82916.00
20150416 -82916.00
20150417 -82916.00
20150420 -82916.00
20150421 -82916.00
20150422 -82916.00
20150423 -82916.00
20150424 -82916.00
20150427 -82916.00
20150428 -82916.00
20150429 -82916.00
20150430 -82916.00
20150501 -83556.00
20150504 -83776.00
20150505 -82306.00
20150506 -81776.00
20150507 -83766.00
20150508 -82736.00
20150511 -83656.00
20150512 -81206.00
20150513 -81076.00
20150514 -80966.00
20150515 -81186.00
20150518 -81546.00
20150519 -84416.00
20150520 -83756.00
20150521 -81676.00
20150522 -83296.00
20150526 -85676.00
20150527 -86216.00
20150528 -86396.00
20150529 -83776.00
20150601 -83876.00
20150602 -82816.00
20150603 -84436.00
20150604 -86076.00
20150605 -84946.00
20150608 -85836.00
20150609 -82426.00
20150610 -80686.00
20150611 -82006.00
20150612 -83566.00
20150615 -82616.00
20150616 -82116.00
20150617 -82556.00
20150618 -82846.00
20150619 -83306.00
20150622 -83726.00
20150623 -83166.00
20150624 -84106.00
20150625 -84676.00
20150626 -84746.00
20150629 -86046.00
20150630 -84906.00
20150701 -87416.00
20150702 -87446.00
20150706 -91846.00
20150707 -92046.00
20150708 -92726.00
20150709 -91596.00
20150710 -91636.00
20150713 -92176.00
20150714 -91336.00
20150715 -92966.00
20150716 -93037.60
20150717 -92969.40
20150720 -93500.00
20150721 -95190.00
20150722 -93238.60
20150723 -91780.40
20150724 -90445.60
20150727 -88242.40
20150728 -89202.00
20150729 -89755.80
20150730 -89539.80
20150731 -86821.80
20150803 -82739.00
20150804 -84663.00
20150805 -83555.00
20150806 -83693.80
20150807 -82489.20
20150810 -86056.20
20150811 -82969.80
20150812 -84767.80
20150813 -82933.40
20150814 -82749.80
20150817 -81989.60
20150818 -82859.20
20150819 -79304.00
20150820 -78413.20
20150821 -76198.80
20150824 -70809.80
20150825 -72326.40
20150826 -71105.80
20150827 -79510.00
20150828 -85960.20
20150831 -94304.40
20150901 -85465.80
20150902 -87080.40
20150903 -88753.60
20150904 -86396.00
20150908 -86743.60
20150909 -82045.20
20150910 -85651.40
20150911 -83424.00
20150914 -81311.00
20150915 -81754.00
20150916 -86052.80
20150917 -85311.40
20150918 -81493.40
20150921 -84412.00
20150922 -84578.00
20150923 -81509.20
20150924 -82919.40
20150925 -83229.00
20150928 -80446.40
20150929 -81389.20
20150930 -81145.80
20151001 -79146.60
20151002 -80130.80
20151005 -82033.60
20151006 -87158.00
20151007 -85138.20
20151008 -87930.60
20151009 -87822.80
20151012 -84435.80
20151013 -82738.60
20151014 -83463.60
20151015 -82939.60
20151016 -83142.20
20151019 -81267.20
20151020 -81590.40
20151021 -80925.00
20151022 -81375.00
20151023 -79929.80
20151026 -76492.80
20151027 -76519.80
20151028 -78388.80
20151029 -77743.60
20151030 -79152.20
20151102 -78090.60
20151103 -80562.80
20151104 -79607.80
20151105 -81063.20
20151106 -82144.00
20151109 -81341.60
20151110 -81583.80
20151111 -80584.20
20151112 -78828.00
20151113 -78775.40
20151116 -79995.00
20151117 -78521.00
20151118 -78577.60
20151119 -77276.40
20151120 -76125.40
20151123 -76751.40
20151124 -78868.20
20151125 -78914.20
20151127 -74660.40
20151130 -73826.60
20151201 -74608.20
20151202 -69346.00
20151203 -72901.40
20151204 -71161.00
20151207 -65013.40
20151208 -64046.60
20151209 -62764.00
20151210 -61314.40
20151211 -56585.40
20151214 -55563.60
20151215 -56681.60
20151216 -53082.60
20151217 -51962.80
20151218 -51948.40
20151221 -52857.00
20151222 -52419.40
20151223 -56056.60
20151224 -56348.00
20151228 -56387.00
20151229 -60229.20
20151230 -55395.80
20151231 -57607.60
20160104 -57402.60
20160105 -56476.40
20160106 -52023.20
20160107 -51749.00
20160108 -50172.00
20160111 -48329.60
20160112 -44928.00
20160113 -44218.60
20160114 -44117.40
20160115 -39994.40
20160119 -38009.20
20160120 -35253.20
20160121 -37968.80
20160122 -44763.20
20160125 -40566.40
20160126 -43067.20
20160127 -46322.20
20160128 -47815.60
20160129 -50793.60
20160201 -47021.20
20160202 -44206.00
20160203 -49449.40
20160204 -48969.20
20160205 -47236.20
20160208 -45507.00
20160209 -40754.00
20160210 -40264.00
20160211 -39200.40
20160212 -46218.80
20160216 -44042.20
20160217 -48220.00
20160218 -47964.60
20160219 -44529.20
20160222 -47412.40
20160223 -44506.40
20160224 -46353.00
20160225 -47718.20
20160226 -46722.20
20160229 -48022.00
20160301 -49225.60
20160302 -49139.60
20160303 -49235.00
20160304 -52581.20
20160307 -57371.60
20160308 -56287.80
20160309 -58477.80
20160310 -58767.80
20160311 -59107.80
20160314 -59077.80
20160315 -59397.80
20160316 -59567.80
20160317 -60247.80
20160318 -59957.80
20160321 -59167.80
20160322 -59517.80
20160323 -58827.80
20160324 -58947.80
20160328 -59487.80
20160329 -59937.80
20160330 -60087.80
20160331 -59717.80
20160401 -59687.80
20160404 -60957.80
20160405 -61397.80
20160406 -60945.80
20160407 -60489.00
20160408 -57631.60
20160411 -57811.00
20160412 -54320.60
20160413 -54433.20
20160414 -55567.80
20160415 -57326.00
20160418 -57170.60
20160419 -56024.00
20160420 -53126.00
20160421 -54486.80
20160422 -54104.60
20160425 -54885.80
20160426 -53113.40
20160427 -51139.40
20160428 -49388.80
20160429 -50330.20
20160502 -54111.20
20160503 -55729.40
20160504 -55267.80
20160505 -55356.80
20160506 -54405.60
20160509 -57633.40
20160510 -55813.40
20160511 -54093.40
20160512 -53803.40
20160513 -54883.40
20160516 -54133.40
20160517 -52602.60
20160518 -52153.20
20160519 -52443.80
20160520 -52233.40
20160523 -53088.40
20160524 -52078.00
20160525 -50130.00
20160526 -50688.80
20160527 -51145.40
20160531 -51560.20
20160601 -51574.60
20160602 -50998.80
20160603 -52418.20
20160606 -50718.20
20160607 -48135.40
20160608 -46107.40
20160609 -46098.00
20160610 -49676.40
20160613 -49639.40
20160614 -50364.40
20160615 -51950.80
20160616 -56206.60
20160617 -51487.00
20160620 -46927.60
20160621 -47277.00
20160622 -49406.80
20160623 -47553.20
20160624 -53125.80
20160627 -55062.00
20160628 -50292.20
20160629 -45915.60
20160630 -49344.80
20160701 -48417.20
20160705 -49277.40
20160706 -50958.40
20160707 -46217.40
20160708 -46318.80
20160711 -46826.80
20160712 -50516.60
20160713 -44980.00
20160714 -47081.00
20160715 -46683.00
20160718 -45489.80
20160719 -45204.40
20160720 -47099.00
20160721 -44301.60
20160722 -42316.20
20160725 -40119.80
20160726 -40394.20
20160727 -38262.20
20160728 -34356.80
20160729 -35135.40
20160801 -32562.20
20160802 -32438.40
20160803 -33895.40
20160804 -36658.20
20160805 -36774.40
20160808 -39351.60
20160809 -40569.80
20160810 -40593.20
20160811 -42389.60
20160812 -42039.60
20160815 -41999.60
20160816 -41729.60
20160817 -41709.60
20160818 -41159.60
20160819 -42059.60
20160822 -41109.60
20160823 -40289.60
20160824 -39939.60
20160825 -39439.60
20160826 -39159.60
20160829 -39329.60
20160830 -40019.60
20160831 -39419.60
20160901 -40369.60
20160902 -40369.60
20160906 -41119.60
20160907 -41529.60
20160908 -40229.60
20160909 -40319.60
20160912 -39139.60
20160913 -39199.60
20160914 -39399.60
20160915 -39019.60
20160916 -38809.60
20160919 -38949.60
20160920 -37819.60
20160921 -37719.60
20160922 -38389.60
20160923 -38499.60
20160926 -39918.40
20160927 -44028.60
20160928 -48989.20
20160929 -49419.20
20160930 -49949.20
20161003 -49779.20
20161004 -49369.20
20161005 -48599.20
20161006 -48519.20
20161007 -47079.20
20161010 -46259.20
20161011 -46639.20
20161012 -46909.20
20161013 -45599.20
20161014 -46159.20
20161017 -46569.20
20161018 -46379.20
20161019 -47309.20
20161020 -47599.20
20161021 -49079.20
20161024 -50699.20
20161025 -51269.20
20161026 -52399.20
20161027 -52079.20
20161028 -51709.20
20161031 -52499.20
20161101 -53739.20
20161102 -53689.20
20161103 -53459.20
20161104 -53439.20
20161107 -53929.20
20161108 -52099.20
20161109 -52669.20
20161110 -52089.20
20161111 -51959.20
20161114 -53259.20
20161115 -52859.20
20161116 -53409.20
20161117 -52799.20
20161118 -54199.20
20161121 -55269.20
20161122 -55589.20
20161123 -56029.20
20161125 -56539.20
20161128 -57719.20
20161129 -58159.20
20161130 -58159.20
20161201 -58159.20
20161202 -58159.20
20161205 -57429.20
20161206 -57619.20
20161207 -57939.20
20161208 -57019.20
20161209 -56509.20
20161212 -58899.20
20161213 -59229.20
20161214 -58569.20
20161215 -59629.20
20161216 -60239.20
20161219 -60239.20
20161220 -60239.20
20161221 -60239.20
20161222 -60239.20
20161223 -60239.20
20161227 -60239.20
20161228 -60239.20
20161229 -60239.20
20161230 -60239.20
20170103 -60239.20
20170104 -60239.20
20170105 -60239.20
20170106 -60239.20
20170109 -60159.20
20170110 -61959.20
20170111 -62499.20
20170112 -60879.20
20170113 -60549.20
20170117 -62505.00
20170118 -65497.40
20170119 -65067.40
20170120 -67807.40
20170123 -66947.40
20170124 -67017.40
20170125 -66057.40
20170126 -66577.40
20170127 -66357.40
20170130 -67077.40
20170131 -68047.40
20170201 -69117.40
20170202 -69377.40
20170203 -69377.40
20170206 -69377.40
20170207 -69377.40
20170208 -69377.40
20170209 -69377.40
20170210 -69377.40
20170213 -69377.40
20170214 -69377.40
20170215 -69377.40
20170216 -69377.40
20170217 -69377.40
20170221 -69377.40
20170222 -70547.40
20170223 -69184.40
20170224 -71619.40
20170227 -70675.20
20170228 -72904.40
20170301 -73154.40
20170302 -73204.40
20170303 -73434.40
20170306 -74174.40
20170307 -73404.40
20170308 -74174.40
20170309 -74904.40
20170310 -75244.40
20170313 -75082.40
20170314 -72987.00
20170315 -75418.00
20170316 -74177.80
20170317 -74884.20
20170320 -75649.40
20170321 -75045.80
20170322 -73752.80
20170323 -73531.40
20170324 -74366.40
20170327 -74112.20
20170328 -75808.60
20170329 -78576.40
20170330 -79625.40
20170331 -80457.60
20170403 -79007.20
20170404 -82661.00
20170405 -82981.40
20170406 -84576.20
20170407 -85577.20
20170410 -87211.00
20170411 -87508.00
20170412 -87508.00
20170413 -87508.00
20170417 -87508.00
20170418 -87508.00
20170419 -87508.00
20170420 -87508.00
20170421 -87508.00
20170424 -87508.00
20170425 -87508.00
20170426 -87508.00
20170427 -87968.00
20170428 -88328.00
20170501 -87838.00
20170502 -86658.00
20170503 -86200.60
20170504 -81326.00
20170505 -83166.60
20170508 -85144.60
20170509 -84577.60
20170510 -88346.20
20170511 -89455.20
20170512 -89608.00
20170515 -91832.60
20170516 -92118.20
20170517 -92836.40
20170518 -93332.00
20170519 -94902.80
20170522 -95209.00
20170523 -95039.00
20170524 -94939.00
20170525 -94689.00
20170526 -95039.00
20170530 -93389.00
20170531 -92649.00
20170601 -92019.00
20170602 -91929.00
20170605 -91759.00
20170606 -92359.00
20170607 -92139.00
20170608 -92030.00
20170609 -92513.80
20170612 -92120.20
20170613 -92476.80
20170614 -90361.80
20170615 -91506.60
20170616 -92127.40
20170619 -89489.60
20170620 -88019.20
20170621 -85635.00
20170622 -86140.60
20170623 -86764.80
20170626 -88471.80
20170627 -90888.80
20170628 -92676.20
20170629 -93749.20
20170630 -95118.40
20170703 -96365.80
20170705 -94925.20
20170706 -95378.00
20170707 -93722.60
20170710 -94599.40
20170711 -96732.80
20170712 -96003.60
20170713 -96519.60
20170714 -97688.20
20170717 -98289.40
20170718 -98969.40
20170719 -98749.40
20170720 -98519.40
20170721 -97789.40
20170724 -97079.40
20170725 -97569.40
20170726 -97399.40
20170727 -97929.40
20170728 -97669.40
20170731 -96199.40
20170801 -96449.40
20170802 -96369.40
20170803 -96259.40
20170804 -95999.40
20170807 -96269.40
20170808 -96479.40
20170809 -97089.40
20170810 -98109.40
20170811 -98089.40
20170814 -97849.40
20170815 -97609.40
20170816 -97159.40
20170817 -97549.40
20170818 -97189.40
20170821 -98069.40
20170822 -98299.40
20170823 -98409.40
20170824 -98199.40
20170825 -98779.40
20170828 -99189.40
20170829 -99189.40
20170830 -99189.40
20170831 -99189.40
20170901 -99323.80
20170905 -99273.40
20170906 -98790.40
20170907 -97673.20
20170908 -98530.00
20170911 -99496.00
20170912 -99584.20
20170913 -98412.40
20170914 -98034.40
20170915 -97139.80
20170918 -97946.20
20170919 -98240.20
20170920 -96795.40
20170921 -96446.80
20170922 -96404.80
20170925 -94604.80
20170926 -95426.80
20170927 -95751.60
20170928 -96509.00
20170929 -96899.60
20171002 -98906.60
20171003 -99528.60
20171004 -99435.80
20171005 -97935.00
20171006 -100615.80
20171009 -100391.20
20171010 -98383.80
20171011 -97093.40
20171012 -99658.60
20171013 -97595.60
20171016 -95967.80
20171017 -96248.00
20171018 -95312.00
20171019 -97348.20
20171020 -96241.20
20171023 -97672.00
20171024 -95491.40
20171025 -95415.20
20171026 -93649.80
20171027 -90453.00
20171030 -89803.00
20171031 -88692.40
20171101 -89498.40
20171102 -90039.60
20171103 -88056.20
20171106 -85511.00
20171107 -86883.60
20171108 -87286.20
20171109 -85863.60
20171110 -86797.60
20171113 -86895.20
20171114 -89009.40
20171115 -89308.00
20171116 -89755.20
20171117 -86526.20
20171120 -87425.20
20171121 -86855.60
20171122 -85804.20
20171124 -84021.60
20171127 -85115.80
20171128 -86245.00
20171129 -88667.20
20171130 -88127.60
20171201 -85692.20
20171204 -87787.80
20171205 -86113.00
20171206 -90062.20
20171207 -86242.80
20171208 -84327.20
20171211 -83341.60
20171212 -83405.60
20171213 -85542.00
20171214 -84561.00
20171215 -83859.80
20171218 -84388.40
20171219 -82901.00
20171220 -81640.40
20171221 -80728.40
20171222 -80502.00
20171226 -76059.80
20171227 -77157.20
20171228 -78298.40
20171229 -77335.60
20180102 -78823.00
20180103 -75839.80
20180104 -74641.80
20180105 -75130.40
20180108 -75799.00
20180109 -74575.40
20180110 -73186.40
20180111 -74904.40
20180112 -74635.80
20180116 -76113.00
20180117 -75943.60
20180118 -76714.40
20180119 -77473.00
20180122 -76886.00
20180123 -72559.60
20180124 -69929.60
20180125 -69449.00
20180126 -67193.80
20180129 -69101.20
20180130 -71170.60
20180131 -72970.00
20180201 -72282.00
20180202 -74281.80
20180205 -77995.60
20180206 -80374.60
20180207 -84234.20
20180208 -85294.20
20180209 -90024.60
20180212 -90615.00
20180213 -90799.00
20180214 -87394.00
20180215 -86351.60
20180216 -85182.00
20180220 -84215.40
20180221 -84132.20
20180222 -82185.40
20180223 -80704.00
20180226 -79718.20
20180227 -81407.80
20180228 -85516.20
20180301 -86922.20
20180302 -86910.00
20180305 -84871.80
20180306 -84564.60
20180307 -87730.00
20180308 -87351.00
20180309 -88116.00
20180312 -88355.80
20180313 -87319.40
20180314 -87015.00
20180315 -87001.40
20180316 -87367.60
20180319 -87289.20
20180320 -86764.20
20180321 -84487.80
20180322 -84966.60
20180323 -83870.40
20180326 -84013.20
20180327 -83752.80
20180328 -84185.40
20180329 -84187.20
20180402 -86400.80
20180403 -85639.20
20180404 -86172.60
20180405 -87106.20
20180406 -88251.60
20180409 -87902.00
20180410 -86757.60
20180411 -86735.80
20180412 -87219.60
20180413 -87020.80
20180416 -89606.60
20180417 -89861.00
20180418 -86473.00
20180419 -85844.40
20180420 -85203.20
20180423 -84211.40
20180424 -85710.00
20180425 -85007.20
20180426 -84107.00
20180427 -84503.60
20180430 -83403.60
20180501 -86806.80
20180502 -85211.20
20180503 -85080.80
20180504 -82056.20
20180507 -79744.20
20180508 -82560.80
20180509 -77948.20
20180510 -77526.60
20180511 -78220.20
20180514 -76801.00
20180515 -76476.20
20180516 -75447.80
20180517 -74960.60
20180518 -75803.20
20180521 -74474.60
20180522 -74364.20
20180523 -74321.00
20180524 -76412.80
20180525 -81835.80
20180529 -84417.40
20180530 -81240.00
20180531 -83527.80
20180601 -83386.40
20180604 -83646.00
20180605 -85273.80
20180606 -85053.80
20180607 -83695.20
20180608 -84540.40
20180611 -84461.60
20180612 -84775.40
20180613 -83836.80
20180614 -85175.60
20180615 -85787.00
20180618 -85463.80
20180619 -85595.40
20180620 -86382.80
20180621 -87656.80
20180622 -87094.20
20180625 -88384.20
20180626 -87083.00
20180627 -84604.80
20180628 -85040.00
20180629 -83910.60
20180702 -86474.40
20180703 -85841.60
20180705 -86762.60
20180706 -86125.20
20180709 -85228.60
20180710 -84272.40
20180711 -92674.40
20180712 -92107.80
20180713 -91445.20
20180716 -97647.40
20180717 -97153.80
20180718 -95905.40
20180719 -94943.80
20180720 -94443.20
20180723 -94602.00
20180724 -93248.80
20180725 -91327.60
20180726 -89868.20
20180727 -91491.20
20180730 -89183.00
20180731 -93067.20
20180801 -92727.20
20180802 -92292.00
20180803 -92186.20
20180806 -92117.00
20180807 -92838.60
20180808 -91695.80
20180809 -91346.20
20180810 -93443.80
20180813 -93040.40
20180814 -92241.80
20180815 -88793.20
20180816 -89815.20
20180817 -89840.80
20180820 -90756.00
20180821 -91197.60
20180822 -95335.00
20180823 -95523.20
20180824 -96551.80
20180827 -96991.80
20180828 -97231.80
20180829 -97051.80
20180830 -96941.80
20180831 -96521.80
20180904 -97451.80
20180905 -97731.80
20180906 -97961.80
20180907 -97921.80
20180910 -97641.80
20180911 -97632.80
20180912 -97383.40
20180913 -98939.80
20180914 -100040.40
20180917 -99688.00
20180918 -97267.40
20180919 -97059.60
20180920 -97160.80
20180921 -97234.80
20180924 -94169.00
20180925 -93064.20
20180926 -94096.20
20180927 -92399.60
20180928 -91934.60
20181001 -88579.80
20181002 -88062.40
20181003 -84999.20
20181004 -89304.20
20181005 -89825.00
20181008 -88555.20
20181009 -86652.00
20181010 -89475.80
20181011 -94929.20
20181012 -95660.20
20181015 -94410.20
20181016 -94300.20
20181017 -95660.20
20181018 -97870.20
20181019 -96780.20
20181022 -97820.20
20181023 -97760.20
20181024 -98610.20
20181025 -98830.20
20181026 -99400.20
20181029 -99120.20
20181030 -98370.20
20181031 -96760.20
20181101 -95380.20
20181102 -94360.20
20181105 -91490.20
20181106 -90720.20
20181107 -90180.20
20181108 -89300.20
20181109 -87060.20
20181112 -86110.20
20181113 -78740.20
20181114 -71940.20
20181115 -80170.20
20181116 -77830.20
20181119 -74070.20
20181120 -72070.20
20181121 -73301.40
20181123 -66573.40
20181126 -69049.00
20181127 -68755.00
20181128 -61432.60
20181129 -63299.00
20181130 -62699.00
20181203 -69889.20
20181204 -69572.00
20181205 -68575.40
20181206 -67318.60
20181207 -68004.60
20181210 -64056.40
20181211 -66212.40
20181212 -68582.00
20181213 -71207.20
20181214 -71486.80
20181217 -72425.60
20181218 -62668.00
20181219 -67521.00
20181220 -64321.60
20181221 -60987.60
20181224 -58766.60
20181226 -65805.40
20181227 -62786.40
20181228 -60526.20
20181231 -57774.20
20190102 -59974.60
20190103 -62133.40
20190104 -65585.80
20190107 -64972.20
20190108 -67243.40
20190109 -69673.00
20190110 -70585.60
20190111 -70776.80
20190114 -73974.40
20190115 -74801.80
20190116 -75742.60
20190117 -75310.00
20190118 -76641.40
20190122 -76015.60
20190123 -75490.60
20190124 -75364.60
20190125 -75629.20
20190128 -73902.80
20190129 -77847.40
20190130 -79006.60
20190131 -79825.60
20190201 -78343.00
20190204 -78565.60
20190205 -78981.40
20190206 -78364.00
20190207 -78855.40
20190208 -78519.40
20190211 -79204.00
20190212 -78574.00
20190213 -77246.80
20190214 -75869.20
20190215 -73823.80
20190219 -74903.20
20190220 -73907.80
20190221 -73151.80
20190222 -73370.20
20190225 -75743.20
20190226 -74764.60
20190227 -73756.60
20190228 -73538.20
20190301 -74642.80
20190304 -74084.20
20190305 -73996.00
20190306 -74004.40
20190307 -74151.40
20190308 -76045.20
20190311 -76045.20
20190312 -76045.20
20190313 -76045.20
20190314 -76045.20
20190315 -76045.20
20190318 -76045.20
20190319 -76045.20
20190320 -76045.20
20190321 -76045.20
20190322 -76045.20
20190325 -76045.20
20190326 -76045.20
20190327 -76045.20
20190328 -76045.20
20190329 -76045.20
20190401 -76255.20
20190402 -76495.20
20190403 -76745.20
20190404 -77365.20
20190405 -76385.20
20190408 -75065.20
20190409 -75485.20
20190410 -74594.80
20190411 -76481.60
20190412 -76024.60
20190415 -76922.00
20190416 -75381.60
20190417 -76217.60
20190418 -75946.20
20190422 -73076.00
20190423 -71738.00
20190424 -72958.60
20190425 -73663.80
20190426 -77799.40
20190429 -77599.40
20190430 -77189.40
20190501 -77499.40
20190502 -79289.40
20190503 -79159.40
20190506 -78849.40
20190507 -79699.40
20190508 -78979.40
20190509 -79399.40
20190510 -79439.40
20190513 -80059.40
20190514 -79319.40
20190515 -79079.40
20190516 -78229.40
20190517 -78369.40
20190520 -78079.40
20190521 -78159.40
20190522 -79869.40
20190523 -83379.40
20190524 -82659.40
20190528 -82149.40
20190529 -82479.40
20190530 -84549.40
20190531 -86709.40
20190603 -85080.20
20190604 -86840.20
20190605 -82917.20
20190606 -83635.80
20190607 -86698.80
20190610 -85391.80
20190611 -86485.40
20190612 -82453.00
20190613 -84104.40
20190614 -85912.00
20190617 -84066.20
20190618 -86614.80
20190619 -86022.00
20190620 -90517.80
20190621 -92210.80
20190624 -93541.00
20190625 -94100.00
20190626 -97456.60
20190627 -97352.60
20190628 -95317.00
20190701 -96131.80
20190702 -90186.80
20190703 -92297.60
20190705 -93532.20
20190708 -93274.80
20190709 -94087.40
20190710 -100064.20
20190711 -100178.40
20190712 -100178.40
20190715 -100178.40
20190716 -100178.40
20190717 -100178.40
20190718 -100178.40
20190719 -100178.40
20190722 -100178.40
20190723 -100178.40
20190724 -100178.40
20190725 -100178.40
20190726 -100178.40
20190729 -100178.40
20190730 -100178.40
20190731 -100178.40
20190801 -100178.40
20190802 -100178.40
20190805 -100178.40
20190806 -100378.40
20190807 -100098.40
20190808 -100577.80
20190809 -101806.60
20190812 -101574.20
20190813 -104997.20
20190814 -103646.00
20190815 -102390.00
20190816 -102548.20
20190819 -104830.80
20190820 -105791.20
20190821 -104987.20
20190822 -103875.20
20190823 -101545.80
20190826 -100811.40
20190827 -102678.40
20190828 -105277.40
20190829 -107472.40
20190830 -104379.00
20190903 -102691.00
20190904 -107370.80
20190905 -108739.40
20190906 -108625.00
20190909 -108885.80
20190910 -109166.40
20190911 -109446.40
20190912 -109226.40
20190913 -108826.40
20190916 -102628.80
20190917 -110275.20
20190918 -112329.80
20190919 -111842.60
20190920 -112763.80
20190923 -112194.40
20190924 -114779.20
20190925 -116154.60
20190926 -116201.00
20190927 -118500.00
20190930 -119608.40
20191001 -119608.40
20191002 -119608.40
20191003 -119608.40
20191004 -119378.40
20191007 -119868.40
20191008 -120018.40
20191009 -120558.40
20191010 -120878.40
20191011 -120878.40
20191014 -121078.40
20191015 -120488.40
20191016 -120848.40
20191017 -120698.40
20191018 -120678.40
20191021 -121498.40
20191022 -121158.40
20191023 -121058.40
20191024 -120718.40
20191025 -120778.40
20191028 -119818.40
20191029 -118978.40
20191030 -118458.40
20191031 -119038.40
20191101 -118228.40
20191104 -117158.40
20191105 -116748.40
20191106 -117088.40
20191107 -117648.40
20191108 -117478.40
20191111 -118998.40
20191112 -119158.40
20191113 -119668.40
20191114 -119668.40
20191115 -119668.40
20191118 -119668.40
20191119 -119668.40
20191120 -119668.40
20191121 -119668.40
20191122 -119668.40
20191125 -119668.40
20191126 -119668.40
20191127 -119668.40
20191129 -119668.40
20191202 -119668.40
20191203 -119668.40
20191204 -119668.40
20191205 -119668.40
20191206 -119668.40
20191209 -119668.40
20191210 -119778.40
20191211 -119971.60
20191212 -121745.60
20191213 -122424.80
20191216 -122874.80
20191217 -122654.80
20191218 -122242.00
20191219 -121395.60
20191220 -123009.00
20191223 -121772.20
20191224 -120170.00
20191226 -119916.40
20191227 -119403.60
20191230 -119333.80
20191231 -120865.80
20200102 -120021.20
20200103 -116664.60
20200106 -117649.60
20200107 -118552.60
20200108 -124549.00
20200109 -125189.20
20200110 -126980.60
20200113 -129017.40
20200114 -128400.80
20200115 -129511.60
20200116 -129123.40
20200117 -128367.00
20200121 -128747.00
20200122 -129377.80
20200123 -130376.60
20200124 -129027.40
20200127 -127868.40
20200128 -129357.20
20200129 -128556.40
20200130 -126769.80
20200131 -126898.60
20200203 -124257.60
20200204 -124539.60
20200205 -128152.60
20200206 -129202.60
20200207 -127604.40
20200210 -124640.80
20200211 -125827.20
20200212 -129675.20
20200213 -129946.80
20200214 -131430.20
20200218 -131756.60
20200219 -134141.40
20200220 -133795.00
20200221 -132683.00
20200224 -126910.20
20200225 -123582.80
20200226 -119404.20
20200227 -116481.60
20200228 -113060.00
20200302 -117928.80
20200303 -118979.40
20200304 -118857.80
20200305 -115550.40
20200306 -105951.80
20200309 -87165.20
20200310 -95629.20
20200311 -93169.40
20200312 -88035.00
20200313 -88834.20
20200316 -83300.60
20200317 -80232.80
20200318 -69059.80
20200319 -78314.80
20200320 -73048.00
20200323 -74169.60
20200324 -78026.00
20200325 -79091.00
20200326 -74956.00
20200327 -74442.00
20200330 -70977.60
20200331 -70288.00
20200401 -66681.60
20200402 -73979.20
20200403 -80860.20
20200406 -78654.40
20200407 -76010.00
20200408 -76764.40
20200409 -72834.20
20200413 -73408.20
20200414 -68991.40
20200415 -67474.60
20200416 -68839.60
20200417 -68759.60
20200420 -61282.60
20200421 -45904.80
20200422 -49471.20
20200423 -51094.00
20200424 -47376.40
20200427 -41901.80
20200428 -42084.20
20200429 -46794.60
20200430 -53730.80
20200501 -52526.80
20200504 -54460.80
20200505 -63662.60
20200506 -60068.60
20200507 -60178.80
20200508 -63981.20
20200511 -62096.00
20200512 -62773.40
20200513 -60949.40
20200514 -66532.20
20200515 -68897.40
20200518 -76139.40
20200519 -74601.80
20200520 -77435.80
20200521 -78408.60
20200522 -77154.60
20200526 -77984.20
20200527 -76278.20
20200528 -76306.60
20200529 -80449.60
20200601 -80810.40
20200602 -83460.60
20200603 -82305.60
20200604 -82704.60
20200605 -85917.60
20200608 -84687.00
20200609 -86089.80
20200610 -86858.40
20200611 -86551.40
20200612 -86551.40
20200615 -86551.40
20200616 -85961.40
20200617 -86201.40
20200618 -86201.40
20200619 -86511.40
20200622 -86461.40
20200623 -86191.40
20200624 -85891.40
20200625 -84741.40
20200626 -84721.40
20200629 -86371.40
20200630 -86791.40
20200701 -85991.40
20200702 -86621.40
20200706 -87581.40
20200707 -88041.40
20200708 -87521.40
20200709 -87071.40
20200710 -87331.40
20200713 -86671.40
20200714 -86741.40
20200715 -87061.40
20200716 -86511.40
20200717 -86461.40
20200720 -85691.40
20200721 -86031.40
20200722 -86091.40
20200723 -87131.40
20200724 -87361.40
20200727 -86551.40
20200728 -87331.40
20200729 -87991.40
20200730 -86981.40
20200731 -86681.40
20200803 -85571.40
20200804 -84651.40
20200805 -84671.40
20200806 -84931.40
20200807 -84201.40
20200810 -85051.40
20200811 -84871.40
20200812 -85061.40
20200813 -84761.40
20200814 -83021.40
20200817 -83191.40
20200818 -82411.40
20200819 -82321.40
20200820 -83061.40
20200821 -82101.40
20200824 -81224.60
20200825 -80899.60
20200826 -81766.40
20200827 -81704.20
20200828 -81772.20
20200831 -83008.20
20200901 -83471.20
20200902 -84858.20
20200903 -84708.20
20200904 -82098.20
20200908 -80868.20
20200909 -82158.20
20200910 -81408.20
20200911 -81438.20
20200914 -81368.20
20200915 -82388.20
20200916 -84268.20
20200917 -85078.20
20200918 -85178.20
20200921 -83398.20
20200922 -83658.20
20200923 -83788.20
20200924 -84168.20
20200925 -84108.20
20200928 -84458.20
20200929 -83148.20
20200930 -84078.20
20201001 -82578.20
20201002 -80908.20
20201005 -85127.80
20201006 -89090.40
20201007 -87922.80
20201008 -89245.80
20201009 -89287.80
20201012 -87767.40
20201013 -88267.20
20201014 -89254.20
20201015 -90744.60
20201016 -90221.40
20201019 -89279.40
20201020 -90666.20
20201021 -89255.00
20201022 -90128.60
20201023 -89733.80
20201026 -88494.80
20201027 -90002.60
20201028 -88083.20
20201029 -85754.40
20201030 -85332.40
20201102 -87461.20
20201103 -88932.80
20201104 -92371.60
20201105 -91847.80
20201106 -89063.80
20201109 -92914.80
20201110 -92481.20
20201111 -93242.60
20201112 -93767.60
20201113 -94989.80
20201116 -94512.40
20201117 -93994.00
20201118 -92588.20
20201119 -92776.80
20201120 -92181.60
20201123 -91055.20
20201124 -87917.20
20201125 -86677.20
20201127 -85857.80
20201130 -87004.80
20201201 -88787.00
20201202 -86263.20
20201203 -82035.00
20201204 -81687.60
20201207 -80657.20
20201208 -80432.20
20201209 -81269.80
20201210 -79574.20
20201211 -80113.80
20201214 -79868.80
20201215 -78818.80
20201216 -78001.80
20201217 -76355.20
20201218 -75547.60
20201221 -78662.80
20201222 -80276.40
20201223 -77668.60
20201224 -77873.60
20201228 -78945.60
20201229 -79173.80
20201230 -78381.60
20201231 -79759.20
20210104 -82003.20
20210105 -78513.40
20210106 -77541.80
20210107 -77077.00
20210108 -73638.20
20210111 -74350.20
20210112 -72475.80
20210113 -72423.40
20210114 -70292.40
20210115 -73315.40
20210119 -70601.80
20210120 -70130.40
20210121 -69822.00
20210122 -71265.20
20210125 -71383.40
20210126 -70974.40
20210127 -69688.00
20210128 -70855.20
20210129 -72104.40
20210201 -65857.40
20210202 -63534.00
20210203 -62496.20
20210204 -60076.20
20210205 -59621.80
20210208 -56879.60
20210209 -56585.80
20210210 -55325.20
20210211 -56884.00
20210212 -54088.40
20210216 -49532.40
20210217 -46563.80
20210218 -48618.40
20210219 -50585.40
20210222 -47196.00
20210223 -47621.20
20210224 -45049.00
20210225 -45007.20
20210226 -49598.80
20210301 -51462.60
20210302 -52818.80
20210303 -50129.60
20210304 -45047.00
20210305 -40771.00
20210308 -43302.00
20210309 -44392.40
20210310 -43542.40
20210311 -40194.20
20210312 -40264.00
20210315 -41265.20
20210316 -42535.60
20210317 -43852.80
20210318 -52388.20
20210319 -52388.20
20210322 -52388.20
20210323 -52388.20
20210324 -50613.20
20210325 -56500.80
20210326 -51478.40
20210329 -50884.20
20210330 -52738.40
20210331 -55035.60
20210401 -50150.00
20210405 -56007.20
20210406 -56238.60
20210407 -56378.20
20210408 -56628.00
20210409 -56815.60
20210412 -57691.00
20210413 -57211.00
20210414 -54241.00
20210415 -53931.00
20210416 -54251.00
20210419 -54011.00
20210420 -54771.00
20210421 -56091.00
20210422 -56281.00
20210423 -55761.00
20210426 -55431.00
20210427 -53721.00
20210428 -52621.00
20210429 -51961.00
20210430 -53191.00
20210503 -51931.00
20210504 -50721.00
20210505 -51071.00
20210506 -52091.00
20210507 -51601.00
20210510 -51841.00
20210511 -51251.00
20210512 -50311.00
20210513 -55303.00
20210514 -52390.40
20210517 -48994.00
20210518 -50912.00
20210519 -55912.60
20210520 -58096.00
20210521 -57286.40
20210524 -55646.80
20210525 -55924.00
20210526 -55504.00
20210527 -55029.40
20210528 -55739.20
20210601 -54344.80
20210602 -52849.60
20210603 -53026.40
20210604 -51452.00
20210607 -52022.60
20210608 -50387.80
20210609 -50708.80
20210610 -49795.00
20210611 -50128.40
20210614 -50170.60
20210615 -50021.20
20210616 -50255.00
20210617 -52882.20
20210618 -51643.40
20210621 -48642.20
20210622 -47225.80
20210623 -45893.00
20210624 -44701.20
20210625 -43667.20
20210628 -45366.60
20210629 -44771.20
20210630 -43921.60
20210701 -40879.80
20210702 -39598.00
20210706 -45134.40
20210707 -47378.00
20210708 -44403.40
20210709 -41461.80
20210712 -41398.60
20210713 -39325.40
20210714 -43523.20
20210715 -46761.00
20210716 -45951.60
20210719 -49166.20
20210720 -48501.20
20210721 -47691.80
20210722 -47557.00
20210723 -46881.60
20210726 -47359.80
20210727 -48721.60
20210728 -48239.80
20210729 -46509.40
20210730 -47629.40
20210802 -50109.40
20210803 -49889.40
20210804 -50989.40
20210805 -50229.40
20210806 -51039.40
20210809 -53639.40
20210810 -51539.40
20210811 -50879.40
20210812 -52299.40
20210813 -53669.40
20210816 -53969.40
20210817 -55759.40
20210818 -56739.40
20210819 -58669.40
20210820 -59819.40
20210823 -59919.60
20210824 -61101.00
20210825 -62349.80
20210826 -60387.40
20210827 -57297.40
20210830 -57657.40
20210831 -57647.40
20210901 -55177.40
20210902 -53517.40
20210903 -53507.40
20210907 -55887.40
20210908 -51477.40
20210909 -51467.40
20210910 -50817.40
20210913 -47157.40
20210914 -46857.40
20210915 -42707.40
20210916 -43957.40
20210917 -46807.40
20210920 -49687.40
20210921 -51137.40
20210922 -49397.40
20210923 -46617.40
20210924 -43477.00
20210927 -35483.20
20210928 -34451.40
20210929 -38156.00
20210930 -32636.40
20211001 -32410.00
20211004 -26936.20
20211005 -17772.20
20211006 -27809.40
20211007 -26180.20
20211008 -25658.00
20211011 -24953.40
20211012 -23443.40
20211013 -22327.20
20211014 -18794.60
20211015 -20078.00
20211018 -25357.00
20211019 -23134.00
20211020 -20006.80
20211021 -23291.20
20211022 -20809.60
20211025 -13776.00
20211026 -12886.80
20211027 -15543.40
20211028 -20452.20
20211029 -23508.40
20211101 -24403.60
20211102 -20769.40
20211103 -25634.80
20211104 -28396.60
20211105 -25878.60
20211108 -25625.60
20211109 -26163.60
20211110 -32315.60
20211111 -29585.60
20211112 -35788.40
20211115 -33673.60
20211116 -30816.00
20211117 -39215.40
20211118 -38318.60
20211119 -35303.40
20211122 -40217.40
20211123 -42701.20
20211124 -41746.60
20211126 -15751.20
20211129 -21246.20
20211130 -10914.40
20211201 -7920.00
20211202 -7934.60
20211203 -8244.60
20211206 -9782.20
20211207 -15095.00
20211208 -18016.40
20211209 -16124.40
20211210 -18019.00
20211213 -15539.40
20211214 -13904.60
20211215 -14678.60
20211216 -17736.40
20211217 -13597.60
20211220 -10957.80
20211221 -17379.40
20211222 -21676.60
20211223 -19226.60
20211227 -22346.60
20211228 -22826.60
20211229 -22826.60
20211230 -22826.60
20211231 -22826.60
20220103 -22826.60
20220104 -22826.60
20220105 -22826.60
20220106 -22826.60
20220107 -22826.60
20220110 -22826.60
20220111 -22826.60
20220112 -22826.60
20220113 -22826.60
20220114 -22826.60
20220118 -22826.60
20220119 -23574.20
20220120 -24435.20
20220121 -23620.40
20220124 -26300.00
20220125 -24548.60
20220126 -21402.80
20220127 -20327.60
20220128 -20541.80
20220131 -20403.20
20220201 -19332.20
20220202 -18168.80
20220203 -15203.60
20220204 -11588.40
20220207 -13405.80
20220208 -18003.40
20220209 -16346.80
20220210 -16030.20
20220211 -9294.80
20220214 -4797.00
20220215 -12483.60
20220216 -10977.60
20220217 -15762.20
20220218 -15789.60
20220222 -12523.00
20220223 -11896.20
20220224 -8611.60
20220225 -11885.40
20220228 -2484.40
20220301     0.00
20220302     0.00
20220303 -2564.60
20220304     0.00
20220307     0.00
20220308     0.00
20220309 -55866.00
20220310 -65606.20
20220311 -57197.40
20220314 -69452.00
20220315 -86379.20
20220316 -84822.40
20220317 -60615.80
20220318 -54526.40
20220321 -39128.80
20220322 -37170.20
20220323 -20985.00
20220324 -21953.80
20220325 -20603.40
20220328 -43183.80
20220329 -49671.80
20220330 -40494.20
20220331 -51700.40
