EC,JY,BP,TY,FV,US,ES,NQ,EM,CL,NG,HO,GC,HG,SI,C_,S_,W_,SB,KC,CT,
20000131,1075.0,0,0,875.0,1000.0,-2175.0,0,-2750.0,0,-840.0,0,-445.2,0,-12500.0,0,275.0,-28.0,0,44.8,0,1430.0,
20000229,1737.5,2487.5,750.0,265.62,765.62,-2175.0,-1725.0,11020.0,0,1950.0,0,441.0,-2360.0,-86300.0,-214050.0,475.0,-109.0,-1287.5,526.4,0,1765.0,
20000331,2550.0,-4175.0,-162.5,-643.75,-190.62,-1581.25,-6675.0,14150.0,0,-720.0,-50.0,-1599.8,-2860.0,-86300.0,-182550.0,1075.0,-46.0,-1287.5,-195.6,0,1570.0,
20000428,8612.5,-4175.0,2412.5,-1862.5,-1740.62,-2706.25,-14112.5,-8000.0,0,-720.0,1910.0,-1599.8,-2860.0,-163800.0,-167550.0,875.0,-59.0,-1325.0,274.8,-1912.5,290.0,
20000531,5512.5,-4175.0,5825.0,-2912.5,-1740.62,-4537.5,-14112.5,1700.0,0,-720.0,14060.0,-1599.8,-2860.0,-222600.0,-237600.0,437.5,-161.5,-1800.0,1294.0,-3968.75,290.0,
20000630,3150.0,-4175.0,4550.0,-2912.5,-1740.62,-4537.5,-14112.5,-11460.0,0,-720.0,15260.0,-1986.2,-2860.0,-222600.0,-237600.0,1087.5,-161.5,-2525.0,2335.6,-2712.5,290.0,
20000731,3150.0,-4175.0,5662.5,-2912.5,-1740.62,-4537.5,-14112.5,-11460.0,0,-720.0,7050.0,-5190.8,-2860.0,-212600.0,-237600.0,1862.5,-161.5,-2775.0,4486.0,-15243.75,290.0,
20000831,3150.0,-4175.0,8775.0,-2912.5,-1740.62,-4537.5,-14112.5,-11460.0,0,-720.0,7050.0,4490.2,-2860.0,-161350.0,-302600.0,1050.0,-161.5,-3875.0,4665.2,-15243.75,865.0,
20000929,1437.5,-4175.0,7150.0,-2912.5,-1740.62,-4537.5,-14600.0,-11460.0,0,-3260.0,9060.0,1911.4,-2860.0,-97600.0,-297650.0,1150.0,-161.5,-3912.5,3360.8,-16481.25,-545.0,
20001031,5762.5,-4175.0,8812.5,-3553.12,-2146.88,-5912.5,-13925.0,-6880.0,0,-6490.0,3740.0,2339.8,-2680.0,-218900.0,-268150.0,1075.0,-156.0,-3912.5,3360.8,-17131.25,-850.0,
20001130,3025.0,-3437.5,10375.0,-1225.0,-725.0,-5650.0,-7987.5,8520.0,0,-5370.0,8930.0,1496.0,-3370.0,-218900.0,-258150.0,1800.0,-176.5,-3912.5,2565.6,-16981.25,-1085.0,
20001229,6862.5,-212.5,8762.5,603.12,728.12,-3681.25,-8662.5,11630.0,0,-3990.0,40790.0,1668.2,-3410.0,-218900.0,-196650.0,2362.5,-242.0,-3862.5,2291.6,-14675.0,-3155.0,
20010131,5800.0,2037.5,6737.5,962.5,1259.38,-4243.75,-10475.0,6900.0,0,-7290.0,4350.0,7182.8,-3410.0,-218900.0,-309200.0,1400.0,-242.0,-4425.0,2291.6,-14000.0,-3260.0,
20010228,4425.0,3425.0,6237.5,1681.25,2228.12,-3025.0,-9675.0,20860.0,0,-7290.0,4350.0,9303.8,-4480.0,-256400.0,-309200.0,1400.0,-242.0,-4425.0,1888.4,-14806.25,795.0,
20010330,2687.5,10025.0,6237.5,1946.88,2681.25,-4231.25,-6037.5,27320.0,0,-7290.0,4350.0,9509.6,-4480.0,-253950.0,-199200.0,1400.0,-240.5,-4425.0,3277.2,-15643.75,4875.0,
20010430,2687.5,8475.0,5512.5,1475.0,1240.62,-2262.5,-10287.5,21790.0,0,-7290.0,4350.0,5226.0,-4480.0,-286450.0,-230700.0,862.5,-341.5,-5750.0,2208.0,-17568.75,4350.0,
20010531,5075.0,5750.0,6337.5,2443.75,1240.62,-1356.25,-11200.0,18010.0,0,-7290.0,4810.0,5226.0,-4850.0,-334000.0,-284250.0,1600.0,-341.5,-5887.5,2208.0,-17568.75,6980.0,
20010629,4787.5,5750.0,6737.5,143.75,1240.62,-4500.0,-11200.0,18010.0,0,-8190.0,12990.0,1564.0,-4410.0,-282750.0,-284250.0,1375.0,-341.5,-6237.5,2208.0,-17568.75,6015.0,
20010731,1612.5,3762.5,5675.0,143.75,1240.62,-4500.0,-11200.0,18010.0,0,-11190.0,10990.0,934.0,-5010.0,-205250.0,-290750.0,837.5,-212.0,-7312.5,2208.0,-17568.75,5795.0,
20010831,1162.5,4162.5,5737.5,612.5,1865.62,-3031.25,-9712.5,20120.0,0,-12490.0,20150.0,-1384.0,-5390.0,-216500.0,-281750.0,1512.5,-321.5,-8050.0,2297.6,-17568.75,5795.0,
20010928,1000.0,3950.0,6550.0,2893.75,4115.62,-5675.0,-5150.0,26070.0,0,-12970.0,21510.0,-5554.2,-3640.0,-129000.0,-339300.0,625.0,-396.0,-9175.0,3731.2,-17568.75,7330.0,
20011031,-1262.5,1137.5,4225.0,5628.12,5787.5,-3112.5,-6000.0,22190.0,0,-10720.0,15500.0,-3055.2,-5480.0,-61500.0,-545350.0,375.0,-396.0,-9275.0,3608.0,-16818.75,9820.0,
20011130,-1262.5,1137.5,3500.0,968.75,2721.88,-8662.5,-10087.5,19700.0,0,-8980.0,15500.0,-346.2,-5480.0,-121550.0,-545350.0,375.0,-396.0,-10125.0,2774.0,-18593.75,6645.0,
20011231,-2637.5,5337.5,2000.0,-296.88,2721.88,-8568.75,-10087.5,19700.0,0,-9380.0,15500.0,-657.0,-5480.0,-304050.0,-545350.0,375.0,-396.0,-10125.0,2774.0,-18593.75,6645.0,
20020131,-3650.0,7750.0,1862.5,-1031.25,2721.88,-9881.25,-10087.5,19700.0,0,-9020.0,14220.0,254.4,-5480.0,-304100.0,-545350.0,375.0,-396.0,-10912.5,2774.0,-18593.75,6645.0,
20020228,-5075.0,7087.5,1287.5,-2268.75,2721.88,-11243.75,-10087.5,19490.0,0,-9890.0,12030.0,-820.4,-4920.0,-304100.0,-545350.0,375.0,-396.0,-10912.5,3065.2,-18593.75,6645.0,
20020328,-6887.5,2575.0,1087.5,-1737.5,3081.25,-11618.75,-10087.5,17510.0,0,-5780.0,14880.0,2174.2,-4260.0,-317850.0,-545350.0,375.0,-417.0,-10912.5,2796.4,-17318.75,5850.0,
20020430,-6487.5,2600.0,225.0,-4553.12,937.5,-15168.75,-10337.5,21100.0,38950.0,-4800.0,20000.0,2955.4,-3710.0,-434150.0,-675400.0,287.5,-424.0,-11312.5,3434.8,-18950.0,5150.0,
20020531,-2400.0,5750.0,312.5,-4553.12,937.5,-15168.75,-9850.0,22510.0,41650.0,-7470.0,14220.0,-51.4,-1880.0,-434150.0,-546900.0,112.5,-305.5,-12100.0,2830.0,-19918.75,3450.0,
20020628,4700.0,10112.5,4662.5,-5162.5,593.75,-16762.5,-5975.0,25620.0,109150.0,-7470.0,13350.0,-51.4,-3240.0,-511700.0,-640400.0,362.5,-322.5,-11225.0,3104.8,-19918.75,7215.0,
20020731,3000.0,9675.0,6775.0,-1787.5,3500.0,-13606.25,-2050.0,27410.0,161650.0,-7470.0,13660.0,-2054.4,-3420.0,-444200.0,-735450.0,1075.0,-228.0,-10175.0,2147.6,-19918.75,6695.0,
20020830,3662.5,10487.5,6062.5,-615.62,4343.75,-9856.25,-2275.0,27830.0,168850.0,-7440.0,10700.0,-521.4,-3420.0,-480450.0,-754450.0,2112.5,-207.5,-8375.0,2147.6,-19918.75,5685.0,
20020930,2000.0,8900.0,7050.0,3509.38,7453.12,-5293.75,2775.0,29990.0,275150.0,-5970.0,14180.0,1335.0,-3420.0,-406700.0,-794450.0,1287.5,-248.5,-7050.0,2158.8,-19206.25,4145.0,
20021031,2000.0,7237.5,5637.5,-400.0,6906.25,-10812.5,-1387.5,28190.0,184400.0,-8100.0,14360.0,-2079.2,-3420.0,-493000.0,-772950.0,1000.0,-308.0,-6762.5,3189.2,-14912.5,4145.0,
20021129,250.0,4537.5,3475.0,-400.0,5371.88,-10812.5,-1387.5,29110.0,184400.0,-8640.0,14800.0,-2079.2,-3420.0,-414250.0,-805500.0,1000.0,-261.5,-8200.0,3245.2,-13168.75,4535.0,
20021231,6950.0,4300.0,4925.0,-3465.62,3243.75,-10812.5,-1387.5,26510.0,184400.0,-11350.0,20690.0,-1298.0,-1170.0,-550550.0,-779500.0,1000.0,-333.5,-7312.5,3469.2,-16987.5,5025.0,
20030131,10262.5,3112.5,7412.5,-3465.62,3243.75,-10812.5,-1387.5,26810.0,184400.0,-9040.0,28850.0,1390.0,920.0,-538050.0,-755500.0,1000.0,-402.5,-7087.5,4622.8,-16987.5,5625.0,
20030228,11000.0,1925.0,3312.5,-4403.12,3243.75,-10312.5,-1462.5,26810.0,187300.0,-5950.0,53810.0,7249.0,-960.0,-571800.0,-885550.0,1000.0,-402.5,-6575.0,4410.0,-16987.5,8590.0,
20030331,7262.5,1925.0,3312.5,-6250.0,990.62,-13456.25,-3737.5,26810.0,140150.0,-10930.0,26360.0,630.2,-2440.0,-643100.0,-915550.0,625.0,-402.5,-5400.0,3643.2,-16987.5,8300.0,
20030430,7262.5,1925.0,412.5,-6250.0,990.62,-13456.25,-3737.5,26840.0,140150.0,-11530.0,26360.0,630.2,-2440.0,-643100.0,-998100.0,587.5,-420.5,-5200.0,3643.2,-16987.5,7280.0,
20030530,15000.0,-350.0,-562.5,-4390.62,1771.88,-10300.0,-2300.0,28660.0,140150.0,-15290.0,26360.0,630.2,-2440.0,-643100.0,-998100.0,362.5,-414.5,-6962.5,3363.2,-19906.25,6355.0,
20030630,11075.0,-350.0,12.5,-5390.62,1209.38,-12175.0,-1800.0,28770.0,146850.0,-16700.0,26360.0,630.2,-2440.0,-643100.0,-998100.0,-25.0,-482.0,-6962.5,4326.4,-19906.25,1880.0,
20030731,8412.5,-350.0,-2350.0,-5081.25,659.38,-11725.0,-1000.0,30260.0,171850.0,-16700.0,25280.0,630.2,-2440.0,-606850.0,-965600.0,875.0,-423.0,-6812.5,3358.0,-19906.25,195.0,
20030829,7762.5,-350.0,-2350.0,-4175.0,2128.12,-12100.0,-75.0,31520.0,192050.0,-16700.0,25150.0,-50.2,-1990.0,-631850.0,-959600.0,-312.5,-499.0,-5187.5,3358.0,-19906.25,-940.0,
20030930,1850.0,4287.5,-2350.0,-9081.25,-1481.25,-18256.25,-787.5,30800.0,176950.0,-17500.0,24160.0,-5808.0,-1060.0,-611850.0,-954600.0,-312.5,-570.5,-6225.0,2775.6,-22475.0,415.0,
20031031,-962.5,5575.0,-2137.5,-9084.38,-1500.0,-18306.25,-200.0,33040.0,227450.0,-18950.0,20610.0,-9881.2,-1210.0,-311850.0,-1108150.0,-350.0,-499.0,-7237.5,3346.8,-22618.75,4775.0,
20031128,4350.0,6012.5,-206.25,-9084.38,-1500.0,-18306.25,212.5,33180.0,229850.0,-22260.0,20610.0,-12035.8,130.0,-373100.0,-1079650.0,-275.0,-438.0,-6350.0,2837.6,-22618.75,-95.0,
20031231,11225.0,8312.5,3143.75,-9084.38,-3096.88,-18306.25,2850.0,34100.0,292650.0,-23490.0,27300.0,-9016.0,1940.0,-44350.0,-788150.0,-412.5,-411.5,-8587.5,2227.6,-22618.75,-95.0,
20040130,10150.0,10187.5,5893.75,-10146.88,-3096.88,-19212.5,3825.0,34580.0,297950.0,-22960.0,19380.0,-8974.0,620.0,205650.0,-645650.0,1100.0,-340.0,-8587.5,2227.6,-20218.75,-95.0,
20040227,10662.5,6312.5,8812.5,-9709.38,-3096.88,-18118.75,4550.0,34110.0,309350.0,-19850.0,19330.0,-10111.8,160.0,706900.0,-413150.0,2437.5,-102.0,-8587.5,1292.8,-19750.0,-4055.0,
20040331,7312.5,1437.5,4006.25,-8178.12,-3096.88,-16493.75,2550.0,31990.0,277100.0,-20250.0,19330.0,-10111.8,160.0,741900.0,201850.0,3287.5,-192.0,-10725.0,122.8,-20875.0,-2830.0,
20040430,7562.5,-4287.5,4006.25,-9868.75,-2268.75,-18981.25,2550.0,30900.0,277100.0,-21790.0,19330.0,-10111.8,-2760.0,410600.0,-685700.0,3300.0,-139.5,-12025.0,122.8,-21562.5,-1460.0,
20040528,3812.5,-6075.0,4006.25,-7743.75,-503.12,-17106.25,1287.5,30900.0,265000.0,-20810.0,22250.0,-9486.0,-3500.0,410600.0,-685700.0,2162.5,-250.5,-12025.0,122.8,-19106.25,-2375.0,
20040630,3812.5,-7425.0,4006.25,-8696.88,-1018.75,-18262.5,987.5,30900.0,247350.0,-23460.0,19380.0,-8734.2,-4310.0,410600.0,-685700.0,3075.0,-207.5,-11775.0,537.2,-23637.5,2540.0,
20040730,175.0,-7425.0,768.75,-10090.62,-2459.38,-19968.75,225.0,28760.0,247350.0,-22160.0,16350.0,-2497.2,-4310.0,410600.0,-685700.0,5337.5,69.5,-10112.5,1198.0,-23637.5,6020.0,
20040831,175.0,-7425.0,256.25,-10465.62,-2725.0,-19531.25,-150.0,29410.0,210000.0,-23840.0,20110.0,-4441.8,-4420.0,410600.0,-685700.0,4312.5,-122.0,-10637.5,873.2,-23637.5,1040.0,
20040930,175.0,-7425.0,-2225.0,-10153.12,-2646.88,-18625.0,-150.0,28140.0,210000.0,-16320.0,1350.0,6608.4,-3620.0,550600.0,-685700.0,5925.0,115.0,-11300.0,453.6,-24293.75,320.0,
20041029,4125.0,-5650.0,-2806.25,-9215.62,-2021.88,-17000.0,-150.0,28140.0,181200.0,-14200.0,20650.0,9884.4,-2720.0,280550.0,-633200.0,6075.0,77.0,-11300.0,-39.2,-27868.75,320.0,
20041130,10437.5,-2462.5,762.5,-10562.5,-2962.5,-19425.0,1337.5,29800.0,175250.0,-18590.0,9600.0,7960.8,-340.0,280550.0,-397200.0,6012.5,117.0,-11737.5,229.6,-24418.75,320.0,
20041231,13762.5,-1512.5,643.75,-12690.62,-3665.62,-23162.5,3325.0,30910.0,206950.0,-18590.0,30.0,4172.8,-1820.0,280550.0,-885750.0,5800.0,112.5,-12050.0,453.6,-22056.25,320.0,
20050131,6400.0,-3037.5,-2500.0,-12690.62,-3384.38,-23068.75,1725.0,28740.0,169400.0,-18590.0,30.0,4172.8,-2790.0,280550.0,-885750.0,5750.0,184.0,-12250.0,-234.8,-21456.25,320.0,
20050228,6400.0,-4437.5,-2500.0,-12690.62,-1712.5,-25568.75,1825.0,28740.0,169400.0,-18590.0,30.0,4172.8,-2790.0,326800.0,-885750.0,5387.5,53.5,-12687.5,-744.0,-15381.25,1355.0,
20050331,6400.0,-4450.0,-2500.0,-12190.62,-1228.12,-25618.75,-125.0,28740.0,135550.0,-16230.0,30.0,9049.0,-2790.0,336800.0,-885750.0,4900.0,31.0,-13400.0,-979.2,-13562.5,2235.0,
20050429,6400.0,-6775.0,-2500.0,-14100.0,-2481.25,-25618.75,-37.5,29040.0,139250.0,-21910.0,-10420.0,1060.6,-2790.0,151750.0,-885750.0,4475.0,19.0,-14437.5,-934.4,-18450.0,4245.0,
20050531,10550.0,-6675.0,-543.75,-14100.0,-2481.25,-25618.75,-1500.0,27620.0,105400.0,-21960.0,-10470.0,1010.6,-2790.0,-69500.0,-885750.0,4425.0,43.5,-14437.5,-1029.2,-18450.0,745.0,
20050630,12662.5,-4975.0,1350.0,-14646.88,-2481.25,-25462.5,-1500.0,26250.0,105400.0,-24160.0,-18610.0,-119.2,-2790.0,-175800.0,-885750.0,3325.0,76.5,-14437.5,-1029.2,-18187.5,745.0,
20050729,12487.5,-3075.0,3312.5,-16540.62,-2481.25,-29106.25,-1050.0,28420.0,105400.0,-20090.0,-18110.0,1565.0,-2790.0,-265850.0,-885750.0,4037.5,102.5,-15625.0,-402.0,-16350.0,745.0,
20050831,8262.5,-4500.0,318.75,-18168.75,-3668.75,-29106.25,-2637.5,27870.0,105400.0,-11720.0,17760.0,18377.6,-3120.0,-328350.0,-938250.0,3187.5,10.5,-16062.5,-133.2,-15562.5,745.0,
20050930,8262.5,-2287.5,318.75,-18168.75,-3765.62,-29106.25,-2637.5,28470.0,105400.0,-14420.0,42250.0,20607.8,300.0,-363400.0,-1224800.0,3187.5,10.5,-16062.5,1166.0,-12712.5,745.0,
20051031,8262.5,650.0,318.75,-17028.12,-2984.38,-27293.75,-3287.5,27430.0,97600.0,-19350.0,25090.0,6601.2,-240.0,-154650.0,-1190800.0,3187.5,10.5,-16987.5,1278.0,-15668.75,-1745.0,
20051130,8637.5,4112.5,-418.75,-17106.25,-3031.25,-27356.25,-4312.5,28190.0,83850.0,-19770.0,17130.0,6193.8,2940.0,132850.0,-788300.0,3125.0,2.5,-17950.0,2510.0,-15668.75,-1865.0,
20051230,5412.5,1787.5,-3375.0,-18218.75,-3437.5,-29656.25,-4125.0,27870.0,74950.0,-23490.0,-8590.0,2829.6,4960.0,422850.0,-535800.0,2862.5,-28.0,-18037.5,5030.0,-15668.75,-1865.0,
20060131,3487.5,162.5,-3375.0,-18218.75,-3706.25,-29656.25,-2687.5,29080.0,86550.0,-24960.0,-2750.0,-168.8,10620.0,889100.0,-38300.0,2850.0,-138.5,-18037.5,8770.8,-12687.5,-1865.0,
20060228,800.0,162.5,-3375.0,-18218.75,-3534.38,-29656.25,-2737.5,27890.0,100750.0,-31690.0,23270.0,-4154.6,9460.0,764100.0,-78300.0,3850.0,-138.5,-16837.5,7762.8,-17312.5,-1865.0,
20060331,800.0,162.5,-3375.0,-17531.25,-2784.38,-28281.25,-3850.0,27890.0,120050.0,-31690.0,18310.0,-5519.2,11740.0,1475350.0,779200.0,3712.5,-194.5,-18812.5,8636.4,-17312.5,-1865.0,
20060428,5000.0,1037.5,-1556.25,-16718.75,-2503.12,-25968.75,-3212.5,27045.0,143250.0,-30360.0,8960.0,764.0,18520.0,3369100.0,1834200.0,4362.5,-48.0,-18812.5,7007.2,-17312.5,-2475.0,
20060531,7150.0,1612.5,1375.0,-16062.5,-1956.25,-25343.75,-5300.0,27755.0,115400.0,-30950.0,8960.0,24.8,17970.0,4377850.0,1246700.0,4475.0,-76.0,-18375.0,7444.0,-17181.25,-2085.0,
20060630,7475.0,-1150.0,193.75,-16000.0,-1753.12,-25781.25,-5675.0,27585.0,70050.0,-28310.0,8960.0,-4246.2,9700.0,3705350.0,556650.0,3712.5,-174.0,-19612.5,6458.4,-17987.5,-3615.0,
20060731,4000.0,-1150.0,-1662.5,-16612.5,-2318.75,-26675.0,-5937.5,29040.0,23600.0,-27840.0,-2190.0,-4246.2,9700.0,4242850.0,556650.0,2612.5,-190.5,-19612.5,5837.2,-17331.25,-3675.0,
20060831,4000.0,-1150.0,-1662.5,-15800.0,-1756.25,-24081.25,-5937.5,27850.0,23600.0,-30400.0,-19520.0,-9651.2,9700.0,3992800.0,556650.0,1312.5,-312.0,-19612.5,8301.2,-19743.75,-3775.0,
20060929,4000.0,-1150.0,-1662.5,-15112.5,-1350.0,-22737.5,-4375.0,28215.0,36000.0,-25760.0,-26560.0,-5883.8,9700.0,3992800.0,556650.0,1200.0,-312.0,-19737.5,8357.2,-19875.0,-4785.0,
20061031,1750.0,-3212.5,-1662.5,-14956.25,-1303.12,-22487.5,-2487.5,29645.0,73000.0,-21580.0,-34510.0,-2250.8,9700.0,3992800.0,556650.0,4112.5,-312.0,-17737.5,8581.2,-22081.25,-4500.0,
20061130,2975.0,-3075.0,56.25,-13987.5,-709.38,-20768.75,-1500.0,30685.0,85800.0,-25980.0,-35870.0,-9377.8,9700.0,4166550.0,874150.0,7600.0,-265.5,-15812.5,8083.2,-18031.25,-6445.0,
20061229,2675.0,-4975.0,-506.25,-15365.62,-1603.12,-23287.5,-225.0,30290.0,115000.0,-26710.0,-56670.0,-9377.8,9700.0,4977800.0,284150.0,7587.5,-261.5,-16837.5,8083.2,-17318.75,-6475.0,
20070131,-1100.0,-4500.0,-93.75,-15693.75,-1821.88,-23818.75,500.0,30840.0,127100.0,-29440.0,-56670.0,-13317.4,9700.0,5669050.0,-68400.0,8275.0,-279.5,-18112.5,8027.2,-21325.0,-7570.0,
20070228,-1100.0,-6425.0,-100.0,-16993.75,-2668.75,-25962.5,-1937.5,29750.0,79050.0,-30600.0,-56670.0,-12846.6,9610.0,5275300.0,-243400.0,9850.0,-208.5,-18112.5,7786.8,-21325.0,-8500.0,
20070330,-1550.0,-6425.0,-1418.75,-16993.75,-2668.75,-25962.5,-5587.5,27735.0,33300.0,-30780.0,-56670.0,-12859.2,6230.0,5090250.0,-880950.0,7575.0,-122.5,-18112.5,7786.8,-21325.0,-8500.0,
20070430,1975.0,-6425.0,-568.75,-16993.75,-2668.75,-25962.5,-4900.0,27450.0,42900.0,-30940.0,-56670.0,-12107.4,6230.0,5706500.0,-880950.0,7000.0,-58.0,-20937.5,8470.0,-21325.0,-7240.0,
20070531,-687.5,-6425.0,-1768.75,-16900.0,-2653.12,-25743.75,-2675.0,28510.0,96300.0,-32640.0,-56670.0,-12598.8,6230.0,5304000.0,-880950.0,5862.5,39.0,-22212.5,8201.2,-24468.75,-8135.0,
20070629,-1950.0,-7000.0,-2618.75,-16228.12,-2293.75,-24368.75,-3550.0,28985.0,83000.0,-25970.0,-61660.0,-5908.2,6230.0,5098950.0,-994950.0,6325.0,99.0,-18237.5,7999.6,-24468.75,-4985.0,
20070731,-3037.5,-9262.5,-1487.5,-17121.88,-3015.62,-26512.5,-4975.0,28780.0,59650.0,-18440.0,-55840.0,-2514.6,6230.0,5098950.0,-1426000.0,7037.5,155.0,-16587.5,7904.8,-24468.75,-4200.0,
20070831,-5000.0,-9087.5,-3856.25,-17809.38,-2687.5,-26512.5,-6837.5,28395.0,13050.0,-22610.0,-48610.0,-10288.4,6230.0,4467700.0,-1658500.0,6325.0,-71.5,-9312.5,6466.0,-27368.75,-8215.0,
20070928,-1450.0,-7187.5,-3856.25,-17575.0,-2359.38,-28481.25,-9000.0,29305.0,-25000.0,-14990.0,-64280.0,-8574.8,12130.0,4408900.0,-1963550.0,5612.5,-22.0,-1137.5,6466.0,-24462.5,-8215.0,
20071031,1262.5,-8200.0,-2987.5,-16840.62,-2046.88,-27231.25,-9000.0,32075.0,-84250.0,-2120.0,-60840.0,4180.6,16660.0,3752600.0,-2029550.0,5612.5,93.5,-7687.5,6466.0,-27531.25,-8215.0,
20071130,2925.0,-4500.0,-4406.25,-13653.12,718.75,-22637.5,-9000.0,27810.0,-137750.0,-7940.0,-71120.0,3580.0,16040.0,3473850.0,-2166050.0,6425.0,283.0,-10037.5,6466.0,-27531.25,-8215.0,
20071231,2262.5,-6962.5,-6312.5,-13465.62,890.62,-26343.75,-9000.0,27810.0,-156100.0,-670.0,-73940.0,9224.8,20930.0,3832600.0,-1788550.0,9125.0,459.5,-14987.5,6746.0,-27531.25,-8100.0,
20080131,5625.0,-3950.0,-6706.25,-10137.5,3609.38,-27125.0,-8112.5,29415.0,-153300.0,-6570.0,-73940.0,1749.2,29930.0,3172550.0,-751050.0,11412.5,664.0,-12762.5,8470.8,-27531.25,-8210.0,
20080229,2837.5,-1400.0,-6800.0,-9575.0,4859.38,-30081.25,-5700.0,31405.0,-122500.0,-4310.0,-65900.0,4349.0,34630.0,3510050.0,708950.0,14175.0,1419.0,-4937.5,11002.0,-18550.0,-1175.0,
20080331,9637.5,4125.0,-8331.25,-7903.12,4843.75,-30081.25,-5337.5,30560.0,-117600.0,-4570.0,-58550.0,8515.4,29280.0,3450050.0,-593550.0,14712.5,552.0,-9912.5,7737.6,-30150.0,-7435.0,
20080430,8137.5,-1137.5,-8331.25,-10312.5,3410.94,-31518.75,-7737.5,28980.0,-155750.0,7310.0,-51130.0,19095.2,25860.0,3633800.0,-803600.0,16962.5,502.0,-9912.5,7804.8,-30150.0,-7485.0,
20080530,7350.0,-1737.5,-8331.25,-8625.0,4801.56,-28128.12,-8775.0,30005.0,-208000.0,21200.0,-42530.0,40460.6,17900.0,3075000.0,-803600.0,16312.5,502.0,-9912.5,9809.6,-30150.0,-7485.0,
20080630,6012.5,-1737.5,-8331.25,-10140.62,4184.37,-30221.88,-10675.0,26580.0,-156800.0,33850.0,-26030.0,50679.2,17900.0,2331200.0,-803600.0,23237.5,502.0,-9912.5,7598.0,-30525.0,-7485.0,
20080731,6012.5,-1737.5,-8331.25,-11940.62,2931.25,-31459.38,-9975.0,26580.0,-158800.0,18240.0,-44860.0,35513.4,10720.0,1513650.0,-1627150.0,17862.5,48.5,-9912.5,7810.8,-37043.75,-7485.0,
20080829,14350.0,-2512.5,-2087.5,-11940.62,2931.25,-32834.38,-10750.0,26580.0,-177000.0,18240.0,-33100.0,30792.6,10110.0,1694900.0,-823150.0,14100.0,81.0,-9912.5,6500.4,-37043.75,-7485.0,
20080930,20562.5,-5262.5,-112.5,-16256.25,892.19,-32975.0,-5000.0,29945.0,-109000.0,27840.0,-28050.0,43275.0,7980.0,2964900.0,-107150.0,18975.0,540.5,-9250.0,5711.2,-37043.75,-5335.0,
20081031,37975.0,2762.5,10725.0,-19290.62,115.62,-33681.25,5012.5,35090.0,47300.0,60670.0,-21500.0,77316.0,9160.0,5589900.0,1165350.0,23275.0,1084.5,-2062.5,4535.2,-32487.5,1145.0,
20081128,38487.5,6825.0,15318.75,-16728.12,1678.12,-29056.25,8612.5,38110.0,95000.0,74050.0,-18770.0,92314.2,-1240.0,6038650.0,915350.0,25062.5,1119.5,-3312.5,3835.6,-33650.0,-665.0,
20081231,26350.0,13875.0,20406.25,-11946.88,4021.87,-18493.75,8375.0,37580.0,104400.0,83880.0,-9890.0,104284.2,-1240.0,6637400.0,355300.0,23000.0,1084.5,-5262.5,3835.6,-32131.25,-1220.0,
20090130,26350.0,15237.5,21118.75,-15025.0,3139.06,-29837.5,12250.0,38245.0,181600.0,86800.0,2160.0,104624.4,-1240.0,6491150.0,625300.0,22087.5,852.0,-5262.5,3678.8,-35106.25,-1835.0,
20090227,26350.0,9375.0,21868.75,-16121.88,2409.37,-29887.5,16662.5,37050.0,271900.0,83720.0,4350.0,111617.4,310.0,6112350.0,897800.0,22087.5,852.0,-5262.5,4866.0,-37687.5,-1835.0,
20090331,26350.0,9212.5,20306.25,-16121.88,2409.37,-29887.5,11987.5,34885.0,220900.0,78840.0,8570.0,106485.4,-1440.0,6378600.0,835300.0,22087.5,852.0,-5262.5,3678.8,-37687.5,-1835.0,
20090430,26350.0,8800.0,20306.25,-16121.88,2409.37,-29887.5,11987.5,36680.0,181550.0,80300.0,12600.0,106485.4,-6710.0,6886100.0,397750.0,22087.5,827.0,-5262.5,3953.6,-37687.5,-660.0,
20090529,31000.0,4275.0,26662.5,-13965.62,2846.87,-27543.75,11837.5,37520.0,181550.0,95490.0,2880.0,108484.6,-6710.0,7261100.0,842750.0,22900.0,954.0,-2925.0,5320.0,-32775.0,650.0,
20090630,29862.5,4275.0,28693.75,-13231.25,3596.87,-28246.88,11712.5,38335.0,181550.0,99070.0,2880.0,113108.8,-12760.0,7447350.0,-162250.0,21000.0,740.5,-7075.0,7862.4,-39931.25,-2630.0,
20090731,32537.5,1250.0,30093.75,-14246.88,1843.75,-28887.5,9950.0,40850.0,196950.0,98630.0,2880.0,102420.2,-12760.0,8326100.0,-162300.0,21600.0,740.5,-7075.0,8713.6,-39931.25,-2630.0,
20090831,33487.5,-2587.5,27462.5,-14859.38,1843.75,-28609.38,11712.5,41310.0,232950.0,99140.0,5070.0,102420.2,-12760.0,8833600.0,-162300.0,22087.5,740.5,-7075.0,15187.2,-39931.25,-2630.0,
20090930,37425.0,1400.0,26525.0,-14859.38,1843.75,-28609.38,13375.0,43160.0,249650.0,95020.0,-2710.0,102420.2,-9770.0,8814850.0,76700.0,21375.0,740.5,-7075.0,16307.2,-39931.25,-2630.0,
20091030,38437.5,787.5,24518.75,-17190.62,1843.75,-32659.38,12375.0,42120.0,250750.0,94260.0,-670.0,102008.6,-6660.0,9156100.0,-124800.0,20812.5,630.0,-7075.0,13417.6,-42687.5,-2335.0,
20091130,41750.0,6762.5,24518.75,-16862.5,2203.12,-32284.38,15462.5,44160.0,317750.0,94540.0,-2640.0,103802.0,7530.0,9709850.0,1010200.0,23387.5,839.0,-5750.0,12359.6,-44556.25,1185.0,
20091231,37037.5,125.0,24518.75,-18271.88,1356.25,-34740.62,16262.5,45985.0,320850.0,91140.0,4600.0,97930.8,-1080.0,10133600.0,265150.0,23237.5,849.0,-8112.5,14263.6,-44556.25,1645.0,
20100129,42900.0,-4400.0,24518.75,-20975.0,-443.75,-38178.12,15225.0,44170.0,299400.0,91140.0,190.0,89174.2,-1780.0,9512300.0,265150.0,21662.5,636.5,-9737.5,17567.6,-44556.25,-1225.0,
20100226,45950.0,-4400.0,27731.25,-21150.0,-443.75,-38540.62,15225.0,44170.0,299400.0,91140.0,550.0,89174.2,-1780.0,9512300.0,89650.0,20000.0,636.5,-12150.0,11794.4,-45250.0,510.0,
20100331,47337.5,-4400.0,28175.0,-21150.0,-443.75,-38540.62,15950.0,44930.0,296400.0,91140.0,2770.0,89174.2,-1780.0,9512300.0,-247400.0,19950.0,636.5,-8712.5,15837.6,-47943.75,-445.0,
20100430,49862.5,-3712.5,27556.25,-23075.0,-1884.37,-41153.12,16862.5,45785.0,312700.0,90550.0,2260.0,92622.4,1270.0,8756000.0,-247400.0,19950.0,636.5,-11137.5,17450.4,-47943.75,1345.0,
20100528,62162.5,-8362.5,32462.5,-23075.0,-2782.81,-38684.38,13762.5,43485.0,241350.0,82140.0,-1950.0,82652.0,4700.0,8409750.0,-716400.0,19950.0,636.5,-11137.5,18525.6,-47943.75,-695.0,
20100630,63112.5,-8225.0,29450.0,-20403.12,-1103.12,-33840.62,14850.0,44005.0,282350.0,80480.0,-7640.0,82652.0,7790.0,8794750.0,-1277950.0,18850.0,653.0,-12650.0,15440.4,-39993.75,-745.0,
20100730,54525.0,-4850.0,29450.0,-19137.5,373.44,-32621.88,11262.5,41520.0,207900.0,76790.0,-10790.0,82652.0,1970.0,8177200.0,-1277950.0,19262.5,500.0,-6025.0,16762.0,-36075.0,-1625.0,
20100831,54525.0,-962.5,26006.25,-17325.0,865.63,-26309.38,10037.5,40840.0,207900.0,76790.0,-10510.0,82652.0,1970.0,8177200.0,-1277950.0,21587.5,460.0,-4812.5,16963.6,-35268.75,-2095.0,
20100930,57500.0,350.0,28356.25,-16903.12,1412.5,-27621.88,10037.5,41875.0,207900.0,76790.0,-11070.0,84869.6,5910.0,8627200.0,-69950.0,24412.5,731.5,-5400.0,21141.2,-33543.75,4865.0,
20101029,60675.0,5700.0,30268.75,-16668.75,2123.44,-30671.88,10287.5,44405.0,224000.0,76540.0,-12730.0,83605.4,10710.0,8832200.0,1301550.0,28725.0,942.0,-3237.5,27458.0,-25893.75,16535.0,
20101130,54187.5,-225.0,28631.25,-18234.38,620.31,-32421.88,10275.0,44305.0,217000.0,79220.0,-13600.0,87246.8,13560.0,9062200.0,3125550.0,26825.0,1027.0,-5687.5,25699.6,-26737.5,12575.0,
20101231,54187.5,-225.0,28631.25,-15890.62,1909.38,-27265.62,13950.0,46285.0,268700.0,86490.0,-14550.0,96402.8,17090.0,10615950.0,4488050.0,31075.0,1395.5,-5275.0,30818.0,-12000.0,26310.0,
20110131,54187.5,-225.0,28631.25,-16250.0,1214.06,-25765.62,15425.0,47565.0,301400.0,80700.0,-14400.0,104714.6,10950.0,10644700.0,2422000.0,32600.0,1371.0,-2950.0,32890.0,-10387.5,38125.0,
20110228,54187.5,-225.0,28631.25,-14500.0,2690.63,-25484.38,17600.0,48980.0,338800.0,81990.0,-17610.0,113055.8,10950.0,10739700.0,3007000.0,36175.0,1126.5,-6925.0,28326.4,-300.0,49520.0,
20110331,56575.0,-4250.0,28631.25,-17096.88,1742.19,-26846.88,14187.5,46865.0,281450.0,91740.0,-17610.0,120347.0,11450.0,10029650.0,5041000.0,30400.0,1126.5,-11925.0,27083.2,-3131.25,54020.0,
20110429,64562.5,-8800.0,29162.5,-17096.88,1742.19,-26846.88,14600.0,46695.0,292750.0,98950.0,-17610.0,127205.6,23100.0,10029650.0,10396500.0,30312.5,1126.5,-13225.0,32526.4,10256.25,37050.0,
20110531,54937.5,-8800.0,25781.25,-16128.12,1984.37,-25159.38,12325.0,44940.0,272950.0,82150.0,-17610.0,110821.8,21140.0,9550900.0,3854450.0,26750.0,1126.5,-13225.0,31484.8,-1212.5,37050.0,
20110630,54937.5,-8800.0,25781.25,-16409.38,2039.06,-26971.88,10437.5,42860.0,244500.0,79530.0,-22280.0,106080.0,17740.0,9429600.0,3854450.0,26750.0,1126.5,-10237.5,28522.8,-8937.5,38630.0,
20110729,54937.5,-5775.0,25781.25,-13050.0,4289.06,-27365.62,10425.0,42855.0,244500.0,79250.0,-22280.0,99490.6,20370.0,9429600.0,3854450.0,24250.0,1126.5,-13150.0,27750.0,831.25,47040.0,
20110831,54937.5,-4800.0,25781.25,-9706.25,5390.62,-20209.38,11950.0,40940.0,265100.0,86140.0,-23360.0,91679.0,40420.0,9429600.0,3854450.0,21825.0,941.5,-15812.5,27604.4,-7150.0,45020.0,
20110930,62250.0,-5712.5,27212.5,-8643.75,5328.12,-13615.62,16537.5,40080.0,341300.0,95750.0,-19480.0,92451.8,21180.0,11037100.0,1031900.0,21825.0,1118.5,-15812.5,25135.2,-20812.5,47830.0,
20111031,52700.0,-7787.5,24725.0,-11475.0,4223.44,-20884.38,11650.0,40080.0,253650.0,83210.0,-22160.0,84140.4,21180.0,9837100.0,-1103600.0,18975.0,1070.5,-15812.5,24048.8,-21825.0,45705.0,
20111130,52700.0,-7837.5,24725.0,-11475.0,4223.44,-20884.38,11650.0,40080.0,253650.0,84250.0,-18320.0,84140.4,21180.0,9978350.0,-328600.0,20925.0,1154.0,-15812.5,26378.4,-25556.25,45600.0,
20111230,53512.5,-7837.5,24725.0,-11475.0,4223.44,-22134.38,11650.0,40080.0,253650.0,82720.0,-12710.0,84140.4,21830.0,10037050.0,2115900.0,19275.0,1008.0,-15812.5,26815.2,-21787.5,45155.0,
20120131,52037.5,-7837.5,24725.0,-11475.0,4309.37,-25121.88,11650.0,40160.0,253650.0,82370.0,-7850.0,84140.4,10750.0,10203300.0,20850.0,19275.0,921.5,-15812.5,24950.8,-24443.75,42525.0,
20120229,48437.5,-3375.0,24725.0,-12803.13,3353.12,-25121.88,13050.0,43335.0,253650.0,81260.0,-8980.0,85001.4,10750.0,10427050.0,-1148150.0,19275.0,945.0,-15787.5,23584.4,-23975.0,42525.0,
20120330,48437.5,-337.5,24725.0,-13884.38,2790.62,-23965.62,14987.5,45890.0,253650.0,77210.0,-4080.0,83497.8,10750.0,10290800.0,-2552200.0,19275.0,976.5,-17700.0,21249.6,-16175.0,42525.0,
20120430,48437.5,-6062.5,26093.75,-15762.5,2029.68,-27859.38,14500.0,45260.0,253650.0,75610.0,-5670.0,80323.0,10750.0,10028250.0,-2552200.0,18162.5,974.0,-17700.0,22286.0,-15087.5,42525.0,
20120531,54900.0,-6050.0,23887.5,-15356.25,2029.68,-24765.62,12337.5,42250.0,272850.0,82990.0,-7270.0,92116.6,13300.0,10395750.0,-1698200.0,17975.0,922.0,-23400.0,24190.0,-8000.0,47500.0,
20120629,51150.0,-6050.0,22225.0,-15918.75,2029.68,-26515.62,9975.0,40535.0,230350.0,84560.0,-7200.0,91835.2,9300.0,10068250.0,-1625700.0,14000.0,762.5,-23325.0,22409.2,-11768.75,37170.0,
20120731,55587.5,-6050.0,22200.0,-14637.5,2029.68,-23453.12,9837.5,39860.0,228400.0,81460.0,-3350.0,81915.2,8210.0,10265750.0,-1776700.0,18925.0,662.5,-16775.0,21149.6,-13300.0,37165.0,
20120831,52812.5,-6050.0,21812.5,-15859.37,2029.68,-27034.38,9837.5,39965.0,228400.0,78130.0,-8960.0,81915.2,9710.0,10216950.0,-1726250.0,18587.5,684.0,-16712.5,21149.6,-13300.0,34335.0,
20120928,53475.0,-6350.0,22587.5,-17128.12,2029.68,-32240.62,9712.5,40385.0,212600.0,78130.0,-8610.0,81915.2,18340.0,10500700.0,-158750.0,14787.5,384.0,-16062.5,21149.6,-13300.0,34335.0,
20121031,54787.5,-8212.5,22531.25,-17128.12,1584.37,-32240.62,8212.5,37775.0,181150.0,78130.0,-4890.0,81915.2,12860.0,9981900.0,-1289250.0,14787.5,384.0,-18400.0,21149.6,-13300.0,31570.0,
20121130,51512.5,-3175.0,21068.75,-17128.12,1440.62,-32240.62,5187.5,35610.0,134850.0,73870.0,-6200.0,81915.2,8420.0,9981900.0,-2018800.0,14787.5,321.5,-20425.0,21149.6,-13150.0,31570.0,
20121231,51175.0,4175.0,21068.75,-17893.75,1440.62,-32240.62,4987.5,36020.0,118700.0,72710.0,-8720.0,78143.6,5690.0,9981900.0,-2154800.0,15075.0,323.5,-18175.0,21149.6,-10600.0,31570.0,
20130131,55800.0,11737.5,21006.25,-16393.75,1432.81,-31271.88,5750.0,34295.0,127800.0,75010.0,-8720.0,76228.8,7070.0,9981900.0,-3161350.0,12975.0,205.0,-18250.0,21149.6,-15018.75,33845.0,
20130228,50050.0,13675.0,25262.5,-17787.5,781.24,-31584.38,6750.0,34295.0,151900.0,69570.0,-8720.0,68480.2,15460.0,9981900.0,-2672350.0,12975.0,-46.5,-15000.0,20959.2,-16650.0,35015.0,
20130328,49587.5,15637.5,25306.25,-19634.38,-18.76,-32271.88,9225.0,34295.0,197800.0,68150.0,-7550.0,60668.2,13700.0,10010650.0,-2617850.0,12975.0,-46.5,-13662.5,20405.2,-14381.25,36600.0,
20130430,45062.5,20325.0,23318.75,-19650.0,-18.76,-33259.38,10700.0,32400.0,225400.0,61100.0,-4360.0,58593.8,26060.0,10546900.0,-548850.0,12825.0,-46.5,-15825.0,20394.0,-16400.0,33660.0,
20130531,45062.5,24375.0,23318.75,-21090.63,-201.56,-37059.38,12537.5,34405.0,258100.0,61100.0,-7950.0,61038.2,33970.0,10284400.0,422150.0,12225.0,-46.5,-15937.5,21570.0,-15743.75,33660.0,
20130628,41200.0,18337.5,21181.25,-18387.51,1165.62,-32746.88,10237.5,32050.0,218150.0,61100.0,-9570.0,54406.8,50900.0,10871900.0,1808650.0,11675.0,18.5,-15475.0,21155.6,-13250.0,26630.0,
20130731,41200.0,18337.5,18162.5,-18262.51,845.31,-30965.62,10237.5,32050.0,218150.0,66520.0,-8560.0,55519.8,41970.0,10719400.0,1729650.0,14025.0,219.5,-15800.0,21128.0,-12575.0,26630.0,
20130830,41200.0,18337.5,18162.5,-16106.26,2532.81,-28809.38,10237.5,30795.0,218150.0,69140.0,-9910.0,58947.0,36660.0,10356850.0,117600.0,14875.0,134.5,-15287.5,21128.0,-11712.5,23660.0,
20130930,41375.0,18337.5,20375.0,-18015.63,1107.81,-30278.12,8025.0,33505.0,218150.0,64570.0,-11020.0,53088.4,36660.0,10356850.0,-784900.0,16900.0,278.0,-16187.5,21934.4,-10737.5,23660.0,
20131031,42187.5,18337.5,19568.75,-18015.63,1107.81,-30421.88,7437.5,36705.0,218150.0,67660.0,-11020.0,50837.2,36660.0,10356850.0,-1051450.0,17562.5,266.5,-18137.5,22136.0,-7625.0,24675.0,
20131129,39187.5,21000.0,21518.75,-18015.63,1107.81,-30421.88,10087.5,39075.0,233450.0,71320.0,-10140.0,48116.0,35850.0,10356850.0,-1051450.0,17750.0,310.0,-18762.5,21223.6,-9668.75,23590.0,
20131231,39187.5,24225.0,22756.25,-18015.63,1107.81,-30421.88,11937.5,41000.0,276250.0,63840.0,-7380.0,48116.0,40660.0,10395600.0,-1151450.0,17875.0,376.5,-18075.0,21223.6,-11368.75,22090.0,
20140131,39187.5,20825.0,21943.75,-18015.63,1107.81,-30421.88,8625.0,39605.0,205500.0,63840.0,-250.0,40724.0,36910.0,10083050.0,-1026450.0,17250.0,451.0,-15600.0,21223.6,-11368.75,22090.0,
20140228,39187.5,19287.5,24000.0,-18015.63,1107.81,-30421.88,8625.0,38770.0,205500.0,63290.0,-3590.0,33739.8,32820.0,10083050.0,-1706500.0,18175.0,269.5,-18850.0,21223.6,9368.75,22090.0,
20140331,38112.5,19287.5,23406.25,-18015.63,904.68,-30421.88,8312.5,36270.0,205500.0,62280.0,-4830.0,31316.8,29040.0,10213050.0,-1706500.0,20100.0,169.0,-18100.0,20618.8,8468.75,23050.0,
20140430,37137.5,19287.5,24775.0,-18015.63,404.68,-30421.88,6387.5,36270.0,205500.0,60440.0,-4830.0,27759.8,28720.0,10208050.0,-1706500.0,20950.0,253.5,-16887.5,20562.8,18950.0,23435.0,
20140530,37137.5,19287.5,24031.25,-18015.63,57.81,-29078.12,6387.5,36270.0,205500.0,60070.0,-4830.0,27759.8,28720.0,9920500.0,-1706500.0,18812.5,135.5,-20387.5,19728.8,8962.5,20645.0,
20140630,35225.0,19287.5,26112.5,-18015.63,57.81,-29359.38,7950.0,37530.0,197300.0,58600.0,-4830.0,27759.8,21690.0,9920500.0,-1706500.0,19900.0,135.5,-19987.5,19728.8,8962.5,19660.0,
20140731,39050.0,19350.0,24743.75,-18015.63,57.81,-33128.12,6562.5,38415.0,172700.0,55470.0,-960.0,27759.8,21690.0,9850500.0,-2105500.0,22987.5,222.0,-17625.0,19728.8,8962.5,24980.0,
20140829,42262.5,20825.0,25000.0,-18484.38,57.81,-30440.62,5925.0,42360.0,172650.0,57210.0,-3200.0,27759.8,21690.0,9552950.0,-2395050.0,22600.0,429.5,-19287.5,20837.6,9468.75,23130.0,
20140930,48512.5,26900.0,27312.5,-19331.26,-12.5,-33396.88,5925.0,41615.0,172650.0,62010.0,-3940.0,32190.8,24620.0,9552950.0,-1996050.0,24800.0,411.5,-15000.0,19762.4,718.75,25730.0,
20141031,49825.0,29550.0,28600.0,-20315.63,-2000.0,-34553.12,2462.5,35355.0,122700.0,72630.0,-6470.0,38054.0,28620.0,9456700.0,-1520550.0,22825.0,267.0,-17437.5,19790.8,-6568.75,23695.0,
20141128,51000.0,35600.0,30900.0,-19628.13,-1937.5,-33021.88,2462.5,37355.0,153800.0,87020.0,-8760.0,52741.4,28230.0,9959200.0,-1245550.0,22987.5,267.0,-17437.5,19790.8,-6568.75,23535.0,
20141231,55112.5,36537.5,31193.75,-20818.76,-2378.13,-31084.38,2462.5,32270.0,79550.0,99900.0,-6340.0,66500.6,22610.0,10010450.0,-1267050.0,23400.0,267.0,-16850.0,19790.8,-6568.75,23440.0,
20150130,65250.0,34475.0,34425.0,-18725.01,-1675.01,-24365.62,2462.5,32270.0,79550.0,104930.0,-4360.0,72078.2,24180.0,10837950.0,-2403600.0,22162.5,320.0,-19500.0,19790.8,-6925.0,23895.0,
20150227,66512.5,36475.0,31425.0,-22400.01,-3756.26,-31603.12,2237.5,33430.0,73250.0,103410.0,-4790.0,53821.2,17070.0,10345450.0,-2818650.0,22162.5,172.5,-19500.0,19824.4,1100.0,22935.0,
20150331,72025.0,35887.5,31756.25,-22400.01,-3756.26,-29728.12,-850.0,31170.0,27100.0,105570.0,-3850.0,53821.2,17070.0,10171650.0,-2818650.0,22162.5,96.5,-19500.0,21885.2,3950.0,20855.0,
20150430,65625.0,35887.5,29593.75,-22400.01,-3756.26,-34009.38,-850.0,32745.0,27100.0,104880.0,-4960.0,53821.2,17070.0,10171650.0,-2818650.0,22037.5,-26.0,-19500.0,20485.2,2243.75,21585.0,
20150529,66100.0,36700.0,27750.0,-22400.01,-3756.26,-37590.62,-850.0,34800.0,27100.0,105550.0,-8030.0,53821.2,17070.0,9779150.0,-2818650.0,22775.0,-28.5,-21887.5,21829.2,6481.25,19245.0,
20150630,66100.0,35193.75,30475.0,-23056.26,-4357.82,-37590.62,-850.0,32090.0,29200.0,104720.0,-8030.0,53821.2,17070.0,9779100.0,-2818650.0,21500.0,-12.5,-18950.0,21280.4,4137.5,19500.0,
20150731,66100.0,33700.0,29756.25,-24321.88,-4837.51,-37590.62,-3612.5,31595.0,-23350.0,99400.0,-8030.0,57496.2,22960.0,10215350.0,-2688650.0,19100.0,-160.0,-24200.0,21230.4,6818.75,17930.0,
20150831,61775.0,31437.5,28806.25,-26293.76,-5939.07,-43340.62,-762.5,25410.0,87250.0,97320.0,-8030.0,52779.6,16400.0,10280350.0,-2609150.0,19100.0,-56.5,-24200.0,21454.4,3581.25,16235.0,
20150930,60200.0,32500.0,26906.25,-26703.13,-5965.63,-45609.38,2262.5,27585.0,120850.0,101430.0,-7510.0,59659.2,16400.0,10271600.0,-2575150.0,19100.0,-22.0,-24200.0,20284.4,2662.5,16250.0,
20151030,55462.5,31812.5,24675.0,-28440.64,-6750.01,-45609.38,-3575.0,22600.0,31800.0,96780.0,-5480.0,60528.6,12290.0,10102800.0,-3222700.0,19100.0,-65.0,-24200.0,22132.4,475.0,14490.0,
20151130,57450.0,31012.5,24618.75,-28440.64,-6695.32,-47484.38,-3575.0,22600.0,31800.0,96780.0,-4620.0,59689.0,10000.0,10569050.0,-3477250.0,19100.0,-132.5,-24125.0,22591.6,475.0,14490.0,
20151231,53575.0,31012.5,26650.0,-28675.01,-6335.94,-50753.12,-3575.0,22600.0,31800.0,97420.0,-5540.0,69361.6,10510.0,10352800.0,-3477250.0,19100.0,-100.0,-23850.0,22938.8,475.0,14490.0,
20160129,52731.25,28700.0,29725.0,-30350.01,-7565.63,-50190.62,-4612.5,19875.0,3000.0,100840.0,-5540.0,71260.0,5600.0,10522800.0,-3477250.0,18137.5,-93.5,-24312.5,22127.2,475.0,14490.0,
20160229,47243.75,32437.5,31762.5,-30021.89,-8065.63,-46690.62,-4587.5,21110.0,-11100.0,100710.0,-4810.0,70630.0,10090.0,10400250.0,-3477250.0,18137.5,-94.0,-23012.5,20760.8,475.0,16365.0,
20160331,48043.75,32900.0,28906.25,-30146.89,-9467.2,-46784.38,-7712.5,17150.0,-54050.0,98210.0,-7290.0,67476.2,10210.0,10167750.0,-3532750.0,18137.5,73.5,-24212.5,19613.2,681.25,15395.0,
20160429,48706.25,38825.0,28706.25,-31212.51,-9467.2,-49334.38,-7712.5,17150.0,-54050.0,102500.0,-7790.0,72297.8,15700.0,9901450.0,-2355250.0,18962.5,19.5,-25187.5,18532.8,-2237.5,14115.0,
20160531,45443.75,34656.25,27431.25,-31212.51,-9467.2,-49334.38,-7712.5,17150.0,-54050.0,105680.0,-7790.0,76964.0,9520.0,9901450.0,-3267750.0,19612.5,-92.0,-25187.5,19104.0,-6600.0,14115.0,
20160630,44793.75,42937.5,18912.5,-30025.01,-9607.83,-45428.12,-12250.0,14010.0,-123200.0,104910.0,-1420.0,76611.2,13340.0,9901450.0,-3136300.0,18550.0,-92.0,-27200.0,22284.8,-4181.25,13420.0,
20160729,43618.75,44343.75,18918.75,-29962.51,-9756.26,-43334.38,-9850.0,14780.0,-102100.0,101290.0,-1900.0,71903.4,17030.0,9901450.0,-2274300.0,18550.0,-96.5,-25312.5,20851.2,-3975.0,18355.0,
20160831,43043.75,42525.0,19650.0,-31684.39,-10892.2,-47396.88,-9787.5,15720.0,-98800.0,94570.0,-1790.0,71903.4,12420.0,9901450.0,-3094300.0,18550.0,-282.0,-24337.5,21982.4,-8206.25,14760.0,
20160930,43043.75,45231.25,20481.25,-31684.39,-10892.2,-48321.88,-12175.0,17650.0,-134250.0,94570.0,-1600.0,71903.4,12250.0,9901450.0,-2887350.0,18550.0,-240.0,-25025.0,25275.2,-8206.25,14760.0,
20161031,42606.25,43481.25,25125.0,-31309.39,-10860.95,-46759.38,-12175.0,16180.0,-134250.0,90330.0,-2400.0,68955.0,11990.0,9901450.0,-3112850.0,18550.0,-153.5,-25737.5,23673.6,-6012.5,14760.0,
20161130,47387.5,51225.0,23525.0,-26200.02,-7907.82,-35321.88,-15550.0,15340.0,-141800.0,88760.0,-2470.0,65813.8,21910.0,10702700.0,-2455850.0,18550.0,-62.5,-25737.5,23153.2,-11093.75,14760.0,
20161230,47768.75,53181.25,24475.0,-25965.64,-7728.13,-34696.88,-13675.0,13830.0,-83000.0,89970.0,1250.0,69291.4,24130.0,10383950.0,-2209350.0,18550.0,-179.0,-25737.5,21361.2,-11537.5,14760.0,
20170131,44681.25,49606.25,23225.0,-26153.14,-7931.26,-34884.38,-11762.5,18805.0,-75800.0,89060.0,-5010.0,65200.6,18160.0,10938950.0,-2799900.0,18062.5,-229.0,-25987.5,20308.4,-17568.75,15145.0,
20170228,44725.0,49181.25,23225.0,-27375.02,-8614.07,-37371.88,-7350.0,23195.0,25700.0,90260.0,-5010.0,65582.8,18030.0,10905200.0,-2799900.0,18762.5,-281.0,-24837.5,19788.0,-17568.75,15845.0,
20170331,43056.25,49037.5,21637.5,-27375.02,-9718.76,-41390.62,-7525.0,25320.0,5400.0,83550.0,-5010.0,59833.4,18030.0,10621400.0,-2799900.0,18087.5,-173.5,-25962.5,21277.6,-17568.75,16340.0,
20170428,42093.75,48818.75,22243.75,-27890.64,-10281.26,-42609.38,-6462.5,28160.0,-21550.0,81790.0,-5010.0,57473.4,15690.0,10621400.0,-2799900.0,18087.5,-170.0,-27437.5,21983.2,-17756.25,14315.0,
20170531,46281.25,47518.75,21843.75,-27312.52,-10375.01,-44878.12,-4937.5,32415.0,-21550.0,76210.0,-5010.0,53202.4,11670.0,10451400.0,-3260400.0,18087.5,-286.5,-29237.5,23394.4,-16237.5,13410.0,
20170630,48918.75,47518.75,20318.75,-28078.14,-10729.7,-44878.12,-4437.5,29605.0,-16650.0,74860.0,-5010.0,50837.8,6590.0,10287600.0,-3329950.0,16925.0,-286.5,-26125.0,24581.6,-14868.75,15055.0,
20170731,53837.5,47518.75,20318.75,-28550.02,-10729.7,-44878.12,-2087.5,28285.0,37550.0,72340.0,-4380.0,49561.4,2200.0,10738850.0,-3932950.0,15862.5,-230.0,-28700.0,23349.6,-17918.75,14920.0,
20170831,54481.25,46400.0,18068.75,-28550.02,-10729.7,-44878.12,-4200.0,28285.0,48350.0,72340.0,-6840.0,52673.6,2370.0,11256350.0,-4010000.0,15600.0,-230.0,-29737.5,23299.6,-22112.5,13885.0,
20170929,53887.5,45587.5,19593.75,-29756.27,-10557.83,-48303.12,-3250.0,28285.0,87950.0,71890.0,-6760.0,55533.8,-1370.0,10897600.0,-4536550.0,15725.0,-359.0,-29737.5,23299.6,-22112.5,13300.0,
20171031,52687.5,45587.5,17681.25,-30146.89,-10245.33,-49615.62,-412.5,29090.0,185850.0,74600.0,-6760.0,58494.8,-2320.0,11262600.0,-4536550.0,16200.0,-359.0,-29737.5,23299.6,-22112.5,13300.0,
20171130,52687.5,45587.5,17681.25,-29256.27,-9401.58,-51478.12,3350.0,31475.0,280750.0,77620.0,-9880.0,59213.0,-2320.0,11110050.0,-4536550.0,15700.0,-359.0,-29737.5,23198.8,-22112.5,13040.0,
20171229,52687.5,45587.5,17681.25,-29256.27,-9221.89,-53946.88,4750.0,32270.0,326850.0,80640.0,-12170.0,66374.0,-6650.0,11252550.0,-4921600.0,15662.5,-359.0,-29737.5,21995.2,-24212.5,15950.0,
20180131,57406.25,47862.5,21281.25,-26787.52,-7768.77,-48759.38,12237.5,43345.0,466950.0,84950.0,-15550.0,66302.6,-4700.0,10778750.0,-4921600.0,15762.5,-398.5,-29850.0,21905.6,-25687.5,15275.0,
20180228,54525.0,50325.0,18643.75,-25256.27,-6987.52,-44384.38,1287.5,32630.0,247100.0,81860.0,-16990.0,60578.4,-7220.0,10778750.0,-4921600.0,16787.5,-356.5,-27687.5,21737.6,-26325.0,18100.0,
20180329,56293.75,51043.75,20393.75,-26350.02,-7518.77,-47571.88,1287.5,21680.0,193300.0,80290.0,-16990.0,60578.4,-6280.0,10675000.0,-4921600.0,17075.0,-338.5,-30212.5,22891.2,-27068.75,17365.0,
20180430,54931.25,48418.75,19806.25,-24834.39,-6565.64,-44790.62,-2000.0,21680.0,194900.0,81620.0,-16990.0,60578.4,-6660.0,10334950.0,-4921600.0,17725.0,-276.0,-30212.5,23563.2,-30006.25,18555.0,
20180531,59093.75,46243.75,21675.0,-26493.77,-7678.14,-47434.38,-5512.5,21680.0,126850.0,80090.0,-16780.0,59830.8,-8120.0,10334950.0,-4921600.0,17387.5,-301.0,-29525.0,22583.6,-30006.25,23210.0,
20180629,58643.75,48087.5,22068.75,-26493.77,-7678.14,-47434.38,-5512.5,19380.0,126850.0,78570.0,-17060.0,54131.8,-3100.0,9942400.0,-5293150.0,16925.0,-206.5,-31387.5,22583.6,-30381.25,18245.0,
20180731,58631.25,49306.25,22606.25,-26493.77,-7678.14,-47434.38,-6425.0,22940.0,115850.0,72430.0,-18470.0,54131.8,-1010.0,10278650.0,-4973650.0,16287.5,-189.5,-30937.5,23009.2,-28431.25,18245.0,
20180831,58950.0,47581.25,23768.75,-26493.77,-7678.14,-47434.38,-2175.0,31270.0,175150.0,72430.0,-18470.0,54131.8,1680.0,10679900.0,-4472650.0,16650.0,-170.5,-32937.5,22953.2,-25393.75,18245.0,
20180928,58950.0,47743.75,22181.25,-26540.64,-7381.26,-46121.88,-1325.0,31150.0,223950.0,72430.0,-18820.0,56504.8,2730.0,10253600.0,-4550150.0,16425.0,-249.0,-32937.5,21738.4,-25637.5,18245.0,
20181031,59718.75,46243.75,21800.0,-26196.89,-7287.51,-43746.88,-10137.5,26525.0,57300.0,66710.0,-16290.0,52426.6,-470.0,10253600.0,-4335150.0,15725.0,-381.0,-32937.5,22276.0,-30300.0,17940.0,
20181130,60137.5,45981.25,20331.25,-27059.39,-7853.14,-45528.12,-12500.0,27045.0,-163750.0,79280.0,-2780.0,56853.8,-470.0,10253600.0,-4302650.0,15625.0,-434.5,-32937.5,21884.0,-32231.25,16915.0,
20181231,57425.0,45887.5,18937.5,-25981.27,-7087.51,-47390.62,150.0,39370.0,-120400.0,84800.0,-14280.0,63153.8,3200.0,10253600.0,-4231700.0,15325.0,-506.5,-34287.5,21173.2,-32281.25,17320.0,
20190131,57425.0,46443.75,18093.75,-25528.14,-6915.64,-46703.12,-8812.5,29100.0,-286750.0,76420.0,-14280.0,54837.8,7590.0,10026050.0,-3965700.0,15087.5,-499.0,-34287.5,21173.2,-32281.25,16220.0,
20190228,57425.0,43856.25,18131.25,-25996.89,-7212.51,-48921.88,-8812.5,29100.0,-286750.0,75680.0,-14280.0,50697.0,6680.0,10211050.0,-4184700.0,15087.5,-495.0,-32762.5,21173.2,-32281.25,17010.0,
20190329,54612.5,43856.25,16743.75,-23778.14,-5946.89,-43734.38,-8812.5,26575.0,-286750.0,75830.0,-14280.0,50697.0,4000.0,10181050.0,-4449250.0,15087.5,-624.5,-32675.0,21173.2,-32600.0,15900.0,
20190430,53843.75,43856.25,16450.0,-24325.02,-6134.39,-47128.12,-8812.5,34565.0,-286750.0,79600.0,-14280.0,50697.0,4000.0,10101050.0,-4546250.0,14787.5,-624.5,-31225.0,21218.0,-32093.75,15900.0,
20190531,54837.5,43856.25,17512.5,-21246.89,-4407.82,-42846.88,-8812.5,24735.0,-286750.0,73550.0,-14280.0,50697.0,4000.0,9933500.0,-4337750.0,16037.5,-629.5,-34150.0,21486.8,-33456.25,16110.0,
20190628,52900.0,44956.25,16850.0,-20028.14,-3618.76,-40971.88,-8812.5,24735.0,-427500.0,66740.0,-13230.0,46484.4,11400.0,9749750.0,-4786800.0,15925.0,-729.5,-34087.5,21078.4,-35268.75,17110.0,
20190731,50837.5,43612.5,20356.25,-20575.02,-4220.32,-40971.88,-9737.5,24735.0,-472300.0,64720.0,-12480.0,44263.0,13810.0,9868500.0,-4376800.0,14700.0,-729.5,-36087.5,20384.0,-38943.75,18230.0,
20190830,50837.5,46081.25,20525.0,-16278.14,-1798.45,-31315.62,-17400.0,24735.0,-602850.0,64720.0,-13000.0,44263.0,22970.0,10154750.0,-3408300.0,14650.0,-747.0,-36712.5,21582.4,-39893.75,20735.0,
20190930,51325.0,44287.5,18087.5,-17684.39,-3684.39,-38990.62,-17400.0,24735.0,-602850.0,58620.0,-17240.0,37072.6,17320.0,9804700.0,-4080300.0,14650.0,-725.0,-36712.5,19891.2,-39893.75,19735.0,
20191031,48668.75,44287.5,19143.75,-18515.64,-5171.89,-38990.62,-17400.0,24355.0,-602850.0,58620.0,-17710.0,36006.2,21510.0,9804700.0,-3545800.0,14650.0,-641.5,-37875.0,19841.2,-39893.75,19100.0,
20191129,48668.75,44287.5,19018.75,-18515.64,-5171.89,-38990.62,-14050.0,30900.0,-591550.0,58620.0,-21230.0,36006.2,17200.0,9804700.0,-4074350.0,14650.0,-650.0,-36225.0,19841.2,-35693.75,19100.0,
20191231,49568.75,44287.5,21237.5,-18515.64,-5171.89,-38990.62,-9687.5,37595.0,-548050.0,59130.0,-21280.0,35834.0,14030.0,9933450.0,-4074350.0,14650.0,-440.5,-35375.0,19841.2,-31700.0,19375.0,
20200131,47106.25,44287.5,20768.75,-17875.01,-4593.77,-38990.62,-10037.5,42505.0,-579250.0,54760.0,-20570.0,41134.8,16550.0,9722150.0,-4074350.0,14650.0,-653.0,-35625.0,20423.6,-38331.25,18600.0,
20200228,46212.5,42100.0,19375.0,-14781.26,-2164.08,-32803.12,-14712.5,30155.0,-456500.0,61010.0,-19000.0,47481.0,14430.0,9664650.0,-5158350.0,14637.5,-653.0,-36550.0,19897.2,-38331.25,17950.0,
20200331,36725.0,38287.5,20106.25,-10843.76,445.3,-23990.62,4350.0,32305.0,-95200.0,85290.0,-18560.0,67464.6,9380.0,10444650.0,-3986400.0,15187.5,-622.5,-39812.5,21023.2,-38331.25,23610.0,
20200430,36725.0,38287.5,19193.75,-10468.76,570.3,-22021.88,-12287.5,13855.0,-343100.0,86930.0,-21640.0,74537.4,8090.0,10154650.0,-4394900.0,16225.0,-602.0,-39812.5,21079.2,-38331.25,20510.0,
20200529,36725.0,38287.5,20918.75,-10468.76,710.92,-24678.12,-14462.5,13855.0,-420850.0,72190.0,-25360.0,65990.4,13840.0,9989600.0,-5000950.0,15937.5,-641.0,-39812.5,20474.4,-38331.25,20380.0,
20200630,35662.5,38287.5,19831.25,-12487.51,828.11,-27603.12,-14462.5,13855.0,-420850.0,72190.0,-27610.0,61081.0,18720.0,9989600.0,-5000950.0,15150.0,-702.0,-40375.0,19494.8,-40262.5,18975.0,
20200731,42487.5,38568.75,22181.25,-12378.14,1210.92,-27603.12,-14462.5,13855.0,-420850.0,72190.0,-28440.0,61081.0,37260.0,10333350.0,-3062950.0,15137.5,-642.0,-42037.5,19494.8,-42975.0,18975.0,
20200831,44237.5,38418.75,23875.0,-13537.51,1117.17,-27603.12,-13487.5,16445.0,-420850.0,72190.0,-23110.0,61081.0,36530.0,10817100.0,-873950.0,15862.5,-529.0,-42037.5,19494.8,-39862.5,18975.0,
20200930,41687.5,38918.75,20206.25,-13537.51,1117.17,-27603.12,-26925.0,2310.0,-660000.0,72190.0,-33530.0,61081.0,25460.0,10744600.0,-3423950.0,16925.0,-509.0,-40637.5,19494.8,-47225.0,18975.0,
20201030,40968.75,39793.75,20206.25,-13006.26,793.73,-26321.88,-26925.0,-3230.0,-660000.0,73790.0,-25260.0,61081.0,25460.0,10092050.0,-2961000.0,17900.0,-485.0,-39612.5,20446.8,-47225.0,19550.0,
20201130,40750.0,40156.25,20206.25,-12959.39,231.23,-28759.38,-24487.5,-3230.0,-606300.0,68260.0,-29980.0,63811.0,27890.0,11068300.0,-2961000.0,19275.0,-291.0,-40287.5,20614.8,-47225.0,21165.0,
20201231,44443.75,41437.5,21662.5,-12865.63,189.04,-27040.62,-18212.5,5355.0,-519500.0,71440.0,-33780.0,68540.2,16030.0,11270800.0,-2961000.0,22175.0,-45.5,-41087.5,21712.4,-47225.0,24150.0,
20210129,43156.25,39712.5,21950.0,-11818.76,189.04,-22571.88,-20387.5,5870.0,-581300.0,75120.0,-33780.0,73345.0,16030.0,11363300.0,-4320050.0,25325.0,65.5,-40637.5,22093.2,-47225.0,25410.0,
20210226,41012.5,40256.25,23456.25,-7506.26,1485.92,-13071.88,-15187.5,5865.0,-478000.0,84420.0,-38740.0,83622.4,22580.0,12704550.0,-5647550.0,25350.0,331.5,-40775.0,22787.6,-46250.0,29505.0,
20210331,42600.0,44543.75,22425.0,-5725.01,2056.23,-8446.88,-7275.0,1230.0,-279400.0,82080.0,-39490.0,80543.8,23900.0,12462050.0,-6137100.0,26187.5,480.5,-42312.5,21964.8,-51887.5,24260.0,
20210430,37962.5,43093.75,21981.25,-6818.76,1517.17,-11103.12,3075.0,1875.0,-192500.0,86500.0,-39490.0,86953.0,15960.0,13643300.0,-6137100.0,31637.5,954.0,-41062.5,20979.2,-50706.25,24260.0,
20210528,37962.5,43618.75,22456.25,-6725.01,959.36,-10384.38,4475.0,-8040.0,-117900.0,89240.0,-40840.0,91820.8,19500.0,14167050.0,-6292600.0,30812.5,1124.0,-44737.5,21404.8,-42868.75,24260.0,
20210630,37962.5,44900.0,20712.5,-7556.26,881.23,-12278.12,8775.0,-7150.0,-253750.0,96390.0,-34200.0,95600.8,6400.0,12918250.0,-7371650.0,27937.5,613.0,-44737.5,20447.6,-43843.75,24260.0,
20210730,37962.5,43187.5,18587.5,-6446.89,331.23,-8309.38,13825.0,985.0,-253750.0,89290.0,-31560.0,89540.6,6400.0,12918250.0,-7371650.0,27887.5,613.0,-44737.5,19562.8,-36418.75,24260.0,
20210831,37962.5,43187.5,17850.0,-7446.89,-398.46,-10059.38,20375.0,13520.0,-257850.0,89290.0,-26930.0,80292.6,-2210.0,12269500.0,-7204650.0,27887.5,550.5,-46750.0,21724.4,-30287.5,24525.0,
20210930,37962.5,43081.25,19618.75,-8121.89,-281.27,-10921.88,11712.5,-2885.0,-331200.0,89290.0,-12030.0,84181.8,-6900.0,12141950.0,-6225150.0,27887.5,560.5,-48562.5,22284.4,-31000.0,26620.0,
20211029,38318.75,45593.75,17568.75,-7215.63,710.92,-14171.88,13325.0,290.0,-331200.0,95280.0,-16440.0,90070.2,-10610.0,11254400.0,-7386700.0,27887.5,346.0,-48562.5,20588.0,-27268.75,31145.0,
20211130,41343.75,44818.75,18931.25,-7325.01,1062.48,-16034.38,11787.5,6530.0,-437550.0,79810.0,-22840.0,73883.8,-17430.0,11136850.0,-7386700.0,27350.0,346.0,-49125.0,20588.0,-16637.5,26925.0,
20211231,40393.75,46618.75,17375.0,-6981.26,1484.36,-16034.38,21400.0,-4105.0,-437550.0,79810.0,-23340.0,73883.8,-17430.0,11136850.0,-8027700.0,28637.5,294.0,-49950.0,19238.8,-18962.5,25520.0,
20220131,39525.0,45268.75,17368.75,-4481.26,3257.79,-14565.62,4175.0,-14005.0,-437550.0,79810.0,-34000.0,74119.0,-17430.0,11136850.0,-8044250.0,30275.0,115.5,-50637.5,19978.0,-15587.5,27315.0,
20220228,39525.0,44193.75,17368.75,-3950.01,4179.67,-15628.12,10987.5,-465.0,-434650.0,83710.0,-34000.0,83174.2,-14740.0,10735600.0,-8044250.0,33512.5,500.5,-45987.5,20560.4,-16412.5,23090.0,
20220331,39843.75,50062.5,17206.25,612.49,7773.42,-19490.62,3525.0,-15575.0,-535500.0,88270.0,-28730.0,101217.4,-9410.0,11476850.0,-8230250.0,36412.5,371.5,-42387.5,19166.4,-19537.5,21685.0,
20220429,46218.75,56343.75,20531.25,4331.24,9789.04,-10115.62,3525.0,-15575.0,-535500.0,92680.0,-12710.0,128782.0,-15990.0,10721800.0,-8961800.0,39650.0,1083.5,-39900.0,18292.8,-23712.5,26655.0,
20220531,44306.25,55825.0,20493.75,4034.36,9507.79,-8865.62,4162.5,-10660.0,-612000.0,102660.0,-3700.0,125329.6,-15990.0,10695550.0,-8920800.0,36650.0,770.5,-38312.5,17906.8,-31712.5,23330.0,
20220630,46856.25,60337.5,23031.25,4956.24,10210.92,-8053.12,21250.0,11680.0,-393000.0,94130.0,-22810.0,120940.6,-15990.0,10766750.0,-8252800.0,35487.5,682.5,-38062.5,17906.8,-31712.5,21280.0,
20220729,50400.0,58950.0,23100.0,3546.86,9223.42,-10259.38,5425.0,-16185.0,-571650.0,94130.0,-22810.0,120890.6,-17750.0,11108000.0,-8175300.0,36362.5,708.0,-34250.0,17016.8,-35425.0,22330.0,
20220831,52881.25,62806.25,26662.5,3546.86,9223.42,-10259.38,5425.0,-16185.0,-571650.0,95530.0,-22810.0,86026.8,-12190.0,11245500.0,-7017800.0,33650.0,588.0,-35437.5,16624.8,-38118.75,14095.0,
20220930,55312.5,65987.5,29393.75,6562.49,11254.67,-4478.12,5425.0,-16185.0,-487250.0,105590.0,-22810.0,86026.8,-6770.0,11510500.0,-7596300.0,33050.0,517.0,-38237.5,15891.6,-43062.5,28030.0,
20221031,52018.75,68456.25,27487.5,8031.24,12168.73,1428.12,-9062.5,-30730.0,-758100.0,98550.0,-36660.0,65005.8,-3640.0,11194200.0,-8449350.0,33050.0,488.0,-38237.5,15891.6,-33575.0,34700.0,
20221130,52943.75,63050.0,26006.25,5124.99,10192.17,-5071.88,-13612.5,-42630.0,-758100.0,92640.0,-42410.0,62729.8,-11140.0,11094200.0,-7983850.0,33050.0,421.5,-38237.5,16653.2,-30650.0,28395.0,
20221230,57012.5,63418.75,24893.75,3871.86,9392.17,-7871.88,-13612.5,-43420.0,-758100.0,92930.0,-39120.0,50344.0,-10220.0,11275450.0,-6854350.0,33050.0,15.5,-40887.5,17112.4,-29675.0,26500.0,
20230131,58743.75,63625.0,26450.0,2528.11,8392.17,-7871.88,-13612.5,-44630.0,-758100.0,91350.0,-21210.0,42813.8,1690.0,12314200.0,-6956350.0,33050.0,102.5,-39350.0,16424.0,-35093.75,26500.0,
20230228,54543.75,58837.5,24425.0,649.99,7170.29,-7871.88,-23637.5,-46225.0,-758100.0,91350.0,-21840.0,42813.8,-11180.0,11972950.0,-7802900.0,33050.0,217.0,-40562.5,14531.2,-34618.75,26500.0,
20230331,54543.75,58837.5,24425.0,649.99,4120.29,-7871.88,-23687.5,-21635.0,-877900.0,87240.0,-16530.0,42813.8,-11530.0,11356650.0,-9270450.0,31575.0,444.5,-39900.0,14481.2,-40893.75,23975.0,
20230428,55175.0,58837.5,24781.25,649.99,4120.29,-9934.38,-23687.5,-21265.0,-876050.0,82420.0,-18470.0,42813.8,-10240.0,11356650.0,-9642450.0,31575.0,635.5,-36975.0,18961.2,-44531.25,23975.0,
20230531,51831.25,59362.5,23837.5,649.99,4120.29,-12515.62,-23687.5,-1660.0,-876050.0,82490.0,-20570.0,41104.4,-15830.0,11901650.0,-10635500.0,31100.0,909.0,-35000.0,17516.4,-45800.0,23975.0,
20230630,51831.25,61706.25,25531.25,649.99,4120.29,-12515.62,-13675.0,19070.0,-873850.0,79940.0,-20360.0,28433.4,-15830.0,11227850.0,-10635500.0,29600.0,439.5,-43462.5,15965.6,-43775.0,23975.0,
20230731,50043.75,60837.5,26418.75,665.61,4143.73,-12796.88,-7362.5,29480.0,-768650.0,76670.0,-22000.0,37295.4,-15830.0,11227850.0,-10635500.0,28712.5,501.5,-46425.0,15965.6,-45893.75,23070.0,
20230831,48718.75,63212.5,24918.75,1040.61,4042.16,-10046.88,-12287.5,23100.0,-924200.0,77480.0,-23420.0,42654.6,-15830.0,11227850.0,-10635500.0,30000.0,542.5,-47150.0,15965.6,-42087.5,24620.0,
20230929,47850.0,64643.75,25468.75,4009.36,5604.66,-2140.62,-15787.5,15320.0,-924200.0,84640.0,-23620.0,50529.6,-13110.0,11000350.0,-10635500.0,30075.0,330.0,-47150.0,15876.0,-38956.25,24285.0,
20231031,47975.0,66281.25,25818.75,5899.99,6487.48,2203.12,-13262.5,14015.0,-920000.0,76110.0,-17160.0,32339.8,-20680.0,11221600.0,-11733050.0,28662.5,463.0,-47150.0,16559.2,-43300.0,22275.0,
20231130,44306.25,64250.0,23618.75,3224.99,5007.79,-4346.88,-23987.5,1280.0,-1098950.0,73120.0,-24140.0,30811.0,-19130.0,11059050.0,-11428050.0,27300.0,421.0,-50350.0,15383.2,-36775.0,22935.0,
20231229,45318.75,67131.25,23262.5,4084.36,6203.1,-3034.38,-21025.0,22040.0,-896350.0,77430.0,-26500.0,40273.6,-17670.0,10981550.0,-12620100.0,27287.5,625.0,-50375.0,18480.4,-35425.0,22465.0,
20240131,42637.5,62500.0,23037.5,3521.86,5820.29,-5628.12,-18500.0,26415.0,-869550.0,70130.0,-31310.0,25481.6,-18110.0,11020300.0,-12620100.0,27612.5,733.0,-52725.0,14504.4,-33268.75,21665.0,
20240229,41968.75,62500.0,22406.25,768.74,3809.35,-10053.12,-6837.5,43225.0,-793250.0,70130.0,-28910.0,25481.6,-24180.0,10594000.0,-12620100.0,28550.0,773.5,-52725.0,16022.4,-38475.0,27985.0,
20240328,41968.75,62500.0,22662.5,768.74,3809.35,-10053.12,3400.0,51070.0,-679950.0,72160.0,-27940.0,25481.6,-9500.0,10461500.0,-12862100.0,27925.0,555.5,-54075.0,16022.4,-38475.0,23890.0,
20240430,41568.75,62375.0,22900.0,1612.49,4317.16,-8084.38,-11887.5,34690.0,-873800.0,70920.0,-30860.0,25481.6,-3050.0,11855250.0,-11993100.0,28012.5,555.5,-55275.0,16739.2,-34593.75,21720.0,
20240531,39825.0,62562.5,21725.0,253.11,3262.48,-10334.38,-11887.5,32645.0,-981050.0,67940.0,-29040.0,28577.0,1240.0,11949000.0,-10100100.0,27350.0,348.5,-52450.0,17982.4,-42687.5,21475.0,
20240628,39825.0,63575.0,21725.0,-625.01,2704.66,-12103.12,-7625.0,59370.0,-981050.0,61480.0,-28900.0,21021.6,620.0,11387700.0,-10540100.0,27725.0,348.5,-56850.0,15793.2,-42687.5,23205.0,
20240718,39318.75,61412.5,21931.25,-625.01,2704.66,-12103.12,-3975.0,58810.0,-940050.0,61480.0,-33380.0,21021.6,12300.0,11387700.0,-10208100.0,28537.5,348.5,-56850.0,15793.2,-45181.25,23585.0,
