Testing from : 20100104 to: 20220331
-----------------------------------------------------------------------------------------------------------
                                                                                      Avg.   Monthly    Avg.
SysName         Market     TotProfit  MaxDD ClsTrdDD AvgWin  AvgLoss PerWins #Trds  MonthRet.  StdDev  YearlyRet.
TF-Bollinger... Crude-CL      -10769  44169   40169   13077    -5387    0.27     26      -73    4848      745
TF-Bollinger... EuroCur-EC     -6887  47137   36349    6993    -3309    0.30     27      -46    2629     -343
TF-Bollinger... Gold-GC       -43450  96020   80640    8103    -4924    0.27     30     -295    4466    -4020
TF-Bollinger... Coffee-KC      35575  43193   29343   12090    -4079    0.35     23      242    3749     3034
TF-Bollinger... Nat.Gas-NG      4229  33070   29320    5798    -3360    0.38     26       28    2931     1268
TF-Bollinger... SoyBean-S_     56100  20200    9612    8123    -2776    0.48     23      381    2676     3495
TF-Bollinger... LHogs-LH        3289  15130    9870    2823    -1478    0.38     24       22    1512      212
TF-Bollinger... Sugar-SB        4434  13812    8285    2389    -1456    0.42     26       30    1286      464
TF-Bollinger... Silver-SI      -4279 113924   44904    9884    -6415    0.38     21      -29    9673       29
TF-Bollinger... TenYr-TY       21570  11152    6387    3788     -898    0.39     23      146    1182     1710
-------------------------------------------------------------------------------------------------------------------
Totals                         59812 146560 or 76.7 % Avg. DD   49773         249
-----------------------------------------------------------------------------------------------------------
Combined Monthly Return
Date         Profit Cum.Profit
-------------------------------------------------------------------
20100129       1859       1859
20100226      -9157      -7297
20100331       -412      -7709
20100430       3951      -3758
20100528       6478       2719
20100630       3966       6686
20100730      -6861       -176
20100831       2369       2193
20100930      23752      25945
20101029      32959      58904
20101130       6072      64976
20101231      43053     108029     108029
20110131     -22245      85784
20110228       8923      94707
20110331      17574     112282
20110429      78702     190984
20110531     -98942      92042
20110630     -15122      76919
20110729      14381      91300
20110831       8724     100024
20110930      -6414      93611
20111031     -44190      49421
20111130      17795      67216
20111230      27085      94301     -13728
20120131     -13977      80323
20120229      -2678      77645
20120330      10886      88532
20120430       4945      93477
20120531      12644     106120
20120629     -11920      94201
20120731       6190     100391
20120831        703     101094
20120928      10892     111986
20121031     -17952      94034
20121130     -15066      78967
20121231      -1322      77645     -16656
20130131     -12057      65587
20130228       3159      68746
20130329      -1841      66905
20130430       6425      73330
20130531       9127      82457
20130628      29001     111458
20130731     -16767      94691
20130830      -8148      86543
20130930      -7906      78637
20131031        172      78809
20131129       -915      77894
20131231      -9206      68688      -8957
20140131      -1050      67638
20140228      20549      88187
20140331      -9273      78914
20140430      14091      93005
20140530     -16262      76743
20140630      -8996      67747
20140731       1735      69482
20140829       4924      74406
20140930      12250      86655
20141031       -315      86341
20141128      20107     106447
20141231      21668     128116      59428
20150130      17484     145600
20150227      -4432     141168
20150331      17566     158734
20150430     -14921     143813
20150529       2633     146446
20150630      -4015     142431
20150731       5516     147947
20150831      -9430     138517
20150930       -353     138165
20151030        780     138945
20151130       4842     143787
20151231      -2263     141524      13408
20160129       2216     143740
20160229       6086     149826
20160331      -9337     140489
20160429      11330     151819
20160531     -14615     137204
20160630      10290     147493
20160729      -3320     144174
20160831     -30117     114057
20160930       8503     122560
20161031      -8689     113871
20161130      -8354     105517
20161230       1504     107021     -34503
20170131      -9764      97257
20170228       -627      96630
20170331        125      96755
20170428      -4021      92734
20170531      -5474      87260
20170630      -2175      85086
20170731       -358      84728
20170831      -1659      83068
20170929      -4583      78486
20171031      -3882      74603
20171130        390      74993
20171229      -9749      65244     -41776
20180131       3036      68280
20180228     -14259      54021
20180329      -1230      52791
20180430       3017      55808
20180531      -1191      54617
20180629       8376      62993
20180731       -342      62651
20180831      16358      79008
20180928      -3017      75991
20181031      -4841      71151
20181130      19035      90186
20181231      -4630      85556      20311
20190131      -1307      84249
20190228      -3787      80462
20190329      -9106      71356
20190430        467      71822
20190531       1161      72983
20190628       -315      72668
20190731      -3276      69393
20190830      23006      92398
20190930     -18886      73512
20191031       2924      76436
20191129      -1849      74587
20191231       2739      77326      -8230
20200131      -1898      75427
20200228       7085      82512
20200331      15642      98154
20200430       -895      97259
20200529     -21804      75455
20200630     -11026      64429
20200731      14161      78590
20200831      24675     103265
20200930     -46219      57047
20201030       3217      60264
20201130       1124      61388
20201231      -6295      55093     -22233
20210129       1514      56607
20210226      17105      73712
20210331       1222      74934
20210430      -1400      73534
20210528      12791      86324
20210630     -12927      73397
20210730       4338      77734
20210831       6599      84334
20210930      22320     106654
20211029     -10633      96022
20211130     -10987      85035
20211231      -5860      79175      24082
20220131       -924      78251
20220228       8960      87212
20220331     -27399      59813     -19362
Average Monthly Return:      406 StdDev: 16641  Sharpe: 0.02
Average  Yearly Return:     4600 StdDev: 41349  Sharpe: 0.11
