-----------------------------------------
Sys Name : TF-BollwBO
Mkt Symb : CL Mkt Name : Crude
Profit/Loss : -2260.0
Num Trades : 66
Percent Wins : 0.333
Avg Win  : 8082.27
Avg Loss : -4093.64
Avg Trade: -34.24
Max DrawDown: 72760.0
Avg DrawDown: 21422.5
AVG Monthly Return: -15.37415
Monthly StdDev: 5569.85628
-----------------------------------------
20100129       4350       4350
20100226     -12890      -8540
20100331      -1170      -9710
20100430      -2020     -11730
20100528     -13300     -25030
20100630       -580     -25610
20100730       5060     -20550
20100831      -2550     -23100
20100930          0     -23100
20101029          0     -23100
20101130      -4160     -27260
20101231       -600     -27860     -27860
20110131       -120     -27980
20110228       1270     -26710
20110331       8970     -17740
20110429       6650     -11090
20110531     -13890     -24980
20110630      -2250     -27230
20110729         40     -27190
20110831     -10010     -37200
20110930       9830     -27370
20111031     -12900     -40270
20111130       1950     -38320
20111230          0     -38320     -10460
20120131      -3270     -41590
20120229      -2800     -44390
20120330      -4570     -48960
20120430       1400     -47560
20120531       3630     -43930
20120629       1900     -42030
20120731      -2800     -44830
20120831      -4040     -48870
20120928          0     -48870
20121031       -590     -49460
20121130      -2240     -51700
20121231      -1670     -53370     -15050
20130131        730     -52640
20130228      -5990     -58630
20130329       4810     -53820
20130430        290     -53530
20130531      -1010     -54540
20130628          0     -54540
20130731       4070     -50470
20130830       2760     -47710
20130930      -4720     -52430
20131031      -2720     -55150
20131129       4310     -50840
20131231      -7190     -58030      -4660
20140131          0     -58030
20140228         20     -58010
20140331       -190     -58200
20140430       -910     -59110
20140530       3340     -55770
20140630       3150     -52620
20140731      -8450     -61070
20140829      -2490     -63560
20140930       3580     -59980
20141031       9870     -50110
20141128      14410     -35700
20141231      13210     -22490      35540
20150130       5510     -16980
20150227       -840     -17820
20150331       4150     -13670
20150430      -5630     -19300
20150529       -450     -19750
20150630      -1240     -20990
20150731      -6460     -27450
20150831      -1540     -28990
20150930       4410     -24580
20151030      -4650     -29230
20151130      -4590     -33820
20151231       5840     -27980      -5490
20160129       4390     -23590
20160229       2030     -21560
20160331      -4470     -26030
20160429        620     -25410
20160531       2500     -22910
20160630      -1370     -24280
20160729       7430     -16850
20160831      -1850     -18700
20160930      -5470     -24170
20161031          0     -24170
20161130          0     -24170
20161230          0     -24170       3810
20170131       -990     -25160
20170228      -1330     -26490
20170331      -1660     -28150
20170428      -3400     -31550
20170531        -50     -31600
20170630       -170     -31770
20170731          0     -31770
20170831          0     -31770
20170929       -450     -32220
20171031       2480     -29740
20171130       2830     -26910
20171229       2980     -23930        240
20180131       4360     -19570
20180228      -2920     -22490
20180329      -3180     -25670
20180430      -3170     -28840
20180531      -2520     -31360
20180629       -170     -31530
20180731      -3940     -35470
20180831      -3050     -38520
20180928          0     -38520
20181031      -5570     -44090
20181130      14570     -29520
20181231       5790     -23730        200
20190131      -6130     -29860
20190228          0     -29860
20190329          0     -29860
20190430       1160     -28700
20190531     -10600     -39300
20190628      -6000     -45300
20190731      -2020     -47320
20190830        -20     -47340
20190930      -8600     -55940
20191031          0     -55940
20191129          0     -55940
20191231        570     -55370     -31640
20200131      -9510     -64880
20200228       5920     -58960
20200331      24660     -34300
20200430       7300     -27000
20200529     -16330     -43330
20200630        230     -43100
20200731          0     -43100
20200831          0     -43100
20200930       1600     -41500
20201030      -1250     -42750
20201130      -2830     -45580
20201231       2970     -42610      12760
20210129       3630     -38980
20210226       9280     -29700
20210331      -2010     -31710
20210430       4370     -27340
20210528       -540     -27880
20210630       4970     -22910
20210730        750     -22160
20210831      -5200     -27360
20210930       6770     -20590
20211029       9090     -11500
20211130       3200      -8300
20211231      -7210     -15510      27100
20220131          0     -15510
20220228       7360      -8150
20220331       5890      -2260      13250
-----------------------------------------
-----------------------------------------
Sys Name : TF-BollwBO
Mkt Symb : NG Mkt Name : Nat.Gas
Profit/Loss : 27030.0
Num Trades : 84
Percent Wins : 0.357
Avg Win  : 4444.67
Avg Loss : -1969.63
Avg Trade: 321.79
Max DrawDown: 41230.0
Avg DrawDown: 13025.0
AVG Monthly Return: 183.87755
Monthly StdDev: 3340.64333
-----------------------------------------
20100129          0          0
20100226       3410       3410
20100331       9920      13330
20100430      -1120      12210
20100528      -4720       7490
20100630       2690      10180
20100730       4280      14460
20100831       7470      21930
20100930      -1350      20580
20101029          0      20580
20101130      -2800      17780
20101231         70      17850      17850
20110131      -3990      13860
20110228      -6820       7040
20110331      -3180       3860
20110429          0       3860
20110531       3460       7320
20110630       1800       9120
20110729       -540       8580
20110831      -1330       7250
20110930       4510      11760
20111031       -740      11020
20111130       5260      16280
20111230       5990      22270       4420
20120131       5260      27530
20120229        270      27800
20120330       5830      33630
20120430       -710      32920
20120531      -3450      29470
20120629       4750      34220
20120731      -1330      32890
20120831      -6130      26760
20120928       -940      25820
20121031      -1380      24440
20121130      -3150      21290
20121231       2410      23700       1430
20130131      -1190      22510
20130228       -550      21960
20130329        320      22280
20130430       2820      25100
20130531      -5720      19380
20130628       3080      22460
20130731      -2180      20280
20130830      -2150      18130
20130930      -1650      16480
20131031        460      16940
20131129       -870      16070
20131231        330      16400      -7300
20140131       8860      25260
20140228       4910      30170
20140331      -2410      27760
20140430       4260      32020
20140530      -2730      29290
20140630      -1020      28270
20140731       2750      31020
20140829       -560      30460
20140930      -1430      29030
20141031      -1790      27240
20141128      -4920      22320
20141231       2700      25020       8620
20150130      -2950      22070
20150227          0      22070
20150331      -1770      20300
20150430          0      20300
20150529       -410      19890
20150630        110      20000
20150731        550      20550
20150831      -1940      18610
20150930        840      19450
20151030       4930      24380
20151130       2070      26450
20151231       -520      25930        910
20160129         30      25960
20160229        750      26710
20160331      -1720      24990
20160429      -2270      22720
20160531      -1580      21140
20160630       4480      25620
20160729       -130      25490
20160831       -280      25210
20160930       -390      24820
20161031      -2550      22270
20161130      -5660      16610
20161230      -2080      14530     -11400
20170131      -3110      11420
20170228       -810      10610
20170331      -3390       7220
20170428      -1220       6000
20170531         -0       6000
20170630       -170       5830
20170731        460       6290
20170831      -2990       3300
20170929        -70       3230
20171031       2720       5950
20171130      -2870       3080
20171229        630       3710     -10820
20180131       -280       3430
20180228      -2650        780
20180329       -300        480
20180430      -1960      -1480
20180531       -120      -1600
20180629       -280      -1880
20180731      -1290      -3170
20180831       1380      -1790
20180928        950       -840
20181031       1920       1080
20181130      13040      14120
20181231      -6930       7190       3480
20190131      -5930       1260
20190228          0       1260
20190329          0       1260
20190430       -780        480
20190531       1080       1560
20190628       1290       2850
20190731       -620       2230
20190830      -1900        330
20190930        430        760
20191031        570       1330
20191129       -630        700
20191231        790       1490      -5700
20200131       3250       4740
20200228       1690       6430
20200331      -1880       4550
20200430      -1730       2820
20200529      -3400       -580
20200630      -1150      -1730
20200731        110      -1620
20200831       5370       3750
20200930      -2200       1550
20201030          0       1550
20201130      -2060       -510
20201231       -420       -930      -2420
20210129       -780      -1710
20210226       2650        940
20210331          0        940
20210430        670       1610
20210528       -870        740
20210630       3160       3900
20210730       2820       6720
20210831       4430      11150
20210930      14230      25380
20211029      -6220      19160
20211130       1380      20540
20211231       4760      25300      26230
20220131          0      25300
20220228          0      25300
20220331       1730      27030       1730
-----------------------------------------
-----------------------------------------
Sys Name : TF-BollwBO
Mkt Symb : HO Mkt Name : H.Oil
Profit/Loss : 13394.4
Num Trades : 76
Percent Wins : 0.342
Avg Win  : 9378.84
Avg Loss : -4610.11
Avg Trade: 176.24
Max DrawDown: 106261.4
Avg DrawDown: 25206.25
AVG Monthly Return: 91.11837
Monthly StdDev: 6575.53791
-----------------------------------------
20100129      -3801      -3801
20100226      -6497     -10298
20100331      -1709     -12007
20100430        907     -11099
20100528     -22936     -34035
20100630      -6077     -40112
20100730      -2923     -43035
20100831       2264     -40771
20100930       8669     -32102
20101029      -1864     -33966
20101130      -2822     -36789
20101231       8635     -28154     -28154
20110131       8291     -19863
20110228       7673     -12189
20110331       6628      -5562
20110429       6241        679
20110531     -18042     -17363
20110630       4309     -13054
20110729      -1806     -14859
20110831       9681      -5178
20110930      -5216     -10394
20111031     -13784     -24178
20111130      -3603     -27782
20111230          0     -27782        372
20120131      -5821     -33602
20120229      -2486     -36089
20120330      -2104     -38193
20120430      -5287     -43480
20120531      11978     -31502
20120629       -428     -31930
20120731      -9920     -41850
20120831          0     -41850
20120928       2705     -39145
20121031      -1759     -40905
20121130      -2977     -43882
20121231      -4653     -48535     -20754
20130131      -4199     -52734
20130228      -9652     -62386
20130329      -1294     -63680
20130430      -3859     -67539
20130531       2247     -65292
20130628      -1982     -67274
20130731      -1151     -68424
20130830       3301     -65123
20130930      -8715     -73838
20131031      -4380     -78218
20131129      -2721     -80939
20131231      -7626     -88566     -40030
20140131       -622     -89187
20140228       4578     -84609
20140331      -7950     -92559
20140430          0     -92559
20140530       -306     -92865
20140630      -8954    -101819
20140731        639    -101180
20140829          0    -101180
20140930       7308     -93872
20141031       4914     -88958
20141128          0     -88958
20141231      12617     -76341      12225
20150130       4633     -71708
20150227       3218     -68491
20150331      -8458     -76949
20150430      -5850     -82799
20150529          0     -82799
20150630          0     -82799
20150731       3994     -78805
20150831      -4003     -82807
20150930       7909     -74899
20151030       1714     -73185
20151130       7846     -65339
20151231      10899     -54440      21900
20160129       2394     -52046
20160229         -8     -52055
20160331      -5506     -57561
20160429      11038     -46523
20160531      -2150     -48673
20160630       -895     -49568
20160729       6909     -42658
20160831      -2154     -44812
20160930      -4670     -49482
20161031          0     -49482
20161130          0     -49482
20161230          0     -49482       4958
20170131      -3708     -53190
20170228      -2717     -55907
20170331      -2503     -58410
20170428      -3250     -61661
20170531      -4271     -65932
20170630      -2129     -68061
20170731      -1541     -69602
20170831          0     -69602
20170929       2810     -66792
20171031       3007     -63785
20171130        605     -63180
20171229       7182     -55998      -6516
20180131        286     -55713
20180228      -6976     -62689
20180329       4809     -57880
20180430       5914     -51966
20180531       2516     -49451
20180629         67     -49383
20180731      -3927     -53310
20180831      -1785     -55095
20180928       3637     -51457
20181031      -1176     -52633
20181130       6451     -46182
20181231       6065     -40117      15881
20190131      -9991     -50108
20190228       6287     -43821
20190329      -2507     -46328
20190430      -1524     -47852
20190531          0     -47852
20190628      -3898     -51750
20190731      -2221     -53971
20190830      -2281     -56252
20190930      -7059     -63311
20191031          0     -63311
20191129          0     -63311
20191231      -2557     -65869     -25752
20200131        227     -65641
20200228       6229     -59413
20200331      19992     -39421
20200430      10987     -28434
20200529      -6989     -35422
20200630      -5422     -40844
20200731          0     -40844
20200831      -1697     -42541
20200930       -470     -43011
20201030         -4     -43015
20201130       3218     -39798
20201231       4696     -35102      30767
20210129       4805     -30297
20210226      10576     -19722
20210331      -3427     -23148
20210430      -3195     -26344
20210528      -1138     -27482
20210630       3688     -23794
20210730      -7278     -31072
20210831      -9248     -40320
20210930       4011     -36309
20211029       6258     -30051
20211130       8014     -22037
20211231      -9462     -31499       3603
20220131       2423     -29076
20220228      10559     -18517
20220331      31912      13394      44894
-----------------------------------------
