20100104     0.00
20100105     0.00
20100106     0.00
20100107  -459.20
20100108  -985.60
20100111 -1859.20
20100112 -1176.00
20100113  -414.40
20100114  -728.00
20100115  -884.80
20100119     0.00
20100120     0.00
20100121     0.00
20100122  -537.60
20100125     0.00
20100126  -560.00
20100127 -1612.80
20100128  -746.00
20100129     0.00
20100201 -1019.79
20100202 -2342.89
20100203 -2772.54
20100204 -2866.59
20100205 -2296.74
20100208 -3778.89
20100209 -4658.74
20100210 -6095.34
20100211 -5042.29
20100212 -5935.64
20100216 -5757.69
20100217 -6996.49
20100218 -6944.41
20100219 -6393.56
20100222 -5641.91
20100223 -5738.16
20100224 -6268.16
20100225 -4119.41
20100226 -3999.41
20100301 -3790.66
20100302 -4716.91
20100303 -4081.91
20100304 -3944.41
20100305 -3714.41
20100308 -4171.91
20100309 -5645.66
20100310 -5589.06
20100311 -6213.66
20100312 -5342.91
20100315 -4340.56
20100316 -3150.06
20100317 -3904.61
20100318 -4899.86
20100319 -3334.31
20100322 -2470.81
20100323 -1504.66
20100324 -3307.91
20100325 -4241.01
20100326 -3998.76
20100329 -5168.71
20100330 -6028.11
20100331 -4078.31
20100401 -3726.51
20100405 -3000.51
20100406 -2424.31
20100407 -3381.71
20100408 -4302.91
20100409 -5094.31
20100412 -5232.31
20100413 -4775.11
20100414 -5656.11
20100415 -4379.51
20100416 -3636.51
20100419 -4706.71
20100420 -2702.71
20100421 -2528.51
20100422 -2155.91
20100423 -1006.71
20100426 -1273.71
20100427 -1081.11
20100428  -659.91
20100429 -1941.51
20100430 -1369.71
20100503 -1629.31
20100504 -2072.91
20100505 -1565.91
20100506 -1852.11
20100507 -1511.71
20100510 -1828.31
20100511 -1780.91
20100512 -2712.11
20100513 -2505.91
20100514 -1932.31
20100517 -1423.51
20100518 -1942.71
20100519 -1548.31
20100520 -2210.51
20100521 -2509.71
20100524 -2354.51
20100525 -2511.71
20100526 -2749.91
20100527 -2597.11
20100528 -1779.51
20100601 -2014.71
20100602 -1499.51
20100603 -1555.51
20100604 -2175.57
20100607 -2042.77
20100608 -3208.77
20100609 -5022.37
20100610 -5661.37
20100611 -4445.67
20100614 -2629.57
20100615     0.00
20100616  -232.05
20100617  -369.45
20100618     0.00
20100621 -1159.50
20100622 -1211.85
20100623 -1725.20
20100624     0.00
20100625     0.00
20100628  -300.00
20100629 -2156.25
20100630 -1143.75
20100701  -243.75
20100702 -1725.00
20100706 -4218.75
20100707 -2193.75
20100708 -2550.00
20100709 -1893.75
20100712 -2006.25
20100713 -1218.75
20100714 -1500.00
20100715  -675.00
20100716  -693.75
20100719 -1912.50
20100720 -3881.25
20100721 -4350.00
20100722 -2231.82
20100723  -664.12
20100726  -410.92
20100727 -1328.67
20100728     0.00
20100729     0.00
20100730     0.00
20100802 -1615.40
20100803 -4716.35
20100804 -3229.05
20100805 -3852.35
20100806 -4827.10
20100809 -4573.30
20100810 -3624.95
20100811 -3567.20
20100812  -533.44
20100813     0.00
20100816     0.00
20100817  -637.20
20100818  -873.30
20100819     0.00
20100820     0.00
20100823  -270.60
20100824 -5154.80
20100825 -6174.15
20100826 -4205.35
20100827 -1053.80
20100830   -85.55
20100831 -1374.00
20100901     0.00
20100902     0.00
20100903     0.00
20100907     0.00
20100908     0.00
20100909  -317.75
20100910     0.00
20100913     0.00
20100914     0.00
20100915 -1476.05
20100916  -548.10
20100917  -110.00
20100920 -2649.65
20100921 -2143.40
20100922 -3252.25
20100923 -3402.95
20100924 -1543.10
20100927     0.00
20100928     0.00
20100929 -3603.20
20100930 -5899.70
20101001 -8715.35
20101004 -12143.50
20101005 -10938.50
20101006 -10567.50
20101007 -6753.10
20101008 -3743.90
20101011 -1776.50
20101012 -1273.30
20101013  -572.30
20101014     0.00
20101015 -3485.60
20101018 -1153.20
20101019 -1868.20
20101020     0.00
20101021     0.00
20101022     0.00
20101025     0.00
20101026     0.00
20101027 -2838.15
20101028 -5046.25
20101029  -228.30
20101101   -14.95
20101102     0.00
20101103  -555.15
20101104     0.00
20101105     0.00
20101108     0.00
20101109     0.00
20101110 -4926.00
20101111 -11217.75
20101112 -19403.00
20101115 -17012.10
20101116 -22849.75
20101117 -24314.30
20101118 -16763.95
20101119 -22022.70
20101122 -25848.20
20101123 -26643.60
20101124 -24711.70
20101126 -28571.95
20101129 -26478.70
20101130 -27128.45
20101201 -23328.80
20101202 -20682.95
20101203 -16094.45
20101206 -16042.00
20101207 -17137.75
20101208 -16928.10
20101209 -15268.00
20101210 -12393.85
20101213 -5889.40
20101214 -4123.35
20101215 -4628.75
20101216 -3118.20
20101217     0.00
20101220     0.00
20101221     0.00
20101222 -3745.55
20101223 -3656.05
20101227 -5340.60
20101228 -3806.85
20101229 -6262.80
20101230 -10178.05
20101231 -5669.25
20110103 -6974.25
20110104 -9519.90
20110105 -8197.15
20110106 -12382.35
20110107 -12110.05
20110110 -10343.60
20110111 -5918.65
20110112 -4163.75
20110113 -7236.45
20110114 -10944.35
20110118 -8405.50
20110119 -7657.05
20110120 -5773.95
20110121     0.00
20110124     0.00
20110125 -2850.15
20110126     0.00
20110127     0.00
20110128     0.00
20110131     0.00
20110201     0.00
20110202     0.00
20110203 -5486.15
20110204 -7582.90
20110207 -4044.35
20110208 -6163.00
20110209 -2034.80
20110210     0.00
20110211     0.00
20110214     0.00
20110215     0.00
20110216     0.00
20110217     0.00
20110218 -1943.75
20110222 -4937.50
20110223 -8625.00
20110224 -13925.00
20110225 -9243.75
20110228 -4281.25
20110301 -3996.25
20110302  -402.50
20110303     0.00
20110304     0.00
20110307     0.00
20110308 -1231.25
20110309     0.00
20110310 -7077.50
20110311 -7403.75
20110314 -11316.25
20110315 -18697.50
20110316 -20707.50
20110317 -15126.25
20110318 -9638.75
20110321 -9418.75
20110322 -7250.00
20110323 -11113.75
20110324 -8688.75
20110325 -9428.75
20110328 -14916.25
20110329 -16990.00
20110330 -16507.50
20110331 -13602.50
20110401 -17330.00
20110404 -18923.75
20110405 -11650.00
20110406 -9312.50
20110407 -6363.75
20110408 -8182.50
20110411 -7471.25
20110412 -10281.95
20110413 -8037.15
20110414 -7756.40
20110415 -5993.15
20110418 -6787.85
20110419 -7573.50
20110420 -8715.10
20110421 -10641.20
20110425 -12159.45
20110426 -11722.75
20110427 -11371.65
20110428 -9817.65
20110429 -9282.70
20110502 -6888.35
20110503 -6696.20
20110504 -10280.95
20110505 -12075.90
20110506 -11901.60
20110509 -12506.65
20110510 -15325.85
20110511 -17828.00
20110512 -18671.05
20110513 -18805.45
20110516 -19163.85
20110517 -19343.05
20110518 -20373.45
20110519 -19219.85
20110520 -19880.65
20110523 -18872.65
20110524 -19320.65
20110525 -20138.25
20110526 -20194.25
20110527 -20530.25
20110531 -20743.05
20110601 -19936.65
20110602 -21123.85
20110603 -21605.45
20110606 -21202.25
20110607 -22053.45
20110608 -22226.65
20110609 -22226.65
20110610 -22226.65
20110613 -22226.65
20110614 -22226.65
20110615 -22226.65
20110616 -22226.65
20110617 -21657.67
20110620 -19332.67
20110621 -19576.42
20110622 -19295.17
20110623 -20232.67
20110624 -20907.67
20110627 -21113.92
20110628 -24110.99
20110629 -24886.79
20110630 -27373.89
20110701 -25623.44
20110705 -27331.44
20110706 -26585.59
20110707 -24937.29
20110708 -23128.99
20110711 -22028.04
20110712 -19776.46
20110713 -24378.96
20110714 -21645.36
20110715 -17401.36
20110718 -14118.71
20110719 -14666.66
20110720 -14296.11
20110721 -11219.51
20110722 -9818.21
20110725 -10075.21
20110726 -12619.96
20110727 -12425.91
20110728 -12304.86
20110729 -12365.56
20110801 -15621.36
20110802 -18122.31
20110803 -16816.21
20110804 -14815.46
20110805 -14231.71
20110808 -11503.91
20110809 -10178.96
20110810 -11070.86
20110811 -12053.16
20110812 -14246.96
20110815 -18491.41
20110816 -19869.21
20110817 -24461.46
20110818 -24440.86
20110819 -22015.06
20110822 -22320.46
20110823 -21681.86
20110824 -22273.66
20110825 -21856.06
20110826 -21893.86
20110829 -22563.46
20110830 -23115.86
20110831 -23243.66
20110901 -23246.13
20110902 -24397.83
20110906 -28282.13
20110907 -28816.48
20110908 -30503.08
20110909 -35432.18
20110912 -34493.53
20110913 -34916.48
20110914 -36316.68
20110915 -37734.43
20110916 -39952.03
20110919 -40091.63
20110920 -40091.63
20110921 -40091.63
20110922 -40091.63
20110923 -39302.76
20110926 -40990.26
20110927 -42827.76
20110928 -40071.51
20110929 -39190.26
20110930 -38346.51
20111003 -36302.76
20111004 -37465.26
20111005 -37896.51
20111006 -40409.01
20111007 -36640.26
20111010 -37371.51
20111011 -36284.01
20111012 -38552.76
20111013 -41627.76
20111014 -42340.26
20111017 -40259.01
20111018 -39321.51
20111019 -41065.26
20111020 -39377.76
20111021 -44327.76
20111024 -46559.01
20111025 -41215.26
20111026 -40146.51
20111027 -40484.01
20111028 -40690.26
20111031 -37615.26
20111101 -36377.76
20111102 -36509.01
20111103 -37559.01
20111104 -38834.01
20111107 -39884.01
20111108 -38609.01
20111109 -38834.01
20111110 -38759.01
20111111 -40221.51
20111114 -39040.26
20111115 -42246.51
20111116 -40877.76
20111117 -39771.51
20111118 -40802.76
20111121 -39322.95
20111122 -39652.86
20111123 -38593.36
20111125 -37291.81
20111128 -35996.96
20111129 -37017.61
20111130 -39827.86
20111201 -39460.86
20111202 -37267.81
20111205 -40732.16
20111206 -41395.41
20111207 -37167.31
20111208 -37796.91
20111209 -35831.81
20111212 -31561.11
20111213 -32516.61
20111214 -28848.56
20111215 -29283.81
20111216 -28659.66
20111219 -30702.11
20111220 -32261.36
20111221 -31003.46
20111222 -31900.36
20111223 -31412.11
20111227 -32969.51
20111228 -35279.41
20111229 -35242.51
20111230 -36067.31
20120103 -39553.76
20120104 -39540.46
20120105 -35414.41
20120106 -36418.61
20120109 -36512.11
20120110 -38027.21
20120111 -41210.36
20120112 -40739.96
20120113 -41378.36
20120117 -41400.76
20120118 -41557.56
20120119 -42290.76
20120120 -42290.76
20120123 -42290.76
20120124 -42290.76
20120125 -42290.76
20120126 -42290.76
20120127 -42290.76
20120130 -42290.76
20120131 -42290.76
20120201 -42290.76
20120202 -43509.51
20120203 -43640.76
20120206 -44709.51
20120207 -45515.76
20120208 -45178.26
20120209 -43659.51
20120210 -43397.01
20120213 -42347.01
20120214 -39178.26
20120215 -37828.26
20120216 -37322.01
20120217 -37753.26
20120221 -39140.76
20120222 -37565.76
20120223 -37695.92
20120224 -37873.97
20120227 -37879.37
20120228 -38744.52
20120229 -37977.92
20120301 -38475.87
20120302 -37490.17
20120305 -37766.27
20120306 -35228.12
20120307 -33704.97
20120308 -33960.17
20120309 -33096.17
20120312 -32466.72
20120313 -32551.02
20120314 -31247.57
20120315 -30697.87
20120316 -29692.42
20120319 -29843.67
20120320 -29937.17
20120321 -30663.27
20120322 -27107.42
20120323 -28096.02
20120326 -29066.77
20120327 -32810.62
20120328 -30849.17
20120329 -28387.12
20120330 -30513.92
20120402 -32065.77
20120403 -32116.62
20120404 -31701.22
20120405 -30865.77
20120409 -29177.52
20120410 -29842.22
20120411 -30577.62
20120412 -30875.22
20120413 -29955.27
20120416 -28324.02
20120417 -27892.77
20120418 -28005.27
20120419 -28249.02
20120420 -29486.52
20120423 -29486.52
20120424 -31192.77
20120425 -28661.52
20120426 -28333.56
20120427 -28532.51
20120430 -29575.46
20120501 -31110.06
20120502 -30137.06
20120503 -27642.81
20120504 -27372.01
20120507 -27865.81
20120508 -27010.46
20120509 -27059.16
20120510 -27590.13
20120511 -25345.03
20120514 -25626.03
20120515 -26110.38
20120516 -25234.98
20120517 -26008.08
20120518 -25885.03
20120521 -24049.23
20120522 -21655.88
20120523 -16976.08
20120524 -18269.48
20120525 -18491.78
20120529 -17080.98
20120530 -15704.98
20120531 -14551.53
20120601 -11520.68
20120604 -11634.13
20120605 -10149.58
20120606 -12477.88
20120607 -14602.33
20120608 -13959.98
20120611 -15341.28
20120612 -14951.83
20120613 -13787.78
20120614 -14162.53
20120615 -15703.18
20120618 -15958.08
20120619 -20775.78
20120620 -17706.18
20120621 -17214.18
20120622 -15543.68
20120625 -17279.03
20120626 -19315.03
20120627 -19663.93
20120628 -20273.13
20120629 -24051.88
20120702 -25859.38
20120703 -26368.13
20120705 -25358.13
20120706 -25378.13
20120709 -25413.13
20120710 -25428.13
20120711 -25578.13
20120712 -25033.13
20120713 -26398.13
20120716 -26718.13
20120717 -25593.13
20120718 -26033.13
20120719 -26383.13
20120720 -26538.13
20120723 -26163.13
20120724 -25583.13
20120725 -24823.13
20120726 -25763.13
20120727 -25793.13
20120730 -25633.13
20120731 -25738.13
20120801 -25348.13
20120802 -25553.13
20120803 -26448.13
20120806 -26448.13
20120807 -26448.13
20120808 -26448.13
20120809 -26448.13
20120810 -26448.13
20120813 -26448.13
20120814 -26448.13
20120815 -26448.13
20120816 -26448.13
20120817 -26448.13
20120820 -26448.13
20120821 -26448.13
20120822 -26448.13
20120823 -26448.13
20120824 -26448.13
20120827 -26448.13
20120828 -26448.13
20120829 -26448.13
20120830 -26448.13
20120831 -26448.13
20120904 -26448.13
20120905 -26448.13
20120906 -26448.13
20120907 -26448.13
20120910 -26448.13
20120911 -26448.13
20120912 -26448.13
20120913 -26448.13
20120914 -26448.13
20120917 -26448.13
20120918 -26448.13
20120919 -26448.13
20120920 -26448.13
20120921 -26448.13
20120924 -26448.13
20120925 -26448.13
20120926 -26448.13
20120927 -26448.13
20120928 -26448.13
20121001 -26448.13
20121002 -26448.13
20121003 -26448.13
20121004 -26448.13
20121005 -26448.13
20121008 -26448.13
20121009 -26448.13
20121010 -26448.13
20121011 -26448.13
20121012 -26448.13
20121015 -26448.13
20121016 -26448.13
20121017 -26344.79
20121018 -26414.79
20121019 -26834.79
20121022 -26809.79
20121023 -28139.79
20121024 -28594.79
20121025 -28594.79
20121026 -28594.79
20121029 -28594.79
20121030 -28594.79
20121031 -28594.79
20121101 -28594.79
20121102 -28594.79
20121105 -28295.14
20121106 -28182.64
20121107 -28407.64
20121108 -28482.64
20121109 -27920.14
20121112 -28913.89
20121113 -26307.64
20121114 -26870.14
20121115 -27338.89
20121116 -26776.39
20121119 -28613.89
20121120 -26757.64
20121121 -27132.64
20121123 -26138.89
20121126 -25426.39
20121127 -25520.14
20121128 -27657.64
20121129 -28238.89
20121130 -26063.89
20121203 -26101.39
20121204 -25220.14
20121205 -25501.39
20121206 -26195.14
20121207 -27282.64
20121210 -24713.89
20121211 -25651.39
20121212 -24530.26
20121213 -23442.76
20121214 -23800.41
20121217 -25298.41
20121218 -24544.76
20121219 -24703.06
20121220 -23994.21
20121221 -25362.96
20121224 -25255.36
20121226 -25776.46
20121227 -26074.46
20121228 -25647.11
20121231 -24604.16
20130102 -26905.76
20130103 -25157.46
20130104 -25196.21
20130107 -26351.16
20130108 -25294.61
20130109 -25256.86
20130110 -26181.91
20130111 -27804.61
20130114 -27483.46
20130115 -26869.86
20130116 -27011.75
20130117 -27690.65
20130118 -28180.90
20130122 -27210.90
20130123 -27361.50
20130124 -26145.30
20130125 -27207.10
20130128 -27334.10
20130129 -26272.10
20130130 -26356.70
20130131 -26440.10
20130201 -26548.30
20130204 -26989.10
20130205 -26913.70
20130206 -26394.30
20130207 -26520.70
20130208 -25863.30
20130211 -26074.30
20130212 -26226.10
20130213 -26889.10
20130214 -26590.35
20130215 -26251.30
20130219 -25352.70
20130220 -26552.05
20130221 -26946.95
20130222 -28040.70
20130225 -28421.00
20130226 -28471.20
20130227 -27211.05
20130228 -27009.50
20130301 -26473.15
20130304 -27471.05
20130305 -25171.75
20130306 -25090.45
20130307 -26674.60
20130308 -26840.85
20130311 -26808.35
20130312 -25978.35
20130313 -24682.10
20130314 -23200.85
20130315 -21574.60
20130318 -21228.35
20130319 -20664.60
20130320 -21812.10
20130321 -22318.35
20130322 -23354.60
20130325 -23817.10
20130326 -23842.10
20130327 -23222.10
20130328 -23555.32
20130401 -24592.67
20130402 -22896.92
20130403 -23858.62
20130404 -24512.77
20130405 -25504.12
20130408 -24671.37
20130409 -24876.27
20130410 -24956.62
20130411 -25544.42
20130412 -24547.22
20130415 -24634.67
20130416 -25667.32
20130417 -25338.12
20130418 -26640.17
20130419 -27853.77
20130422 -27704.27
20130423 -25544.62
20130424 -25527.37
20130425 -25163.57
20130426 -23914.62
20130429 -23873.22
20130430 -24547.47
20130501 -24095.07
20130502 -26178.72
20130503 -26644.07
20130506 -27276.42
20130507 -27442.27
20130508 -27864.37
20130509 -27864.37
20130510 -27819.57
20130513 -27617.97
20130514 -27360.37
20130515 -27281.97
20130516 -27147.57
20130517 -27214.77
20130520 -27125.17
20130521 -27181.17
20130522 -25596.19
20130523 -26036.04
20130524 -24930.64
20130528 -24461.24
20130529 -24476.49
20130530 -23512.84
20130531 -23465.84
20130603 -25562.69
20130604 -26100.44
20130605 -25505.44
20130606 -27042.44
20130607 -26043.94
20130610 -27637.94
20130611 -27068.39
20130612 -25047.54
20130613 -25437.39
20130614 -25442.19
20130617 -25403.94
20130618 -25307.29
20130619 -25861.24
20130620 -22950.44
20130621 -23609.09
20130624 -24163.04
20130625 -24537.04
20130626 -23738.34
20130627 -24673.69
20130628 -24010.39
20130701 -24202.79
20130702 -25054.84
20130703 -23825.39
20130705 -23589.94
20130708 -24493.34
20130709 -24054.54
20130710 -23728.74
20130711 -24216.99
20130712 -22672.19
20130715 -24227.94
20130716 -25061.24
20130717 -25900.84
20130718 -28162.84
20130719 -28286.04
20130722 -28409.24
20130723 -28342.04
20130724 -28118.04
20130725 -28398.04
20130726 -28487.64
20130729 -28991.64
20130730 -29002.84
20130731 -29047.64
20130801 -28890.84
20130802 -28846.04
20130805 -28588.44
20130806 -28577.24
20130807 -28834.84
20130808 -28879.64
20130809 -29120.04
20130812 -29120.04
20130813 -28455.04
20130814 -28540.04
20130815 -28420.04
20130816 -27655.04
20130819 -27885.04
20130820 -29885.04
20130821 -31755.04
20130822 -31755.04
20130823 -31755.04
20130826 -31755.04
20130827 -31755.04
20130828 -31755.04
20130829 -31755.04
20130830 -31755.04
20130903 -31755.04
20130904 -31755.04
20130905 -31755.04
20130906 -31755.04
20130909 -31755.04
20130910 -31755.04
20130911 -31755.04
20130912 -31755.04
20130913 -31755.04
20130916 -31755.04
20130917 -32017.26
20130918 -31998.51
20130919 -32336.01
20130920 -31904.76
20130923 -32804.76
20130924 -33104.76
20130925 -32666.72
20130926 -32066.72
20130927 -31839.47
20130930 -31391.47
20131001 -31339.87
20131002 -31258.32
20131003 -31584.62
20131004 -31273.17
20131007 -31187.47
20131008 -31360.12
20131009 -31468.72
20131010 -31004.37
20131011 -31631.67
20131014 -31609.77
20131015 -31795.52
20131016 -31223.32
20131017 -30803.27
20131018 -30224.52
20131021 -29582.87
20131022 -29268.02
20131023 -28941.06
20131024 -28454.51
20131025 -27872.31
20131028 -27210.46
20131029 -27345.66
20131030 -27203.76
20131031 -26330.01
20131101 -26164.66
20131104 -25077.51
20131105 -25045.96
20131106 -25058.91
20131107 -25889.86
20131108 -25942.56
20131111 -25810.76
20131112 -27376.46
20131113 -26352.71
20131114 -25515.21
20131115 -27178.96
20131118 -27065.21
20131119 -26652.71
20131120 -27561.46
20131121 -28116.46
20131122 -26093.96
20131125 -27102.71
20131126 -27517.71
20131127 -26923.96
20131129 -28410.21
20131202 -27688.96
20131203 -27796.46
20131204 -27341.46
20131205 -26341.46
20131206 -27271.46
20131209 -27133.96
20131210 -28855.21
20131211 -29658.96
20131212 -30258.96
20131213 -31597.75
20131216 -31597.75
20131217 -31250.55
20131218 -31172.15
20131219 -31463.35
20131220 -31799.35
20131223 -31552.95
20131224 -31530.55
20131226 -31620.15
20131227 -31776.95
20131230 -31720.95
20131231 -31754.55
20140102 -31620.15
20140103 -31384.95
20140106 -31384.95
20140107 -31362.55
20140108 -31004.15
20140109 -30712.95
20140110 -30813.75
20140113 -30847.35
20140114 -30724.15
20140115 -30432.95
20140116 -30679.35
20140117 -30421.75
20140121 -30421.75
20140122 -30208.95
20140123 -30220.15
20140124 -30298.55
20140127 -29951.35
20140128 -30197.75
20140129 -29884.15
20140130 -30164.15
20140131 -29816.35
20140203 -25997.90
20140204 -26243.80
20140205 -23719.85
20140206 -26196.10
20140207 -26080.45
20140210 -26323.71
20140211 -25097.11
20140212 -24251.61
20140213 -24918.61
20140214 -24778.76
20140218 -20446.11
20140219 -14910.86
20140220 -16076.51
20140221 -15992.96
20140224 -12949.21
20140225 -13961.71
20140226 -13907.96
20140227 -12587.96
20140228 -12547.96
20140303 -7021.71
20140304 -9576.71
20140305 -3525.46
20140306 -4594.21
20140307 -4276.71
20140310 -1675.46
20140311  -786.71
20140312  -642.96
20140313  -659.21
20140314 -3235.46
20140317 -5940.46
20140318 -5434.21
20140319 -7857.96
20140320 -12334.21
20140321 -12894.21
20140324 -12265.46
20140325 -10937.96
20140326 -11900.46
20140327 -11319.21
20140328 -9135.46
20140331 -10257.96
20140401 -11976.71
20140402 -13212.96
20140403 -12765.46
20140404 -8155.46
20140407 -5914.21
20140408 -4147.96
20140409 -3566.71
20140410 -1932.96
20140411 -3751.71
20140414 -1362.96
20140415 -6489.21
20140416 -8174.21
20140417 -2570.46
20140421 -4472.96
20140422     0.00
20140423   -98.75
20140424     0.00
20140425 -2900.00
20140428 -5603.75
20140429  -657.50
20140430 -2811.25
20140501 -3493.75
20140502 -3790.00
20140505 -2806.25
20140506 -4316.25
20140507 -5500.00
20140508 -7312.50
20140509 -12007.50
20140512 -10451.25
20140513 -11313.75
20140514 -12345.00
20140515 -7620.00
20140516 -12026.25
20140519 -12607.50
20140520 -13688.75
20140521 -13688.75
20140522 -13688.75
20140523 -13593.75
20140527 -12923.75
20140528 -12873.75
20140529 -13513.75
20140530 -13573.75
20140602 -13678.75
20140603 -14118.75
20140604 -13478.75
20140605 -13188.75
20140606 -12828.75
20140609 -12713.75
20140610 -13588.75
20140611 -13193.75
20140612 -13248.75
20140613 -13928.75
20140616 -13613.75
20140617 -13213.75
20140618 -13648.75
20140619 -13618.75
20140620 -13593.75
20140623 -13893.75
20140624 -13298.75
20140625 -12683.75
20140626 -12368.75
20140627 -12478.75
20140630 -11808.75
20140701 -11753.75
20140702 -11288.75
20140703 -11083.75
20140707 -10169.95
20140708 -10305.35
20140709 -9799.15
20140710 -9093.55
20140711 -8632.15
20140714 -8856.55
20140715 -8603.95
20140716 -8392.15
20140717 -8229.15
20140718 -8330.15
20140721 -8652.35
20140722 -8627.95
20140723 -8488.95
20140724 -7574.75
20140725 -7325.55
20140728 -7366.55
20140729 -6573.15
20140730 -6079.35
20140731 -5323.95
20140801 -5400.75
20140804 -5852.15
20140805 -5389.35
20140806 -5907.15
20140807 -5439.75
20140808 -5635.55
20140811 -5842.55
20140812 -5114.75
20140813 -5756.15
20140814 -5607.95
20140815 -5459.15
20140818 -4935.35
20140819 -4860.15
20140820 -5942.75
20140821 -6322.55
20140822 -6060.55
20140825 -5731.95
20140826 -6493.95
20140827 -6633.35
20140828 -6170.95
20140829 -6087.55
20140902 -5827.15
20140903 -5928.15
20140904 -5124.35
20140905 -4408.75
20140908 -4711.55
20140909 -5014.35
20140910 -5286.15
20140911 -5581.95
20140912 -4887.35
20140915 -3684.15
20140916 -3404.75
20140917 -3839.35
20140918 -3423.55
20140919 -2768.75
20140922 -2518.35
20140923 -2739.15
20140924 -2299.55
20140925 -2416.15
20140926 -3198.75
20140929 -3257.55
20140930 -2815.55
20141001 -2751.35
20141002 -3113.80
20141003 -4648.10
20141006  -845.40
20141007 -2985.15
20141008 -3414.45
20141009     0.00
20141010  -380.75
20141013 -1837.65
20141014  -139.45
20141015 -1779.75
20141016 -1482.65
20141017 -3565.40
20141020 -7496.35
20141021 -7402.55
20141022 -10602.25
20141023 -10526.45
20141024 -11157.85
20141027 -10695.85
20141028 -11207.85
20141029 -11708.25
20141030 -11708.25
20141031 -11417.05
20141103 -11293.85
20141104 -11013.85
20141105 -10823.45
20141106 -10789.85
20141107 -11025.05
20141110 -10991.45
20141111 -11629.85
20141112 -11775.45
20141113 -10833.45
20141114 -10745.25
20141117 -10334.65
20141118 -10647.45
20141119 -10446.65
20141120 -10584.25
20141121 -10903.05
20141124 -10447.25
20141125 -10697.25
20141126 -11191.65
20141128 -10623.05
20141201 -10173.05
20141202 -9881.05
20141203 -9843.05
20141204 -10367.45
20141205 -9899.05
20141208 -9913.25
20141209 -10332.65
20141210 -10233.65
20141211 -10330.25
20141212 -10169.85
20141215 -10202.45
20141216 -9487.45
20141217 -9933.65
20141218 -10321.05
20141219 -10344.85
20141222 -10785.45
20141223 -11026.85
20141224 -10948.45
20141226 -10881.25
20141229 -10769.25
20141230 -10780.45
20141231 -10679.65
20150102 -10102.61
20150105 -12847.16
20150106 -16080.36
20150107 -16035.81
20150108 -16841.56
20150109 -18056.41
20150112 -16650.91
20150113 -16849.11
20150114 -18003.81
20150115 -17274.21
20150116 -15133.06
20150120 -13044.10
20150121 -12010.35
20150122 -11397.85
20150123 -12105.35
20150126 -12540.35
20150127 -15001.60
20150128 -15144.10
20150129 -12321.60
20150130 -12929.10
20150202 -13400.35
20150203 -13382.85
20150204 -14939.10
20150205 -14882.85
20150206 -15670.35
20150209 -15951.60
20150210 -12876.60
20150211 -12895.35
20150212 -14826.60
20150213 -14470.35
20150217 -11601.60
20150218 -10746.43
20150219 -9448.93
20150220 -9557.68
20150223 -8043.93
20150224 -7932.68
20150225 -5363.07
20150226 -4669.57
20150227 -4544.42
20150302 -3632.57
20150303  -804.77
20150304 -3621.57
20150305 -2981.07
20150306 -4929.82
20150309 -4011.92
20150310 -3425.67
20150311 -2322.57
20150312 -2569.72
20150313 -1098.52
20150316 -4416.27
20150317 -4364.17
20150318 -4975.87
20150319 -6390.17
20150320 -6157.37
20150323 -5662.07
20150324 -3631.02
20150325 -4703.17
20150326 -4614.07
20150327 -3610.12
20150330 -1259.57
20150331 -1398.62
20150401 -2566.67
20150402 -5305.82
20150406 -7069.32
20150407 -5643.17
20150408 -3368.42
20150409 -4089.27
20150410 -3821.62
20150413 -3369.47
20150414 -3959.82
20150415 -4059.52
20150416 -6307.37
20150417 -6702.07
20150420 -5979.82
20150421 -6524.97
20150422 -7161.22
20150423 -6847.77
20150424 -7270.72
20150427 -5571.02
20150428 -5954.32
20150429 -6044.67
20150430 -5357.02
20150501 -4470.87
20150504 -3505.37
20150505 -4015.42
20150506 -3207.32
20150507 -4129.37
20150508 -5435.82
20150511 -5775.52
20150512 -6520.17
20150513 -6107.67
20150514 -6515.17
20150515 -6641.42
20150518 -9438.92
20150519 -8486.42
20150520 -7212.67
20150521 -4381.42
20150522 -3818.92
20150526 -2731.42
20150527 -2900.17
20150528 -3143.92
20150529 -3518.92
20150601 -4887.67
20150602 -5975.17
20150603 -6575.17
20150604 -7100.17
20150605 -6875.17
20150608 -7418.92
20150609 -7718.92
20150610 -7381.42
20150611 -5712.67
20150612 -5693.92
20150615 -4025.71
20150616 -4495.21
20150617 -3565.01
20150618 -4409.26
20150619 -3569.91
20150622 -4873.11
20150623 -3632.71
20150624 -5937.71
20150625 -5769.71
20150626 -5240.56
20150629 -4981.21
20150630 -5429.21
20150701 -3370.61
20150702 -3363.81
20150706 -2721.66
20150707 -2384.91
20150708 -2456.26
20150709 -2109.56
20150710 -3055.76
20150713 -4180.01
20150714 -5469.61
20150715 -4424.26
20150716 -3873.96
20150717 -3358.01
20150720 -2419.36
20150721 -1834.46
20150722 -1452.16
20150723  -285.26
20150724  -245.36
20150727     0.00
20150728     0.00
20150729 -1037.30
20150730 -1855.75
20150731 -1841.40
20150803 -1073.90
20150804 -1564.55
20150805 -1659.55
20150806  -741.80
20150807 -1793.25
20150810 -3664.95
20150811 -3650.95
20150812 -4996.35
20150813 -5205.35
20150814 -5418.15
20150817 -5362.15
20150818 -5474.15
20150819 -5317.35
20150820 -5350.95
20150821 -5149.35
20150824 -4605.85
20150825 -4409.80
20150826 -4950.15
20150827 -6425.00
20150828 -6136.70
20150831 -5916.85
20150901 -4626.75
20150902 -3730.40
20150903 -4863.60
20150904 -4635.20
20150908 -5104.95
20150909 -5545.65
20150910 -3671.15
20150911 -4158.20
20150914 -5526.95
20150915 -4964.45
20150916 -4739.45
20150917 -4908.20
20150918 -4508.20
20150921 -4215.70
20150922 -3145.70
20150923 -3411.95
20150924 -4369.45
20150925 -6184.45
20150928 -4908.20
20150929 -5670.70
20150930 -5578.20
20151001 -5433.20
20151002 -6419.62
20151005 -8505.17
20151006 -8621.37
20151007 -8214.37
20151008 -8015.77
20151009 -7591.17
20151012 -7743.17
20151013 -9272.37
20151014 -8981.17
20151015 -8936.37
20151016 -8779.57
20151019 -8790.77
20151020 -9014.77
20151021 -8880.37
20151022 -8409.97
20151023 -8768.37
20151026 -8365.17
20151027 -8611.57
20151028 -8353.97
20151029 -8454.77
20151030 -8499.57
20151102 -7838.77
20151103 -7413.17
20151104 -8365.17
20151105 -8230.77
20151106 -8566.77
20151109 -9093.17
20151110 -8286.77
20151111 -8309.17
20151112 -7995.57
20151113 -7917.17
20151116 -7760.37
20151117 -8208.37
20151118 -8555.57
20151119 -8017.97
20151120 -7625.97
20151123 -7502.77
20151124 -7961.97
20151125 -8062.77
20151127 -7995.57
20151130 -8040.37
20151201 -7469.17
20151202 -7581.17
20151203 -7312.37
20151204 -7424.37
20151207 -7625.97
20151208 -7961.97
20151209 -7861.17
20151210 -8465.97
20151211 -8432.37
20151214 -8510.77
20151215 -8421.17
20151216 -8421.17
20151217 -8297.97
20151218 -7849.97
20151221 -7995.57
20151222 -7917.17
20151223 -7793.97
20151224 -7894.77
20151228 -8230.77
20151229 -8208.37
20151230 -7793.97
20151231 -7693.17
20160104 -7995.57
20160105 -8443.57
20160106 -8611.57
20160107 -8241.97
20160108 -8566.77
20160111 -9094.62
20160112 -9057.12
20160113 -9225.87
20160114 -9638.37
20160115 -9263.37
20160119 -9544.62
20160120 -8025.87
20160121 -9075.87
20160122 -9675.87
20160125 -9844.62
20160126 -9938.37
20160127 -10393.22
20160128 -10629.87
20160129 -9341.67
20160201 -9849.47
20160202 -11071.17
20160203 -11416.67
20160204 -10705.42
20160205 -11001.02
20160208 -11017.62
20160209 -10470.42
20160210 -10579.22
20160211 -10002.02
20160212 -10201.62
20160216 -10960.02
20160217 -10797.82
20160218 -10447.22
20160219 -10076.02
20160222 -9751.82
20160223 -10683.62
20160224 -10366.22
20160225 -10899.62
20160226 -10560.62
20160229 -10448.82
20160301 -10287.42
20160302 -10381.82
20160303 -10621.82
20160304 -10971.82
20160307 -11106.82
20160308 -10846.82
20160309 -10711.82
20160310 -10831.82
20160311 -10991.82
20160314 -11561.82
20160315 -11536.82
20160316 -11631.77
20160317 -10339.27
20160318 -9083.02
20160321 -10519.48
20160322 -9132.18
20160323 -10327.83
20160324 -12264.88
20160328 -11851.48
20160329 -12143.58
20160330 -12446.13
20160331 -13244.78
20160401 -13890.18
20160404 -16043.73
20160405 -16438.73
20160406 -16480.93
20160407 -16620.93
20160408 -17130.93
20160411 -17130.93
20160412 -17130.93
20160413 -17130.93
20160414 -17130.93
20160415 -17130.93
20160418 -17130.93
20160419 -17130.93
20160420 -17154.70
20160421 -17194.70
20160422 -17354.70
20160425 -17179.70
20160426 -17284.70
20160427 -17124.70
20160428 -17354.70
20160429 -17314.70
20160502 -17014.70
20160503 -17669.70
20160504 -17809.70
20160505 -18304.70
20160506 -18284.70
20160509 -18534.70
20160510 -18749.70
20160511 -18899.70
20160512 -18834.70
20160513 -18889.70
20160516 -18704.70
20160517 -18099.70
20160518 -18174.70
20160519 -18664.70
20160520 -18364.70
20160523 -18474.70
20160524 -17694.70
20160525 -17749.70
20160526 -17034.70
20160527 -17059.70
20160531 -17229.70
20160601 -17614.70
20160602 -17475.58
20160603 -16200.18
20160606 -15351.58
20160607 -14955.18
20160608 -12675.73
20160609 -15077.63
20160610 -14102.43
20160613 -14592.88
20160614 -16035.63
20160615 -14566.48
20160616 -13494.83
20160617 -12385.23
20160620 -13009.88
20160621 -14445.13
20160622 -15067.88
20160623 -13400.48
20160624 -16090.33
20160627 -15985.23
20160628 -13202.98
20160629 -10565.83
20160630 -11717.43
20160701 -10522.18
20160705 -10630.13
20160706 -11764.88
20160707 -13343.18
20160708 -12329.88
20160711 -8599.68
20160712 -8439.38
20160713 -7429.43
20160714 -4900.33
20160715 -7092.33
20160718 -6477.63
20160719 -7916.33
20160720 -8297.18
20160721 -7729.83
20160722 -9697.48
20160725 -9856.48
20160726 -9253.38
20160727 -10073.78
20160728 -10308.53
20160729 -8009.78
20160801 -9139.83
20160802 -9896.03
20160803 -10070.98
20160804 -7924.28
20160805 -6591.28
20160808 -7237.28
20160809 -8916.48
20160810 -11480.23
20160811 -11765.03
20160812 -12546.83
20160815 -13064.43
20160816 -13595.83
20160817 -14531.88
20160818 -14240.68
20160819 -14475.88
20160822 -13747.88
20160823 -13400.68
20160824 -13971.88
20160825 -13602.28
20160826 -13535.08
20160829 -13467.88
20160830 -13635.88
20160831 -14151.08
20160901 -14677.48
20160902 -14016.68
20160906 -13971.88
20160907 -13893.48
20160908 -13971.88
20160909 -14229.48
20160912 -13949.48
20160913 -13736.68
20160914 -14072.68
20160915 -13680.68
20160916 -12224.68
20160919 -11866.28
20160920 -12190.46
20160921 -12205.81
20160922 -12726.91
20160923 -14137.06
20160926 -12860.41
20160927 -12445.76
20160928 -12289.96
20160929 -13877.81
20160930 -13744.81
20161003 -15720.66
20161004 -15059.86
20161005 -14443.86
20161006 -15227.86
20161007 -14880.66
20161010 -15205.46
20161011 -15026.26
20161012 -15183.06
20161013 -15440.66
20161014 -15451.86
20161017 -15171.86
20161018 -15328.66
20161019 -15407.06
20161020 -15776.66
20161021 -15675.86
20161024 -15127.06
20161025 -14079.46
20161026 -14670.66
20161027 -14347.76
20161028 -14566.86
20161031 -15733.91
20161101 -16998.01
20161102 -16454.26
20161103 -15423.01
20161104 -13285.51
20161107 -12160.51
20161108 -14729.26
20161109 -13754.26
20161110 -16848.01
20161111 -17804.26
20161114 -16923.01
20161115 -16979.26
20161116 -17316.76
20161117 -17860.51
20161118 -18179.26
20161121 -17729.26
20161122 -18273.01
20161123 -19829.26
20161125 -20179.26
20161128 -20179.26
20161129 -20179.26
20161130 -20179.26
20161201 -20179.26
20161202 -20178.67
20161205 -19977.07
20161206 -20615.47
20161207 -21011.74
20161208 -20697.64
20161209 -19693.69
20161212 -20698.64
20161213 -20289.39
20161214 -20138.49
20161215 -20000.84
20161216 -19713.79
20161219 -20399.99
20161220 -20272.39
20161221 -20478.89
20161222 -18390.34
20161223 -17272.89
20161227 -16978.44
20161228 -17219.94
20161229 -18511.19
20161230 -19133.59
20170103 -20384.84
20170104 -21887.99
20170105 -23110.44
20170106 -22667.94
20170109 -23674.19
20170110 -24886.69
20170111 -25399.19
20170112 -26024.19
20170113 -25946.69
20170117 -26251.69
20170118 -25914.19
20170119 -26280.44
20170120 -27024.19
20170123 -26447.94
20170124 -26977.94
20170125 -26822.94
20170126 -26667.94
20170127 -26337.94
20170130 -26692.94
20170131 -26292.94
20170201 -25542.94
20170202 -25307.94
20170203 -25557.94
20170206 -25947.94
20170207 -26217.94
20170208 -26137.94
20170209 -25972.94
20170210 -25852.94
20170213 -25457.94
20170214 -25602.94
20170215 -25937.94
20170216 -26192.94
20170217 -26817.94
20170221 -26747.94
20170222 -26832.94
20170223 -26527.94
20170224 -26292.94
20170227 -26517.94
20170228 -26407.94
20170301 -25647.94
20170302 -26187.94
20170303 -25582.94
20170306 -25022.94
20170307 -25562.94
20170308 -25532.94
20170309 -25598.79
20170310 -26110.19
20170313 -26275.39
20170314 -26112.99
20170315 -25726.39
20170316 -25703.79
20170317 -25519.19
20170320 -25507.79
20170321 -25293.59
20170322 -25054.79
20170323 -25425.79
20170324 -25448.99
20170327 -25702.79
20170328 -25575.99
20170329 -25453.19
20170330 -25060.99
20170331 -24454.99
20170403 -25138.59
20170404 -24712.99
20170405 -24645.79
20170406 -25037.79
20170407 -25396.19
20170410 -25239.39
20170411 -25340.19
20170412 -25317.79
20170413 -25205.79
20170417 -25060.19
20170418 -25317.79
20170419 -25004.19
20170420 -24363.83
20170421 -23950.83
20170424 -23363.03
20170425 -23505.73
20170426 -22073.03
20170427 -21466.23
20170428 -23712.73
20170501 -24687.48
20170502 -24501.48
20170503 -24828.28
20170504 -23442.78
20170505 -23656.83
20170508 -24185.23
20170509 -23596.18
20170510 -24606.68
20170511 -23471.48
20170512 -22635.42
20170515 -20614.92
20170516 -22167.32
20170517 -24318.97
20170518 -22700.32
20170519 -23906.07
20170522 -24019.17
20170523 -23336.12
20170524 -22474.62
20170525 -22744.67
20170526 -22773.97
20170530 -23077.87
20170531 -21878.62
20170601 -20543.07
20170602 -19188.02
20170605 -20443.52
20170606 -19456.82
20170607 -19711.02
20170608 -20160.02
20170609 -20156.62
20170612 -20232.87
20170613 -19476.76
20170614 -18458.86
20170615 -17663.36
20170616 -16787.26
20170619 -16893.41
20170620 -16276.41
20170621 -14304.16
20170622 -11261.51
20170623 -13962.21
20170626 -14271.31
20170627 -14856.11
20170628 -14343.01
20170629 -15698.06
20170630 -16476.51
20170703 -16779.71
20170705 -17523.21
20170706 -17754.71
20170707 -18057.31
20170710 -16634.01
20170711 -16052.11
20170712 -16170.61
20170713 -17798.61
20170714 -19020.31
20170717 -19668.86
20170718 -19910.06
20170719 -20303.06
20170720 -20637.26
20170721 -20346.06
20170724 -20281.06
20170725 -19991.06
20170726 -20145.66
20170727 -20614.66
20170728 -20502.46
20170731 -21137.26
20170801 -21535.46
20170802 -22050.46
20170803 -21960.46
20170804 -22190.46
20170807 -22155.46
20170808 -22445.46
20170809 -22435.46
20170810 -20935.46
20170811 -21005.46
20170814 -20755.46
20170815 -20460.46
20170816 -20290.46
20170817 -20335.46
20170818 -20520.46
20170821 -20660.46
20170822 -20785.46
20170823 -21325.46
20170824 -21795.46
20170825 -20955.46
20170828 -21795.46
20170829 -21870.46
20170830 -22270.46
20170831 -22270.46
20170901 -22270.46
20170905 -22270.46
20170906 -22270.46
20170907 -22270.46
20170908 -22270.46
20170911 -22270.46
20170912 -22270.46
20170913 -22270.46
20170914 -22270.46
20170915 -22270.46
20170918 -22270.46
20170919 -22270.46
20170920 -22270.46
20170921 -22270.46
20170922 -22270.46
20170925 -22270.46
20170926 -22270.46
20170927 -22270.46
20170928 -22270.46
20170929 -22270.46
20171002 -22270.46
20171003 -22270.46
20171004 -22270.46
20171005 -22270.46
20171006 -22270.46
20171009 -22270.46
20171010 -22270.46
20171011 -22270.46
20171012 -22270.46
20171013 -22270.46
20171016 -22270.46
20171017 -22270.46
20171018 -22270.46
20171019 -22270.46
20171020 -22270.46
20171023 -22270.46
20171024 -22270.46
20171025 -22270.46
20171026 -22270.46
20171027 -22270.46
20171030 -22270.46
20171031 -22270.46
20171101 -22270.46
20171102 -22270.46
20171103 -22270.46
20171106 -22270.46
20171107 -22270.46
20171108 -22270.46
20171109 -22270.46
20171110 -22270.46
20171113 -22270.46
20171114 -22270.46
20171115 -22270.46
20171116 -22270.46
20171117 -22328.86
20171120 -22765.66
20171121 -22877.66
20171122 -22429.66
20171124 -22239.26
20171127 -22306.46
20171128 -22698.46
20171129 -22342.49
20171130 -22641.29
20171201 -22518.29
20171204 -22778.69
20171205 -22992.89
20171206 -23318.69
20171207 -22467.10
20171208 -22609.60
20171211 -21994.60
20171212 -21507.07
20171213 -21605.42
20171214 -20990.82
20171215 -20741.37
20171218 -21644.62
20171219 -22401.37
20171220 -22793.17
20171221 -21340.67
20171222 -20681.92
20171226 -21576.92
20171227 -21679.42
20171228 -21866.92
20171229 -22476.92
20180102 -24291.92
20180103 -23986.92
20180104 -23416.92
20180105 -24036.92
20180108 -23971.92
20180109 -23866.92
20180110 -23216.92
20180111 -21716.92
20180112 -22201.92
20180116 -22331.95
20180117 -21786.55
20180118 -21160.75
20180119 -20956.15
20180122 -20871.55
20180123 -21468.95
20180124 -21430.35
20180125 -21714.95
20180126 -22549.35
20180129 -23956.55
20180130 -24677.55
20180131 -24003.75
20180201 -23625.55
20180202 -24441.75
20180205 -25109.15
20180206 -25231.95
20180207 -25526.15
20180208 -24725.75
20180209 -24796.55
20180212 -24978.75
20180213 -24733.75
20180214 -25034.15
20180215 -25380.55
20180216 -24916.75
20180220 -23942.11
20180221 -22949.51
20180222 -24506.71
20180223 -23474.81
20180226 -23373.71
20180227 -22396.51
20180228 -22965.21
20180301 -24626.06
20180302 -23505.01
20180305 -21679.31
20180306 -23012.36
20180307 -21870.66
20180308 -20683.91
20180309 -20871.66
20180312 -21329.96
20180313 -21920.26
20180314 -21659.56
20180315 -20729.66
20180316 -20706.36
20180319 -22272.66
20180320 -20828.06
20180321 -21158.76
20180322 -21547.01
20180323 -20808.01
20180326 -21021.26
20180327 -21335.66
20180328 -21156.06
20180329 -21102.86
20180402 -20882.01
20180403 -20376.01
20180404 -21159.51
20180405 -21492.86
20180406 -21444.16
20180409 -21916.56
20180410 -21265.21
20180411 -21449.31
20180412 -21344.36
20180413 -21190.46
20180416 -19972.21
20180417 -19340.11
20180418 -19928.41
20180419 -19602.11
20180420 -20022.66
20180423 -20009.81
20180424 -20549.91
20180425 -19639.96
20180426 -20249.91
20180427 -21437.96
20180430 -21845.56
20180501 -21940.86
20180502 -22008.06
20180503 -21940.86
20180504 -21524.36
20180507 -21766.56
20180508 -22340.36
20180509 -21797.96
20180510 -22425.56
20180511 -22339.56
20180514 -22844.36
20180515 -23105.56
20180516 -22911.36
20180517 -22515.36
20180518 -21867.36
20180521 -21425.16
20180522 -22016.16
20180523 -22435.16
20180524 -22218.76
20180525 -21433.36
20180529 -19433.36
20180530 -19988.96
20180531 -19658.96
20180601 -19583.96
20180604 -20183.96
20180605 -21313.96
20180606 -20758.96
20180607 -19373.96
20180608 -18763.96
20180611 -18858.96
20180612 -18628.96
20180613 -19328.96
20180614 -19547.71
20180615 -20952.71
20180618 -21673.96
20180619 -23061.46
20180620 -23155.21
20180621 -23005.21
20180622 -23267.71
20180625 -23361.46
20180626 -23548.96
20180627 -23455.21
20180628 -22817.71
20180629 -22573.96
20180702 -21280.21
20180703 -21326.02
20180705 -20395.57
20180706 -22285.42
20180709 -22518.47
20180710 -22435.92
20180711 -21270.27
20180712 -20847.57
20180713 -20094.42
20180716 -20446.02
20180717 -20041.07
20180718 -19572.57
20180719 -19693.12
20180720 -20554.87
20180723 -20885.07
20180724 -20745.77
20180725 -20764.52
20180726 -20041.57
20180727 -20211.07
20180730 -20500.12
20180731 -19635.22
20180801 -18863.07
20180802 -18480.02
20180803 -19164.97
20180806 -19685.57
20180807 -19686.07
20180808 -19157.67
20180809 -19116.27
20180810 -18536.52
20180813 -17986.47
20180814 -17731.27
20180815 -16670.57
20180816 -16505.22
20180817 -16127.07
20180820 -14620.02
20180821 -15028.37
20180822 -14702.07
20180823 -14859.87
20180824 -16183.07
20180827 -16890.42
20180828 -15653.92
20180829 -15664.87
20180830 -15795.12
20180831 -15509.97
20180904 -15423.52
20180905 -16584.77
20180906 -15883.97
20180907 -16212.92
20180910 -15975.72
20180911 -15653.32
20180912 -16624.47
20180913 -16080.72
20180914 -15724.47
20180917 -14824.47
20180918 -14265.76
20180919 -14684.51
20180920 -15703.26
20180921 -16089.51
20180924 -15289.51
20180925 -14969.51
20180926 -14993.26
20180927 -15159.51
20180928 -15665.76
20181001 -15542.01
20181002 -17525.76
20181003 -18404.51
20181004 -18174.51
20181005 -18224.51
20181008 -18949.51
20181009 -18679.51
20181010 -18574.51
20181011 -18579.51
20181012 -19485.73
20181015 -19257.53
20181016 -19264.13
20181017 -18350.93
20181018 -18446.63
20181019 -18340.48
20181022 -21137.63
20181023 -19340.08
20181024 -18474.83
20181025 -18487.13
20181026 -19620.23
20181029 -21346.03
20181030 -22106.38
20181031 -22119.48
20181101 -21291.98
20181102 -20048.23
20181105 -21519.28
20181106 -22455.83
20181107 -22283.58
20181108 -22105.23
20181109 -22818.43
20181112 -23040.73
20181113 -23762.83
20181114 -23983.03
20181115 -23948.03
20181116 -23908.23
20181119 -23665.03
20181120 -23735.83
20181121 -24164.43
20181123 -23619.63
20181126 -24288.43
20181127 -24095.23
20181128 -24035.23
20181129 -23901.63
20181130 -24050.23
20181203 -25141.83
20181204 -25321.03
20181205 -25354.63
20181206 -25444.23
20181207 -25186.63
20181210 -25354.63
20181211 -25231.43
20181212 -25332.23
20181213 -25718.23
20181214 -25718.23
20181217 -25718.23
20181218 -25718.23
20181219 -25718.23
20181220 -25278.17
20181221 -24338.17
20181224 -24023.17
20181226 -24498.17
20181227 -23778.17
20181228 -23843.17
20181231 -23848.17
20190102 -23168.17
20190103 -23163.17
20190104 -24008.17
20190107 -24123.17
20190108 -23583.17
20190109 -24313.17
20190110 -24173.17
20190111 -23993.17
20190114 -24243.17
20190115 -23928.17
20190116 -24383.17
20190117 -24933.17
20190118 -24693.17
20190122 -24313.17
20190123 -24508.17
20190124 -24318.17
20190125 -24813.17
20190128 -24673.17
20190129 -24823.17
20190130 -24928.17
20190131 -24948.17
20190201 -24568.17
20190204 -24128.17
20190205 -24448.17
20190206 -24578.17
20190207 -24153.17
20190208 -24023.17
20190211 -23023.17
20190212 -22638.17
20190213 -22678.17
20190214 -22813.17
20190215 -22888.17
20190219 -23053.17
20190220 -23038.17
20190221 -23963.17
20190222 -23463.17
20190225 -23508.17
20190226 -22968.17
20190227 -23138.17
20190228 -23368.17
20190301 -23883.17
20190304 -23523.17
20190305 -24263.17
20190306 -24063.17
20190307 -23513.17
20190308 -23703.17
20190311 -23558.17
20190312 -24717.82
20190313 -25771.57
20190314 -24874.07
20190315 -25717.82
20190318 -25571.57
20190319 -25496.57
20190320 -24784.07
20190321 -24802.82
20190322 -24465.32
20190325 -24596.57
20190326 -25009.07
20190327 -24446.57
20190328 -24502.82
20190329 -24690.32
20190401 -23790.32
20190402 -23621.57
20190403 -25009.07
20190404 -24990.32
20190405 -24202.82
20190408 -24109.07
20190409 -24371.57
20190410 -24596.57
20190411 -23077.82
20190412 -23171.57
20190415 -23527.82
20190416 -23171.57
20190417 -21934.07
20190418 -23152.82
20190422 -23134.07
20190423 -23284.07
20190424 -22946.57
20190425 -23321.57
20190426 -23602.82
20190429 -23059.07
20190430 -23246.57
20190501 -22377.02
20190502 -22568.17
20190503 -21965.52
20190506 -21651.17
20190507 -20923.32
20190508 -20896.60
20190509 -20864.70
20190510 -19888.75
20190513 -18073.15
20190514 -19346.40
20190515 -19171.85
20190516 -19449.70
20190517 -17793.35
20190520 -19169.25
20190521 -20212.05
20190522 -19283.00
20190523 -20248.25
20190524 -20729.05
20190528 -22401.10
20190529 -22868.00
20190530 -22884.80
20190531 -22635.60
20190603 -23406.40
20190604 -23439.00
20190605 -23088.80
20190606 -23349.80
20190607 -21838.60
20190610 -21926.60
20190611 -21963.40
20190612 -22423.40
20190613 -22553.40
20190614 -22108.40
20190617 -22443.40
20190618 -22643.40
20190619 -22813.40
20190620 -22213.40
20190621 -22013.40
20190624 -22078.40
20190625 -22093.40
20190626 -22428.40
20190627 -22278.40
20190628 -21992.15
20190701 -21529.65
20190702 -22522.15
20190703 -21002.15
20190705 -21743.40
20190708 -22915.90
20190709 -21342.15
20190710 -22193.40
20190711 -21429.65
20190712 -21342.15
20190715 -20627.15
20190716 -21944.65
20190717 -20965.90
20190718 -20058.70
20190719 -21271.00
20190722 -22207.40
20190723 -23912.80
20190724 -24784.90
20190725 -24783.95
20190726 -25256.35
20190729 -25147.35
20190730 -24811.95
20190731 -25119.15
20190801 -24283.35
20190802 -22696.35
20190805 -22002.35
20190806 -22021.55
20190807 -21639.75
20190808 -22115.55
20190809 -22257.15
20190812 -21541.15
20190813 -22355.35
20190814 -22312.15
20190815 -22359.55
20190816 -22625.75
20190819 -21990.35
20190820 -21906.75
20190821 -22250.75
20190822 -21963.55
20190823 -21475.35
20190826 -21235.55
20190827 -21072.75
20190828 -21623.35
20190829 -21579.15
20190830 -21415.75
20190903 -20986.75
20190904 -20960.15
20190905 -21370.35
20190906 -21156.35
20190909 -21244.35
20190910 -21379.55
20190911 -21316.15
20190912 -22680.15
20190913 -23420.75
20190916 -23644.75
20190917 -23476.75
20190918 -23543.95
20190919 -23532.75
20190920 -23644.75
20190923 -23801.55
20190924 -24025.55
20190925 -24305.55
20190926 -24260.75
20190927 -24260.75
20190930 -24557.15
20191001 -24557.15
20191002 -24557.15
20191003 -24557.15
20191004 -24557.15
20191007 -24557.15
20191008 -24557.15
20191009 -24557.15
20191010 -24557.15
20191011 -24557.15
20191014 -24557.15
20191015 -24557.15
20191016 -24557.15
20191017 -24557.15
20191018 -24557.15
20191021 -24557.15
20191022 -24557.15
20191023 -24557.15
20191024 -24557.15
20191025 -24557.15
20191028 -24557.15
20191029 -24557.15
20191030 -24671.88
20191031 -25301.88
20191101 -25406.88
20191104 -25691.88
20191105 -25616.88
20191106 -25712.06
20191107 -24969.56
20191108 -24653.31
20191111 -26143.31
20191112 -26124.56
20191113 -25540.81
20191114 -25384.56
20191115 -25773.31
20191118 -26302.06
20191119 -27755.81
20191120 -26490.81
20191121 -24638.31
20191122 -24443.31
20191125 -22749.56
20191126 -23443.31
20191127 -22913.31
20191129 -22983.50
20191202 -22370.05
20191203 -21946.85
20191204 -22354.10
20191205 -21076.70
20191206 -20238.45
20191209 -18974.45
20191210 -16772.35
20191211 -16129.65
20191212 -14603.90
20191213 -17192.55
20191216 -14324.00
20191217 -16580.15
20191218 -16438.45
20191219 -18134.05
20191220 -16642.75
20191223 -18443.55
20191224 -16950.65
20191226 -17659.75
20191227 -15487.75
20191230 -15310.20
20191231 -16607.15
20200102 -17796.95
20200103 -17911.60
20200106 -18596.20
20200107 -18764.25
20200108 -20052.40
20200109 -20093.60
20200110 -18780.40
20200113 -20219.60
20200114 -19984.15
20200115 -20515.15
20200116 -20922.20
20200117 -20384.80
20200121 -21277.80
20200122 -20209.60
20200123 -20860.40
20200124 -21377.00
20200127 -21523.60
20200128 -20729.00
20200129 -20935.00
20200130 -21328.00
20200131 -22080.60
20200203 -21977.00
20200204 -22178.60
20200205 -22156.20
20200206 -22145.00
20200207 -21943.40
20200210 -21809.00
20200211 -21394.60
20200212 -20980.20
20200213 -21674.60
20200214 -21786.60
20200218 -21540.20
20200219 -21204.20
20200220 -21405.80
20200221 -21204.20
20200224 -21641.00
20200225 -21629.80
20200226 -21853.80
20200227 -21214.68
20200228 -20776.88
20200302 -22091.48
20200303 -21842.48
20200304 -22272.28
20200305 -22574.48
20200306 -22294.48
20200309 -21504.48
20200310 -21604.48
20200311 -21674.48
20200312 -20649.73
20200313 -21134.33
20200316 -19606.13
20200317 -18942.13
20200318 -18055.73
20200319 -17111.13
20200320 -16844.53
20200323 -16225.13
20200324 -16852.73
20200325 -17284.53
20200326 -16864.93
20200327 -15882.33
20200330 -15152.93
20200331 -15020.73
20200401 -13235.13
20200402 -14305.13
20200403 -14822.53
20200406 -16014.33
20200407 -15860.93
20200408 -16319.73
20200409 -16651.93
20200413 -15555.73
20200414 -15296.33
20200415 -15229.53
20200416 -15339.53
20200417 -15494.73
20200420 -15727.53
20200421 -15025.33
20200422 -16529.93
20200423 -16644.93
20200424 -16050.93
20200427 -15259.33
20200428 -15801.13
20200429 -16919.13
20200430 -17528.13
20200501 -17455.13
20200504 -16061.73
20200505 -16112.33
20200506 -16006.13
20200507 -16513.33
20200508 -16908.53
20200511 -16898.13
20200512 -17898.73
20200513 -17469.93
20200514 -17888.93
20200515 -17999.33
20200518 -18244.73
20200519 -19000.73
20200520 -18886.53
20200521 -18576.33
20200522 -18295.33
20200526 -18739.73
20200527 -18514.73
20200528 -18129.73
20200529 -17759.29
20200601 -19360.09
20200602 -19568.99
20200603 -20354.49
20200604 -20115.44
20200605 -20396.69
20200608 -20396.69
20200609 -19984.19
20200610 -19590.44
20200611 -19271.69
20200612 -19009.19
20200615 -18596.69
20200616 -18484.19
20200617 -19440.44
20200618 -18915.44
20200619 -18596.69
20200622 -19384.19
20200623 -19459.19
20200624 -19309.19
20200625 -18559.19
20200626 -18877.94
20200629 -20171.69
20200630 -20509.19
20200701 -21634.19
20200702 -21301.72
20200706 -19312.97
20200707 -20179.22
20200708 -19496.72
20200709 -19162.97
20200710 -18446.72
20200713 -19395.47
20200714 -19492.97
20200715 -19461.72
20200716 -19687.97
20200717 -21469.22
20200720 -20042.97
20200721 -20757.97
20200722 -22887.97
20200723 -23197.97
20200724 -24107.97
20200727 -23577.97
20200728 -23602.97
20200729 -23352.97
20200730 -22567.97
20200731 -22827.97
20200803 -22222.97
20200804 -22071.84
20200805 -21659.34
20200806 -23170.59
20200807 -24996.84
20200810 -25845.59
20200811 -26138.09
20200812 -26539.34
20200813 -24700.59
20200814 -25539.66
20200817 -24994.46
20200818 -24009.86
20200819 -23835.36
20200820 -23867.96
20200821 -23870.81
20200824 -23103.96
20200825 -22117.96
20200826 -22638.31
20200827 -22436.76
20200828 -21272.16
20200831 -20152.46
20200901 -19218.41
20200902 -19655.11
20200903 -20575.41
20200904 -19170.41
20200908 -20367.91
20200909 -21496.66
20200910 -20122.91
20200911 -19841.66
20200914 -22461.66
20200915 -23020.41
20200916 -23786.66
20200917 -24740.41
20200918 -26522.91
20200921 -27401.66
20200922 -27251.66
20200923 -27396.66
20200924 -27291.66
20200925 -27046.66
20200928 -27176.66
20200929 -27376.66
20200930 -27126.66
20201001 -27066.66
20201002 -27111.66
20201005 -27006.66
20201006 -26534.53
20201007 -25878.33
20201008 -25894.73
20201009 -25752.53
20201012 -25824.33
20201013 -25403.93
20201014 -25141.13
20201015 -25018.53
20201016 -24388.53
20201019 -23443.73
20201020 -23715.33
20201021 -23750.13
20201022 -22986.53
20201023 -23378.73
20201026 -22912.73
20201027 -22885.53
20201028 -23748.33
20201029 -24472.13
20201030 -24966.93
20201102 -24378.73
20201103 -23903.73
20201104 -23987.13
20201105 -24257.53
20201106 -24500.93
20201109 -23844.53
20201110 -24143.53
20201111 -24641.33
20201112 -24559.73
20201113 -24524.93
20201116 -23363.73
20201117 -23682.93
20201118 -23261.13
20201119 -23531.53
20201120 -22964.93
20201123 -22612.13
20201124 -23145.33
20201125 -23757.73
20201127 -23261.73
20201130 -24153.93
20201201 -24133.93
20201202 -24328.13
20201203 -24449.93
20201204 -24522.33
20201207 -24106.13
20201208 -24373.33
20201209 -23188.73
20201210 -22930.93
20201211 -23278.53
20201214 -23330.73
20201215 -22769.93
20201216 -22426.33
20201217 -21443.53
20201218 -21727.33
20201221 -22826.53
20201222 -22785.33
20201223 -21800.53
20201224 -21692.13
20201228 -21527.53
20201229 -21130.33
20201230 -20381.53
20201231 -20071.33
20210104 -19343.93
20210105 -18250.73
20210106 -18250.13
20210107 -19128.13
20210108 -19123.13
20210111 -18714.73
20210112 -18314.93
20210113 -18279.33
20210114 -17234.73
20210115 -18370.13
20210119 -18912.13
20210120 -19232.98
20210121 -18520.63
20210122 -20127.23
20210125 -20187.83
20210126 -20029.08
20210127 -20021.88
20210128 -21274.58
20210129 -21044.53
20210201 -20091.13
20210202 -20335.58
20210203 -20259.33
20210204 -18565.63
20210205 -18752.48
20210208 -18300.48
20210209 -17216.33
20210210 -18737.68
20210211 -18084.38
20210212 -17844.78
20210216 -15801.53
20210217 -14928.93
20210218 -13415.43
20210219 -13045.68
20210222 -9289.68
20210223 -8385.03
20210224 -8089.58
20210225 -9409.18
20210226 -11232.23
20210301 -10768.53
20210302 -11543.38
20210303 -13531.93
20210304 -14296.28
20210305 -15066.98
20210308 -14898.48
20210309 -16765.73
20210310 -16079.78
20210311 -13504.28
20210312 -13913.13
20210315 -14681.83
20210316 -13480.23
20210317 -14388.68
20210318 -16380.68
20210319 -17267.53
20210322 -18223.88
20210323 -19356.48
20210324 -19881.48
20210325 -19881.48
20210326 -19881.48
20210329 -19881.48
20210330 -19881.48
20210331 -19881.48
20210401 -19881.48
20210405 -19881.48
20210406 -19881.48
20210407 -19881.48
20210408 -19881.48
20210409 -19881.48
20210412 -19881.48
20210413 -19881.48
20210414 -19881.48
20210415 -19881.48
20210416 -19881.48
20210419 -19881.48
20210420 -19881.48
20210421 -19881.48
20210422 -19881.48
20210423 -19881.48
20210426 -19273.75
20210427 -17578.30
20210428 -18280.25
20210429 -19584.20
20210430 -20109.45
20210503 -20839.45
20210504 -20365.15
20210505 -16343.45
20210506 -14652.30
20210507 -15244.50
20210510 -17063.25
20210511 -15611.30
20210512 -17252.50
20210513 -18107.60
20210514 -18800.60
20210517 -18485.75
20210518 -15595.60
20210519 -16580.55
20210520 -16479.75
20210521 -17212.90
20210524 -17446.20
20210525 -16648.50
20210526 -14989.70
20210527 -14740.15
20210528 -11846.35
20210601 -11964.25
20210602 -11937.95
20210603 -13549.20
20210604 -11716.85
20210607 -12648.95
20210608 -13198.10
20210609 -13363.20
20210610 -12879.10
20210611 -13463.50
20210614 -15018.50
20210615 -16393.55
20210616 -15579.75
20210617 -17644.70
20210618 -17513.45
20210621 -16725.95
20210622 -17457.20
20210623 -16782.20
20210624 -16969.70
20210625 -15319.70
20210628 -13482.20
20210629 -14419.70
20210630 -14588.45
20210701 -15844.70
20210702 -17100.95
20210706 -18957.20
20210707 -18263.45
20210708 -17400.95
20210709 -17682.20
20210712 -16744.70
20210713 -17400.95
20210714 -15769.70
20210715 -15600.95
20210716 -13988.45
20210719 -15844.70
20210720 -11944.70
20210721 -8494.70
20210722 -1875.95
20210723 -3619.70
20210726     0.00
20210727 -2268.75
20210728 -2756.25
20210729 -4719.10
20210730 -11512.15
20210802 -13998.60
20210803 -13196.25
20210804 -12952.25
20210805 -11710.70
20210806 -11981.00
20210809 -10959.95
20210810 -8677.18
20210811 -8649.08
20210812 -6545.68
20210813 -7030.23
20210816 -6758.13
20210817 -8068.08
20210818 -7616.33
20210819 -9658.18
20210820 -9648.38
20210823 -9387.13
20210824 -7514.63
20210825 -6961.63
20210826 -6568.88
20210827 -4250.68
20210830 -1466.58
20210831 -4242.18
20210901 -4641.33
20210902 -4376.23
20210903 -4831.08
20210907 -4616.63
20210908 -5996.68
20210909 -7737.93
20210910 -7876.93
20210913 -8477.88
20210914 -8581.53
20210915 -7386.83
20210916 -7550.43
20210917 -8643.88
20210920 -11817.28
20210921 -11412.83
20210922 -10447.13
20210923 -8044.48
20210924 -7041.43
20210927 -6913.93
20210928 -3888.48
20210929 -5017.88
20210930 -2168.48
20211001     0.00
20211004 -1601.90
20211005 -2591.45
20211006 -1034.80
20211007     0.00
20211008     0.00
20211011     0.00
20211012     0.00
20211013 -3182.70
20211014 -1640.10
20211015 -3483.65
20211018 -4678.45
20211019 -3289.70
20211020 -1352.20
20211021 -4490.95
20211022 -4724.70
20211025 -3572.20
20211026 -1405.95
20211027 -3032.20
20211028 -1952.20
20211029     0.00
20211101     0.00
20211102 -1538.75
20211103  -285.00
20211104 -1727.50
20211105 -3416.25
20211108 -5038.75
20211109 -1280.00
20211110 -2342.50
20211111     0.00
20211112     0.00
20211115     0.00
20211116     0.00
20211117     0.00
20211118 -2990.00
20211119  -751.25
20211122 -1768.75
20211123     0.00
20211124     0.00
20211126 -2918.75
20211129 -6835.00
20211130 -9351.10
20211201 -10104.85
20211202 -9116.00
20211203 -6480.35
20211206 -3097.05
20211207 -6231.70
20211208 -6194.80
20211209 -7759.80
20211210 -10789.80
20211213 -8962.30
20211214 -9248.55
20211215 -9247.30
20211216 -7471.05
20211217 -9448.55
20211220 -14322.30
20211221 -11901.05
20211222 -9133.55
20211223 -9869.80
20211227 -9846.05
20211228 -11504.80
20211229 -8797.30
20211230 -8141.05
20211231 -10042.30
20220103 -10777.30
20220104 -6028.55
20220105 -5949.15
20220106 -6579.90
20220107 -3691.85
20220110 -4726.70
20220111 -3834.05
20220112 -1856.65
20220113 -3420.40
20220114 -1243.05
20220118  -963.80
20220119     0.00
20220120  -683.20
20220121 -3865.85
20220124 -5806.30
20220125 -3646.45
20220126 -2241.65
20220127 -5070.80
20220128 -2326.85
20220131  -744.25
20220201  -555.45
20220202     0.00
20220203     0.00
20220204 -1477.55
20220207 -1935.95
20220208     0.00
20220209     0.00
20220210 -1364.65
20220211 -2709.85
20220214 -5284.30
20220215 -3699.55
20220216 -3988.30
20220217 -4977.25
20220218 -5811.40
20220222 -6080.05
20220223 -5451.35
20220224 -10173.70
20220225 -9810.25
20220228 -11133.50
20220301 -10085.30
20220302 -12190.30
20220303 -11560.30
20220304 -13250.30
20220307 -13444.01
20220308 -12749.81
20220309 -13548.61
20220310 -13674.41
20220311 -11432.61
20220314 -12098.05
20220315 -9762.30
20220316 -11733.95
20220317 -10033.35
20220318 -8745.80
20220321 -8503.80
20220322 -8784.40
20220323 -8782.35
20220324 -7031.20
20220325 -4139.20
20220328     0.00
20220329 -2098.85
20220330 -2486.90
20220331 -6245.75
