EC,BP,CL,NG,HO,GC,HG,SI,
20100129,3112.5,0,0,0,0,0,-7475.0,0,
20100226,5937.5,3293.75,-6390.0,0,-6547.0,0,-7475.0,-5970.0,
20100331,7400.0,3656.25,-6390.0,0,-6547.0,0,-7475.0,-9440.0,
20100430,10075.0,3050.0,-8410.0,380.0,-5639.8,1440.0,-14475.0,-9440.0,
20100528,22912.5,8218.75,-15030.0,-3250.0,-14547.2,4620.0,-14475.0,-9440.0,
20100630,23325.0,4881.25,-15030.0,-6930.0,-14547.2,7710.0,-14475.0,-9440.0,
20100730,14687.5,4881.25,-15030.0,-6930.0,-14547.2,2390.0,-14475.0,-9440.0,
20100831,14687.5,1518.75,-15030.0,-5900.0,-14547.2,2390.0,-14475.0,-9440.0,
20100930,17562.5,3906.25,-15030.0,-5180.0,-14547.2,6330.0,-10500.0,2505.0,
20101029,21475.0,5968.75,-15030.0,-3350.0,-16542.2,11130.0,-8450.0,16220.0,
20101130,14387.5,3150.0,-18120.0,-5610.0,-13585.4,13830.0,-6387.5,34235.0,
20101231,14387.5,3150.0,-11550.0,-5610.0,-4950.2,17360.0,9150.0,47860.0,
20110131,14387.5,3150.0,-16260.0,-8470.0,3340.6,9270.0,9437.5,27350.0,
20110228,14387.5,3150.0,-16260.0,-10170.0,11014.0,5190.0,9912.5,27350.0,
20110331,16475.0,3150.0,-10800.0,-15630.0,17641.6,5580.0,2775.0,47690.0,
20110429,25000.0,3637.5,-4150.0,-15630.0,23882.8,17230.0,2775.0,101140.0,
20110531,15200.0,256.25,-18420.0,-15630.0,7684.2,15170.0,-2012.5,36495.0,
20110630,15200.0,256.25,-20670.0,-20570.0,3606.0,11770.0,-2962.5,36495.0,
20110729,15200.0,256.25,-20630.0,-20570.0,-3033.4,15380.0,-2962.5,36495.0,
20110831,15200.0,256.25,-13610.0,-21900.0,-11831.6,35430.0,-2962.5,36495.0,
20110930,21087.5,1731.25,-3780.0,-17390.0,-11831.6,18160.0,13112.5,845.0,
20111031,11487.5,-1025.0,-16180.0,-18130.0,-25947.0,18160.0,1112.5,-21250.0,
20111130,11487.5,-1025.0,-17560.0,-12870.0,-25947.0,18160.0,2887.5,-13015.0,
20111230,11912.5,-1025.0,-19310.0,-6880.0,-25947.0,19480.0,6375.0,11430.0,
20120131,10425.0,-1025.0,-19830.0,-1620.0,-25947.0,8350.0,5812.5,-9620.0,
20120229,6762.5,-1025.0,-21800.0,-1350.0,-25947.0,8350.0,7812.5,-9620.0,
20120330,6762.5,-1025.0,-26370.0,4480.0,-25947.0,8350.0,6450.0,-9620.0,
20120430,6762.5,-1025.0,-27530.0,3770.0,-25947.0,8350.0,3700.0,-9620.0,
20120531,13900.0,-3468.75,-16360.0,270.0,-13968.6,11130.0,7375.0,-1080.0,
20120629,10325.0,-5375.0,-14460.0,270.0,-14397.0,7130.0,4237.5,-135.0,
20120731,14762.5,-5400.0,-17260.0,3240.0,-24367.0,5870.0,6212.5,-1645.0,
20120831,11925.0,-5837.5,-21350.0,-1270.0,-24367.0,7370.0,5625.0,-1680.0,
20120928,12450.0,-4568.75,-21350.0,-1270.0,-24367.0,16000.0,8462.5,13995.0,
20121031,13762.5,-4625.0,-21940.0,-2650.0,-24367.0,10520.0,3300.0,2690.0,
20121130,10475.0,-6125.0,-24180.0,-4340.0,-24367.0,6180.0,3300.0,-4540.0,
20121231,10350.0,-6125.0,-25900.0,-4340.0,-30183.2,3450.0,3300.0,-5900.0,
20130131,14975.0,-6293.75,-25170.0,-5230.0,-30183.2,5040.0,3300.0,-16065.0,
20130228,8437.5,-2037.5,-31160.0,-6120.0,-36990.6,13430.0,3300.0,-15375.0,
20130329,8437.5,-2037.5,-31550.0,-7210.0,-36990.6,11870.0,3300.0,-14830.0,
20130430,8437.5,-4075.0,-37300.0,-3840.0,-35277.0,24230.0,8750.0,6070.0,
20130531,8437.5,-4075.0,-39520.0,-7900.0,-33030.0,32220.0,6125.0,15780.0,
20130628,4475.0,-6225.0,-39520.0,-9380.0,-39711.4,49150.0,12087.5,29775.0,
20130731,4475.0,-9293.75,-35450.0,-8340.0,-40862.2,40260.0,10562.5,28985.0,
20130830,4475.0,-9293.75,-32690.0,-9290.0,-37561.0,34900.0,6837.5,17700.0,
20130930,4475.0,-7706.25,-37540.0,-10990.0,-43948.4,34900.0,6837.5,17700.0,
20131031,4075.0,-8512.5,-35800.0,-10990.0,-46220.6,34900.0,6837.5,17700.0,
20131129,1787.5,-6562.5,-31490.0,-13690.0,-48991.8,34100.0,6837.5,17700.0,
20131231,1787.5,-5287.5,-38730.0,-13690.0,-48991.8,38910.0,6837.5,17700.0,
20140131,1787.5,-6100.0,-38730.0,-9520.0,-49613.4,35130.0,3737.5,17700.0,
20140228,1787.5,-4043.75,-38710.0,-4610.0,-45035.4,30990.0,3737.5,17700.0,
20140331,750.0,-4587.5,-38900.0,-7020.0,-48466.8,27210.0,5037.5,17700.0,
20140430,-300.0,-3218.75,-39810.0,-2760.0,-48227.4,27760.0,4200.0,17700.0,
20140530,-300.0,-3962.5,-36470.0,-6940.0,-49549.6,27760.0,1225.0,17700.0,
20140630,-2187.5,-1806.25,-33320.0,-6940.0,-55538.0,20680.0,1225.0,17700.0,
20140731,1637.5,-3175.0,-38330.0,-6940.0,-55538.0,20680.0,1225.0,17700.0,
20140829,4850.0,-2943.75,-40820.0,-9310.0,-55538.0,20680.0,1225.0,17700.0,
20140930,11237.5,-706.25,-37240.0,-9330.0,-51027.2,23610.0,1225.0,21690.0,
20141031,12550.0,581.25,-27370.0,-6090.0,-45647.0,27610.0,225.0,26445.0,
20141128,13725.0,2881.25,-12960.0,-12480.0,-33790.4,27290.0,5762.5,29470.0,
20141231,17950.0,3118.75,250.0,-3080.0,-21186.2,21620.0,6275.0,29255.0,
20150130,28087.5,6350.0,5760.0,-1410.0,-16553.6,23070.0,14550.0,17040.0,
20150227,29350.0,3300.0,4920.0,-1700.0,-28947.0,15980.0,9125.0,13300.0,
20150331,34937.5,3843.75,9070.0,-520.0,-28947.0,15980.0,7287.5,13300.0,
20150430,28537.5,1631.25,3390.0,-1240.0,-28947.0,15980.0,7287.5,13300.0,
20150529,28962.5,-212.5,2940.0,-1910.0,-28947.0,15980.0,3362.5,13300.0,
20150630,28962.5,2575.0,1700.0,-1910.0,-28947.0,15980.0,3262.5,13300.0,
20150731,28962.5,1856.25,2130.0,-1910.0,-24952.8,21920.0,5762.5,14600.0,
20150831,24637.5,862.5,590.0,-1910.0,-28955.4,15310.0,6087.5,15520.0,
20150930,23050.0,862.5,5000.0,-1910.0,-21046.8,15310.0,6000.0,15860.0,
20151030,18212.5,-1468.75,300.0,3000.0,-19333.2,11200.0,3962.5,9285.0,
20151130,18212.5,-1468.75,300.0,5070.0,-11487.6,8700.0,3962.5,6675.0,
20151231,14612.5,-1468.75,300.0,4550.0,-588.6,8700.0,1775.0,6675.0,
20160129,13718.75,1618.75,1740.0,4910.0,1805.4,8700.0,3475.0,6675.0,
20160229,8231.25,3656.25,3770.0,11250.0,1797.0,13190.0,2150.0,6675.0,
20160331,8150.0,831.25,-750.0,9530.0,-3758.8,13120.0,2150.0,6675.0,
20160429,8906.25,581.25,-130.0,8130.0,-1625.2,18610.0,2150.0,14525.0,
20160531,5818.75,581.25,2370.0,8130.0,2726.0,12190.0,2150.0,5400.0,
20160630,5818.75,-8000.0,1070.0,12610.0,1831.4,16010.0,2150.0,5430.0,
20160729,4425.0,-7993.75,-2650.0,12480.0,-2489.6,18950.0,2150.0,13090.0,
20160831,3218.75,-7262.5,-9370.0,12200.0,-10737.6,14340.0,2150.0,4420.0,
20160930,3218.75,-6300.0,-9370.0,11810.0,-10737.6,14270.0,2150.0,5010.0,
20161031,3362.5,-1656.25,-9370.0,11160.0,-10737.6,14010.0,2150.0,2755.0,
20161130,8143.75,-3256.25,-9370.0,7240.0,-10737.6,24190.0,9825.0,9745.0,
20161230,9093.75,-2143.75,-9370.0,7240.0,-8457.0,26410.0,6637.5,12210.0,
20170131,6006.25,-3443.75,-9370.0,7240.0,-13185.4,20710.0,12187.5,6205.0,
20170228,6000.0,-3443.75,-9370.0,6430.0,-13185.4,19970.0,11462.5,6205.0,
20170331,3687.5,-3443.75,-11030.0,3040.0,-15688.6,19970.0,8875.0,6205.0,
20170428,3018.75,-3443.75,-13660.0,1770.0,-18989.0,19970.0,8875.0,6205.0,
20170531,7206.25,-3812.5,-13660.0,1770.0,-18989.0,19970.0,8875.0,6205.0,
20170630,9162.5,-5625.0,-14790.0,1460.0,-21118.4,19970.0,8875.0,6205.0,
20170731,14081.25,-5625.0,-17340.0,3700.0,-22709.4,15200.0,12937.5,175.0,
20170831,14725.0,-7868.75,-17340.0,1570.0,-22709.4,15200.0,17537.5,-695.0,
20170929,13412.5,-7187.5,-17790.0,1740.0,-19899.6,10990.0,13950.0,-7470.0,
20171031,11950.0,-9350.0,-15310.0,1740.0,-16892.4,9720.0,17600.0,-7470.0,
20171130,7706.25,-9350.0,-12480.0,-930.0,-16287.6,9720.0,16075.0,-7470.0,
20171229,7706.25,-9350.0,-9500.0,-300.0,-9105.6,5370.0,16700.0,-10920.0,
20180131,11781.25,-7006.25,-5140.0,-3410.0,-8820.0,5440.0,12050.0,-10470.0,
20180228,8900.0,-9643.75,-8060.0,-7920.0,-14686.6,2920.0,12050.0,-10470.0,
20180329,9600.0,-8250.0,-9530.0,-7920.0,-14686.6,2830.0,11012.5,-10470.0,
20180430,9093.75,-8906.25,-8190.0,-7920.0,-14686.6,2830.0,10375.0,-10470.0,
20180531,14375.0,-6781.25,-9800.0,-8040.0,-15241.0,3330.0,10600.0,-10470.0,
20180629,14968.75,-6025.0,-12000.0,-8320.0,-20733.8,8350.0,8675.0,-10470.0,
20180731,14956.25,-5487.5,-17690.0,-9360.0,-20733.8,11400.0,12125.0,-10470.0,
20180831,16562.5,-4325.0,-17690.0,-9360.0,-20733.8,14090.0,16700.0,-10470.0,
20180928,15418.75,-5637.5,-17690.0,-9610.0,-18545.6,15140.0,13350.0,-13080.0,
20181031,16525.0,-6018.75,-24400.0,-7690.0,-22640.6,11890.0,12800.0,-10930.0,
20181130,16943.75,-7900.0,-12150.0,5350.0,-25130.4,11890.0,12800.0,-9920.0,
20181231,15618.75,-8912.5,-6360.0,-4910.0,-18515.4,14460.0,12800.0,-9835.0,
20190131,14393.75,-10481.25,-14500.0,-4910.0,-26961.6,18230.0,9375.0,-7175.0,
20190228,13325.0,-10443.75,-16880.0,-4910.0,-29661.4,17320.0,11125.0,-9855.0,
20190329,13000.0,-12200.0,-16880.0,-4910.0,-29661.4,14470.0,10825.0,-12000.0,
20190430,13275.0,-12193.75,-15720.0,-4910.0,-29661.4,13340.0,9875.0,-12000.0,
20190531,14268.75,-10812.5,-21710.0,-4910.0,-29661.4,11340.0,7887.5,-11735.0,
20190628,12337.5,-11150.0,-27050.0,-3720.0,-33559.0,17430.0,6037.5,-16325.0,
20190731,12337.5,-7643.75,-29120.0,-3150.0,-35830.4,18550.0,7225.0,-16325.0,
20190830,13868.75,-7475.0,-29120.0,-3630.0,-38111.0,27710.0,10225.0,-6740.0,
20190930,15143.75,-9693.75,-29120.0,-4340.0,-42188.4,22060.0,6625.0,-13460.0,
20191031,12087.5,-8637.5,-29120.0,-4340.0,-42188.4,23150.0,6625.0,-8115.0,
20191129,12087.5,-8762.5,-29120.0,-7520.0,-42188.4,23150.0,6625.0,-13200.0,
20191231,12087.5,-6781.25,-28550.0,-6730.0,-42419.4,23150.0,7712.5,-13200.0,
20200131,10562.5,-7250.0,-33610.0,-3480.0,-46139.8,25110.0,4375.0,-13200.0,
20200228,10562.5,-8637.5,-27090.0,-1790.0,-40314.4,22990.0,3225.0,-13200.0,
20200331,6975.0,-9737.5,-2430.0,-590.0,-20322.4,22600.0,11025.0,-1480.0,
20200430,6975.0,-10650.0,4870.0,-3720.0,-9335.2,17790.0,8000.0,-4910.0,
20200529,6975.0,-8925.0,-11460.0,-4360.0,-16324.0,21280.0,5887.5,-16270.0,
20200630,5618.75,-10062.5,-11280.0,-2840.0,-21795.8,14680.0,5887.5,-16270.0,
20200731,12443.75,-7712.5,-11280.0,-2730.0,-21795.8,27060.0,9325.0,-3690.0,
20200831,14193.75,-6018.75,-11280.0,-4460.0,-21795.8,26330.0,13662.5,17425.0,
20200930,11356.25,-9668.75,-11280.0,-10870.0,-21795.8,15060.0,12937.5,-10670.0,
20201030,10612.5,-9668.75,-14090.0,-10870.0,-21800.0,15060.0,6612.5,-10670.0,
20201130,10612.5,-9668.75,-20190.0,-10870.0,-27242.4,15060.0,15862.5,-10670.0,
20201231,12362.5,-9275.0,-18030.0,-11350.0,-22446.0,3090.0,17887.5,-10670.0,
20210129,11075.0,-8987.5,-14400.0,-11500.0,-17641.2,3090.0,18812.5,-20195.0,
20210226,8850.0,-7481.25,-5120.0,-14250.0,-7065.6,9640.0,32000.0,-33740.0,
20210331,8850.0,-9212.5,-7490.0,-14250.0,-10203.0,11200.0,29575.0,-39115.0,
20210430,4193.75,-9212.5,-3120.0,-14250.0,-3852.6,5990.0,41450.0,-39115.0,
20210528,4193.75,-8737.5,-390.0,-14250.0,1078.2,6630.0,46687.5,-39115.0,
20210630,4193.75,-10537.5,7020.0,-11090.0,4765.8,-6610.0,33962.5,-39115.0,
20210730,4193.75,-10537.5,330.0,-8270.0,-1340.2,-6610.0,33962.5,-39115.0,
20210831,4193.75,-10537.5,330.0,-3840.0,-10638.2,-15220.0,25987.5,-37215.0,
20210930,4193.75,-10537.5,330.0,10390.0,-10638.2,-16860.0,24612.5,-27420.0,
20211029,4550.0,-12662.5,330.0,4170.0,-4426.4,-16860.0,18700.0,-39135.0,
20211130,7575.0,-12662.5,330.0,-570.0,-20049.6,-16860.0,18700.0,-39135.0,
20211231,6962.5,-14081.25,330.0,-2080.0,-20049.6,-16860.0,18700.0,-39135.0,
20220131,8825.0,-14143.75,330.0,-12790.0,-20049.6,-16860.0,18700.0,-39135.0,
20220228,6281.25,-14143.75,7690.0,-12790.0,-10910.4,-14170.0,14575.0,-39135.0,
20220331,7075.0,-14362.5,13580.0,-11060.0,21001.2,-9330.0,21987.5,-40995.0,
