20100104     0.00
20100105 -1187.50
20100106  -275.00
20100107     0.00
20100108 -1012.50
20100111 -1825.00
20100112 -3500.00
20100113 -2875.00
20100114 -3162.50
20100115 -3712.50
20100119 -3212.50
20100120 -3125.00
20100121 -3950.00
20100122 -4750.00
20100125 -4962.50
20100126 -3950.00
20100127 -3350.00
20100128 -2712.50
20100129 -1312.50
20100201 -2237.50
20100202 -2650.00
20100203 -1775.00
20100204     0.00
20100205     0.00
20100208     0.00
20100209 -2768.75
20100210 -1200.00
20100211 -1318.75
20100212  -312.50
20100216 -2875.00
20100217   -31.25
20100218     0.00
20100219  -743.75
20100222  -662.50
20100223     0.00
20100224  -300.00
20100225     0.00
20100226  -843.75
20100301     0.00
20100302  -562.50
20100303 -2375.00
20100304  -500.00
20100305 -1675.00
20100308 -1375.00
20100309  -512.50
20100310 -1156.25
20100311 -1912.50
20100312 -3918.75
20100315 -1887.50
20100316 -4087.50
20100317 -4293.75
20100318 -2200.00
20100319     0.00
20100322  -931.25
20100323     0.00
20100324     0.00
20100325     0.00
20100326 -2281.25
20100329 -3693.75
20100330 -3412.50
20100331 -5325.00
20100401 -6456.25
20100405 -4431.25
20100406 -3850.00
20100407 -3737.50
20100408 -4237.50
20100409 -6937.50
20100412 -7781.25
20100413 -8275.00
20100414 -9200.00
20100415 -8650.00
20100416 -8150.00
20100419 -7643.75
20100420 -5750.00
20100421 -5568.75
20100422 -3806.25
20100423 -4293.75
20100426 -4637.50
20100427 -2012.50
20100428 -1068.75
20100429 -2031.25
20100430 -2618.75
20100503  -225.00
20100504     0.00
20100505     0.00
20100506  -637.50
20100507 -1968.75
20100510 -2493.75
20100511 -1825.00
20100512  -162.50
20100513     0.00
20100514     0.00
20100517   -37.50
20100518     0.00
20100519 -3381.25
20100520 -3762.50
20100521 -5375.00
20100524 -2706.25
20100525 -1975.00
20100526   -43.75
20100527 -3575.00
20100528 -1575.00
20100601 -2362.50
20100602 -2625.00
20100603 -1218.75
20100604     0.00
20100607     0.00
20100608     0.00
20100609 -1143.75
20100610 -4043.75
20100611 -2881.25
20100614 -5462.50
20100615 -7325.00
20100616 -6537.50
20100617 -8037.50
20100618 -8062.50
20100621 -6643.75
20100622 -6381.25
20100623 -7950.00
20100624 -8281.25
20100625 -8943.75
20100628 -7681.25
20100629 -6706.25
20100630 -6906.25
20100701 -9068.75
20100702 -9831.25
20100706 -10256.25
20100707 -10706.25
20100708 -12506.25
20100709 -12218.75
20100712 -11593.75
20100713 -13406.25
20100714 -13343.75
20100715 -14043.75
20100716 -12618.75
20100719 -12768.75
20100720 -14131.25
20100721 -13343.75
20100722 -13256.25
20100723 -14081.25
20100726 -13156.25
20100727 -14818.75
20100728 -14081.25
20100729 -12981.25
20100730 -12443.75
20100802 -12481.25
20100803 -10931.25
20100804 -12118.75
20100805 -11306.25
20100806 -10512.50
20100809 -11543.75
20100810 -10900.00
20100811 -11968.75
20100812 -13406.25
20100813 -13793.75
20100816 -11912.50
20100817 -12768.75
20100818 -12587.50
20100819 -12468.75
20100820 -13231.25
20100823 -12556.25
20100824 -11193.75
20100825 -11862.50
20100826 -11256.25
20100827 -12718.75
20100830 -11956.25
20100831 -11918.75
20100901 -11681.25
20100902 -11762.50
20100903 -11418.75
20100907 -11175.00
20100908 -10493.75
20100909 -10625.00
20100910 -11768.75
20100913 -10475.00
20100914 -8612.50
20100915 -12806.25
20100916 -12837.50
20100917 -12950.00
20100920 -13225.00
20100921 -11762.50
20100922 -10512.50
20100923 -11125.00
20100924 -7806.25
20100927 -8362.50
20100928 -6143.75
20100929 -5468.75
20100930 -5493.75
20101001 -2393.75
20101004 -3862.50
20101005 -1300.00
20101006     0.00
20101007     0.00
20101008     0.00
20101011  -987.50
20101012  -200.00
20101013     0.00
20101014     0.00
20101015 -1550.00
20101018 -2318.75
20101019 -6625.00
20101020 -1837.50
20101021 -3725.00
20101022 -3487.50
20101025 -2031.25
20101026 -3768.75
20101027 -5962.50
20101028 -1500.00
20101029     0.00
20101101  -937.50
20101102     0.00
20101103     0.00
20101104     0.00
20101105 -3712.50
20101108 -5162.50
20101109 -8968.75
20101110 -8987.50
20101111 -10837.50
20101112 -10631.25
20101115 -13337.50
20101116 -15987.50
20101117 -15193.75
20101118 -13581.25
20101119 -13587.50
20101122 -14250.00
20101123 -18606.25
20101124 -18612.50
20101126 -18612.50
20101129 -18612.50
20101130 -18612.50
20101201 -18612.50
20101202 -18612.50
20101203 -18612.50
20101206 -18612.50
20101207 -18612.50
20101208 -18612.50
20101209 -18612.50
20101210 -18612.50
20101213 -18612.50
20101214 -18612.50
20101215 -18612.50
20101216 -18612.50
20101217 -18612.50
20101220 -18612.50
20101221 -18612.50
20101222 -18612.50
20101223 -18612.50
20101227 -18612.50
20101228 -18612.50
20101229 -18612.50
20101230 -18612.50
20101231 -18612.50
20110103 -18612.50
20110104 -18612.50
20110105 -18612.50
20110106 -18612.50
20110107 -18612.50
20110110 -18612.50
20110111 -18612.50
20110112 -18612.50
20110113 -18612.50
20110114 -18612.50
20110118 -18612.50
20110119 -18612.50
20110120 -18612.50
20110121 -18612.50
20110124 -18612.50
20110125 -18612.50
20110126 -18612.50
20110127 -18612.50
20110128 -18612.50
20110131 -18612.50
20110201 -18612.50
20110202 -18612.50
20110203 -18612.50
20110204 -18612.50
20110207 -18612.50
20110208 -18612.50
20110209 -18612.50
20110210 -18612.50
20110211 -18612.50
20110214 -18612.50
20110215 -18612.50
20110216 -18612.50
20110217 -18612.50
20110218 -18612.50
20110222 -18612.50
20110223 -18612.50
20110224 -18612.50
20110225 -18612.50
20110228 -18612.50
20110301 -18612.50
20110302 -18612.50
20110303 -18612.50
20110304 -18612.50
20110307 -18937.50
20110308 -19750.00
20110309 -19712.50
20110310 -21050.00
20110311 -19887.50
20110314 -18587.50
20110315 -18525.00
20110316 -18500.00
20110317 -15087.50
20110318 -16962.50
20110321 -16262.50
20110322 -16275.00
20110323 -17137.50
20110324 -16575.00
20110325 -18875.00
20110328 -19012.50
20110329 -20587.50
20110330 -20312.50
20110331 -19837.50
20110401 -18862.50
20110404 -19087.50
20110405 -19000.00
20110406 -17125.00
20110407 -18400.00
20110408 -16875.00
20110411 -17237.50
20110412 -18162.50
20110413 -18537.50
20110414 -18625.00
20110415 -19850.00
20110418 -23250.00
20110419 -22237.50
20110420 -20037.50
20110421 -19700.00
20110425 -19162.50
20110426 -18575.00
20110427 -17237.50
20110428 -16118.75
20110429 -15512.50
20110502 -15518.75
20110503 -17200.00
20110504 -16518.75
20110505 -21437.50
20110506 -23825.00
20110509 -23662.50
20110510 -23168.75
20110511 -25693.75
20110512 -25625.00
20110513 -27800.00
20110516 -26893.75
20110517 -27356.25
20110518 -27356.25
20110519 -27356.25
20110520 -27356.25
20110523 -27356.25
20110524 -27356.25
20110525 -27356.25
20110526 -27356.25
20110527 -27356.25
20110531 -27356.25
20110601 -27356.25
20110602 -27356.25
20110603 -27356.25
20110606 -27356.25
20110607 -27356.25
20110608 -27356.25
20110609 -27356.25
20110610 -27356.25
20110613 -27356.25
20110614 -27356.25
20110615 -27356.25
20110616 -27356.25
20110617 -27356.25
20110620 -27356.25
20110621 -27356.25
20110622 -27356.25
20110623 -27356.25
20110624 -27356.25
20110627 -27356.25
20110628 -27356.25
20110629 -27356.25
20110630 -27356.25
20110701 -27356.25
20110705 -27356.25
20110706 -27356.25
20110707 -27356.25
20110708 -27356.25
20110711 -27356.25
20110712 -27356.25
20110713 -27356.25
20110714 -27356.25
20110715 -27356.25
20110718 -27356.25
20110719 -27356.25
20110720 -27356.25
20110721 -27356.25
20110722 -27356.25
20110725 -27356.25
20110726 -27356.25
20110727 -27531.25
20110728 -27031.25
20110729 -24781.25
20110801 -25568.75
20110802 -25768.75
20110803 -25131.25
20110804 -29568.75
20110805 -28331.25
20110808 -26631.25
20110809 -25556.25
20110810 -24868.75
20110811 -25056.25
20110812 -24906.25
20110815 -24868.75
20110816 -24843.75
20110817 -24281.25
20110818 -24356.25
20110819 -24318.75
20110822 -24843.75
20110823 -24818.75
20110824 -25381.25
20110825 -26568.75
20110826 -24756.25
20110829 -25206.25
20110830 -24706.25
20110831 -24718.75
20110901 -25031.25
20110902 -24868.75
20110906 -26743.75
20110907 -26106.25
20110908 -26406.25
20110909 -23543.75
20110912 -22337.50
20110913 -22825.00
20110914 -22662.50
20110915 -24587.50
20110916 -23781.25
20110919 -20831.25
20110920 -21043.75
20110921 -20468.75
20110922 -16131.25
20110923 -17131.25
20110926 -17287.50
20110927 -20993.75
20110928 -19275.00
20110929 -19437.50
20110930 -18381.25
20111003 -14262.50
20111004 -14531.25
20111005 -16118.75
20111006 -16506.25
20111007 -17268.75
20111010 -21156.25
20111011 -20518.75
20111012 -24525.00
20111013 -23637.50
20111014 -25875.00
20111017 -22943.75
20111018 -22581.25
20111019 -23000.00
20111020 -23587.50
20111021 -24150.00
20111024 -25443.75
20111025 -25006.25
20111026 -25212.50
20111027 -28650.00
20111028 -27987.50
20111031 -33075.00
20111101 -32925.00
20111102 -32925.00
20111103 -32925.00
20111104 -32925.00
20111107 -32925.00
20111108 -32925.00
20111109 -32925.00
20111110 -32925.00
20111111 -32925.00
20111114 -32925.00
20111115 -32925.00
20111116 -32925.00
20111117 -32925.00
20111118 -32925.00
20111121 -32925.00
20111122 -32925.00
20111123 -32925.00
20111125 -32925.00
20111128 -32925.00
20111129 -32925.00
20111130 -32925.00
20111201 -32925.00
20111202 -32925.00
20111205 -32925.00
20111206 -32925.00
20111207 -32925.00
20111208 -32925.00
20111209 -32925.00
20111212 -32925.00
20111213 -32925.00
20111214 -32925.00
20111215 -33237.50
20111216 -33387.50
20111219 -33250.00
20111220 -33975.00
20111221 -33637.50
20111222 -33650.00
20111223 -33812.50
20111227 -33962.50
20111228 -32337.50
20111229 -32262.50
20111230 -32500.00
20120103 -33712.50
20120104 -32225.00
20120105 -30325.00
20120106 -29537.50
20120109 -29937.50
20120110 -30362.50
20120111 -29175.00
20120112 -30825.00
20120113 -28825.00
20120117 -29475.00
20120118 -30925.00
20120119 -32137.50
20120120 -31987.50
20120123 -33175.00
20120124 -33237.50
20120125 -34012.50
20120126 -34300.00
20120127 -35512.50
20120130 -34500.00
20120131 -33987.50
20120201 -34900.00
20120202 -34712.50
20120203 -34850.00
20120206 -34487.50
20120207 -36025.00
20120208 -36087.50
20120209 -36550.00
20120210 -36625.00
20120213 -36625.00
20120214 -36625.00
20120215 -36625.00
20120216 -36625.00
20120217 -35512.50
20120221 -35025.00
20120222 -34000.00
20120223 -34262.50
20120224 -32537.50
20120227 -33525.00
20120228 -33362.50
20120229 -32250.00
20120301 -32325.00
20120302 -30962.50
20120305 -31637.50
20120306 -32950.00
20120307 -32075.00
20120308 -31300.00
20120309 -29587.50
20120312 -30137.50
20120313 -29000.00
20120314 -27512.50
20120315 -28075.00
20120316 -28112.50
20120319 -28050.00
20120320 -27525.00
20120321 -27925.00
20120322 -29537.50
20120323 -29700.00
20120326 -29125.00
20120327 -28625.00
20120328 -29162.50
20120329 -29862.50
20120330 -29037.50
20120402 -30262.50
20120403 -28775.00
20120404 -29487.50
20120405 -29912.50
20120406 -31475.00
20120409 -31262.50
20120410 -32912.50
20120411 -32650.00
20120412 -32850.00
20120413 -32250.00
20120416 -33425.00
20120417 -32837.50
20120418 -32012.50
20120419 -31587.50
20120420 -31337.50
20120423 -32175.00
20120424 -31950.00
20120425 -31837.50
20120426 -32368.75
20120427 -32993.75
20120430 -34318.75
20120501 -34468.75
20120502 -34612.50
20120503 -34706.25
20120504 -34937.50
20120507 -34700.00
20120508 -34812.50
20120509 -34943.75
20120510 -35087.50
20120511 -35250.00
20120514 -34050.00
20120515 -33318.75
20120516 -33725.00
20120517 -33718.75
20120518 -34018.75
20120521 -34656.25
20120522 -33781.25
20120523 -31956.25
20120524 -31356.25
20120525 -31256.25
20120529 -30893.75
20120530 -29543.75
20120531 -28868.75
20120601 -29262.50
20120604 -30325.00
20120605 -29650.00
20120606 -31550.00
20120607 -32768.75
20120608 -30981.25
20120611 -31200.00
20120612 -31681.25
20120613 -32512.50
20120614 -32687.50
20120615 -34081.25
20120618 -33300.00
20120619 -35056.25
20120620 -34556.25
20120621 -32500.00
20120622 -32556.25
20120625 -31587.50
20120626 -32056.25
20120627 -31081.25
20120628 -30300.00
20120629 -34350.00
20120702 -33487.50
20120703 -33875.00
20120705 -30043.75
20120706 -28256.25
20120709 -29006.25
20120710 -28193.75
20120711 -27700.00
20120712 -27012.50
20120713 -28431.25
20120716 -29250.00
20120717 -29506.25
20120718 -29156.25
20120719 -29856.25
20120720 -27706.25
20120723 -26700.00
20120724 -25818.75
20120725 -27025.00
20120726 -29750.00
20120727 -30256.25
20120730 -29806.25
20120731 -30356.25
20120801 -29481.25
20120802 -28693.75
20120803 -31218.75
20120806 -31443.75
20120807 -31656.25
20120808 -30943.75
20120809 -30193.75
20120810 -30156.25
20120813 -30668.75
20120814 -30631.25
20120815 -30106.25
20120816 -31018.75
20120817 -30493.75
20120820 -30831.25
20120821 -32318.75
20120822 -33093.75
20120823 -33193.75
20120824 -33193.75
20120827 -33193.75
20120828 -33193.75
20120829 -33193.75
20120830 -33193.75
20120831 -33193.75
20120903 -33193.75
20120904 -33193.75
20120905 -33193.75
20120906 -33193.75
20120907 -32756.25
20120910 -33281.25
20120911 -31725.00
20120912 -31106.25
20120913 -29662.50
20120914 -29225.00
20120917 -30193.75
20120918 -31081.25
20120919 -30825.00
20120920 -32062.50
20120921 -31631.25
20120924 -32406.25
20120925 -32637.50
20120926 -33818.75
20120927 -32612.50
20120928 -34025.00
20121001 -33656.25
20121002 -33231.25
20121003 -33850.00
20121004 -31668.75
20121005 -31762.50
20121008 -33187.50
20121009 -34487.50
20121010 -34331.25
20121011 -33675.00
20121012 -33150.00
20121015 -33343.75
20121016 -31850.00
20121017 -30562.50
20121018 -31906.25
20121019 -32718.75
20121022 -32493.75
20121023 -33831.25
20121024 -33456.25
20121025 -32318.75
20121026 -33881.25
20121029 -34293.75
20121030 -33743.75
20121031 -33118.75
20121101 -32625.00
20121102 -34243.75
20121105 -35293.75
20121106 -34525.00
20121107 -36150.00
20121108 -37493.75
20121109 -37918.75
20121112 -37956.25
20121113 -38043.75
20121114 -36531.25
20121115 -34531.25
20121116 -34493.75
20121119 -34243.75
20121120 -33581.25
20121121 -32131.25
20121123 -32331.25
20121126 -32718.75
20121127 -32718.75
20121128 -33181.25
20121129 -32793.75
20121130 -32293.75
20121203 -32606.25
20121204 -33318.75
20121205 -32406.25
20121206 -32343.75
20121207 -32293.75
20121210 -32393.75
20121211 -32081.25
20121212 -30818.75
20121213 -30118.75
20121214 -30331.25
20121217 -29668.75
20121218 -29031.25
20121219 -28656.25
20121220 -28168.75
20121221 -29343.75
20121224 -28193.75
20121226 -26356.25
20121227 -25443.75
20121228 -25581.25
20121231 -24931.25
20130102 -24418.75
20130103 -25768.75
20130104 -24056.25
20130107 -24043.75
20130108 -25443.75
20130109 -24893.75
20130110 -21743.75
20130111 -19068.75
20130114 -18256.25
20130115 -20181.25
20130116 -20756.25
20130117 -17131.25
20130118 -17981.25
20130122 -20125.00
20130123 -20181.25
20130124 -17175.00
20130125 -14512.50
20130128 -14356.25
20130129 -14406.25
20130130 -12887.50
20130131 -12912.50
20130201 -8950.00
20130204 -11537.50
20130205 -8656.25
20130206 -9412.50
20130207 -10968.75
20130208 -13093.75
20130211 -11056.25
20130212 -10175.00
20130213 -9487.50
20130214 -11043.75
20130215 -10543.75
20130219 -9543.75
20130220 -9156.25
20130221 -11612.50
20130222 -11062.50
20130225 -11800.00
20130226 -12412.50
20130227 -11993.75
20130228 -11606.25
20130301 -9318.75
20130304 -10143.75
20130305 -10343.75
20130306 -8806.25
20130307 -7556.25
20130308 -5712.50
20130311 -5006.25
20130312 -5331.25
20130313 -5268.75
20130314 -6193.75
20130315 -7037.50
20130318 -7206.25
20130319 -7650.00
20130320 -6675.00
20130321 -8443.75
20130322 -9350.00
20130325 -9656.25
20130326 -8843.75
20130327 -8837.50
20130328 -9943.75
20130329 -9943.75
20130401 -11762.50
20130402 -10581.25
20130403 -11893.75
20130404 -9025.00
20130405 -8550.00
20130408 -5943.75
20130409 -7550.00
20130410 -6287.50
20130411 -7243.75
20130412 -7862.50
20130415 -9043.75
20130416 -11268.75
20130417 -9812.50
20130418 -9787.50
20130419 -7593.75
20130422 -8075.00
20130423 -7850.00
20130424 -7868.75
20130425 -9181.25
20130426 -10637.50
20130429 -10925.00
20130430 -11575.00
20130501 -11737.50
20130502 -10975.00
20130503 -9587.50
20130506 -9137.50
20130507 -9675.00
20130508 -9887.50
20130509 -7650.00
20130510 -6475.00
20130513 -5987.50
20130514 -5625.00
20130515 -5537.50
20130516 -5837.50
20130517 -4500.00
20130520 -5612.50
20130521 -5250.00
20130522 -4475.00
20130523 -6062.50
20130524 -7100.00
20130528 -5812.50
20130529 -6925.00
20130530 -7187.50
20130531 -7525.00
20130603 -9050.00
20130604 -8300.00
20130605 -9325.00
20130606 -11937.50
20130607 -11956.25
20130610 -11812.50
20130611 -11456.25
20130612 -11050.00
20130613 -10725.00
20130614 -10750.00
20130617 -10781.25
20130618 -10275.00
20130619 -13000.00
20130620 -13975.00
20130621 -14968.75
20130624 -15075.00
20130625 -15606.25
20130626 -17406.25
20130627 -17550.00
20130628 -17550.00
20130701 -17550.00
20130702 -17550.00
20130703 -17550.00
20130705 -17550.00
20130708 -17975.00
20130709 -17475.00
20130710 -17818.75
20130711 -19487.50
20130712 -18937.50
20130715 -18937.50
20130716 -19225.00
20130717 -19600.00
20130718 -19656.25
20130719 -19931.25
20130722 -20531.25
20130723 -20618.75
20130724 -20618.75
20130725 -20618.75
20130726 -20618.75
20130729 -20618.75
20130730 -20618.75
20130731 -20618.75
20130801 -20618.75
20130802 -20618.75
20130805 -20618.75
20130806 -20618.75
20130807 -20618.75
20130808 -20618.75
20130809 -20618.75
20130812 -20618.75
20130813 -20618.75
20130814 -20618.75
20130815 -20618.75
20130816 -20618.75
20130819 -20618.75
20130820 -20618.75
20130821 -20618.75
20130822 -20618.75
20130823 -20618.75
20130826 -20618.75
20130827 -20618.75
20130828 -20618.75
20130829 -20618.75
20130830 -20618.75
20130903 -20618.75
20130904 -20618.75
20130905 -20618.75
20130906 -20618.75
20130909 -20618.75
20130910 -20618.75
20130911 -20618.75
20130912 -20618.75
20130913 -20618.75
20130916 -20843.75
20130917 -20762.50
20130918 -19525.00
20130919 -19987.50
20130920 -20187.50
20130923 -20337.50
20130924 -20831.25
20130925 -19818.75
20130926 -20468.75
20130927 -19506.25
20130930 -19106.25
20131001 -18962.50
20131002 -18162.50
20131003 -18056.25
20131004 -19718.75
20131007 -19025.00
20131008 -19231.25
20131009 -20562.50
20131010 -20262.50
20131011 -20137.50
20131014 -19631.25
20131015 -20343.75
20131016 -20487.50
20131017 -17368.75
20131018 -17331.25
20131021 -17437.50
20131022 -15537.50
20131023 -16012.50
20131024 -15512.50
20131025 -15662.50
20131028 -15756.25
20131029 -17181.25
20131030 -17631.25
20131031 -19100.00
20131101 -21125.00
20131104 -20543.75
20131105 -20587.50
20131106 -19787.50
20131107 -20925.00
20131108 -21706.25
20131111 -21850.00
20131112 -22393.75
20131113 -21568.75
20131114 -21350.00
20131115 -21012.50
20131118 -21362.50
20131119 -21075.00
20131120 -21368.75
20131121 -19662.50
20131122 -19125.00
20131125 -19075.00
20131126 -19143.75
20131127 -17706.25
20131129 -16775.00
20131202 -16087.50
20131203 -16637.50
20131204 -17043.75
20131205 -17812.50
20131206 -16337.50
20131209 -15468.75
20131210 -15956.25
20131211 -16525.00
20131212 -15937.50
20131213 -16368.75
20131216 -16550.00
20131217 -17150.00
20131218 -15118.75
20131219 -14712.50
20131220 -15100.00
20131223 -14937.50
20131224 -14575.00
20131226 -13756.25
20131227 -13031.25
20131230 -12700.00
20131231 -12225.00
20140102 -13775.00
20140103 -13818.75
20140106 -14368.75
20140107 -14093.75
20140108 -13456.25
20140109 -13393.75
20140110 -14206.25
20140113 -16031.25
20140114 -14250.00
20140115 -14218.75
20140116 -14606.25
20140117 -14206.25
20140121 -13887.50
20140122 -13125.00
20140123 -14212.50
20140124 -16012.50
20140127 -15037.50
20140128 -14893.75
20140129 -15918.75
20140130 -15700.00
20140131 -16437.50
20140203 -19018.75
20140204 -18731.25
20140205 -18793.75
20140206 -18793.75
20140207 -18793.75
20140210 -18793.75
20140211 -18793.75
20140212 -18793.75
20140213 -18793.75
20140214 -18793.75
20140218 -19243.75
20140219 -19156.25
20140220 -19387.50
20140221 -19475.00
20140224 -19356.25
20140225 -19275.00
20140226 -19362.50
20140227 -19225.00
20140228 -18762.50
20140303 -19381.25
20140304 -19293.75
20140305 -19037.50
20140306 -18881.25
20140307 -18812.50
20140310 -19381.25
20140311 -19450.00
20140312 -19112.50
20140313 -19656.25
20140314 -19000.00
20140317 -18756.25
20140318 -18962.50
20140319 -20550.00
20140320 -21337.50
20140321 -21243.75
20140324 -20681.25
20140325 -20831.25
20140326 -21281.25
20140327 -21818.75
20140328 -21768.75
20140331 -21856.25
20140401 -21856.25
20140402 -21856.25
20140403 -21856.25
20140404 -21856.25
20140407 -21856.25
20140408 -21856.25
20140409 -21856.25
20140410 -21856.25
20140411 -21856.25
20140414 -21856.25
20140415 -21856.25
20140416 -21856.25
20140417 -21856.25
20140421 -21856.25
20140422 -21856.25
20140423 -21856.25
20140424 -21856.25
20140425 -21856.25
20140428 -21856.25
20140429 -21856.25
20140430 -21856.25
20140501 -21856.25
20140502 -21856.25
20140505 -21856.25
20140506 -21856.25
20140507 -21931.25
20140508 -22031.25
20140509 -22662.50
20140512 -22518.75
20140513 -22787.50
20140514 -23112.50
20140515 -22956.25
20140516 -22793.75
20140519 -22812.50
20140520 -22675.00
20140521 -22318.75
20140522 -22512.50
20140523 -22800.00
20140527 -22850.00
20140528 -23481.25
20140529 -23406.25
20140530 -23137.50
20140602 -23250.00
20140603 -23250.00
20140604 -23262.50
20140605 -23406.25
20140606 -23406.25
20140609 -23406.25
20140610 -23406.25
20140611 -23193.75
20140612 -23668.75
20140613 -23293.75
20140616 -23712.50
20140617 -23537.50
20140618 -23743.75
20140619 -23787.50
20140620 -23787.50
20140623 -23862.50
20140624 -24093.75
20140625 -24425.00
20140626 -23893.75
20140627 -24387.50
20140630 -24475.00
20140701 -24000.00
20140702 -23612.50
20140703 -23050.00
20140707 -23231.25
20140708 -23275.00
20140709 -23537.50
20140710 -23100.00
20140711 -23318.75
20140714 -23668.75
20140715 -22618.75
20140716 -22131.25
20140717 -22306.25
20140718 -22406.25
20140721 -22493.75
20140722 -21868.75
20140723 -21950.00
20140724 -22300.00
20140725 -21950.00
20140728 -21950.00
20140729 -21868.75
20140730 -21825.00
20140731 -21868.75
20140801 -22668.75
20140804 -22606.25
20140805 -21993.75
20140806 -22693.75
20140807 -22456.25
20140808 -23118.75
20140811 -22756.25
20140812 -22568.75
20140813 -22581.25
20140814 -22556.25
20140815 -22956.25
20140818 -22493.75
20140819 -21968.75
20140820 -20275.00
20140821 -20312.50
20140822 -19606.25
20140825 -18943.75
20140826 -18375.00
20140827 -19125.00
20140828 -19243.75
20140829 -17962.50
20140902 -16143.75
20140903 -16587.50
20140904 -12775.00
20140905 -13212.50
20140908 -10293.75
20140909 -9781.25
20140910 -9750.00
20140911 -9825.00
20140912 -10081.25
20140915 -9862.50
20140916 -10531.25
20140917 -9162.50
20140918 -8868.75
20140919 -7281.25
20140922 -7675.00
20140923 -8137.50
20140924 -6687.50
20140925 -6431.25
20140926 -4512.50
20140929 -4568.75
20140930 -3162.50
20141001 -3287.50
20141002 -4756.25
20141003   -12.50
20141006 -3025.00
20141007 -4675.00
20141008 -5825.00
20141009 -5425.00
20141010 -4037.50
20141013 -5106.25
20141014 -4518.75
20141015 -7268.75
20141016 -8225.00
20141017 -7618.75
20141020 -8250.00
20141021 -6900.00
20141022 -5062.50
20141023 -3893.75
20141024 -4518.75
20141027 -5818.75
20141028 -5725.00
20141029 -3175.00
20141030 -2075.00
20141031     0.00
20141103     0.00
20141104 -1162.50
20141105     0.00
20141106     0.00
20141107 -1243.75
20141110  -562.50
20141111  -543.75
20141112     0.00
20141113  -175.00
20141114     0.00
20141117     0.00
20141118  -612.50
20141119  -118.75
20141120  -237.50
20141121     0.00
20141124  -443.75
20141125 -1318.75
20141126 -2606.25
20141128     0.00
20141201 -1700.00
20141202     0.00
20141203     0.00
20141204  -662.50
20141205     0.00
20141208 -1768.75
20141209 -3275.00
20141210 -5562.50
20141211 -3918.75
20141212 -5093.75
20141215 -5425.00
20141216 -7050.00
20141217 -2768.75
20141218 -2687.50
20141219 -1131.25
20141222  -425.00
20141223     0.00
20141224  -625.00
20141226  -556.25
20141229     0.00
20141230 -1212.50
20141231  -387.50
20150102     0.00
20150105     0.00
20150106     0.00
20150107     0.00
20150108     0.00
20150109 -2225.00
20150112 -2518.75
20150113 -1912.50
20150114 -2931.25
20150115 -1368.75
20150116     0.00
20150120     0.00
20150121 -1112.50
20150122     0.00
20150123     0.00
20150126     0.00
20150127 -2793.75
20150128 -1775.00
20150129  -475.00
20150130 -1062.50
20150202 -1856.25
20150203 -4093.75
20150204 -3831.25
20150205 -4987.50
20150206 -1025.00
20150209 -1906.25
20150210  -825.00
20150211     0.00
20150212 -3606.25
20150213 -3293.75
20150217 -2956.25
20150218 -3456.25
20150219 -2912.50
20150220 -3137.50
20150223 -2862.50
20150224 -2900.00
20150225 -3687.50
20150226 -1231.25
20150227  -918.75
20150302  -443.75
20150303  -743.75
20150304     0.00
20150305     0.00
20150306     0.00
20150309     0.00
20150310     0.00
20150311     0.00
20150312  -418.75
20150313     0.00
20150316 -2012.50
20150317 -1725.00
20150318 -4806.25
20150319 -2418.75
20150320 -6593.75
20150323 -8543.75
20150324 -7743.75
20150325 -8456.25
20150326 -7412.50
20150327 -8068.75
20150330 -6662.50
20150331 -5850.00
20150401 -6006.25
20150402 -7612.50
20150403 -9343.75
20150406 -9243.75
20150407 -6818.75
20150408 -6762.50
20150409 -3581.25
20150410 -2875.00
20150413 -2606.25
20150414 -4375.00
20150415 -5106.25
20150416 -7212.50
20150417 -7156.25
20150420 -6093.75
20150421 -6206.25
20150422 -7031.25
20150423 -8150.00
20150424 -9450.00
20150427 -9725.00
20150428 -10950.00
20150429 -12612.50
20150430 -12787.50
20150501 -12787.50
20150504 -12787.50
20150505 -12787.50
20150506 -12787.50
20150507 -12787.50
20150508 -12787.50
20150511 -12787.50
20150512 -12225.00
20150513 -11781.25
20150514 -11668.75
20150515 -11756.25
20150518 -12350.00
20150519 -13350.00
20150520 -13043.75
20150521 -12250.00
20150522 -13406.25
20150526 -14050.00
20150527 -13681.25
20150528 -13756.25
20150529 -13818.75
20150601 -13718.75
20150602 -13437.50
20150603 -13418.75
20150604 -13050.00
20150605 -12656.25
20150608 -13100.00
20150609 -13031.25
20150610 -13450.00
20150611 -12900.00
20150612 -12668.75
20150615 -12362.50
20150616 -12125.00
20150617 -10968.75
20150618 -11006.25
20150619 -11243.75
20150622 -10962.50
20150623 -11218.75
20150624 -11387.50
20150625 -11368.75
20150626 -11193.75
20150629 -12312.50
20150630 -12425.00
20150701 -12550.00
20150702 -12618.75
20150706 -13137.50
20150707 -14131.25
20150708 -16218.75
20150709 -16275.00
20150710 -15393.75
20150713 -15525.00
20150714 -14600.00
20150715 -14606.25
20150716 -14756.25
20150717 -14712.50
20150720 -14987.50
20150721 -15075.00
20150722 -14793.75
20150723 -15331.25
20150724 -15343.75
20150727 -15056.25
20150728 -14806.25
20150729 -14687.50
20150730 -14781.25
20150731 -14687.50
20150803 -14887.50
20150804 -14981.25
20150805 -14793.75
20150806 -15293.75
20150807 -15437.50
20150810 -15556.25
20150811 -15556.25
20150812 -15556.25
20150813 -15556.25
20150814 -15556.25
20150817 -15556.25
20150818 -15556.25
20150819 -15556.25
20150820 -15556.25
20150821 -15556.25
20150824 -15556.25
20150825 -18575.00
20150826 -19281.25
20150827 -21368.75
20150828 -23037.50
20150831 -22143.75
20150901 -20293.75
20150902 -21375.00
20150903 -22706.25
20150904 -21862.50
20150908 -23925.00
20150909 -24300.00
20150910 -24943.75
20150911 -24675.00
20150914 -24243.75
20150915 -23968.75
20150916 -25131.25
20150917 -24856.25
20150918 -24518.75
20150921 -25175.00
20150922 -24718.75
20150923 -24787.50
20150924 -24731.25
20150925 -25287.50
20150928 -24362.50
20150929 -24162.50
20150930 -24193.75
20151001 -24250.00
20151002 -24550.00
20151005 -24856.25
20151006 -25118.75
20151007 -25418.75
20151008 -25700.00
20151009 -25843.75
20151012 -25681.25
20151013 -24943.75
20151014 -25475.00
20151015 -26775.00
20151016 -27406.25
20151019 -28112.50
20151020 -28387.50
20151021 -28425.00
20151022 -31968.75
20151023 -32687.50
20151026 -32837.50
20151027 -32837.50
20151028 -32837.50
20151029 -32837.50
20151030 -32837.50
20151102 -32837.50
20151103 -32837.50
20151104 -32837.50
20151105 -32837.50
20151106 -32837.50
20151109 -33543.75
20151110 -32868.75
20151111 -33725.00
20151112 -34662.50
20151113 -34018.75
20151116 -33068.75
20151117 -32787.50
20151118 -32881.25
20151119 -34350.00
20151120 -32725.00
20151123 -31887.50
20151124 -32125.00
20151125 -31856.25
20151127 -31168.75
20151130 -30906.25
20151201 -31768.75
20151202 -30681.25
20151203 -36450.00
20151204 -34912.50
20151207 -34312.50
20151208 -34412.50
20151209 -37206.25
20151210 -36037.50
20151211 -37206.25
20151214 -36737.50
20151215 -35112.50
20151216 -36031.25
20151217 -32693.75
20151218 -33618.75
20151221 -34218.75
20151222 -34106.25
20151223 -33925.00
20151224 -34781.25
20151228 -34800.00
20151229 -33968.75
20151230 -33762.50
20151231 -32425.00
20160104 -31793.75
20160105 -30456.25
20160106 -30762.50
20160107 -32512.50
20160108 -31493.75
20160111 -31162.50
20160112 -30331.25
20160113 -30850.00
20160114 -30750.00
20160115 -29406.25
20160119 -29431.25
20160120 -28700.00
20160121 -29750.00
20160122 -31293.75
20160125 -30887.50
20160126 -31512.50
20160127 -31031.25
20160128 -31837.50
20160129 -33093.75
20160201 -34712.50
20160202 -34531.25
20160203 -35700.00
20160204 -35687.50
20160205 -35068.75
20160208 -33275.00
20160209 -33056.25
20160210 -32250.00
20160211 -30631.25
20160212 -32531.25
20160216 -33081.25
20160217 -33081.25
20160218 -33600.00
20160219 -32412.50
20160222 -32775.00
20160223 -31362.50
20160224 -30268.75
20160225 -31468.75
20160226 -33231.25
20160229 -32743.75
20160301 -34187.50
20160302 -34350.00
20160303 -35106.25
20160304 -35837.50
20160307 -35362.50
20160308 -34443.75
20160309 -35287.50
20160310 -35375.00
20160311 -36612.50
20160314 -36156.25
20160315 -34575.00
20160316 -34681.25
20160317 -34975.00
20160318 -35725.00
20160321 -35650.00
20160322 -35325.00
20160323 -35356.25
20160324 -35987.50
20160328 -36825.00
20160329 -35925.00
20160330 -35250.00
20160331 -34568.75
20160401 -32731.25
20160404 -32656.25
20160405 -31237.50
20160406 -29925.00
20160407 -28400.00
20160408 -28637.50
20160411 -28781.25
20160412 -29843.75
20160413 -31625.00
20160414 -31518.75
20160415 -30993.75
20160418 -31243.75
20160419 -31625.00
20160420 -33281.25
20160421 -33093.75
20160422 -36156.25
20160425 -35375.00
20160426 -35112.50
20160427 -34575.00
20160428 -30956.25
20160429 -28231.25
20160502 -27037.50
20160503 -27193.75
20160504 -27831.25
20160505 -29481.25
20160506 -29368.75
20160509 -30950.00
20160510 -32056.25
20160511 -30481.25
20160512 -31837.50
20160513 -32162.50
20160516 -32406.25
20160517 -32562.50
20160518 -34581.25
20160519 -34756.25
20160520 -35100.00
20160523 -34031.25
20160524 -34818.75
20160525 -34943.75
20160526 -34587.50
20160527 -34775.00
20160531 -35487.50
20160601 -35750.00
20160602 -35750.00
20160603 -35750.00
20160606 -35750.00
20160607 -35750.00
20160608 -35750.00
20160609 -35750.00
20160610 -35750.00
20160613 -35750.00
20160614 -35750.00
20160615 -35750.00
20160616 -35750.00
20160617 -35643.75
20160620 -35356.25
20160621 -36281.25
20160622 -35900.00
20160623 -37431.25
20160624 -41656.25
20160627 -41231.25
20160628 -43506.25
20160629 -44506.25
20160630 -43850.00
20160701 -43962.50
20160705 -40400.00
20160706 -39987.50
20160707 -38418.75
20160708 -38268.75
20160711 -41550.00
20160712 -45662.50
20160713 -44962.50
20160714 -47468.75
20160715 -45981.25
20160718 -47087.50
20160719 -45293.75
20160720 -46412.50
20160721 -45793.75
20160722 -44906.25
20160725 -45475.00
20160726 -45481.25
20160727 -46225.00
20160728 -46643.75
20160729 -48512.50
20160801 -48087.50
20160802 -49781.25
20160803 -48868.75
20160804 -47431.25
20160805 -47387.50
20160808 -47918.75
20160809 -47287.50
20160810 -47493.75
20160811 -47568.75
20160812 -46662.50
20160815 -46637.50
20160816 -47625.00
20160817 -47675.00
20160818 -48000.00
20160819 -47956.25
20160822 -48368.75
20160823 -48668.75
20160824 -49200.00
20160825 -48962.50
20160826 -50293.75
20160829 -50306.25
20160830 -51343.75
20160831 -52143.75
20160901 -52943.75
20160902 -53806.25
20160906 -54956.25
20160907 -54318.75
20160908 -54093.75
20160909 -53912.50
20160912 -54293.75
20160913 -53362.50
20160914 -53681.25
20160915 -53700.00
20160916 -52212.50
20160919 -52406.25
20160920 -52068.75
20160921 -52200.00
20160922 -52656.25
20160923 -51956.25
20160926 -51993.75
20160927 -52343.75
20160928 -52350.00
20160929 -51993.75
20160930 -52056.25
20161003 -51293.75
20161004 -50475.00
20161005 -50600.00
20161006 -49681.25
20161007 -48606.25
20161010 -48081.25
20161011 -46743.75
20161012 -47137.50
20161013 -47506.25
20161014 -47056.25
20161017 -47437.50
20161018 -47812.50
20161019 -47531.25
20161020 -46868.75
20161021 -46081.25
20161024 -46081.25
20161025 -46018.75
20161026 -46462.50
20161027 -46068.75
20161028 -47131.25
20161031 -47268.75
20161101 -48481.25
20161102 -49143.75
20161103 -50312.50
20161104 -50787.50
20161107 -49100.00
20161108 -48956.25
20161109 -47975.00
20161110 -48775.00
20161111 -48556.25
20161114 -44456.25
20161115 -43381.25
20161116 -42925.00
20161117 -41275.00
20161118 -39856.25
20161121 -40200.00
20161122 -39931.25
20161123 -37681.25
20161125 -37718.75
20161128 -38400.00
20161129 -39593.75
20161130 -36981.25
20161201 -38318.75
20161202 -39562.50
20161205 -40612.50
20161206 -39625.00
20161207 -40362.50
20161208 -38356.25
20161209 -36487.50
20161212 -37537.50
20161213 -37268.75
20161214 -36450.00
20161215 -32306.25
20161216 -32275.00
20161219 -32600.00
20161220 -31931.25
20161221 -32575.00
20161222 -32650.00
20161223 -33156.25
20161227 -33075.00
20161228 -32781.25
20161229 -33993.75
20161230 -34612.50
20170103 -32100.00
20170104 -32787.50
20170105 -36162.50
20170106 -34068.75
20170109 -35525.00
20170110 -35531.25
20170111 -36050.00
20170112 -37325.00
20170113 -37725.00
20170117 -40293.75
20170118 -38837.50
20170119 -37575.00
20170120 -38662.50
20170123 -40368.75
20170124 -39206.25
20170125 -39693.75
20170126 -38425.00
20170127 -37743.75
20170130 -38962.50
20170131 -41275.00
20170201 -40956.25
20170202 -41256.25
20170203 -41031.25
20170206 -42175.00
20170207 -41806.25
20170208 -41868.75
20170209 -40662.50
20170210 -40562.50
20170213 -40331.25
20170214 -39793.75
20170215 -39712.50
20170216 -40812.50
20170217 -40987.50
20170221 -40362.50
20170222 -40800.00
20170223 -41156.25
20170224 -41918.75
20170227 -41756.25
20170228 -41756.25
20170301 -41756.25
20170302 -41756.25
20170303 -41756.25
20170306 -41756.25
20170307 -41756.25
20170308 -41756.25
20170309 -41756.25
20170310 -41756.25
20170313 -41756.25
20170314 -41756.25
20170315 -41756.25
20170316 -41756.25
20170317 -41756.25
20170320 -41756.25
20170321 -41756.25
20170322 -41756.25
20170323 -41756.25
20170324 -41756.25
20170327 -41756.25
20170328 -42900.00
20170329 -43512.50
20170330 -44993.75
20170331 -44775.00
20170403 -44843.75
20170404 -44531.25
20170405 -44806.25
20170406 -44643.75
20170407 -45050.00
20170410 -44856.25
20170411 -43556.25
20170412 -43606.25
20170413 -42937.50
20170417 -42625.00
20170418 -42231.25
20170419 -42943.75
20170420 -43406.25
20170421 -43437.50
20170424 -44062.50
20170425 -45168.75
20170426 -45768.75
20170427 -45456.25
20170428 -45212.50
20170501 -45818.75
20170502 -45562.50
20170503 -46250.00
20170504 -45156.25
20170505 -44687.50
20170508 -45587.50
20170509 -46512.50
20170510 -46506.25
20170511 -46787.50
20170512 -46150.00
20170515 -45387.50
20170516 -43756.25
20170517 -42881.25
20170518 -43550.00
20170519 -41725.00
20170522 -41575.00
20170523 -42418.75
20170524 -42362.50
20170525 -42393.75
20170526 -43606.25
20170530 -43106.25
20170531 -42175.00
20170601 -42693.75
20170602 -41906.25
20170605 -41993.75
20170606 -41975.00
20170607 -41768.75
20170608 -42225.00
20170609 -43906.25
20170612 -43856.25
20170613 -43818.75
20170614 -43768.75
20170615 -44581.25
20170616 -44081.25
20170619 -44650.00
20170620 -44900.00
20170621 -44487.50
20170622 -44706.25
20170623 -44081.25
20170626 -44293.75
20170627 -42212.50
20170628 -41812.50
20170629 -41193.75
20170630 -41350.00
20170703 -42168.75
20170705 -42368.75
20170706 -41381.25
20170707 -41631.25
20170710 -41643.75
20170711 -40931.25
20170712 -42256.25
20170713 -42406.25
20170714 -42325.00
20170717 -42093.75
20170718 -41737.50
20170719 -42450.00
20170720 -40937.50
20170721 -41200.00
20170724 -41656.25
20170725 -41575.00
20170726 -40918.75
20170727 -41187.50
20170728 -40225.00
20170731 -39362.50
20170801 -39725.00
20170802 -38881.25
20170803 -39425.00
20170804 -41343.75
20170807 -41000.00
20170808 -41806.25
20170809 -41725.00
20170810 -41687.50
20170811 -40812.50
20170814 -41418.75
20170815 -42050.00
20170816 -41625.00
20170817 -41993.75
20170818 -41775.00
20170821 -41137.50
20170822 -41881.25
20170823 -41037.50
20170824 -41256.25
20170825 -40331.25
20170828 -39068.75
20170829 -38943.75
20170830 -40200.00
20170831 -40081.25
20170901 -40537.50
20170905 -39900.00
20170906 -40000.00
20170907 -38850.00
20170908 -38575.00
20170911 -40593.75
20170912 -41312.50
20170913 -43712.50
20170914 -41956.25
20170915 -40543.75
20170918 -40906.25
20170919 -40125.00
20170920 -41737.50
20170921 -40687.50
20170922 -40825.00
20170925 -42406.25
20170926 -43093.75
20170927 -43937.50
20170928 -43312.50
20170929 -43262.50
20171002 -44943.75
20171003 -45143.75
20171004 -44950.00
20171005 -46575.00
20171006 -46881.25
20171009 -46887.50
20171010 -46887.50
20171011 -46887.50
20171012 -46887.50
20171013 -46887.50
20171016 -46887.50
20171017 -46887.50
20171018 -46887.50
20171019 -46887.50
20171020 -46887.50
20171023 -46887.50
20171024 -46887.50
20171025 -46887.50
20171026 -46887.50
20171027 -46887.50
20171030 -46887.50
20171031 -46887.50
20171101 -46887.50
20171102 -46887.50
20171103 -46887.50
20171106 -46887.50
20171107 -46887.50
20171108 -46931.25
20171109 -47562.50
20171110 -47775.00
20171113 -47800.00
20171114 -49375.00
20171115 -49350.00
20171116 -49312.50
20171117 -49312.50
20171120 -49312.50
20171121 -49312.50
20171122 -49312.50
20171124 -49312.50
20171127 -49312.50
20171128 -49312.50
20171129 -49312.50
20171130 -49312.50
20171201 -49312.50
20171204 -49312.50
20171205 -49312.50
20171206 -49312.50
20171207 -49312.50
20171208 -49312.50
20171211 -49312.50
20171212 -49312.50
20171213 -49312.50
20171214 -49312.50
20171215 -49312.50
20171218 -49312.50
20171219 -49312.50
20171220 -49312.50
20171221 -49312.50
20171222 -49312.50
20171226 -49312.50
20171227 -49312.50
20171228 -49312.50
20171229 -49312.50
20180102 -49312.50
20180103 -49312.50
20180104 -49312.50
20180105 -49600.00
20180108 -50675.00
20180109 -51087.50
20180110 -50756.25
20180111 -49775.00
20180112 -47975.00
20180116 -46900.00
20180117 -47468.75
20180118 -47256.25
20180119 -47118.75
20180122 -46556.25
20180123 -45306.25
20180124 -41275.00
20180125 -42487.50
20180126 -41062.50
20180129 -42268.75
20180130 -41456.25
20180131 -41587.50
20180201 -40256.25
20180202 -42631.25
20180205 -43531.25
20180206 -43537.50
20180207 -45593.75
20180208 -44975.00
20180209 -45762.50
20180212 -45162.50
20180213 -42912.50
20180214 -40537.50
20180215 -38168.75
20180216 -39800.00
20180220 -42131.25
20180221 -43450.00
20180222 -41750.00
20180223 -42225.00
20180226 -42300.00
20180227 -44081.25
20180228 -44643.75
20180301 -43625.00
20180302 -41787.50
20180305 -42343.75
20180306 -41025.00
20180307 -40800.00
20180308 -42912.50
20180309 -43075.00
20180312 -42000.00
20180313 -41068.75
20180314 -40968.75
20180315 -42168.75
20180316 -42262.50
20180319 -40525.00
20180320 -42762.50
20180321 -40668.75
20180322 -40568.75
20180323 -38706.25
20180326 -37587.50
20180327 -39137.50
20180328 -42331.25
20180329 -42568.75
20180402 -41656.25
20180403 -42806.25
20180404 -42675.00
20180405 -44550.00
20180406 -43468.75
20180409 -43118.75
20180410 -43231.25
20180411 -43062.50
20180412 -43050.00
20180413 -43218.75
20180416 -42268.75
20180417 -42500.00
20180418 -43306.25
20180419 -44281.25
20180420 -44831.25
20180423 -45650.00
20180424 -45756.25
20180425 -45756.25
20180426 -45756.25
20180427 -45981.25
20180430 -45468.75
20180501 -44381.25
20180502 -44193.75
20180503 -44018.75
20180504 -43462.50
20180507 -43075.00
20180508 -42056.25
20180509 -42225.00
20180510 -42775.00
20180511 -43137.50
20180514 -43237.50
20180515 -41675.00
20180516 -40937.50
20180517 -40993.75
20180518 -40656.25
20180521 -39743.75
20180522 -39993.75
20180523 -39406.25
20180524 -40750.00
20180525 -39362.50
20180529 -38493.75
20180530 -39537.50
20180531 -40237.50
20180601 -39318.75
20180604 -39293.75
20180605 -39943.75
20180606 -40268.75
20180607 -41287.50
20180608 -40968.75
20180611 -40381.25
20180612 -39506.25
20180613 -39443.75
20180614 -36575.00
20180615 -36693.75
20180618 -36656.25
20180619 -36100.00
20180620 -35993.75
20180621 -37381.25
20180622 -37875.00
20180625 -38956.25
20180626 -37243.75
20180627 -35287.50
20180628 -34375.00
20180629 -36306.25
20180702 -35068.75
20180703 -36156.25
20180705 -36600.00
20180706 -37975.00
20180709 -37562.50
20180710 -37050.00
20180711 -34987.50
20180712 -34481.25
20180713 -34793.75
20180716 -35312.50
20180717 -33431.25
20180718 -32825.00
20180719 -32806.25
20180720 -35456.25
20180723 -34837.50
20180724 -35268.75
20180725 -36043.75
20180726 -34500.00
20180727 -34875.00
20180730 -35631.25
20180731 -34562.50
20180801 -34406.25
20180802 -32593.75
20180803 -32800.00
20180806 -31956.25
20180807 -32337.50
20180808 -32825.00
20180809 -31437.50
20180810 -29531.25
20180813 -29312.50
20180814 -27793.75
20180815 -28400.00
20180816 -28375.00
20180817 -29868.75
20180820 -30756.25
20180821 -33081.25
20180822 -33331.25
20180823 -32031.25
20180824 -33331.25
20180827 -34268.75
20180828 -34300.00
20180829 -35318.75
20180830 -35262.50
20180831 -34906.25
20180904 -34268.75
20180905 -34525.00
20180906 -34743.75
20180907 -34681.25
20180910 -35331.25
20180911 -35193.75
20180912 -35493.75
20180913 -35831.25
20180914 -35543.75
20180917 -35681.25
20180918 -35681.25
20180919 -35681.25
20180920 -35681.25
20180921 -35681.25
20180924 -35681.25
20180925 -35543.75
20180926 -35637.50
20180927 -35025.00
20180928 -34862.50
20181001 -34456.25
20181002 -34737.50
20181003 -34087.50
20181004 -34525.00
20181005 -34631.25
20181008 -35356.25
20181009 -35318.75
20181010 -35756.25
20181011 -36368.75
20181012 -36318.75
20181015 -36425.00
20181016 -36125.00
20181017 -35800.00
20181018 -36075.00
20181019 -35668.75
20181022 -35443.75
20181023 -35768.75
20181024 -35800.00
20181025 -35150.00
20181026 -36487.50
20181029 -36293.75
20181030 -35668.75
20181031 -35687.50
20181101 -38362.50
20181102 -37706.25
20181105 -38493.75
20181106 -38406.25
20181107 -38931.25
20181108 -37650.00
20181109 -37637.50
20181112 -36375.00
20181113 -36706.25
20181114 -37906.25
20181115 -37912.50
20181116 -39406.25
20181119 -40193.75
20181120 -38868.75
20181121 -38781.25
20181123 -38306.25
20181126 -37406.25
20181127 -36825.00
20181128 -38062.50
20181129 -38281.25
20181130 -37087.50
20181203 -37406.25
20181204 -38231.25
20181205 -37825.00
20181206 -38725.00
20181207 -39325.00
20181210 -37862.50
20181211 -37093.75
20181212 -38400.00
20181213 -38031.25
20181214 -37068.75
20181217 -38481.25
20181218 -38781.25
20181219 -39075.00
20181220 -40543.75
20181221 -38962.50
20181224 -39987.50
20181226 -38793.75
20181227 -39943.75
20181228 -40081.25
20181231 -40481.25
20190102 -37806.25
20190103 -36968.75
20190104 -38556.25
20190107 -39850.00
20190108 -39087.50
20190109 -40462.50
20190110 -40456.25
20190111 -41175.00
20190114 -40987.50
20190115 -41481.25
20190116 -41843.75
20190117 -42243.75
20190118 -42800.00
20190122 -42293.75
20190123 -42631.25
20190124 -42762.50
20190125 -42712.50
20190128 -42425.00
20190129 -42356.25
20190130 -42006.25
20190131 -41981.25
20190201 -42656.25
20190204 -43087.50
20190205 -43156.25
20190206 -43162.50
20190207 -43050.00
20190208 -43000.00
20190211 -43643.75
20190212 -44468.75
20190213 -44187.50
20190214 -44693.75
20190215 -44612.50
20190219 -45156.25
20190220 -45275.00
20190221 -45056.25
20190222 -45075.00
20190225 -45393.75
20190226 -45781.25
20190227 -45125.00
20190228 -45468.75
20190301 -45675.00
20190304 -45456.25
20190305 -45106.25
20190306 -45137.50
20190307 -44168.75
20190308 -45293.75
20190311 -44387.50
20190312 -45525.00
20190313 -45075.00
20190314 -44581.25
20190315 -44525.00
20190318 -44918.75
20190319 -45012.50
20190320 -46331.25
20190321 -47231.25
20190322 -46400.00
20190325 -46562.50
20190326 -46325.00
20190327 -46056.25
20190328 -47362.50
20190329 -47550.00
20190401 -47425.00
20190402 -47231.25
20190403 -47737.50
20190404 -47462.50
20190405 -47418.75
20190408 -47968.75
20190409 -48018.75
20190410 -48056.25
20190411 -47825.00
20190412 -48325.00
20190415 -48406.25
20190416 -48200.00
20190417 -48281.25
20190418 -47400.00
20190422 -47768.75
20190423 -47212.50
20190424 -46275.00
20190425 -46068.75
20190426 -46375.00
20190429 -46725.00
20190430 -47193.75
20190501 -46868.75
20190502 -46556.25
20190503 -46800.00
20190506 -46906.25
20190507 -46612.50
20190508 -46725.00
20190509 -47100.00
20190510 -47175.00
20190513 -47162.50
20190514 -46850.00
20190515 -46793.75
20190516 -46006.25
20190517 -45443.75
20190520 -45531.25
20190521 -45256.25
20190522 -45043.75
20190523 -45187.50
20190524 -45831.25
20190528 -44931.25
20190529 -44318.75
20190530 -44200.00
20190531 -44818.75
20190603 -45787.50
20190604 -46050.00
20190605 -45950.00
20190606 -46512.50
20190607 -46681.25
20190610 -46656.25
20190611 -46931.25
20190612 -46731.25
20190613 -46525.00
20190614 -46162.50
20190617 -45893.75
20190618 -45893.75
20190619 -46068.75
20190620 -45525.00
20190621 -45931.25
20190624 -45862.50
20190625 -45375.00
20190626 -46093.75
20190627 -45862.50
20190628 -46168.75
20190701 -46493.75
20190702 -45600.00
20190703 -45437.50
20190705 -45931.25
20190708 -46037.50
20190709 -45887.50
20190710 -45656.25
20190711 -45850.00
20190712 -45443.75
20190715 -45218.75
20190716 -44987.50
20190717 -44912.50
20190718 -44931.25
20190719 -44987.50
20190722 -44981.25
20190723 -45162.50
20190724 -45125.00
20190725 -45618.75
20190726 -44912.50
20190729 -44250.00
20190730 -43775.00
20190731 -42968.75
20190801 -42825.00
20190802 -43200.00
20190805 -44231.25
20190806 -45243.75
20190807 -44912.50
20190808 -44300.00
20190809 -43618.75
20190812 -43606.25
20190813 -44450.00
20190814 -43137.50
20190815 -43281.25
20190816 -43625.00
20190819 -43675.00
20190820 -43725.00
20190821 -43612.50
20190822 -44231.25
20190823 -43925.00
20190826 -43887.50
20190827 -43843.75
20190828 -43475.00
20190829 -43525.00
20190830 -42012.50
20190903 -41193.75
20190904 -43225.00
20190905 -44543.75
20190906 -44218.75
20190909 -45112.50
20190910 -45387.50
20190911 -44856.25
20190912 -45768.75
20190913 -46487.50
20190916 -45975.00
20190917 -46712.50
20190918 -46256.25
20190919 -46506.25
20190920 -45987.50
20190923 -45743.75
20190924 -46031.25
20190925 -45056.25
20190926 -44862.50
20190927 -44975.00
20190930 -44493.75
20191001 -44912.50
20191002 -45168.75
20191003 -45325.00
20191004 -45425.00
20191007 -45287.50
20191008 -45062.50
20191009 -45268.75
20191010 -45656.25
20191011 -46087.50
20191014 -45925.00
20191015 -45975.00
20191016 -45962.50
20191017 -46343.75
20191018 -46375.00
20191021 -46268.75
20191022 -46812.50
20191023 -46668.75
20191024 -46931.25
20191025 -47162.50
20191028 -47000.00
20191029 -46981.25
20191030 -46800.00
20191031 -46493.75
20191101 -46525.00
20191104 -46875.00
20191105 -46856.25
20191106 -47050.00
20191107 -47256.25
20191108 -47493.75
20191111 -47056.25
20191112 -47037.50
20191113 -47156.25
20191114 -46931.25
20191115 -46762.50
20191118 -46443.75
20191119 -46718.75
20191120 -46656.25
20191121 -46781.25
20191122 -47231.25
20191125 -46775.00
20191126 -46993.75
20191127 -46712.50
20191129 -46618.75
20191202 -46543.75
20191203 -46243.75
20191204 -45581.25
20191205 -45193.75
20191206 -45343.75
20191209 -45275.00
20191210 -44912.50
20191211 -44906.25
20191212 -45343.75
20191213 -44100.00
20191216 -44031.25
20191217 -45475.00
20191218 -45687.50
20191219 -46150.00
20191220 -46137.50
20191223 -46618.75
20191224 -46443.75
20191226 -46200.00
20191227 -45681.25
20191230 -45568.75
20191231 -44637.50
20200102 -46112.50
20200103 -46437.50
20200106 -45618.75
20200107 -46481.25
20200108 -47043.75
20200109 -47481.25
20200110 -47456.25
20200113 -47831.25
20200114 -47668.75
20200115 -47675.00
20200116 -47425.00
20200117 -47756.25
20200121 -47912.50
20200122 -47281.25
20200123 -47743.75
20200124 -48268.75
20200127 -48812.50
20200128 -48818.75
20200129 -48825.00
20200130 -48837.50
20200131 -50087.50
20200203 -49900.00
20200204 -49618.75
20200205 -49031.25
20200206 -48762.50
20200207 -48650.00
20200210 -48281.25
20200211 -48312.50
20200212 -47262.50
20200213 -47200.00
20200214 -47193.75
20200218 -46481.25
20200219 -44756.25
20200220 -44143.75
20200221 -45431.25
20200224 -46100.00
20200225 -47250.00
20200226 -47331.25
20200227 -48681.25
20200228 -51425.00
20200302 -53725.00
20200303 -53806.25
20200304 -54150.00
20200305 -54637.50
20200306 -54012.50
20200309 -50843.75
20200310 -56300.00
20200311 -55925.00
20200312 -57987.50
20200313 -59550.00
20200316 -56875.00
20200317 -58056.25
20200318 -54943.75
20200319 -55037.50
20200320 -54912.50
20200323 -55631.25
20200324 -57406.25
20200325 -59525.00
20200326 -63400.00
20200327 -66437.50
20200330 -66037.50
20200331 -66362.50
20200401 -65912.50
20200402 -66037.50
20200403 -65275.00
20200406 -65456.25
20200407 -65687.50
20200408 -66012.50
20200409 -66356.25
20200413 -66868.75
20200414 -67468.75
20200415 -66987.50
20200416 -66400.00
20200417 -66593.75
20200420 -66312.50
20200421 -65287.50
20200422 -65525.00
20200423 -65750.00
20200424 -65731.25
20200427 -66168.75
20200428 -66237.50
20200429 -66350.00
20200430 -67275.00
20200501 -66562.50
20200504 -66275.00
20200505 -66356.25
20200506 -65681.25
20200507 -65756.25
20200508 -66087.50
20200511 -65587.50
20200512 -65275.00
20200513 -64893.75
20200514 -64737.50
20200515 -64250.00
20200518 -64718.75
20200519 -65275.00
20200520 -64956.25
20200521 -64987.50
20200522 -64575.00
20200526 -65656.25
20200527 -65112.50
20200528 -65662.50
20200529 -65550.00
20200601 -66612.50
20200602 -66687.50
20200603 -66687.50
20200604 -66687.50
20200605 -67225.00
20200608 -67087.50
20200609 -66581.25
20200610 -65987.50
20200611 -67156.25
20200612 -68025.00
20200615 -66956.25
20200616 -67518.75
20200617 -68037.50
20200618 -68331.25
20200619 -68618.75
20200622 -67687.50
20200623 -67050.00
20200624 -67712.50
20200625 -68262.50
20200626 -68131.25
20200629 -68037.50
20200630 -68043.75
20200701 -67918.75
20200702 -68143.75
20200706 -67043.75
20200707 -67418.75
20200708 -66800.00
20200709 -67306.25
20200710 -67268.75
20200713 -66587.50
20200714 -66087.50
20200715 -65943.75
20200716 -66306.25
20200717 -65562.50
20200720 -65518.75
20200721 -64406.25
20200722 -63868.75
20200723 -63350.00
20200724 -62700.00
20200727 -60043.75
20200728 -59606.25
20200729 -58931.25
20200730 -57056.25
20200731 -58587.50
20200803 -59387.50
20200804 -59006.25
20200805 -57481.25
20200806 -57056.25
20200807 -59231.25
20200810 -59625.00
20200811 -60431.25
20200812 -60400.00
20200813 -60187.50
20200814 -59462.50
20200817 -59056.25
20200818 -57256.25
20200819 -59106.25
20200820 -58543.75
20200821 -60093.75
20200824 -60262.50
20200825 -59206.25
20200826 -59156.25
20200827 -58968.75
20200828 -57275.00
20200831 -56493.75
20200901 -56787.50
20200902 -58237.50
20200903 -58175.00
20200904 -58118.75
20200908 -60875.00
20200909 -60537.50
20200910 -61506.25
20200911 -61518.75
20200914 -61181.25
20200915 -61337.50
20200916 -62031.25
20200917 -61531.25
20200918 -61131.25
20200921 -62643.75
20200922 -63418.75
20200923 -64587.50
20200924 -64500.00
20200925 -65256.25
20200928 -64637.50
20200929 -63912.50
20200930 -63962.50
20201001 -63693.75
20201002 -63918.75
20201005 -63518.75
20201006 -63625.00
20201007 -63987.50
20201008 -64100.00
20201009 -62825.00
20201012 -62700.00
20201013 -63681.25
20201014 -63168.75
20201015 -64243.75
20201016 -64143.75
20201019 -64193.75
20201020 -64212.50
20201021 -63181.25
20201022 -63550.00
20201023 -63406.25
20201026 -63543.75
20201027 -63118.75
20201028 -62950.00
20201029 -63325.00
20201030 -63350.00
20201102 -63518.75
20201103 -63256.25
20201104 -63093.75
20201105 -62000.00
20201106 -61675.00
20201109 -64206.25
20201110 -64125.00
20201111 -64125.00
20201112 -64125.00
20201113 -64125.00
20201116 -64125.00
20201117 -64125.00
20201118 -64125.00
20201119 -64075.00
20201120 -64112.50
20201123 -64887.50
20201124 -64962.50
20201125 -64806.25
20201127 -64356.25
20201130 -64706.25
20201201 -64793.75
20201202 -64643.75
20201203 -63437.50
20201204 -63650.00
20201207 -63731.25
20201208 -64118.75
20201209 -64637.50
20201210 -63843.75
20201211 -63900.00
20201214 -63562.50
20201215 -62993.75
20201216 -62818.75
20201217 -60975.00
20201218 -61962.50
20201221 -62150.00
20201222 -64262.50
20201223 -63250.00
20201224 -62943.75
20201228 -63487.50
20201229 -62287.50
20201230 -60906.25
20201231 -61468.75
20210104 -61500.00
20210105 -59925.00
20210106 -60612.50
20210107 -62181.25
20210108 -62943.75
20210111 -64125.00
20210112 -62943.75
20210113 -63737.50
20210114 -63412.50
20210115 -65025.00
20210119 -64100.00
20210120 -64262.50
20210121 -63137.50
20210122 -63287.50
20210125 -63775.00
20210126 -63025.00
20210127 -64118.75
20210128 -63387.50
20210129 -63643.75
20210201 -64650.00
20210202 -65350.00
20210203 -65256.25
20210204 -65056.25
20210205 -64812.50
20210208 -64962.50
20210209 -65306.25
20210210 -65006.25
20210211 -65106.25
20210212 -64581.25
20210216 -63150.00
20210217 -63450.00
20210218 -62975.00
20210219 -62962.50
20210222 -63100.00
20210223 -62562.50
20210224 -61768.75
20210225 -62018.75
20210226 -62112.50
20210301 -62075.00
20210302 -61862.50
20210303 -61668.75
20210304 -61081.25
20210305 -60912.50
20210308 -60375.00
20210309 -60431.25
20210310 -60287.50
20210311 -59875.00
20210312 -59631.25
20210315 -59750.00
20210316 -59875.00
20210317 -59712.50
20210318 -59656.25
20210319 -60137.50
20210322 -60275.00
20210323 -60987.50
20210324 -61118.75
20210325 -60225.00
20210326 -59800.00
20210329 -59331.25
20210330 -58193.75
20210331 -57856.25
20210401 -58562.50
20210405 -59543.75
20210406 -60587.50
20210407 -60581.25
20210408 -61775.00
20210409 -61181.25
20210412 -61443.75
20210413 -62318.75
20210414 -62768.75
20210415 -63100.00
20210416 -63000.00
20210419 -64481.25
20210420 -64356.25
20210421 -64556.25
20210422 -64556.25
20210423 -64731.25
20210426 -64531.25
20210427 -63856.25
20210428 -63925.00
20210429 -63718.75
20210430 -63262.50
20210503 -63468.75
20210504 -63268.75
20210505 -63312.50
20210506 -63537.50
20210507 -63981.25
20210510 -63768.75
20210511 -63706.25
20210512 -63325.00
20210513 -63575.00
20210514 -63318.75
20210517 -63225.00
20210518 -63262.50
20210519 -63443.75
20210520 -63350.00
20210521 -63425.00
20210524 -63556.25
20210525 -63687.50
20210526 -63400.00
20210527 -62156.25
20210528 -62262.50
20210601 -62875.00
20210602 -62662.50
20210603 -62343.75
20210604 -62750.00
20210607 -62893.75
20210608 -62775.00
20210609 -62981.25
20210610 -62781.25
20210611 -62887.50
20210614 -62456.25
20210615 -62637.50
20210616 -62731.25
20210617 -63468.75
20210618 -63681.25
20210621 -63543.75
20210622 -63187.50
20210623 -62831.25
20210624 -62943.75
20210625 -62962.50
20210628 -63268.75
20210629 -63306.25
20210630 -62700.00
20210701 -62156.25
20210702 -62562.50
20210706 -63168.75
20210707 -63175.00
20210708 -64006.25
20210709 -63643.75
20210712 -63468.75
20210713 -63187.50
20210714 -63793.75
20210715 -63987.50
20210716 -63725.00
20210719 -64343.75
20210720 -64462.50
20210721 -64462.50
20210722 -64462.50
20210723 -64462.50
20210726 -64462.50
20210727 -64462.50
20210728 -64462.50
20210729 -64462.50
20210730 -64462.50
20210802 -64462.50
20210803 -64462.50
20210804 -64462.50
20210805 -64462.50
20210806 -64462.50
20210809 -64462.50
20210810 -64462.50
20210811 -64462.50
20210812 -64462.50
20210813 -64462.50
20210816 -64462.50
20210817 -64462.50
20210818 -64462.50
20210819 -64462.50
20210820 -64462.50
20210823 -64462.50
20210824 -64462.50
20210825 -64462.50
20210826 -64462.50
20210827 -64462.50
20210830 -64462.50
20210831 -64462.50
20210901 -64462.50
20210902 -64462.50
20210903 -64462.50
20210907 -64462.50
20210908 -64462.50
20210909 -64462.50
20210910 -64462.50
20210913 -64462.50
20210914 -64462.50
20210915 -64462.50
20210916 -64462.50
20210917 -64462.50
20210920 -64462.50
20210921 -64462.50
20210922 -64462.50
20210923 -64462.50
20210924 -64462.50
20210927 -64462.50
20210928 -63850.00
20210929 -62818.75
20210930 -63493.75
20211001 -64506.25
20211004 -65368.75
20211005 -64531.25
20211006 -63687.50
20211007 -63756.25
20211008 -63493.75
20211011 -62075.00
20211012 -61293.75
20211013 -62631.25
20211014 -62718.75
20211015 -62625.00
20211018 -62793.75
20211019 -63106.25
20211020 -63418.75
20211021 -63256.25
20211022 -63906.25
20211025 -63325.00
20211026 -62687.50
20211027 -63218.75
20211028 -64462.50
20211029 -62425.00
20211101 -62968.75
20211102 -62675.00
20211103 -63075.00
20211104 -62512.50
20211105 -62687.50
20211108 -63800.00
20211109 -64287.50
20211110 -61006.25
20211111 -59943.75
20211112 -60381.25
20211115 -59593.75
20211116 -58156.25
20211117 -59031.25
20211118 -59668.75
20211119 -58631.25
20211122 -56562.50
20211123 -56643.75
20211124 -55256.25
20211126 -58881.25
20211129 -57643.75
20211130 -58812.50
20211201 -59037.50
20211202 -58506.25
20211203 -58800.00
20211206 -57718.75
20211207 -57237.50
20211208 -58243.75
20211209 -57487.50
20211210 -58137.50
20211213 -57531.25
20211214 -56912.50
20211215 -56912.50
20211216 -58437.50
20211217 -57043.75
20211220 -56943.75
20211221 -57000.00
20211222 -58181.25
20211223 -58350.00
20211227 -57875.00
20211228 -57550.00
20211229 -58318.75
20211230 -58106.25
20211231 -59025.00
20220103 -57681.25
20220104 -56806.25
20220105 -57056.25
20220106 -56950.00
20220107 -58275.00
20220110 -58100.00
20220111 -58525.00
20220112 -60443.75
20220113 -60887.50
20220114 -60831.25
20220118 -60875.00
20220119 -60875.00
20220120 -60875.00
20220121 -60875.00
20220124 -60875.00
20220125 -60875.00
20220126 -60875.00
20220127 -60875.00
20220128 -60875.00
20220131 -60875.00
20220201 -60875.00
20220202 -60875.00
20220203 -60875.00
20220204 -60875.00
20220207 -60875.00
20220208 -60875.00
20220209 -60875.00
20220210 -60875.00
20220211 -60875.00
20220214 -60875.00
20220215 -60875.00
20220216 -60875.00
20220217 -60875.00
20220218 -60875.00
20220222 -60875.00
20220223 -60875.00
20220224 -60875.00
20220225 -60875.00
20220228 -60875.00
20220301 -60875.00
20220302 -60893.75
20220303 -60068.75
20220304 -58231.25
20220307 -57431.25
20220308 -58181.25
20220309 -60768.75
20220310 -59100.00
20220311 -57743.75
20220314 -57581.25
20220315 -57256.25
20220316 -58225.00
20220317 -59725.00
20220318 -58800.00
20220321 -57906.25
20220322 -57487.50
20220323 -56681.25
20220324 -55468.75
20220325 -55418.75
20220328 -53750.00
20220329 -55475.00
20220330 -57593.75
20220331 -56525.00
