-----------------------------------------
Sys Name : TF-BollPdigm
Mkt Symb : CL Mkt Name : Crude
20100113       L-Sys2  1 125.14000       0.00       0.00
20100126        Lxit2  1 119.14000   -6050.00   -6050.00
20100202       S-Sys2  1 122.37000       0.00       0.00
20100204  LiqShortPos  1 118.64000    3680.00   -2370.00
20100204       L-Sys2  1 118.64000       0.00       0.00
20100216   LiqLongPos  1 121.35000    2660.00     290.00
20100216       S-Sys2  1 121.35000       0.00       0.00
20100315  LiqShortPos  1 124.64000   -3340.00   -3050.00
20100315       L-Sys2  1 124.64000       0.00       0.00
20100316   LiqLongPos  1 126.79000    2100.00    -950.00
20100316       S-Sys2  1 126.79000       0.00       0.00
20100319  LiqShortPos  1 125.66000    1080.00     130.00
20100319       L-Sys2  1 125.66000       0.00       0.00
20100329   LiqLongPos  1 126.90000    1190.00    1320.00
20100329       S-Sys2  1 126.90000       0.00       0.00
20100413  LiqShortPos  1 127.56000    -710.00     610.00
20100413       L-Sys2  1 127.56000       0.00       0.00
20100414   LiqLongPos  1 130.72000    3110.00    3720.00
20100414       S-Sys2  1 130.72000       0.00       0.00
20100416  LiqShortPos  1 128.96000    1710.00    5430.00
20100416       L-Sys2  1 128.96000       0.00       0.00
20100429   LiqLongPos  1 128.38000    -630.00    4800.00
20100429       S-Sys2  1 128.38000       0.00       0.00
20100504  LiqShortPos  1 126.14000    2190.00    6990.00
20100504       L-Sys2  1 126.14000       0.00       0.00
20100506        Lxit2  1 119.99000   -6200.00     790.00
20100517       S-Sys1  1 114.81000       0.00       0.00
20100728  LiqShortPos  1 114.87000    -110.00     680.00
20100728       L-Sys2  1 114.87000       0.00       0.00
20100729   LiqLongPos  1 116.98000    2060.00    2740.00
20100729       S-Sys2  1 116.98000       0.00       0.00
20100811  LiqShortPos  1 116.92000      10.00    2750.00
20100811       L-Sys2  1 116.92000       0.00       0.00
20100823        Lxit2  1 110.79000   -6180.00   -3430.00
20101021       L-Sys2  1 117.53000       0.00       0.00
20101101   LiqLongPos  1 118.94000    1360.00   -2070.00
20101101       S-Sys2  1 118.94000       0.00       0.00
20101116  LiqShortPos  1 120.52000   -1630.00   -3700.00
20101116       L-Sys2  1 120.52000       0.00       0.00
20101129   LiqLongPos  1 119.95000    -620.00   -4320.00
20101129       S-Sys2  1 119.95000       0.00       0.00
20101207        Sxit2  1 126.06000   -6160.00  -10480.00
20101208       S-Sys2  1 124.19000       0.00       0.00
20101215        Sxit3  1 122.93000    1210.00   -9270.00
20110111       S-Sys2  1 126.02000       0.00       0.00
20110120  LiqShortPos  1 123.67000    2300.00   -6970.00
20110120       L-Sys2  1 123.67000       0.00       0.00
20110131   LiqLongPos  1 125.34000    1620.00   -5350.00
20110131       S-Sys2  1 125.34000       0.00       0.00
20110208  LiqShortPos  1 120.44000    4850.00    -500.00
20110208       L-Sys2  1 120.44000       0.00       0.00
20110218        Lxit3  1 121.42000     930.00     430.00
20110224       L-Sys1  1 129.17000       0.00       0.00
20110506        Lxit1  1 128.62000    -600.00    -170.00
20110620       S-Sys1  1 121.18000       0.00       0.00
20110728  LiqShortPos  1 124.46000   -3330.00   -3500.00
20110728       L-Sys2  1 124.46000       0.00       0.00
20110804        Lxit2  1 116.07000   -8440.00  -11940.00
20110805       S-Sys1  1 114.19000       0.00       0.00
20111025        Sxit1  1 118.84000   -4700.00  -16640.00
20111117       L-Sys1  1 128.88000       0.00       0.00
20120131   LiqLongPos  1 127.26000   -1670.00  -18310.00
20120131       S-Sys2  1 127.26000       0.00       0.00
20120206  LiqShortPos  1 124.29000    2920.00  -15390.00
20120206       L-Sys2  1 124.29000       0.00       0.00
20120208   LiqLongPos  1 126.19000    1850.00  -13540.00
20120208       S-Sys2  1 126.19000       0.00       0.00
20120222        Sxit2  1 133.11000   -6970.00  -20510.00
20120227       L-Sys1  1 136.06000       0.00       0.00
20120405        Lxit1  1 127.83000   -8280.00  -28790.00
20120409       L-Sys2  1 128.40000       0.00       0.00
20120417   LiqLongPos  1 130.04000    1590.00  -27200.00
20120417       S-Sys2  1 130.04000       0.00       0.00
20120419  LiqShortPos  1 127.65000    2340.00  -24860.00
20120419       L-Sys2  1 127.65000       0.00       0.00
20120420   LiqLongPos  1 129.53000    1830.00  -23030.00
20120420       S-Sys2  1 129.53000       0.00       0.00
20120423  LiqShortPos  1 127.82000    1660.00  -21370.00
20120423       L-Sys2  1 127.82000       0.00       0.00
20120425   LiqLongPos  1 129.49000    1620.00  -19750.00
20120425       S-Sys2  1 129.49000       0.00       0.00
20120503  LiqShortPos  1 128.68000     760.00  -18990.00
20120503       L-Sys2  1 128.68000       0.00       0.00
20120507        Lxit2  1 122.35000   -6380.00  -25370.00
20120510       S-Sys1  1 121.87000       0.00       0.00
20120807        Sxit1  1 116.52000    5300.00  -20070.00
20121025       S-Sys1  1 109.05000       0.00       0.00
20121206  LiqShortPos  1 110.12000   -1120.00  -21190.00
20121206       L-Sys2  1 110.12000       0.00       0.00
20121218   LiqLongPos  1 110.59000     420.00  -20770.00
20121218       S-Sys2  1 110.59000       0.00       0.00
20130102        Sxit2  1 115.64000   -5100.00  -25870.00
20130123       L-Sys1  1 118.81000       0.00       0.00
20130301        Lxit1  1 113.26000   -5600.00  -31470.00
20130404       L-Sys2  1 115.10000       0.00       0.00
20130415        Lxit2  1 110.26000   -4890.00  -36360.00
20130416       S-Sys1  1 108.55000       0.00       0.00
20130506        Sxit1  1 116.42000   -7920.00  -44280.00
20130517       S-Sys2  1 117.20000       0.00       0.00
20130522  LiqShortPos  1 115.58000    1570.00  -42710.00
20130522       L-Sys2  1 115.58000       0.00       0.00
20130606   LiqLongPos  1 115.07000    -560.00  -43270.00
20130606       S-Sys2  1 115.07000       0.00       0.00
20130620  LiqShortPos  1 115.92000    -900.00  -44170.00
20130620       L-Sys2  1 115.92000       0.00       0.00
20130701   LiqLongPos  1 118.31000    2340.00  -41830.00
20130701       S-Sys2  1 118.31000       0.00       0.00
20130709        Sxit2  1 124.53000   -6270.00  -48100.00
20130712       L-Sys1  1 124.86000       0.00       0.00
20130926        Lxit1  1 123.45000   -1460.00  -49560.00
20130930       L-Sys2  1 123.61000       0.00       0.00
20131004   LiqLongPos  1 125.15000    1490.00  -48070.00
20131004       S-Sys2  1 125.15000       0.00       0.00
20131007  LiqShortPos  1 123.59000    1510.00  -46560.00
20131007       L-Sys2  1 123.59000       0.00       0.00
20131008   LiqLongPos  1 124.81000    1170.00  -45390.00
20131008       S-Sys2  1 124.81000       0.00       0.00
20131009  LiqShortPos  1 123.57000    1190.00  -44200.00
20131009       L-Sys2  1 123.57000       0.00       0.00
20131023        Lxit2  1 117.95000   -5670.00  -49870.00
20131025       S-Sys1  1 118.14000       0.00       0.00
20131230        Sxit1  1 120.16000   -2070.00  -51940.00
20140206       S-Sys2  1 117.68000       0.00       0.00
20140218        Sxit2  1 122.36000   -4730.00  -56670.00
20140219       L-Sys1  1 122.77000       0.00       0.00
20140326   LiqLongPos  1 120.48000   -2340.00  -59010.00
20140326       S-Sys2  1 120.48000       0.00       0.00
20140402  LiqShortPos  1 120.05000     380.00  -58630.00
20140402       L-Sys2  1 120.05000       0.00       0.00
20140404   LiqLongPos  1 122.22000    2120.00  -56510.00
20140404       S-Sys2  1 122.22000       0.00       0.00
20140423        Sxit3  1 123.81000   -1640.00  -58150.00
20140425       L-Sys2  1 123.85000       0.00       0.00
20140509   LiqLongPos  1 122.79000   -1110.00  -59260.00
20140509       S-Sys2  1 122.79000       0.00       0.00
20140523        Sxit2  1 126.58000   -3840.00  -63100.00
20140613       L-Sys1  1 129.16000       0.00       0.00
20140714        Lxit1  1 123.27000   -5940.00  -69040.00
20140815       S-Sys1  1 119.49000       0.00       0.00
20150408        Sxit1  1  77.67000   41770.00  -27270.00
20150501       L-Sys1  1  82.88000       0.00       0.00
20150702        Lxit1  1  78.59000   -4340.00  -31610.00
20150721       S-Sys1  1  71.65000       0.00       0.00
20151009        Sxit1  1  70.25000    1350.00  -30260.00
20151019       L-Sys2  1  66.87000       0.00       0.00
20151030   LiqLongPos  1  66.78000    -140.00  -30400.00
20151030       S-Sys2  1  66.78000       0.00       0.00
20151106  LiqShortPos  1  64.23000    2500.00  -27900.00
20151106       L-Sys2  1  64.23000       0.00       0.00
20151125        Lxit3  1  62.07000   -2210.00  -30110.00
20151203       S-Sys1  1  59.11000       0.00       0.00
20160310        Sxit1  1  52.77000    6290.00  -23820.00
20160408       S-Sys2  1  52.17000       0.00       0.00
20160427        Sxit2  1  57.40000   -5280.00  -29100.00
20160505       S-Sys2  1  57.26000       0.00       0.00
20160509  LiqShortPos  1  55.24000    1970.00  -27130.00
20160509       L-Sys2  1  55.24000       0.00       0.00
20160511   LiqLongPos  1  57.35000    2060.00  -25070.00
20160511       S-Sys2  1  57.35000       0.00       0.00
20160517  LiqShortPos  1  59.69000   -2390.00  -27460.00
20160517       L-Sys1  1  59.69000       0.00       0.00
20160708        Lxit1  1  55.77000   -3970.00  -31430.00
20160719       L-Sys2  1  55.44000       0.00       0.00
20160729   LiqLongPos  1  51.00000   -4490.00  -35920.00
20160729       S-Sys1  1  51.00000       0.00       0.00
20160819        Sxit1  1  58.10000   -7150.00  -43070.00
20160908       S-Sys2  1  56.39000       0.00       0.00
20160914  LiqShortPos  1  53.27000    3070.00  -40000.00
20160914       L-Sys2  1  53.27000       0.00       0.00
20160926   LiqLongPos  1  54.52000    1200.00  -38800.00
20160926       S-Sys2  1  54.52000       0.00       0.00
20161010        Sxit2  1  59.42000   -4950.00  -43750.00
20161014       S-Sys2  1  59.40000       0.00       0.00
20161021        Sxit3  1  58.45000     900.00  -42850.00
20161028       L-Sys2  1  57.72000       0.00       0.00
20161102        Lxit2  1  53.31000   -4460.00  -47310.00
20170106       S-Sys2  1  60.45000       0.00       0.00
20170109  LiqShortPos  1  59.42000     980.00  -46330.00
20170109       L-Sys2  1  59.42000       0.00       0.00
20170124   LiqLongPos  1  59.18000    -290.00  -46620.00
20170124       S-Sys2  1  59.18000       0.00       0.00
20170131  LiqShortPos  1  58.03000    1100.00  -45520.00
20170131       L-Sys2  1  58.03000       0.00       0.00
20170201   LiqLongPos  1  59.12000    1040.00  -44480.00
20170201       S-Sys2  1  59.12000       0.00       0.00
20170207  LiqShortPos  1  58.51000     560.00  -43920.00
20170207       L-Sys2  1  58.51000       0.00       0.00
20170210   LiqLongPos  1  59.36000     800.00  -43120.00
20170210       S-Sys2  1  59.36000       0.00       0.00
20170228  LiqShortPos  1  58.83000     480.00  -42640.00
20170228       L-Sys2  1  58.83000       0.00       0.00
20170301   LiqLongPos  1  59.61000     730.00  -41910.00
20170301       S-Sys2  1  59.61000       0.00       0.00
20170302  LiqShortPos  1  59.00000     560.00  -41350.00
20170302       L-Sys2  1  59.00000       0.00       0.00
20170308        Lxit2  1  55.76000   -3290.00  -44640.00
20170316       S-Sys1  1  54.35000       0.00       0.00
20170411        Sxit1  1  57.98000   -3680.00  -48320.00
20170505       S-Sys1  1  49.90000       0.00       0.00
20170727        Sxit1  1  52.32000   -2470.00  -50790.00
20170821       L-Sys2  1  50.93000       0.00       0.00
20170905   LiqLongPos  1  51.47000     490.00  -50300.00
20170905       S-Sys2  1  51.47000       0.00       0.00
20170925        Sxit2  1  55.01000   -3590.00  -53890.00
20171030       L-Sys1  1  56.85000       0.00       0.00
20180309        Lxit1  1  62.95000    6050.00  -47840.00
20180406       L-Sys2  1  65.98000       0.00       0.00
20180410   LiqLongPos  1  67.62000    1590.00  -46250.00
20180410       S-Sys2  1  67.62000       0.00       0.00
20180419  LiqShortPos  1  71.36000   -3790.00  -50040.00
20180419       L-Sys1  1  71.36000       0.00       0.00
20180605        Lxit1  1  67.49000   -3920.00  -53960.00
20180629       L-Sys1  1  76.09000       0.00       0.00
20180717        Lxit1  1  70.79000   -5350.00  -59310.00
20180726       S-Sys2  1  73.06000       0.00       0.00
20180801  LiqShortPos  1  71.63000    1380.00  -57930.00
20180801       L-Sys2  1  71.63000       0.00       0.00
20180806   LiqLongPos  1  73.23000    1550.00  -56380.00
20180806       S-Sys2  1  73.23000       0.00       0.00
20180808  LiqShortPos  1  71.99000    1190.00  -55190.00
20180808       L-Sys2  1  71.99000       0.00       0.00
20180822   LiqLongPos  1  70.96000   -1080.00  -56270.00
20180822       S-Sys2  1  70.96000       0.00       0.00
20180904        Sxit2  1  75.43000   -4520.00  -60790.00
20180906       L-Sys2  1  72.42000       0.00       0.00
20180911   LiqLongPos  1  74.10000    1630.00  -59160.00
20180911       S-Sys2  1  74.10000       0.00       0.00
20181001        Sxit2  1  78.46000   -4410.00  -63570.00
20181002       L-Sys1  1  79.91000       0.00       0.00
20181019        Lxit1  1  73.30000   -6660.00  -70230.00
20181105       S-Sys1  1  67.53000       0.00       0.00
20190219        Sxit1  1  59.91000    7570.00  -62660.00
20190308       L-Sys2  1  59.21000       0.00       0.00
20190311   LiqLongPos  1  60.35000    1090.00  -61570.00
20190311       S-Sys2  1  60.35000       0.00       0.00
20190328  LiqShortPos  1  62.01000   -1710.00  -63280.00
20190328       L-Sys2  1  62.01000       0.00       0.00
20190329   LiqLongPos  1  63.06000    1000.00  -62280.00
20190329       S-Sys2  1  63.06000       0.00       0.00
20190408        Sxit2  1  67.08000   -4070.00  -66350.00
20190409       L-Sys1  1  67.55000       0.00       0.00
20190524        Lxit1  1  61.06000   -6540.00  -72890.00
20190604       S-Sys1  1  55.74000       0.00       0.00
20190711        Sxit1  1  63.05000   -7360.00  -80250.00
20190801       L-Sys2  1  58.02000       0.00       0.00
20190813        Lxit3  1  59.51000    1440.00  -78810.00
20190822       S-Sys2  1  58.90000       0.00       0.00
20190823  LiqShortPos  1  57.08000    1770.00  -77040.00
20190823       L-Sys2  1  57.08000       0.00       0.00
20190828   LiqLongPos  1  58.39000    1260.00  -75780.00
20190828       S-Sys2  1  58.39000       0.00       0.00
20190903  LiqShortPos  1  56.94000    1400.00  -74380.00
20190903       L-Sys2  1  56.94000       0.00       0.00
20190904   LiqLongPos  1  58.66000    1670.00  -72710.00
20190904       S-Sys2  1  58.66000       0.00       0.00
20190912  LiqShortPos  1  57.56000    1050.00  -71660.00
20190912       L-Sys2  1  57.56000       0.00       0.00
20190916   LiqLongPos  1  64.00000    6390.00  -65270.00
20190916       S-Sys2  1  64.00000       0.00       0.00
20190926  LiqShortPos  1  58.26000    5690.00  -59580.00
20190926       L-Sys2  1  58.26000       0.00       0.00
20191011   LiqLongPos  1  57.13000   -1180.00  -60760.00
20191011       S-Sys2  1  57.13000       0.00       0.00
20191015  LiqShortPos  1  55.17000    1910.00  -58850.00
20191015       L-Sys2  1  55.17000       0.00       0.00
20191017   LiqLongPos  1  56.58000    1360.00  -57490.00
20191017       S-Sys2  1  56.58000       0.00       0.00
20191031  LiqShortPos  1  56.68000    -150.00  -57640.00
20191031       L-Sys2  1  56.68000       0.00       0.00
20191101   LiqLongPos  1  58.87000    2140.00  -55500.00
20191101       S-Sys2  1  58.87000       0.00       0.00
20191115  LiqShortPos  1  59.11000    -290.00  -55790.00
20191115       L-Sys2  1  59.11000       0.00       0.00
20191121   LiqLongPos  1  60.19000    1030.00  -54760.00
20191121       S-Sys2  1  60.19000       0.00       0.00
20191129  LiqShortPos  1  59.10000    1040.00  -53720.00
20191129       L-Sys2  1  59.10000       0.00       0.00
20191204   LiqLongPos  1  60.90000    1750.00  -51970.00
20191204       S-Sys2  1  60.90000       0.00       0.00
20191230        Sxit2  1  64.87000   -4020.00  -55990.00
20200102       S-Sys2  1  64.22000       0.00       0.00
20200106  LiqShortPos  1  66.33000   -2160.00  -58150.00
20200106       L-Sys1  1  66.33000       0.00       0.00
20200123        Lxit1  1  58.72000   -7660.00  -65810.00
20200203       S-Sys1  1  53.62000       0.00       0.00
20200601        Sxit1  1  31.19000   22380.00  -43430.00
20200721       S-Sys2  1  36.72000       0.00       0.00
20200727  LiqShortPos  1  36.10000     570.00  -42860.00
20200727       L-Sys2  1  36.10000       0.00       0.00
20200728   LiqLongPos  1  37.28000    1130.00  -41730.00
20200728       S-Sys2  1  37.28000       0.00       0.00
20200730  LiqShortPos  1  36.42000     810.00  -40920.00
20200730       L-Sys2  1  36.42000       0.00       0.00
20200804   LiqLongPos  1  37.35000     880.00  -40040.00
20200804       S-Sys2  1  37.35000       0.00       0.00
20200820  LiqShortPos  1  37.21000      90.00  -39950.00
20200820       L-Sys2  1  37.21000       0.00       0.00
20200825   LiqLongPos  1  38.40000    1140.00  -38810.00
20200825       S-Sys2  1  38.40000       0.00       0.00
20200827  LiqShortPos  1  37.75000     600.00  -38210.00
20200827       L-Sys2  1  37.75000       0.00       0.00
20200828   LiqLongPos  1  38.61000     810.00  -37400.00
20200828       S-Sys2  1  38.61000       0.00       0.00
20200831  LiqShortPos  1  37.95000     610.00  -36790.00
20200831       L-Sys2  1  37.95000       0.00       0.00
20200901   LiqLongPos  1  38.57000     570.00  -36220.00
20200901       S-Sys2  1  38.57000       0.00       0.00
20200902  LiqShortPos  1  37.85000     670.00  -35550.00
20200902       L-Sys2  1  37.85000       0.00       0.00
20200908        Lxit2  1  34.01000   -3890.00  -39440.00
20201005       S-Sys1  1  32.04000       0.00       0.00
20201009        Sxit1  1  36.35000   -4360.00  -43800.00
20201019       S-Sys2  1  36.14000       0.00       0.00
20201021  LiqShortPos  1  35.06000    1030.00  -42770.00
20201021       L-Sys2  1  35.06000       0.00       0.00
20201029        Lxit2  1  30.24000   -4870.00  -47640.00
20201029       S-Sys1  1  32.15000       0.00       0.00
20201111        Sxit1  1  36.55000   -4450.00  -52090.00
20201120       S-Sys2  1  36.93000       0.00       0.00
20201127  LiqShortPos  1  40.44000   -3560.00  -55650.00
20201127       L-Sys1  1  40.44000       0.00       0.00
20210524   LiqLongPos  1  60.18000   19690.00  -35960.00
20210524       S-Sys2  1  60.18000       0.00       0.00
20210608  LiqShortPos  1  63.46000   -3330.00  -39290.00
20210608       L-Sys1  1  63.46000       0.00       0.00
20210720        Lxit1  1  61.31000   -2200.00  -41490.00
20210729       S-Sys2  1  67.51000       0.00       0.00
20210803  LiqShortPos  1  64.44000    3020.00  -38470.00
20210803       L-Sys2  1  64.44000       0.00       0.00
20210819        Lxit2  1  57.56000   -6930.00  -45400.00
20210922       S-Sys2  1  67.05000       0.00       0.00
20211004        Sxit2  1  73.01000   -6010.00  -51410.00
20211007       L-Sys1  1  72.19000       0.00       0.00
20211129        Lxit1  1  65.99000   -6250.00  -57660.00
20220204       L-Sys1  1  87.68000       0.00       0.00
20220331   Lx-EOFData  1 100.93000   13200.00  -44460.00
-----------------------------------------
Sys Name : TF-BollPdigm
Mkt Symb : NG Mkt Name : Nat.Gas
20100105       L-Sys2  1  12.95900       0.00       0.00
20100106   LiqLongPos  1  13.18800    2240.00    2240.00
20100106       S-Sys2  1  13.18800       0.00       0.00
20100108  LiqShortPos  1  12.94400    2390.00    4630.00
20100108       L-Sys2  1  12.94400       0.00       0.00
20100122   LiqLongPos  1  13.03200     830.00    5460.00
20100122       S-Sys2  1  13.03200       0.00       0.00
20100126  LiqShortPos  1  12.80100    2260.00    7720.00
20100126       L-Sys2  1  12.80100       0.00       0.00
20100208   LiqLongPos  1  12.95000    1440.00    9160.00
20100208       S-Sys2  1  12.95000       0.00       0.00
20100212  LiqShortPos  1  12.61300    3320.00   12480.00
20100212       L-Sys2  1  12.61300       0.00       0.00
20100216   LiqLongPos  1  12.83800    2200.00   14680.00
20100216       S-Sys2  1  12.83800       0.00       0.00
20100218  LiqShortPos  1  12.66300    1700.00   16380.00
20100218       L-Sys2  1  12.66300       0.00       0.00
20100301        Lxit2  1  12.02100   -6470.00    9910.00
20100303       L-Sys2  1  12.01900       0.00       0.00
20100318        Lxit2  1  11.50800   -5160.00    4750.00
20100319       S-Sys1  1  11.42100       0.00       0.00
20100604        Sxit1  1  11.83400   -4180.00     570.00
20100616       L-Sys1  1  12.28700       0.00       0.00
20100709        Lxit1  1  11.50300   -7890.00   -7320.00
20100720       S-Sys2  1  11.68100       0.00       0.00
20100805        Sxit3  1  11.69800    -220.00   -7540.00
20100826       S-Sys1  1  11.01300       0.00       0.00
20101123        Sxit1  1  10.87100    1370.00   -6170.00
20101206       S-Sys2  1  10.87400       0.00       0.00
20101214        Sxit3  1  10.72900    1400.00   -4770.00
20101221       L-Sys2  1  10.59000       0.00       0.00
20110106   LiqLongPos  1  10.95600    3610.00   -1160.00
20110106       S-Sys2  1  10.95600       0.00       0.00
20110113  LiqShortPos  1  10.77800    1730.00     570.00
20110113       L-Sys2  1  10.77800       0.00       0.00
20110119   LiqLongPos  1  10.95900    1760.00    2330.00
20110119       S-Sys2  1  10.95900       0.00       0.00
20110125        Sxit3  1  10.81900    1350.00    3680.00
20110203       L-Sys2  1  10.72300       0.00       0.00
20110217        Lxit2  1  10.27300   -4550.00    -870.00
20110224       L-Sys2  1  10.25700       0.00       0.00
20110225   LiqLongPos  1  10.34400     820.00     -50.00
20110225       S-Sys2  1  10.34400       0.00       0.00
20110301  LiqShortPos  1  10.24700     920.00     870.00
20110301       L-Sys2  1  10.24700       0.00       0.00
20110314   LiqLongPos  1  10.30100     490.00    1360.00
20110314       S-Sys2  1  10.30100       0.00       0.00
20110315  LiqShortPos  1  10.15900    1370.00    2730.00
20110315       L-Sys2  1  10.15900       0.00       0.00
20110317   LiqLongPos  1  10.29000    1260.00    3990.00
20110317       S-Sys2  1  10.29000       0.00       0.00
20110323        Sxit2  1  10.68900   -4040.00     -50.00
20110325       S-Sys2  1  10.61400       0.00       0.00
20110331  LiqShortPos  1  10.51200     970.00     920.00
20110331       L-Sys2  1  10.51200       0.00       0.00
20110418   LiqLongPos  1  10.49500    -220.00     700.00
20110418       S-Sys2  1  10.49500       0.00       0.00
20110502        Sxit2  1  10.90300   -4130.00   -3430.00
20110519       L-Sys2  1  10.37100       0.00       0.00
20110523   LiqLongPos  1  10.46400     880.00   -2550.00
20110523       S-Sys2  1  10.46400       0.00       0.00
20110602        Sxit2  1  10.88700   -4280.00   -6830.00
20110613       L-Sys2  1  10.77200       0.00       0.00
20110623        Lxit2  1  10.32300   -4540.00  -11370.00
20110805       S-Sys1  1  10.10900       0.00       0.00
20111107  LiqShortPos  1   9.67800    4260.00   -7110.00
20111107       L-Sys2  1   9.67800       0.00       0.00
20111116        Lxit2  1   9.30000   -3830.00  -10940.00
20111116       S-Sys1  1   9.33800       0.00       0.00
20120517        Sxit1  1   8.01500   13180.00    2240.00
20120705       L-Sys1  1   8.22100       0.00       0.00
20120823   LiqLongPos  1   8.16300    -630.00    1610.00
20120823       S-Sys2  1   8.16300       0.00       0.00
20120824  LiqShortPos  1   8.03800    1200.00    2810.00
20120824       L-Sys2  1   8.03800       0.00       0.00
20120904   LiqLongPos  1   8.11100     680.00    3490.00
20120904       S-Sys2  1   8.11100       0.00       0.00
20120907  LiqShortPos  1   7.96700    1390.00    4880.00
20120907       L-Sys2  1   7.96700       0.00       0.00
20120910   LiqLongPos  1   8.10300    1310.00    6190.00
20120910       S-Sys2  1   8.10300       0.00       0.00
20120918  LiqShortPos  1   8.04700     510.00    6700.00
20120918       L-Sys2  1   8.04700       0.00       0.00
20120926   LiqLongPos  1   8.28000    2280.00    8980.00
20120926       S-Sys2  1   8.28000       0.00       0.00
20121010  LiqShortPos  1   8.56600   -2910.00    6070.00
20121010       L-Sys1  1   8.56600       0.00       0.00
20121105        Lxit1  1   8.27900   -2920.00    3150.00
20121116       S-Sys2  1   8.46100       0.00       0.00
20121128  LiqShortPos  1   8.45600       0.00    3150.00
20121128       L-Sys2  1   8.45600       0.00       0.00
20121210        Lxit2  1   8.06800   -3930.00    -780.00
20130103       S-Sys1  1   7.80800       0.00       0.00
20130207  LiqShortPos  1   7.84500    -420.00   -1200.00
20130207       L-Sys2  1   7.84500       0.00       0.00
20130225   LiqLongPos  1   7.90700     570.00    -630.00
20130225       S-Sys2  1   7.90700       0.00       0.00
20130314        Sxit2  1   8.20800   -3060.00   -3690.00
20130320       L-Sys1  1   8.46700       0.00       0.00
20130607        Lxit1  1   8.23700   -2350.00   -6040.00
20130628       S-Sys1  1   7.96600       0.00       0.00
20130917        Sxit1  1   8.06800   -1070.00   -7110.00
20131021       L-Sys2  1   7.94500       0.00       0.00
20131025   LiqLongPos  1   8.06200    1120.00   -5990.00
20131025       S-Sys2  1   8.06200       0.00       0.00
20131028  LiqShortPos  1   7.89200    1650.00   -4340.00
20131028       L-Sys2  1   7.89200       0.00       0.00
20131104        Lxit2  1   7.57700   -3200.00   -7540.00
20131112       S-Sys2  1   7.75800       0.00       0.00
20131202        Sxit2  1   8.08400   -3310.00  -10850.00
20131205       S-Sys2  1   8.08600       0.00       0.00
20131209  LiqShortPos  1   8.26000   -1790.00  -12640.00
20131209       L-Sys1  1   8.26000       0.00       0.00
20140513        Lxit1  1   9.44300   11780.00    -860.00
20140701       L-Sys2  1   9.45700       0.00       0.00
20140710   LiqLongPos  1   9.18800   -2740.00   -3600.00
20140710       S-Sys1  1   9.18800       0.00       0.00
20140919  LiqShortPos  1   8.80500    3780.00     180.00
20140919       L-Sys2  1   8.80500       0.00       0.00
20140926   LiqLongPos  1   8.94300    1330.00    1510.00
20140926       S-Sys2  1   8.94300       0.00       0.00
20141006  LiqShortPos  1   8.82700    1110.00    2620.00
20141006       L-Sys2  1   8.82700       0.00       0.00
20141024        Lxit2  1   8.50300   -3290.00    -670.00
20141027       S-Sys1  1   8.53300       0.00       0.00
20141104        Sxit1  1   8.87800   -3500.00   -4170.00
20141107       L-Sys1  1   9.26600       0.00       0.00
20141114        Lxit1  1   8.81500   -4560.00   -8730.00
20141118       L-Sys1  1   9.14000       0.00       0.00
20141201        Lxit1  1   8.66100   -4840.00  -13570.00
20141204       S-Sys1  1   8.47300       0.00       0.00
20150309  LiqShortPos  1   7.37400   10940.00   -2630.00
20150309       L-Sys2  1   7.37400       0.00       0.00
20150311   LiqLongPos  1   7.48600    1070.00   -1560.00
20150311       S-Sys2  1   7.48600       0.00       0.00
20150313  LiqShortPos  1   7.35700    1240.00    -320.00
20150313       L-Sys2  1   7.35700       0.00       0.00
20150317   LiqLongPos  1   7.47700    1150.00     830.00
20150317       S-Sys2  1   7.47700       0.00       0.00
20150323  LiqShortPos  1   7.36400    1080.00    1910.00
20150323       L-Sys2  1   7.36400       0.00       0.00
20150416   LiqLongPos  1   7.30600    -630.00    1280.00
20150416       S-Sys2  1   7.30600       0.00       0.00
20150427  LiqShortPos  1   7.10900    1920.00    3200.00
20150427       L-Sys2  1   7.10900       0.00       0.00
20150430   LiqLongPos  1   7.26500    1510.00    4710.00
20150430       S-Sys2  1   7.26500       0.00       0.00
20150511        Sxit2  1   7.53200   -2720.00    1990.00
20150512       S-Sys2  1   7.44700       0.00       0.00
20150526        Sxit3  1   7.44500     -30.00    1960.00
20150609       S-Sys2  1   7.35100       0.00       0.00
20150622  LiqShortPos  1   7.31600     300.00    2260.00
20150622       L-Sys2  1   7.31600       0.00       0.00
20150701   LiqLongPos  1   7.39800     770.00    3030.00
20150701       S-Sys2  1   7.39800       0.00       0.00
20150706  LiqShortPos  1   7.30600     870.00    3900.00
20150706       L-Sys2  1   7.30600       0.00       0.00
20150713   LiqLongPos  1   7.36200     510.00    4410.00
20150713       S-Sys2  1   7.36200       0.00       0.00
20150724  LiqShortPos  1   7.35300      40.00    4450.00
20150724       L-Sys2  1   7.35300       0.00       0.00
20150730   LiqLongPos  1   7.42600     680.00    5130.00
20150730       S-Sys2  1   7.42600       0.00       0.00
20150806  LiqShortPos  1   7.29500    1260.00    6390.00
20150806       L-Sys2  1   7.29500       0.00       0.00
20150810   LiqLongPos  1   7.38200     820.00    7210.00
20150810       S-Sys2  1   7.38200       0.00       0.00
20150817  LiqShortPos  1   7.31600     610.00    7820.00
20150817       L-Sys2  1   7.31600       0.00       0.00
20150903   LiqLongPos  1   7.26400    -570.00    7250.00
20150903       S-Sys2  1   7.26400       0.00       0.00
20150904  LiqShortPos  1   7.20100     580.00    7830.00
20150904       L-Sys2  1   7.20100       0.00       0.00
20150908   LiqLongPos  1   7.25100     450.00    8280.00
20150908       S-Sys2  1   7.25100       0.00       0.00
20150909  LiqShortPos  1   7.20200     440.00    8720.00
20150909       L-Sys2  1   7.20200       0.00       0.00
20150910   LiqLongPos  1   7.25400     470.00    9190.00
20150910       S-Sys2  1   7.25400       0.00       0.00
20150916  LiqShortPos  1   7.19600     530.00    9720.00
20150916       L-Sys2  1   7.19600       0.00       0.00
20150930        Lxit2  1   6.98600   -2150.00    7570.00
20151002       S-Sys1  1   6.88400       0.00       0.00
20160420        Sxit1  1   5.96300    9160.00   16730.00
20160429       L-Sys2  1   5.81000       0.00       0.00
20160510   LiqLongPos  1   5.90600     910.00   17640.00
20160510       S-Sys2  1   5.90600       0.00       0.00
20160516        Sxit3  1   5.82000     810.00   18450.00
20160520       L-Sys2  1   5.78000       0.00       0.00
20160531   LiqLongPos  1   5.80100     160.00   18610.00
20160531       S-Sys2  1   5.80100       0.00       0.00
20160607        Sxit2  1   6.06200   -2660.00   15950.00
20160609       S-Sys2  1   6.05300       0.00       0.00
20160610  LiqShortPos  1   6.17700   -1290.00   14660.00
20160610       L-Sys1  1   6.17700       0.00       0.00
20160822   LiqLongPos  1   6.26000     780.00   15440.00
20160822       S-Sys2  1   6.26000       0.00       0.00
20160906  LiqShortPos  1   6.31200    -570.00   14870.00
20160906       L-Sys2  1   6.31200       0.00       0.00
20160912   LiqLongPos  1   6.43500    1180.00   16050.00
20160912       S-Sys2  1   6.43500       0.00       0.00
20160921  LiqShortPos  1   6.62600   -1960.00   14090.00
20160921       L-Sys1  1   6.62600       0.00       0.00
20161006   LiqLongPos  1   6.54200    -890.00   13200.00
20161006       S-Sys2  1   6.54200       0.00       0.00
20161011  LiqShortPos  1   6.76200   -2250.00   10950.00
20161011       L-Sys1  1   6.76200       0.00       0.00
20161025        Lxit1  1   6.34100   -4260.00    6690.00
20161102       S-Sys1  1   5.96700       0.00       0.00
20161129        Sxit1  1   6.34900   -3870.00    2820.00
20170126       S-Sys2  1   6.37000       0.00       0.00
20170127  LiqShortPos  1   6.23300    1320.00    4140.00
20170127       L-Sys2  1   6.23300       0.00       0.00
20170216        Lxit2  1   5.83000   -4080.00      60.00
20170222       S-Sys1  1   5.54400       0.00       0.00
20170407        Sxit1  1   6.08100   -5420.00   -5360.00
20170410       S-Sys2  1   6.06200       0.00       0.00
20170411  LiqShortPos  1   5.94400    1130.00   -4230.00
20170411       L-Sys2  1   5.94400       0.00       0.00
20170428   LiqLongPos  1   5.97000     210.00   -4020.00
20170428       S-Sys2  1   5.97000       0.00       0.00
20170502  LiqShortPos  1   5.86700     980.00   -3040.00
20170502       L-Sys2  1   5.86700       0.00       0.00
20170505   LiqLongPos  1   5.93700     650.00   -2390.00
20170505       S-Sys2  1   5.93700       0.00       0.00
20170508  LiqShortPos  1   5.86000     720.00   -1670.00
20170508       L-Sys2  1   5.86000       0.00       0.00
20170510   LiqLongPos  1   5.94700     820.00    -850.00
20170510       S-Sys2  1   5.94700       0.00       0.00
20170517  LiqShortPos  1   5.87400     680.00    -170.00
20170517       L-Sys2  1   5.87400       0.00       0.00
20170605        Lxit2  1   5.57100   -3080.00   -3250.00
20170620       S-Sys1  1   5.48900       0.00       0.00
20170825  LiqShortPos  1   5.49400    -100.00   -3350.00
20170825       L-Sys2  1   5.49400       0.00       0.00
20170828   LiqLongPos  1   5.54200     430.00   -2920.00
20170828       S-Sys2  1   5.54200       0.00       0.00
20170830  LiqShortPos  1   5.48600     510.00   -2410.00
20170830       L-Sys2  1   5.48600       0.00       0.00
20170831   LiqLongPos  1   5.53900     480.00   -1930.00
20170831       S-Sys2  1   5.53900       0.00       0.00
20170908  LiqShortPos  1   5.49500     390.00   -1540.00
20170908       L-Sys2  1   5.49500       0.00       0.00
20170912   LiqLongPos  1   5.58400     840.00    -700.00
20170912       S-Sys2  1   5.58400       0.00       0.00
20170921  LiqShortPos  1   5.50700     720.00      20.00
20170921       L-Sys2  1   5.50700       0.00       0.00
20171012   LiqLongPos  1   5.46800    -440.00    -420.00
20171012       S-Sys2  1   5.46800       0.00       0.00
20171018  LiqShortPos  1   5.36100    1020.00     600.00
20171018       L-Sys2  1   5.36100       0.00       0.00
20171023   LiqLongPos  1   5.49300    1270.00    1870.00
20171023       S-Sys2  1   5.49300       0.00       0.00
20171026  LiqShortPos  1   5.38300    1050.00    2920.00
20171026       L-Sys2  1   5.38300       0.00       0.00
20171106   LiqLongPos  1   5.43100     430.00    3350.00
20171106       S-Sys2  1   5.43100       0.00       0.00
20171120  LiqShortPos  1   5.40100     250.00    3600.00
20171120       L-Sys2  1   5.40100       0.00       0.00
20171124        Lxit2  1   5.14000   -2660.00     940.00
20171129       S-Sys2  1   5.43400       0.00       0.00
20171130  LiqShortPos  1   5.25400    1750.00    2690.00
20171130       L-Sys2  1   5.25400       0.00       0.00
20171208   LiqLongPos  1   5.00100   -2580.00     110.00
20171208       S-Sys1  1   5.00100       0.00       0.00
20180112        Sxit1  1   5.37800   -3820.00   -3710.00
20180124       L-Sys1  1   5.78200       0.00       0.00
20180212        Lxit1  1   5.22400   -5630.00   -9340.00
20180226       S-Sys2  1   5.30200       0.00       0.00
20180315  LiqShortPos  1   5.33400    -370.00   -9710.00
20180315       L-Sys2  1   5.33400       0.00       0.00
20180329   LiqLongPos  1   5.30900    -300.00  -10010.00
20180329       S-Sys2  1   5.30900       0.00       0.00
20180402  LiqShortPos  1   5.24300     610.00   -9400.00
20180402       L-Sys2  1   5.24300       0.00       0.00
20180404   LiqLongPos  1   5.30500     570.00   -8830.00
20180404       S-Sys2  1   5.30500       0.00       0.00
20180405  LiqShortPos  1   5.24200     580.00   -8250.00
20180405       L-Sys2  1   5.24200       0.00       0.00
20180410   LiqLongPos  1   5.30500     580.00   -7670.00
20180410       S-Sys2  1   5.30500       0.00       0.00
20180412  LiqShortPos  1   5.25600     440.00   -7230.00
20180412       L-Sys2  1   5.25600       0.00       0.00
20180413   LiqLongPos  1   5.30000     390.00   -6840.00
20180413       S-Sys2  1   5.30000       0.00       0.00
20180419  LiqShortPos  1   5.25700     380.00   -6460.00
20180419       L-Sys2  1   5.25700       0.00       0.00
20180420   LiqLongPos  1   5.32500     630.00   -5830.00
20180420       S-Sys2  1   5.32500       0.00       0.00
20180430  LiqShortPos  1   5.29400     260.00   -5570.00
20180430       L-Sys2  1   5.29400       0.00       0.00
20180501   LiqLongPos  1   5.36800     690.00   -4880.00
20180501       S-Sys2  1   5.36800       0.00       0.00
20180503  LiqShortPos  1   5.29000     730.00   -4150.00
20180503       L-Sys2  1   5.29000       0.00       0.00
20180510   LiqLongPos  1   5.34800     530.00   -3620.00
20180510       S-Sys2  1   5.34800       0.00       0.00
20180529        Sxit2  1   5.52000   -1770.00   -5390.00
20180531       S-Sys2  1   5.47300       0.00       0.00
20180605  LiqShortPos  1   5.40700     610.00   -4780.00
20180605       L-Sys2  1   5.40700       0.00       0.00
20180607   LiqLongPos  1   5.48400     720.00   -4060.00
20180607       S-Sys2  1   5.48400       0.00       0.00
20180608  LiqShortPos  1   5.41500     640.00   -3420.00
20180608       L-Sys2  1   5.41500       0.00       0.00
20180611   LiqLongPos  1   5.47200     520.00   -2900.00
20180611       S-Sys2  1   5.47200       0.00       0.00
20180619  LiqShortPos  1   5.41800     490.00   -2410.00
20180619       L-Sys2  1   5.41800       0.00       0.00
20180621   LiqLongPos  1   5.50500     820.00   -1590.00
20180621       S-Sys2  1   5.50500       0.00       0.00
20180625  LiqShortPos  1   5.44300     570.00   -1020.00
20180625       L-Sys2  1   5.44300       0.00       0.00
20180627   LiqLongPos  1   5.50800     600.00    -420.00
20180627       S-Sys2  1   5.50800       0.00       0.00
20180629  LiqShortPos  1   5.43800     650.00     230.00
20180629       L-Sys2  1   5.43800       0.00       0.00
20180717        Lxit2  1   5.25400   -1890.00   -1660.00
20180723       L-Sys2  1   5.25700       0.00       0.00
20180726   LiqLongPos  1   5.29600     340.00   -1320.00
20180726       S-Sys2  1   5.29600       0.00       0.00
20180808        Sxit2  1   5.45000   -1590.00   -2910.00
20180814       S-Sys2  1   5.48000       0.00       0.00
20180824        Sxit3  1   5.46000     150.00   -2760.00
20180904       L-Sys2  1   5.40100       0.00       0.00
20180918   LiqLongPos  1   5.36400    -420.00   -3180.00
20180918       S-Sys2  1   5.36400       0.00       0.00
20180920        Sxit2  1   5.52600   -1670.00   -4850.00
20180928       L-Sys1  1   5.59700       0.00       0.00
20181218        Lxit1  1   6.02800    4260.00    -590.00
20190307       S-Sys2  1   5.41400       0.00       0.00
20190311  LiqShortPos  1   5.35700     520.00     -70.00
20190311       L-Sys2  1   5.35700       0.00       0.00
20190319   LiqLongPos  1   5.42200     600.00     530.00
20190319       S-Sys2  1   5.42200       0.00       0.00
20190322  LiqShortPos  1   5.34000     770.00    1300.00
20190322       L-Sys2  1   5.34000       0.00       0.00
20190410        Lxit3  1   5.25000    -950.00     350.00
20190603       S-Sys1  1   4.92300       0.00       0.00
20190823  LiqShortPos  1   4.64100    2770.00    3120.00
20190823       L-Sys2  1   4.64100       0.00       0.00
20190826   LiqLongPos  1   4.72800     820.00    3940.00
20190826       S-Sys2  1   4.72800       0.00       0.00
20190904        Sxit2  1   4.96400   -2410.00    1530.00
20190916       L-Sys1  1   5.19800       0.00       0.00
20191001        Lxit1  1   4.80700   -3960.00   -2430.00
20191017       S-Sys2  1   4.81800       0.00       0.00
20191021  LiqShortPos  1   4.71900     940.00   -1490.00
20191021       L-Sys2  1   4.71900       0.00       0.00
20191024   LiqLongPos  1   4.80400     800.00    -690.00
20191024       S-Sys2  1   4.80400       0.00       0.00
20191031        Sxit2  1   5.06900   -2700.00   -3390.00
20191105       L-Sys1  1   5.15500       0.00       0.00
20191120        Lxit1  1   4.84700   -3130.00   -6520.00
20191121       L-Sys2  1   4.88100       0.00       0.00
20191125   LiqLongPos  1   5.01600    1300.00   -5220.00
20191125       S-Sys2  1   5.01600       0.00       0.00
20191204  LiqShortPos  1   4.66100    3500.00   -1720.00
20191204       L-Sys2  1   4.66100       0.00       0.00
20191212   LiqLongPos  1   4.52600   -1400.00   -3120.00
20191212       S-Sys1  1   4.52600       0.00       0.00
20200421        Sxit1  1   4.14100    3800.00     680.00
20200505       S-Sys2  1   4.07000       0.00       0.00
20200508  LiqShortPos  1   3.93700    1280.00    1960.00
20200508       L-Sys2  1   3.93700       0.00       0.00
20200520   LiqLongPos  1   3.95600     140.00    2100.00
20200520       S-Sys2  1   3.95600       0.00       0.00
20200529  LiqShortPos  1   3.74800    2030.00    4130.00
20200529       L-Sys2  1   3.74800       0.00       0.00
20200611   LiqLongPos  1   3.75700      40.00    4170.00
20200611       S-Sys2  1   3.75700       0.00       0.00
20200612  LiqShortPos  1   3.69900     530.00    4700.00
20200612       L-Sys2  1   3.69900       0.00       0.00
20200625        Lxit2  1   3.42800   -2760.00    1940.00
20200626       S-Sys1  1   3.40100       0.00       0.00
20200714  LiqShortPos  1   3.58400   -1880.00      60.00
20200714       L-Sys2  1   3.58400       0.00       0.00
20200723   LiqLongPos  1   3.65600     670.00     730.00
20200723       S-Sys2  1   3.65600       0.00       0.00
20200803        Sxit2  1   3.93400   -2830.00   -2100.00
20200817       L-Sys1  1   4.20800       0.00       0.00
20200918        Lxit1  1   3.71200   -5010.00   -7110.00
20201016       S-Sys2  1   3.85600       0.00       0.00
20201103  LiqShortPos  1   4.01400   -1630.00   -8740.00
20201103       L-Sys2  1   4.01400       0.00       0.00
20201116        Lxit2  1   3.52500   -4940.00  -13680.00
20201204       S-Sys1  1   3.21100       0.00       0.00
20210119  LiqShortPos  1   3.37200   -1660.00  -15340.00
20210119       L-Sys2  1   3.37200       0.00       0.00
20210127   LiqLongPos  1   3.44000     630.00  -14710.00
20210127       S-Sys2  1   3.44000       0.00       0.00
20210216        Sxit2  1   3.90800   -4730.00  -19440.00
20210322       L-Sys2  1   3.29500       0.00       0.00
20210326   LiqLongPos  1   3.36500     650.00  -18790.00
20210326       S-Sys2  1   3.36500       0.00       0.00
20210405  LiqShortPos  1   3.31700     430.00  -18360.00
20210405       L-Sys2  1   3.31700       0.00       0.00
20210413   LiqLongPos  1   3.36600     440.00  -17920.00
20210413       S-Sys2  1   3.36600       0.00       0.00
20210428        Sxit2  1   3.61200   -2510.00  -20430.00
20210430       S-Sys2  1   3.57000       0.00       0.00
20210510  LiqShortPos  1   3.55800      70.00  -20360.00
20210510       L-Sys2  1   3.55800       0.00       0.00
20210511   LiqLongPos  1   3.61300     500.00  -19860.00
20210511       S-Sys2  1   3.61300       0.00       0.00
20210520  LiqShortPos  1   3.57400     340.00  -19520.00
20210520       L-Sys2  1   3.57400       0.00       0.00
20210601   LiqLongPos  1   3.66600     870.00  -18650.00
20210601       S-Sys2  1   3.66600       0.00       0.00
20210614  LiqShortPos  1   3.89400   -2330.00  -20980.00
20210614       L-Sys1  1   3.89400       0.00       0.00
20211110        Lxit1  1   5.27200   13730.00   -7250.00
20211207       S-Sys1  1   3.91800       0.00       0.00
20220113        Sxit1  1   5.13000  -12170.00  -19420.00
20220124       L-Sys2  1   4.22200       0.00       0.00
20220127   LiqLongPos  1   4.79900    5720.00  -13700.00
20220127       S-Sys2  1   4.79900       0.00       0.00
20220202        Sxit2  1   5.71700   -9230.00  -22930.00
20220325       L-Sys1  1   5.96900       0.00       0.00
20220331   Lx-EOFData  1   6.14200    1680.00  -21250.00
-----------------------------------------
Sys Name : TF-BollPdigm
Mkt Symb : HO Mkt Name : H.Oil
20100108       S-Sys2  1   2.06430       0.00       0.00
20100112  LiqShortPos  1   1.98800    3154.60    3154.60
20100112       L-Sys2  1   1.98800       0.00       0.00
20100122        Lxit2  1   1.82150   -7043.00   -3888.40
20100202       S-Sys2  1   1.87830       0.00       0.00
20100204  LiqShortPos  1   1.78880    3709.00    -179.40
20100204       L-Sys2  1   1.78880       0.00       0.00
20100216   LiqLongPos  1   1.85990    2936.20    2756.80
20100216       S-Sys2  1   1.85990       0.00       0.00
20100315  LiqShortPos  1   1.90810   -2074.40     682.40
20100315       L-Sys2  1   1.90810       0.00       0.00
20100316   LiqLongPos  1   1.96230    2226.40    2908.80
20100316       S-Sys2  1   1.96230       0.00       0.00
20100319  LiqShortPos  1   1.93380    1147.00    4055.80
20100319       L-Sys2  1   1.93380       0.00       0.00
20100329   LiqLongPos  1   1.96820    1394.80    5450.60
20100329       S-Sys2  1   1.96820       0.00       0.00
20100406        Sxit2  1   2.11850   -6362.60    -912.00
20100409       S-Sys2  1   2.09680       0.00       0.00
20100416  LiqShortPos  1   2.05880    1546.00     634.00
20100416       L-Sys2  1   2.05880       0.00       0.00
20100423   LiqLongPos  1   2.08180     916.00    1550.00
20100423       S-Sys2  1   2.08180       0.00       0.00
20100505  LiqShortPos  1   2.05300    1159.60    2709.60
20100505       L-Sys2  1   2.05300       0.00       0.00
20100506        Lxit2  1   1.90600   -6224.00   -3514.40
20100514       L-Sys2  1   1.91010       0.00       0.00
20100520        Lxit2  1   1.73430   -7433.60  -10948.00
20100521       S-Sys1  1   1.69780       0.00       0.00
20100618        Sxit1  1   1.95230  -10739.00  -21687.00
20100721       L-Sys2  1   1.77570       0.00       0.00
20100722   LiqLongPos  1   1.81550    1621.60  -20065.40
20100722       S-Sys2  1   1.81550       0.00       0.00
20100727  LiqShortPos  1   1.78850    1084.00  -18981.40
20100727       L-Sys2  1   1.78850       0.00       0.00
20100729   LiqLongPos  1   1.82590    1520.80  -17460.60
20100729       S-Sys2  1   1.82590       0.00       0.00
20100811  LiqShortPos  1   1.82770    -125.60  -17586.20
20100811       L-Sys2  1   1.82770       0.00       0.00
20100826   LiqLongPos  1   1.76700   -2599.40  -20185.60
20100826       S-Sys2  1   1.76700       0.00       0.00
20100923  LiqShortPos  1   1.82880   -2645.60  -22831.20
20100923       L-Sys2  1   1.82880       0.00       0.00
20100924   LiqLongPos  1   1.86880    1630.00  -21201.20
20100924       S-Sys2  1   1.86880       0.00       0.00
20100927  LiqShortPos  1   1.84290    1037.80  -20163.40
20100927       L-Sys2  1   1.84290       0.00       0.00
20100928   LiqLongPos  1   1.87130    1142.80  -19020.60
20100928       S-Sys2  1   1.87130       0.00       0.00
20101004        Sxit2  1   2.02640   -6564.20  -25584.80
20101007       L-Sys1  1   2.03100       0.00       0.00
20101101   LiqLongPos  1   1.98520   -1973.60  -27558.40
20101101       S-Sys2  1   1.98520       0.00       0.00
20101110        Sxit2  1   2.13970   -6539.00  -34097.40
20101111       L-Sys1  1   2.14650       0.00       0.00
20101129   LiqLongPos  1   2.04890   -4149.20  -38246.60
20101129       S-Sys2  1   2.04890       0.00       0.00
20101215        Sxit3  1   2.12680   -3321.80  -41568.40
20101217       S-Sys2  1   2.16800       0.00       0.00
20101220  LiqShortPos  1   2.14920     739.60  -40828.80
20101220       L-Sys2  1   2.14920       0.00       0.00
20101223        Lxit3  1   2.21680    2789.20  -38039.60
20110103       S-Sys2  1   2.22200       0.00       0.00
20110104  LiqShortPos  1   2.18840    1361.20  -36678.40
20110104       L-Sys2  1   2.18840       0.00       0.00
20110105   LiqLongPos  1   2.22500    1487.20  -35191.20
20110105       S-Sys2  1   2.22500       0.00       0.00
20110106  LiqShortPos  1   2.19080    1386.40  -33804.80
20110106       L-Sys2  1   2.19080       0.00       0.00
20110110   LiqLongPos  1   2.22080    1210.00  -32594.80
20110110       S-Sys2  1   2.22080       0.00       0.00
20110125  LiqShortPos  1   2.26870   -2061.80  -34656.60
20110125       L-Sys2  1   2.26870       0.00       0.00
20110126   LiqLongPos  1   2.32320    2239.00  -32417.60
20110126       S-Sys2  1   2.32320       0.00       0.00
20110202  LiqShortPos  1   2.42950   -4514.60  -36932.20
20110202       L-Sys1  1   2.42950       0.00       0.00
20110506        Lxit1  1   2.52050    3772.00  -33160.20
20110624       S-Sys1  1   2.45050       0.00       0.00
20110708        Sxit1  1   2.70330  -10667.60  -43827.80
20110810       S-Sys1  1   2.38300       0.00       0.00
20110829        Sxit1  1   2.59010   -8748.20  -52576.00
20110906       L-Sys2  1   2.53140       0.00       0.00
20110907   LiqLongPos  1   2.64270    4624.60  -47951.40
20110907       S-Sys2  1   2.64270       0.00       0.00
20110909  LiqShortPos  1   2.58480    2381.80  -45569.60
20110909       L-Sys2  1   2.58480       0.00       0.00
20110916   LiqLongPos  1   2.63270    1961.80  -43607.80
20110916       S-Sys2  1   2.63270       0.00       0.00
20110919  LiqShortPos  1   2.53460    4070.20  -39537.60
20110919       L-Sys2  1   2.53460       0.00       0.00
20110927   LiqLongPos  1   2.39520   -5904.80  -45442.40
20110927       S-Sys1  1   2.39520       0.00       0.00
20111017        Sxit1  1   2.64220  -10424.00  -55866.40
20111207       S-Sys2  1   2.58670       0.00       0.00
20111208  LiqShortPos  1   2.51770    2848.00  -53018.40
20111208       L-Sys2  1   2.51770       0.00       0.00
20111222   LiqLongPos  1   2.47730   -1746.80  -54765.20
20111222       S-Sys2  1   2.47730       0.00       0.00
20120112        Sxit2  1   2.67370   -8298.80  -63064.00
20120125       L-Sys2  1   2.55160       0.00       0.00
20120126   LiqLongPos  1   2.59730    1869.40  -61194.60
20120126       S-Sys2  1   2.59730       0.00       0.00
20120207        Sxit2  1   2.77030   -7316.00  -68510.60
20120223       L-Sys1  1   2.82750       0.00       0.00
20120411        Lxit1  1   2.63810   -8004.80  -76515.40
20120502       S-Sys2  1   2.72900       0.00       0.00
20120503  LiqShortPos  1   2.67920    2041.60  -74473.80
20120503       L-Sys2  1   2.67920       0.00       0.00
20120504        Lxit2  1   2.52780   -6408.80  -80882.60
20120508       S-Sys1  1   2.52810       0.00       0.00
20120720        Sxit1  1   2.48810    1630.00  -79252.60
20121128       L-Sys2  1   2.54590       0.00       0.00
20121203   LiqLongPos  1   2.63920    3868.60  -75384.00
20121203       S-Sys2  1   2.63920       0.00       0.00
20121204  LiqShortPos  1   2.58950    2037.40  -73346.60
20121204       L-Sys2  1   2.58950       0.00       0.00
20121218   LiqLongPos  1   2.54140   -2070.20  -75416.80
20121218       S-Sys2  1   2.54140       0.00       0.00
20130104  LiqShortPos  1   2.57940   -1646.00  -77062.80
20130104       L-Sys2  1   2.57940       0.00       0.00
20130107   LiqLongPos  1   2.62240    1756.00  -75306.80
20130107       S-Sys2  1   2.62240       0.00       0.00
20130111  LiqShortPos  1   2.60120     840.40  -74466.40
20130111       L-Sys2  1   2.60120       0.00       0.00
20130114   LiqLongPos  1   2.63470    1357.00  -73109.40
20130114       S-Sys2  1   2.63470       0.00       0.00
20130115  LiqShortPos  1   2.59820    1483.00  -71626.40
20130115       L-Sys2  1   2.59820       0.00       0.00
20130122   LiqLongPos  1   2.64830    2054.20  -69572.20
20130122       S-Sys2  1   2.64830       0.00       0.00
20130205        Sxit2  1   2.78300   -5707.40  -75279.60
20130207       L-Sys1  1   2.77700       0.00       0.00
20130227        Lxit1  1   2.62410   -6471.80  -81751.40
20130403       L-Sys2  1   2.47490       0.00       0.00
20130408   LiqLongPos  1   2.39170   -3544.40  -85295.80
20130408       S-Sys1  1   2.39170       0.00       0.00
20130614        Sxit1  1   2.45410   -2670.80  -87966.60
20130620       L-Sys2  1   2.39190       0.00       0.00
20130703   LiqLongPos  1   2.42810    1470.40  -86496.20
20130703       S-Sys2  1   2.42810       0.00       0.00
20130717        Sxit2  1   2.57010   -6014.00  -92510.20
20130722       L-Sys1  1   2.60300       0.00       0.00
20130918        Lxit1  1   2.48910   -4833.80  -97344.00
20131010       S-Sys2  1   2.52530       0.00       0.00
20131017  LiqShortPos  1   2.51110     546.40  -96797.60
20131017       L-Sys2  1   2.51110       0.00       0.00
20131105        Lxit2  1   2.36680   -6110.60 -102908.20
20131108       S-Sys1  1   2.34930       0.00       0.00
20131125        Sxit1  1   2.52460   -7412.60 -110320.80
20131202       S-Sys2  1   2.55600       0.00       0.00
20131209  LiqShortPos  1   2.54480     420.40 -109900.40
20131209       L-Sys2  1   2.54480       0.00       0.00
20131220   LiqLongPos  1   2.54540     -24.80 -109925.20
20131220       S-Sys2  1   2.54540       0.00       0.00
20140109  LiqShortPos  1   2.49210    2188.60 -107736.60
20140109       L-Sys2  1   2.49210       0.00       0.00
20140128        Lxit3  1   2.63540    5968.60 -101768.00
20140129       L-Sys1  1   2.67290       0.00       0.00
20140506        Lxit1  1   2.70520    1306.60 -100461.40
20140513       S-Sys2  1   2.74540       0.00       0.00
20140606  LiqShortPos  1   2.67370    2961.40  -97500.00
20140606       L-Sys2  1   2.67370       0.00       0.00
20140612        Lxit3  1   2.70950    1453.60  -96046.40
20140619       L-Sys1  1   2.84870       0.00       0.00
20140707        Lxit1  1   2.72610   -5199.20 -101245.60
20140911       S-Sys1  1   2.54690       0.00       0.00
20150220        Sxit1  1   1.91140   26641.00  -74604.60
20150617       S-Sys2  1   1.99990       0.00       0.00
20150619  LiqShortPos  1   1.94840    2113.00  -72491.60
20150619       L-Sys2  1   1.94840       0.00       0.00
20150623   LiqLongPos  1   2.00510    2331.40  -70160.20
20150623       S-Sys2  1   2.00510       0.00       0.00
20150624  LiqShortPos  1   1.95120    2213.80  -67946.40
20150624       L-Sys2  1   1.95120       0.00       0.00
20150706        Lxit2  1   1.79970   -6413.00  -74359.40
20150710       L-Sys2  1   1.79790       0.00       0.00
20150716   LiqLongPos  1   1.74880   -2112.20  -76471.60
20150716       S-Sys1  1   1.74880       0.00       0.00
20151016  LiqShortPos  1   1.50910   10017.40  -66454.20
20151016       L-Sys2  1   1.50910       0.00       0.00
20151028   LiqLongPos  1   1.50620    -171.80  -66626.00
20151028       S-Sys2  1   1.50620       0.00       0.00
20151110  LiqShortPos  1   1.47170    1399.00  -65227.00
20151110       L-Sys2  1   1.47170       0.00       0.00
20151130        Lxit2  1   1.34150   -5518.40  -70745.40
20151203       S-Sys1  1   1.29380       0.00       0.00
20160308        Sxit1  1   1.14670    6128.20  -64617.20
20160408       S-Sys2  1   1.10460       0.00       0.00
20160420        Sxit2  1   1.24500   -5946.80  -70564.00
20160426       S-Sys2  1   1.21930       0.00       0.00
20160428  LiqShortPos  1   1.29370   -3174.80  -73738.80
20160428       L-Sys1  1   1.29370       0.00       0.00
20160714        Lxit1  1   1.27520    -827.00  -74565.80
20160720       L-Sys2  1   1.26680       0.00       0.00
20160801        Lxit2  1   1.11170   -6564.20  -81130.00
20160802       S-Sys1  1   1.12230       0.00       0.00
20160817        Sxit1  1   1.31630   -8198.00  -89328.00
20160914       L-Sys2  1   1.24410       0.00       0.00
20160922   LiqLongPos  1   1.29360    2029.00  -87299.00
20160922       S-Sys2  1   1.29360       0.00       0.00
20161005        Sxit2  1   1.43060   -5804.00  -93103.00
20161010       S-Sys2  1   1.42750       0.00       0.00
20161017        Sxit3  1   1.39970    1117.60  -91985.40
20161205       L-Sys1  1   1.46370       0.00       0.00
20170130        Lxit1  1   1.40780   -2397.80  -94383.20
20170131       L-Sys2  1   1.39590       0.00       0.00
20170201   LiqLongPos  1   1.42750    1277.20  -93106.00
20170201       S-Sys2  1   1.42750       0.00       0.00
20170207  LiqShortPos  1   1.39820    1180.60  -91925.40
20170207       L-Sys2  1   1.39820       0.00       0.00
20170209   LiqLongPos  1   1.43390    1449.40  -90476.00
20170209       S-Sys2  1   1.43390       0.00       0.00
20170213  LiqShortPos  1   1.39910    1411.60  -89064.40
20170213       L-Sys2  1   1.39910       0.00       0.00
20170221   LiqLongPos  1   1.42120     878.20  -88186.20
20170221       S-Sys2  1   1.42120       0.00       0.00
20170222  LiqShortPos  1   1.39780     932.80  -87253.40
20170222       L-Sys2  1   1.39780       0.00       0.00
20170223   LiqLongPos  1   1.42200     966.40  -86287.00
20170223       S-Sys2  1   1.42200       0.00       0.00
20170228  LiqShortPos  1   1.40110     827.80  -85459.20
20170228       L-Sys2  1   1.40110       0.00       0.00
20170301   LiqLongPos  1   1.41860     685.00  -84774.20
20170301       S-Sys2  1   1.41860       0.00       0.00
20170308  LiqShortPos  1   1.36210    2323.00  -82451.20
20170308       L-Sys2  1   1.36210       0.00       0.00
20170322        Lxit2  1   1.24810   -4838.00  -87289.20
20170322       S-Sys1  1   1.26650       0.00       0.00
20170411        Sxit1  1   1.41140   -6135.80  -93425.00
20170503       S-Sys1  1   1.24430       0.00       0.00
20170522        Sxit1  1   1.34480   -4271.00  -97696.00
20170608       S-Sys1  1   1.17910       0.00       0.00
20170717        Sxit1  1   1.26530   -3670.40 -101366.40
20170901       L-Sys1  1   1.49680       0.00       0.00
20180208        Lxit1  1   1.69020    8072.80  -93293.60
20180510       L-Sys1  1   1.98980       0.00       0.00
20180622        Lxit1  1   1.84820   -5997.20  -99290.80
20180710       S-Sys2  1   1.97000       0.00       0.00
20180711  LiqShortPos  1   1.92100    2008.00  -97282.80
20180711       L-Sys2  1   1.92100       0.00       0.00
20180807   LiqLongPos  1   1.93340     470.80  -96812.00
20180807       S-Sys2  1   1.93340       0.00       0.00
20180808  LiqShortPos  1   1.88610    1936.60  -94875.40
20180808       L-Sys2  1   1.88610       0.00       0.00
20180814   LiqLongPos  1   1.91470    1151.20  -93724.20
20180814       S-Sys2  1   1.91470       0.00       0.00
20180815  LiqShortPos  1   1.87490    1621.60  -92102.60
20180815       L-Sys2  1   1.87490       0.00       0.00
20180822   LiqLongPos  1   1.89710     882.40  -91220.20
20180822       S-Sys2  1   1.89710       0.00       0.00
20180830        Sxit2  1   2.01440   -4976.60  -96196.80
20180904       S-Sys2  1   2.00620       0.00       0.00
20180906        Sxit3  1   1.95330    2171.80  -94025.00
20180925       L-Sys1  1   2.05090       0.00       0.00
20181102        Lxit1  1   1.94860   -4346.60  -98371.60
20181121       S-Sys1  1   1.74070       0.00       0.00
20190214        Sxit1  1   1.70570    1420.00  -96951.60
20190227       S-Sys2  1   1.79730       0.00       0.00
20190301  LiqShortPos  1   1.75250    1831.60  -95120.00
20190301       L-Sys2  1   1.75250       0.00       0.00
20190304   LiqLongPos  1   1.79820    1869.40  -93250.60
20190304       S-Sys2  1   1.79820       0.00       0.00
20190305  LiqShortPos  1   1.75870    1609.00  -91641.60
20190305       L-Sys2  1   1.75870       0.00       0.00
20190307   LiqLongPos  1   1.79840    1617.40  -90024.20
20190307       S-Sys2  1   1.79840       0.00       0.00
20190308  LiqShortPos  1   1.76110    1516.60  -88507.60
20190308       L-Sys2  1   1.76110       0.00       0.00
20190320   LiqLongPos  1   1.77350     470.80  -88036.80
20190320       S-Sys2  1   1.77350       0.00       0.00
20190322  LiqShortPos  1   1.74160    1289.80  -86747.00
20190322       L-Sys2  1   1.74160       0.00       0.00
20190326   LiqLongPos  1   1.76240     823.60  -85923.40
20190326       S-Sys2  1   1.76240       0.00       0.00
20190327  LiqShortPos  1   1.73650    1037.80  -84885.60
20190327       L-Sys2  1   1.73650       0.00       0.00
20190329   LiqLongPos  1   1.76050     958.00  -83927.60
20190329       S-Sys2  1   1.76050       0.00       0.00
20190422        Sxit2  1   1.86280   -4346.60  -88274.20
20190425       S-Sys2  1   1.86670       0.00       0.00
20190426  LiqShortPos  1   1.82960    1508.20  -86766.00
20190426       L-Sys2  1   1.82960       0.00       0.00
20190513   LiqLongPos  1   1.84320     521.20  -86244.80
20190513       S-Sys2  1   1.84320       0.00       0.00
20190522  LiqShortPos  1   1.80680    1478.80  -84766.00
20190522       L-Sys2  1   1.80680       0.00       0.00
20190531        Lxit2  1   1.66850   -5858.60  -90624.60
20190604       S-Sys1  1   1.56800       0.00       0.00
20190711        Sxit1  1   1.74490   -7479.80  -98104.40
20190730       S-Sys2  1   1.67140       0.00       0.00
20190801  LiqShortPos  1   1.63810    1348.60  -96755.80
20190801       L-Sys2  1   1.63810       0.00       0.00
20190807        Lxit2  1   1.49360   -6119.00 -102874.80
20190808       S-Sys1  1   1.52080       0.00       0.00
20190910        Sxit1  1   1.66980   -6308.00 -109182.80
20190916       S-Sys2  1   1.72380       0.00       0.00
20190927  LiqShortPos  1   1.66530    2407.00 -106775.80
20190927       L-Sys2  1   1.66530       0.00       0.00
20191009   LiqLongPos  1   1.67880     517.00 -106258.80
20191009       S-Sys2  1   1.67880       0.00       0.00
20191029  LiqShortPos  1   1.67260     210.40 -106048.40
20191029       L-Sys2  1   1.67260       0.00       0.00
20191115   LiqLongPos  1   1.69050     701.80 -105346.60
20191115       S-Sys2  1   1.69050       0.00       0.00
20191118  LiqShortPos  1   1.65740    1340.20 -104006.40
20191118       L-Sys2  1   1.65740       0.00       0.00
20191121   LiqLongPos  1   1.68190     979.00 -103027.40
20191121       S-Sys2  1   1.68190       0.00       0.00
20191129  LiqShortPos  1   1.64280    1592.20 -101435.20
20191129       L-Sys2  1   1.64280       0.00       0.00
20191206   LiqLongPos  1   1.70350    2499.40  -98935.80
20191206       S-Sys2  1   1.70350       0.00       0.00
20191230        Sxit2  1   1.82200   -5027.00 -103962.80
20191231       L-Sys2  1   1.76920       0.00       0.00
20200103   LiqLongPos  1   1.79720    1126.00 -102836.80
20200103       S-Sys2  1   1.79720       0.00       0.00
20200106  LiqShortPos  1   1.82680   -1293.20 -104130.00
20200106       L-Sys1  1   1.82680       0.00       0.00
20200113        Lxit1  1   1.68790   -5883.80 -110013.80
20200122       S-Sys1  1   1.57980       0.00       0.00
20200611        Sxit1  1   0.78730   33235.00  -76778.80
20200811       S-Sys2  1   0.86090       0.00       0.00
20200817  LiqShortPos  1   0.83240    1147.00  -75631.80
20200817       L-Sys2  1   0.83240       0.00       0.00
20200818   LiqLongPos  1   0.85860    1050.40  -74581.40
20200818       S-Sys2  1   0.85860       0.00       0.00
20200820  LiqShortPos  1   0.83240    1050.40  -73531.00
20200820       L-Sys2  1   0.83240       0.00       0.00
20200825   LiqLongPos  1   0.85860    1050.40  -72480.60
20200825       S-Sys2  1   0.85860       0.00       0.00
20200827  LiqShortPos  1   0.82990    1155.40  -71325.20
20200827       L-Sys2  1   0.82990       0.00       0.00
20200908        Lxit2  1   0.71800   -4749.80  -76075.00
20201005       S-Sys1  1   0.66350       0.00       0.00
20201021  LiqShortPos  1   0.74060   -3288.20  -79363.20
20201021       L-Sys2  1   0.74060       0.00       0.00
20201102        Lxit2  1   0.61490   -5329.40  -84692.60
20201125       L-Sys1  1   0.93880       0.00       0.00
20210720        Lxit1  1   1.56110   26086.60  -58606.00
20210728       S-Sys2  1   1.73510       0.00       0.00
20210804  LiqShortPos  1   1.68930    1873.60  -56732.40
20210804       L-Sys2  1   1.68930       0.00       0.00
20210819        Lxit2  1   1.51920   -7194.20  -63926.60
20210823       S-Sys1  1   1.47110       0.00       0.00
20210826        Sxit1  1   1.69010   -9248.00  -73174.60
20210909       L-Sys2  1   1.67990       0.00       0.00
20210910   LiqLongPos  1   1.72960    2037.40  -71137.20
20210910       S-Sys2  1   1.72960       0.00       0.00
20210928        Sxit2  1   1.89220   -6879.20  -78016.40
20211005       L-Sys1  1   2.01660       0.00       0.00
20211129        Lxit1  1   1.69700  -13473.20  -91489.60
20220119       L-Sys1  1   2.31200       0.00       0.00
20220331   Lx-EOFData  1   3.38090   44843.80  -46645.80
