Date,EC,JY,BP,
20100104,0,1,0,499400.0
20100105,0,1,0,498212.0
20100106,0,1,0,499125.0
20100107,0,1,0,500588.0
20100108,0,1,0,499575.0
20100111,0,1,0,498762.0
20100112,0,1,0,497088.0
20100113,0,1,0,497712.0
20100114,0,1,0,497425.0
20100115,0,1,0,496875.0
20100119,0,1,0,497375.0
20100120,0,1,0,497462.0
20100121,1,1,0,496638.0
20100122,1,1,0,494988.0
20100125,1,0,0,494888.0
20100126,1,0,0,495900.0
20100127,1,0,0,496500.0
20100128,1,0,0,497138.0
20100129,1,0,0,498538.0
20100201,1,0,0,497612.0
20100202,1,0,0,497200.0
20100203,1,0,0,498075.0
20100204,1,0,0,500238.0
20100205,1,0,1,501469.0
20100208,1,0,1,502338.0
20100209,1,0,1,499569.0
20100210,1,0,1,501138.0
20100211,1,0,1,501019.0
20100212,1,0,1,502025.0
20100216,1,0,1,499462.0
20100217,1,0,1,502306.0
20100218,1,0,1,504194.0
20100219,1,0,1,503450.0
20100222,1,0,1,503531.0
20100223,1,0,1,505025.0
20100224,1,0,1,504725.0
20100225,1,0,1,505500.0
20100226,1,0,1,504656.0
20100301,1,0,1,507069.0
20100302,1,0,1,506506.0
20100303,1,0,1,504694.0
20100304,1,0,1,506569.0
20100305,1,0,1,505394.0
20100308,1,0,1,505694.0
20100309,1,0,1,506556.0
20100310,1,0,1,505912.0
20100311,1,0,1,505156.0
20100312,1,0,1,503150.0
20100315,1,0,1,505181.0
20100316,1,0,1,502981.0
20100317,1,0,1,502775.0
20100318,1,0,1,504869.0
20100319,1,0,1,507325.0
20100322,1,0,1,506394.0
20100323,1,0,1,507475.0
20100324,1,0,1,510944.0
20100325,1,0,1,511806.0
20100326,1,0,1,509525.0
20100329,1,0,1,508112.0
20100330,1,0,1,508394.0
20100331,1,0,1,506481.0
20100401,1,1,1,505350.0
20100405,1,1,1,507375.0
20100406,1,1,1,507956.0
20100407,1,1,1,508069.0
20100408,1,1,1,507569.0
20100409,1,1,1,504869.0
20100412,1,1,1,504025.0
20100413,1,1,1,503531.0
20100414,1,1,1,502606.0
20100415,1,1,1,503156.0
20100416,1,1,1,503656.0
20100419,1,1,1,504162.0
20100420,1,1,1,506056.0
20100421,1,1,1,506238.0
20100422,1,1,1,508000.0
20100423,1,1,1,507512.0
20100426,1,1,1,507169.0
20100427,1,1,1,509794.0
20100428,1,1,1,510738.0
20100429,1,1,1,509775.0
20100430,1,1,1,509188.0
20100503,1,1,1,511581.0
20100504,1,1,1,514712.0
20100505,1,1,1,516088.0
20100506,1,1,1,515450.0
20100507,1,0,1,514119.0
20100510,1,0,1,513594.0
20100511,1,0,1,514262.0
20100512,1,0,1,515925.0
20100513,1,0,1,518206.0
20100514,1,0,1,520794.0
20100517,1,0,1,520756.0
20100518,1,0,1,524119.0
20100519,1,0,1,520738.0
20100520,1,0,1,520356.0
20100521,1,0,1,518744.0
20100524,1,0,1,521412.0
20100525,1,0,1,522144.0
20100526,1,0,1,524075.0
20100527,1,0,1,520544.0
20100528,1,0,1,522544.0
20100601,1,0,1,521756.0
20100602,1,0,1,521494.0
20100603,1,0,1,522900.0
20100604,1,0,1,526238.0
20100607,1,0,1,526719.0
20100608,1,0,1,526750.0
20100609,1,0,1,525606.0
20100610,1,0,1,522706.0
20100611,1,0,1,523869.0
20100614,1,0,1,521288.0
20100615,1,0,1,519425.0
20100616,1,0,1,520212.0
20100617,1,0,1,518712.0
20100618,1,0,1,518688.0
20100621,1,0,1,520106.0
20100622,1,0,1,520369.0
20100623,1,0,1,518800.0
20100624,1,0,0,518469.0
20100625,1,0,0,517806.0
20100628,1,0,0,519069.0
20100629,1,0,0,520044.0
20100630,1,1,0,519844.0
20100701,1,1,0,517681.0
20100702,1,1,0,516919.0
20100706,1,1,0,516494.0
20100707,1,1,0,516044.0
20100708,1,1,0,514244.0
20100709,1,1,0,514531.0
20100712,1,1,0,515156.0
20100713,1,1,0,513344.0
20100714,1,1,0,513406.0
20100715,1,1,0,512706.0
20100716,0,1,0,514131.0
20100719,0,1,0,513981.0
20100720,0,1,0,512619.0
20100721,0,1,0,513406.0
20100722,0,1,0,513494.0
20100723,0,1,0,512669.0
20100726,0,1,0,513594.0
20100727,0,1,0,511931.0
20100728,0,1,0,512669.0
20100729,0,1,0,513769.0
20100730,0,1,0,514306.0
20100802,0,1,0,514269.0
20100803,0,1,1,515819.0
20100804,0,1,1,514631.0
20100805,0,1,1,515444.0
20100806,0,1,1,516238.0
20100809,0,1,1,515206.0
20100810,0,1,1,515850.0
20100811,0,1,1,514781.0
20100812,0,1,1,513344.0
20100813,0,1,1,512956.0
20100816,0,1,1,514838.0
20100817,0,1,1,513981.0
20100818,0,1,1,514162.0
20100819,0,1,1,514281.0
20100820,0,1,1,513519.0
20100823,0,1,1,514194.0
20100824,0,1,1,515556.0
20100825,0,1,1,514888.0
20100826,0,1,1,515494.0
20100827,0,1,1,514031.0
20100830,0,1,1,514794.0
20100831,0,1,1,514831.0
20100901,0,1,1,515069.0
20100902,0,1,1,514988.0
20100903,0,1,1,515331.0
20100907,0,1,1,515575.0
20100908,0,1,1,516256.0
20100909,0,1,1,516125.0
20100910,0,1,1,514981.0
20100913,0,1,1,516275.0
20100914,0,1,1,518138.0
20100915,0,1,1,513944.0
20100916,0,1,1,513912.0
20100917,0,1,1,513800.0
20100920,0,1,1,513525.0
20100921,0,1,1,514988.0
20100922,0,1,1,516238.0
20100923,1,1,1,515625.0
20100924,1,1,1,518944.0
20100927,1,1,1,518388.0
20100928,1,1,1,520606.0
20100929,1,1,1,521281.0
20100930,1,1,1,521256.0
20101001,1,1,1,524356.0
20101004,1,1,1,522888.0
20101005,1,1,1,525450.0
20101006,1,1,1,527125.0
20101007,1,1,1,527869.0
20101008,1,1,1,528981.0
20101011,1,1,1,527994.0
20101012,1,1,1,528781.0
20101013,1,1,1,529588.0
20101014,1,1,1,532444.0
20101015,1,1,1,530894.0
20101018,1,1,1,530125.0
20101019,1,1,1,525819.0
20101020,1,1,1,530606.0
20101021,1,1,1,528719.0
20101022,1,1,1,528956.0
20101025,1,1,1,530412.0
20101026,1,1,1,528675.0
20101027,1,1,1,526481.0
20101028,1,1,1,530944.0
20101029,1,1,1,533006.0
20101101,1,1,1,532069.0
20101102,1,1,1,533656.0
20101103,1,1,1,534325.0
20101104,1,1,1,536938.0
20101105,1,1,1,533225.0
20101108,1,1,1,531775.0
20101109,1,1,1,527969.0
20101110,1,1,1,527950.0
20101111,1,1,1,526100.0
20101112,1,1,1,526306.0
20101115,1,1,1,523600.0
20101116,1,1,1,520950.0
20101117,1,1,1,521744.0
20101118,1,1,1,523356.0
20101119,1,0,1,523350.0
20101122,1,0,1,522688.0
20101123,1,0,1,518331.0
20101124,0,0,1,518331.0
20101126,0,0,1,517325.0
20101129,0,0,0,517212.0
20101130,0,0,0,517212.0
20101201,0,0,0,517212.0
20101202,0,0,0,517212.0
20101203,0,0,0,517212.0
20101206,0,0,0,517212.0
20101207,0,0,0,517212.0
20101208,0,0,0,517212.0
20101209,0,0,0,517212.0
20101210,0,0,0,517212.0
20101213,0,0,0,517212.0
20101214,0,0,0,517212.0
20101215,0,0,0,517212.0
20101216,0,0,0,517212.0
20101217,0,0,0,517212.0
20101220,0,0,0,517212.0
20101221,0,0,0,517212.0
20101222,0,0,0,517212.0
20101223,0,0,0,517212.0
20101227,0,0,0,517212.0
20101228,0,0,0,517212.0
20101229,0,0,0,517212.0
20101230,0,0,0,517212.0
20101231,0,0,0,517212.0
20110103,0,0,0,517212.0
20110104,0,0,0,517212.0
20110105,0,0,0,517212.0
20110106,0,0,0,517212.0
20110107,0,0,0,517212.0
20110110,0,0,0,517212.0
20110111,0,0,0,517212.0
20110112,0,0,0,517212.0
20110113,0,0,0,517212.0
20110114,0,0,0,517212.0
20110118,0,0,0,517212.0
20110119,0,0,0,517212.0
20110120,0,0,0,517212.0
20110121,0,0,0,517212.0
20110124,0,0,0,517212.0
20110125,0,0,0,517212.0
20110126,0,0,0,517212.0
20110127,0,0,0,517212.0
20110128,0,0,0,517212.0
20110131,0,0,0,517212.0
20110201,0,0,0,517212.0
20110202,0,0,0,517212.0
20110203,0,0,0,517212.0
20110204,0,0,0,517212.0
20110207,0,0,0,517212.0
20110208,0,0,0,517212.0
20110209,0,0,0,517212.0
20110210,0,0,0,517212.0
20110211,0,0,0,517212.0
20110214,0,0,0,517212.0
20110215,0,0,0,517212.0
20110216,0,0,0,517212.0
20110217,0,0,0,517212.0
20110218,0,0,0,517212.0
20110222,0,0,0,517212.0
20110223,0,0,0,517212.0
20110224,0,0,0,517212.0
20110225,0,0,0,517212.0
20110228,0,0,0,517212.0
20110301,0,0,0,517212.0
20110302,0,0,0,517212.0
20110303,0,0,0,517212.0
20110304,0,0,0,517212.0
20110307,1,0,0,516888.0
20110308,1,0,0,516075.0
20110309,1,0,0,516112.0
20110310,1,0,0,514775.0
20110311,1,0,0,515938.0
20110314,1,0,0,517238.0
20110315,1,0,0,517300.0
20110316,1,1,0,517325.0
20110317,1,1,0,520738.0
20110318,1,1,0,518862.0
20110321,1,1,0,519562.0
20110322,1,1,0,519550.0
20110323,1,1,0,518688.0
20110324,1,1,0,519250.0
20110325,1,1,0,516950.0
20110328,1,1,0,516812.0
20110329,1,1,0,515238.0
20110330,1,0,0,515512.0
20110331,1,0,0,515988.0
20110401,1,0,0,516962.0
20110404,1,0,0,516738.0
20110405,1,0,0,516825.0
20110406,1,1,0,518700.0
20110407,1,1,0,517425.0
20110408,1,1,0,518950.0
20110411,1,1,0,518588.0
20110412,1,1,0,517663.0
20110413,1,1,0,517288.0
20110414,1,1,0,517200.0
20110415,1,1,0,515975.0
20110418,1,1,0,512575.0
20110419,1,1,0,513462.0
20110420,1,0,0,515875.0
20110421,1,0,0,516212.0
20110425,1,0,0,516750.0
20110426,1,0,0,517338.0
20110427,1,0,0,518675.0
20110428,1,0,1,519794.0
20110429,1,0,1,520400.0
20110502,1,0,1,520394.0
20110503,1,0,1,518712.0
20110504,1,0,1,519394.0
20110505,1,0,1,514475.0
20110506,1,0,1,512088.0
20110509,1,0,1,512250.0
20110510,1,0,1,512744.0
20110511,1,0,1,510219.0
20110512,1,0,1,510288.0
20110513,1,0,1,508112.0
20110516,1,0,0,509019.0
20110517,1,0,0,509494.0
20110518,1,0,0,509469.0
20110519,1,0,0,510556.0
20110520,1,0,0,509244.0
20110523,1,0,0,507444.0
20110524,0,0,0,507219.0
20110525,0,0,0,507219.0
20110526,0,0,0,507219.0
20110527,0,0,0,507219.0
20110531,0,0,0,507219.0
20110601,0,0,0,507219.0
20110602,0,0,0,507219.0
20110603,0,0,0,507219.0
20110606,0,0,0,507219.0
20110607,0,0,0,507219.0
20110608,0,0,0,507219.0
20110609,0,0,0,507219.0
20110610,0,0,0,507219.0
20110613,0,0,0,507219.0
20110614,0,0,0,507219.0
20110615,0,0,0,507219.0
20110616,0,0,0,507219.0
20110617,0,0,0,507219.0
20110620,0,0,0,507219.0
20110621,0,0,0,507219.0
20110622,0,0,0,507219.0
20110623,0,0,0,507219.0
20110624,0,0,0,507219.0
20110627,0,0,0,507219.0
20110628,0,0,0,507219.0
20110629,0,0,0,507219.0
20110630,0,0,0,507219.0
20110701,0,0,0,507219.0
20110705,0,0,0,507219.0
20110706,0,0,0,507219.0
20110707,0,0,0,507219.0
20110708,0,0,0,507219.0
20110711,0,0,0,507219.0
20110712,0,0,0,507219.0
20110713,0,0,0,507219.0
20110714,0,0,0,507219.0
20110715,0,0,0,507219.0
20110718,0,0,0,507219.0
20110719,0,0,0,507219.0
20110720,0,0,0,507219.0
20110721,0,0,0,507219.0
20110722,0,0,0,507219.0
20110725,0,0,0,507219.0
20110726,0,0,0,507219.0
20110727,0,1,0,507044.0
20110728,0,1,0,507544.0
20110729,0,1,0,509794.0
20110801,0,1,0,509006.0
20110802,0,1,0,508806.0
20110803,0,1,0,509444.0
20110804,0,1,0,505006.0
20110805,0,1,0,506244.0
20110808,0,1,0,507944.0
20110809,0,1,0,509019.0
20110810,0,1,0,509706.0
20110811,0,1,0,509519.0
20110812,0,1,0,509669.0
20110815,0,1,0,509706.0
20110816,0,1,0,509731.0
20110817,0,1,0,510294.0
20110818,0,1,0,510219.0
20110819,0,1,0,510256.0
20110822,0,1,0,509731.0
20110823,0,1,0,509756.0
20110824,0,1,0,509194.0
20110825,0,1,0,508006.0
20110826,0,1,0,509819.0
20110829,0,1,0,509369.0
20110830,0,1,0,509869.0
20110831,0,1,0,509856.0
20110901,0,1,0,509544.0
20110902,0,1,0,509706.0
20110906,0,1,0,507831.0
20110907,0,1,0,508469.0
20110908,0,1,0,508169.0
20110909,1,1,0,511031.0
20110912,1,1,1,512238.0
20110913,1,1,1,511750.0
20110914,1,1,1,511912.0
20110915,1,1,1,509988.0
20110916,1,1,1,510794.0
20110919,1,1,1,513744.0
20110920,1,1,1,513531.0
20110921,1,1,1,514106.0
20110922,1,1,1,518444.0
20110923,1,1,1,517444.0
20110926,1,1,1,517288.0
20110927,1,1,1,513581.0
20110928,1,1,1,515300.0
20110929,1,1,1,515138.0
20110930,1,1,1,516194.0
20111003,1,1,1,520312.0
20111004,1,1,1,520044.0
20111005,1,1,1,518456.0
20111006,1,1,1,518069.0
20111007,1,1,1,517306.0
20111010,1,1,1,513419.0
20111011,1,1,1,514056.0
20111012,1,1,1,510050.0
20111013,1,1,1,510938.0
20111014,1,1,1,508700.0
20111017,1,1,1,511631.0
20111018,1,1,1,511994.0
20111019,1,1,1,511575.0
20111020,1,1,1,510988.0
20111021,1,1,1,510425.0
20111024,1,1,1,509131.0
20111025,1,1,1,509569.0
20111026,1,1,0,509362.0
20111027,1,1,0,505925.0
20111028,0,1,0,506588.0
20111031,0,1,0,501500.0
20111101,0,0,0,501650.0
20111102,0,0,0,501650.0
20111103,0,0,0,501650.0
20111104,0,0,0,501650.0
20111107,0,0,0,501650.0
20111108,0,0,0,501650.0
20111109,0,0,0,501650.0
20111110,0,0,0,501650.0
20111111,0,0,0,501650.0
20111114,0,0,0,501650.0
20111115,0,0,0,501650.0
20111116,0,0,0,501650.0
20111117,0,0,0,501650.0
20111118,0,0,0,501650.0
20111121,0,0,0,501650.0
20111122,0,0,0,501650.0
20111123,0,0,0,501650.0
20111125,0,0,0,501650.0
20111128,0,0,0,501650.0
20111129,0,0,0,501650.0
20111130,0,0,0,501650.0
20111201,0,0,0,501650.0
20111202,0,0,0,501650.0
20111205,0,0,0,501650.0
20111206,0,0,0,501650.0
20111207,0,0,0,501650.0
20111208,0,0,0,501650.0
20111209,0,0,0,501650.0
20111212,0,0,0,501650.0
20111213,0,0,0,501650.0
20111214,0,0,0,501650.0
20111215,1,0,0,501338.0
20111216,1,0,0,501188.0
20111219,1,0,0,501325.0
20111220,1,0,0,500600.0
20111221,1,0,0,500938.0
20111222,1,0,0,500925.0
20111223,1,0,0,500762.0
20111227,1,0,0,500612.0
20111228,1,0,0,502238.0
20111229,1,0,0,502312.0
20111230,1,0,0,502075.0
20120103,1,0,0,500862.0
20120104,1,0,0,502350.0
20120105,1,0,0,504250.0
20120106,1,0,0,505038.0
20120109,1,0,0,504638.0
20120110,1,0,0,504212.0
20120111,1,0,0,505400.0
20120112,1,0,0,503750.0
20120113,1,0,0,505750.0
20120117,1,0,0,505100.0
20120118,1,0,0,503650.0
20120119,1,0,0,502438.0
20120120,1,0,0,502588.0
20120123,1,0,0,501400.0
20120124,1,0,0,501338.0
20120125,1,0,0,500562.0
20120126,1,0,0,500275.0
20120127,1,0,0,499062.0
20120130,1,0,0,500075.0
20120131,1,0,0,500588.0
20120201,1,0,0,499675.0
20120202,1,0,0,499862.0
20120203,1,0,0,499725.0
20120206,1,0,0,500088.0
20120207,1,0,0,498550.0
20120208,1,0,0,498488.0
20120209,1,0,0,498025.0
20120210,1,0,0,499500.0
20120213,1,0,0,499088.0
20120214,1,0,0,500475.0
20120215,1,0,0,500862.0
20120216,1,0,0,499888.0
20120217,1,1,0,500775.0
20120221,1,1,0,500162.0
20120222,1,1,0,501212.0
20120223,1,1,0,499812.0
20120224,0,1,0,501012.0
20120227,0,1,0,500025.0
20120228,0,1,0,500188.0
20120229,0,1,0,501300.0
20120301,0,1,0,501225.0
20120302,0,1,0,502588.0
20120305,0,1,0,501912.0
20120306,0,1,0,500600.0
20120307,0,1,0,501475.0
20120308,0,1,0,502250.0
20120309,0,1,0,503962.0
20120312,0,1,0,503412.0
20120313,0,1,0,504550.0
20120314,0,1,0,506038.0
20120315,0,1,0,505475.0
20120316,0,1,0,505438.0
20120319,0,1,0,505500.0
20120320,0,1,0,506025.0
20120321,0,1,0,505625.0
20120322,0,1,0,504012.0
20120323,0,1,0,503850.0
20120326,0,1,0,504425.0
20120327,0,1,0,504925.0
20120328,0,1,0,504388.0
20120329,0,1,0,503688.0
20120330,0,1,0,504512.0
20120402,0,1,0,503288.0
20120403,0,1,0,504775.0
20120404,0,1,0,504062.0
20120405,0,1,0,503638.0
20120406,0,1,0,502075.0
20120409,0,1,0,502288.0
20120410,0,1,0,500638.0
20120411,0,1,0,500900.0
20120412,0,1,0,500700.0
20120413,0,1,0,501300.0
20120416,0,1,0,500125.0
20120417,0,1,0,500712.0
20120418,0,1,0,501538.0
20120419,0,1,0,501962.0
20120420,0,1,0,502212.0
20120423,0,1,0,501375.0
20120424,0,1,0,501600.0
20120425,0,1,0,501712.0
20120426,0,1,1,501181.0
20120427,0,1,1,500556.0
20120430,0,1,1,499231.0
20120501,0,0,1,499081.0
20120502,0,0,1,498938.0
20120503,0,0,1,498844.0
20120504,0,0,1,498612.0
20120507,0,0,1,498850.0
20120508,0,0,1,498738.0
20120509,0,0,1,498606.0
20120510,1,0,1,498462.0
20120511,1,0,1,498300.0
20120514,1,0,1,499500.0
20120515,1,0,1,500231.0
20120516,1,0,1,499825.0
20120517,1,0,1,499331.0
20120518,1,0,0,498725.0
20120521,1,0,0,498088.0
20120522,1,0,0,498962.0
20120523,1,0,0,500788.0
20120524,1,0,0,501388.0
20120525,1,0,0,501488.0
20120529,1,0,0,501850.0
20120530,1,0,0,503200.0
20120531,1,0,0,503400.0
20120601,1,0,1,503000.0
20120604,1,0,1,501938.0
20120605,1,0,1,502612.0
20120606,1,0,1,500712.0
20120607,1,0,1,499494.0
20120608,1,0,1,501281.0
20120611,1,0,1,501062.0
20120612,1,0,1,500581.0
20120613,1,0,1,499750.0
20120614,1,0,1,499575.0
20120615,1,0,1,498181.0
20120618,1,0,1,498962.0
20120619,1,0,1,497206.0
20120620,1,0,1,497706.0
20120621,1,0,1,499762.0
20120622,1,0,1,499706.0
20120625,1,0,1,500675.0
20120626,1,0,1,500206.0
20120627,1,0,1,501181.0
20120628,1,0,1,501962.0
20120629,1,0,1,497912.0
20120702,1,0,1,498775.0
20120703,1,0,1,498388.0
20120705,1,0,1,502219.0
20120706,1,0,1,504006.0
20120709,1,0,1,503256.0
20120710,1,0,1,504069.0
20120711,1,0,1,504562.0
20120712,1,0,1,505250.0
20120713,1,0,1,503831.0
20120716,1,0,1,503012.0
20120717,1,0,1,502756.0
20120718,1,0,1,503106.0
20120719,1,0,1,502406.0
20120720,1,0,1,504556.0
20120723,1,0,1,505562.0
20120724,1,0,1,506444.0
20120725,1,0,1,505238.0
20120726,1,0,1,502512.0
20120727,1,0,1,502006.0
20120730,1,0,1,502712.0
20120731,1,0,1,502325.0
20120801,1,0,1,504012.0
20120802,1,0,1,505112.0
20120803,1,0,1,501700.0
20120806,1,0,1,501694.0
20120807,1,0,1,501294.0
20120808,1,0,1,501944.0
20120809,1,0,1,502788.0
20120810,1,0,1,502588.0
20120813,1,0,1,501981.0
20120814,1,0,1,502000.0
20120815,1,0,1,502544.0
20120816,1,0,1,501306.0
20120817,1,0,0,501750.0
20120820,1,0,0,501412.0
20120821,1,0,0,499925.0
20120822,1,0,0,499150.0
20120823,0,0,0,499050.0
20120824,0,0,0,499050.0
20120827,0,0,0,499050.0
20120828,0,0,0,499050.0
20120829,0,0,0,499050.0
20120830,0,0,0,499050.0
20120831,0,0,0,499050.0
20120903,0,0,0,499050.0
20120904,0,0,0,499050.0
20120905,0,0,0,499050.0
20120906,0,0,0,499050.0
20120907,0,0,1,499488.0
20120910,1,0,1,498962.0
20120911,1,0,1,500519.0
20120912,1,0,1,501138.0
20120913,1,0,1,502581.0
20120914,1,1,1,503019.0
20120917,1,1,1,502050.0
20120918,1,1,1,500975.0
20120919,1,0,1,501269.0
20120920,1,0,1,500031.0
20120921,1,0,1,500462.0
20120924,1,0,1,499688.0
20120925,1,0,1,499456.0
20120926,1,0,1,498275.0
20120927,1,0,1,499481.0
20120928,1,0,1,498069.0
20121001,1,0,1,498438.0
20121002,1,0,1,498862.0
20121003,1,0,1,498244.0
20121004,1,0,1,500425.0
20121005,1,0,1,500331.0
20121008,1,0,1,498906.0
20121009,1,0,1,497606.0
20121010,1,0,1,497762.0
20121011,1,0,1,498419.0
20121012,1,0,1,498944.0
20121015,1,0,1,498750.0
20121016,1,0,1,500244.0
20121017,1,0,1,501531.0
20121018,1,0,1,500188.0
20121019,1,0,1,499375.0
20121022,1,0,1,499600.0
20121023,1,1,1,498262.0
20121024,1,1,1,498638.0
20121025,1,1,1,499775.0
20121026,1,1,1,498212.0
20121029,1,1,1,497800.0
20121030,1,1,1,498350.0
20121031,1,1,1,498975.0
20121101,1,1,1,499469.0
20121102,1,1,1,497850.0
20121105,1,1,1,496800.0
20121106,1,1,1,497569.0
20121107,1,1,1,495944.0
20121108,1,1,1,494600.0
20121109,1,1,1,493775.0
20121112,1,1,0,493725.0
20121113,0,1,0,493475.0
20121114,0,1,0,494988.0
20121115,0,1,0,496988.0
20121116,0,1,0,497025.0
20121119,0,1,0,497275.0
20121120,0,1,0,497938.0
20121121,0,1,0,499388.0
20121123,0,1,0,499188.0
20121126,0,1,0,498800.0
20121127,0,1,0,498800.0
20121128,0,1,0,498338.0
20121129,0,1,0,498725.0
20121130,0,1,0,499225.0
20121203,0,1,0,498912.0
20121204,0,1,0,498200.0
20121205,0,1,0,499112.0
20121206,0,1,0,499175.0
20121207,0,1,0,499225.0
20121210,0,1,0,499125.0
20121211,0,1,0,499438.0
20121212,0,1,0,500700.0
20121213,0,1,0,501400.0
20121214,0,1,0,501188.0
20121217,0,1,0,501850.0
20121218,0,1,0,502488.0
20121219,0,1,0,502862.0
20121220,1,1,0,503350.0
20121221,1,1,0,502175.0
20121224,1,1,0,503325.0
20121226,1,1,0,505162.0
20121227,1,1,0,506075.0
20121228,1,1,0,505938.0
20121231,1,1,0,506588.0
20130102,1,1,0,507100.0
20130103,1,1,0,505750.0
20130104,1,1,0,507462.0
20130107,1,1,0,507475.0
20130108,1,1,0,506075.0
20130109,1,1,0,506625.0
20130110,1,1,0,509775.0
20130111,1,1,0,512450.0
20130114,1,1,0,513262.0
20130115,1,1,0,511338.0
20130116,1,1,0,510762.0
20130117,1,1,0,514388.0
20130118,1,1,0,513538.0
20130122,1,1,1,511394.0
20130123,1,1,1,511338.0
20130124,1,1,1,514344.0
20130125,1,1,1,517006.0
20130128,1,1,1,517162.0
20130129,1,1,1,517112.0
20130130,1,1,1,518631.0
20130131,1,1,1,518606.0
20130201,1,1,1,522569.0
20130204,1,1,1,519981.0
20130205,1,1,1,522862.0
20130206,1,1,1,522106.0
20130207,1,1,1,520550.0
20130208,1,1,1,518425.0
20130211,1,1,1,520462.0
20130212,1,1,1,521344.0
20130213,1,1,1,522031.0
20130214,1,1,1,520475.0
20130215,1,1,1,520975.0
20130219,1,1,1,521975.0
20130220,1,1,1,522362.0
20130221,1,1,1,519906.0
20130222,1,1,1,520456.0
20130225,1,1,1,518906.0
20130226,0,1,1,517456.0
20130227,0,1,1,517875.0
20130228,0,1,1,518262.0
20130301,0,1,1,520550.0
20130304,0,1,1,519725.0
20130305,0,1,1,519525.0
20130306,0,1,1,521062.0
20130307,0,1,1,522312.0
20130308,0,1,1,524156.0
20130311,0,1,1,524862.0
20130312,0,1,1,524538.0
20130313,0,1,1,524600.0
20130314,0,1,1,523675.0
20130315,0,1,1,522831.0
20130318,0,1,1,522662.0
20130319,0,1,1,522219.0
20130320,0,1,1,523194.0
20130321,0,1,1,521425.0
20130322,0,1,1,520519.0
20130325,0,1,1,520212.0
20130326,0,1,1,521025.0
20130327,0,1,1,521031.0
20130328,1,1,1,519925.0
20130329,1,1,1,519925.0
20130401,1,1,1,518106.0
20130402,1,1,1,519288.0
20130403,1,1,1,517975.0
20130404,1,1,1,520844.0
20130405,1,1,1,521319.0
20130408,1,1,1,523925.0
20130409,1,1,1,522319.0
20130410,1,1,1,523581.0
20130411,1,1,1,522625.0
20130412,1,1,1,522006.0
20130415,1,1,1,520825.0
20130416,1,1,1,518600.0
20130417,0,1,1,520056.0
20130418,0,1,1,520081.0
20130419,0,1,1,522275.0
20130422,0,1,1,521794.0
20130423,0,1,1,522019.0
20130424,0,1,1,522000.0
20130425,0,1,1,520688.0
20130426,0,1,1,518994.0
20130429,0,1,0,518650.0
20130430,0,1,0,518000.0
20130501,0,1,0,517838.0
20130502,0,1,0,518600.0
20130503,0,1,0,519988.0
20130506,0,1,0,520438.0
20130507,0,1,0,519900.0
20130508,0,1,0,519688.0
20130509,0,1,0,521925.0
20130510,0,1,0,523100.0
20130513,0,1,0,523588.0
20130514,0,1,0,523950.0
20130515,0,1,0,524038.0
20130516,0,1,0,523738.0
20130517,0,1,0,525075.0
20130520,0,1,0,523962.0
20130521,0,1,0,524325.0
20130522,0,1,0,525100.0
20130523,0,1,0,523512.0
20130524,0,1,0,522475.0
20130528,0,1,0,523762.0
20130529,0,1,0,522650.0
20130530,0,1,0,522388.0
20130531,0,1,0,522050.0
20130603,0,1,0,520525.0
20130604,0,1,0,521275.0
20130605,0,1,0,520250.0
20130606,0,1,0,517638.0
20130607,0,1,1,517731.0
20130610,0,1,1,519638.0
20130611,0,1,1,516606.0
20130612,1,0,1,516800.0
20130613,1,0,1,517125.0
20130614,1,0,1,517100.0
20130617,1,0,1,517069.0
20130618,1,0,1,517575.0
20130619,1,0,1,514850.0
20130620,1,0,1,513875.0
20130621,1,0,1,512881.0
20130624,1,0,1,512775.0
20130625,1,0,1,512244.0
20130626,1,0,1,510444.0
20130627,0,0,1,510062.0
20130628,0,0,0,509962.0
20130701,0,0,0,509962.0
20130702,0,0,0,509962.0
20130703,0,0,0,509962.0
20130705,0,0,0,509962.0
20130708,0,0,1,509538.0
20130709,0,0,1,510038.0
20130710,0,0,1,509694.0
20130711,0,0,1,508025.0
20130712,0,0,1,508575.0
20130715,0,0,1,508575.0
20130716,0,0,1,508288.0
20130717,0,0,1,507912.0
20130718,0,0,1,507856.0
20130719,0,0,1,507581.0
20130722,0,0,1,506981.0
20130723,0,0,0,506894.0
20130724,0,0,0,506894.0
20130725,0,0,0,506894.0
20130726,0,0,0,506894.0
20130729,0,0,0,506894.0
20130730,0,0,0,506894.0
20130731,0,0,0,506894.0
20130801,0,0,0,506894.0
20130802,0,0,0,506894.0
20130805,0,0,0,506894.0
20130806,0,0,0,506894.0
20130807,0,0,0,506894.0
20130808,0,0,0,506894.0
20130809,0,0,0,506894.0
20130812,0,0,0,506894.0
20130813,0,0,0,506894.0
20130814,0,0,0,506894.0
20130815,0,0,0,506894.0
20130816,0,0,0,506894.0
20130819,0,0,0,506894.0
20130820,0,0,0,506894.0
20130821,0,0,0,506894.0
20130822,0,0,0,506894.0
20130823,0,0,0,506894.0
20130826,0,0,0,506894.0
20130827,0,0,0,506894.0
20130828,0,0,0,506894.0
20130829,0,0,0,506894.0
20130830,0,0,0,506894.0
20130903,0,0,0,506894.0
20130904,0,0,0,506894.0
20130905,0,0,0,506894.0
20130906,0,0,0,506894.0
20130909,0,0,0,506894.0
20130910,0,0,0,506894.0
20130911,0,0,0,506894.0
20130912,0,0,0,506894.0
20130913,0,0,0,506894.0
20130916,0,0,1,506669.0
20130917,0,0,1,506750.0
20130918,0,0,1,507988.0
20130919,0,0,1,507525.0
20130920,1,0,1,507325.0
20130923,1,0,1,507175.0
20130924,1,0,1,506681.0
20130925,1,0,1,507694.0
20130926,1,0,1,507044.0
20130927,1,0,1,508006.0
20130930,1,0,1,508406.0
20131001,1,0,1,508550.0
20131002,1,0,1,509350.0
20131003,1,0,1,509456.0
20131004,1,0,1,507794.0
20131007,1,0,1,508488.0
20131008,1,0,1,508281.0
20131009,1,0,1,506950.0
20131010,1,0,1,507250.0
20131011,1,0,1,507375.0
20131014,1,0,1,507881.0
20131015,1,0,1,507169.0
20131016,1,0,1,507025.0
20131017,1,0,1,510144.0
20131018,1,0,1,510181.0
20131021,1,0,1,510075.0
20131022,1,0,1,511975.0
20131023,1,0,1,511500.0
20131024,1,0,1,512000.0
20131025,1,0,1,511850.0
20131028,1,0,1,511756.0
20131029,1,0,1,510331.0
20131030,1,0,1,509881.0
20131031,1,0,1,508412.0
20131101,1,0,1,506388.0
20131104,1,0,1,506969.0
20131105,1,0,1,506925.0
20131106,1,0,1,507725.0
20131107,1,0,1,506588.0
20131108,0,0,1,505806.0
20131111,0,0,1,505662.0
20131112,0,0,1,505119.0
20131113,0,0,1,505944.0
20131114,0,0,1,506162.0
20131115,0,0,1,506500.0
20131118,0,1,1,506150.0
20131119,0,1,1,506438.0
20131120,0,1,1,506144.0
20131121,0,1,1,507850.0
20131122,0,1,1,508388.0
20131125,0,1,1,508438.0
20131126,0,1,1,508369.0
20131127,0,1,1,509806.0
20131129,0,1,1,510738.0
20131202,0,1,1,511425.0
20131203,0,1,1,510875.0
20131204,0,1,1,510469.0
20131205,0,1,1,509700.0
20131206,0,1,1,511175.0
20131209,0,1,1,512044.0
20131210,0,1,1,511556.0
20131211,0,1,1,510988.0
20131212,0,1,1,511575.0
20131213,0,1,1,511144.0
20131216,0,1,1,510962.0
20131217,0,1,1,510362.0
20131218,0,1,1,512394.0
20131219,0,1,1,512800.0
20131220,0,1,1,512412.0
20131223,0,1,1,512575.0
20131224,0,1,1,512938.0
20131226,0,1,1,513756.0
20131227,0,1,1,514481.0
20131230,0,1,1,514812.0
20131231,0,1,1,515288.0
20140102,0,1,1,513738.0
20140103,0,1,1,513694.0
20140106,0,1,1,513144.0
20140107,0,1,1,513419.0
20140108,0,1,1,514056.0
20140109,0,1,1,514119.0
20140110,0,1,1,513306.0
20140113,0,1,1,511481.0
20140114,0,1,1,513262.0
20140115,0,1,1,513294.0
20140116,0,1,1,512906.0
20140117,0,1,1,513306.0
20140121,0,1,1,513625.0
20140122,0,1,1,514388.0
20140123,0,1,1,513300.0
20140124,0,1,1,511500.0
20140127,0,1,1,512475.0
20140128,0,1,1,512619.0
20140129,0,1,1,511594.0
20140130,0,1,1,511812.0
20140131,0,1,1,511075.0
20140203,0,1,1,508494.0
20140204,0,0,1,508781.0
20140205,0,0,1,508731.0
20140206,0,0,1,508794.0
20140207,0,0,1,509356.0
20140210,0,0,1,509312.0
20140211,0,0,1,509594.0
20140212,0,0,1,510519.0
20140213,0,0,1,510881.0
20140214,0,0,1,511431.0
20140218,0,0,1,511062.0
20140219,0,0,1,511150.0
20140220,0,0,1,510919.0
20140221,0,0,1,510831.0
20140224,0,0,1,510950.0
20140225,0,0,1,511031.0
20140226,0,0,1,510944.0
20140227,0,0,1,511081.0
20140228,0,0,1,511544.0
20140303,0,0,1,510925.0
20140304,0,0,1,511012.0
20140305,0,0,1,511269.0
20140306,0,0,1,511425.0
20140307,1,0,1,511494.0
20140310,1,0,1,510925.0
20140311,1,0,1,510856.0
20140312,1,0,1,511194.0
20140313,1,0,1,510650.0
20140314,1,0,1,511306.0
20140317,1,0,1,511550.0
20140318,1,0,1,511344.0
20140319,1,0,1,509756.0
20140320,1,0,1,508969.0
20140321,1,0,1,509075.0
20140324,1,0,1,509638.0
20140325,1,0,1,509719.0
20140326,1,0,1,509544.0
20140327,1,0,1,509262.0
20140328,1,0,1,509494.0
20140331,1,0,1,509962.0
20140401,1,0,1,509900.0
20140402,1,0,1,509525.0
20140403,1,0,1,508669.0
20140404,1,0,1,508462.0
20140407,0,0,1,508531.0
20140408,0,0,1,509394.0
20140409,0,0,1,509681.0
20140410,0,0,1,509644.0
20140411,0,0,1,509388.0
20140414,0,0,1,509269.0
20140415,0,0,1,509225.0
20140416,0,0,1,509712.0
20140417,0,0,1,509719.0
20140421,0,0,1,509731.0
20140422,0,0,1,509869.0
20140423,0,0,1,509612.0
20140424,0,0,1,509725.0
20140425,0,0,1,509738.0
20140428,0,0,1,509812.0
20140429,0,0,1,509931.0
20140430,0,0,1,510281.0
20140501,0,0,1,510331.0
20140502,0,0,1,510175.0
20140505,0,0,1,510175.0
20140506,0,0,1,510900.0
20140507,0,0,1,510744.0
20140508,0,0,1,510644.0
20140509,0,0,1,510012.0
20140512,0,0,1,510156.0
20140513,0,0,1,509888.0
20140514,0,0,1,509562.0
20140515,0,0,1,509719.0
20140516,0,0,1,509881.0
20140519,0,0,1,509862.0
20140520,0,0,1,510000.0
20140521,0,0,1,510356.0
20140522,0,0,1,510162.0
20140523,0,0,1,509875.0
20140527,0,0,1,509825.0
20140528,0,0,1,509194.0
20140529,0,0,1,509269.0
20140530,0,0,1,509538.0
20140602,0,0,1,509425.0
20140603,0,0,1,509425.0
20140604,0,0,1,509412.0
20140605,0,0,1,509862.0
20140606,0,0,1,509838.0
20140609,0,0,1,509738.0
20140610,0,0,1,509488.0
20140611,1,0,1,509944.0
20140612,1,0,1,509744.0
20140613,1,0,1,510931.0
20140616,1,0,1,510569.0
20140617,1,0,1,510744.0
20140618,1,0,1,510538.0
20140619,1,0,1,510494.0
20140620,1,0,1,510494.0
20140623,1,0,1,510419.0
20140624,1,0,1,510188.0
20140625,1,0,1,509856.0
20140626,1,0,1,510388.0
20140627,1,0,1,509894.0
20140630,1,0,1,509806.0
20140701,1,0,1,510281.0
20140702,1,0,1,510669.0
20140703,1,0,1,511231.0
20140707,1,0,1,511050.0
20140708,1,0,1,511006.0
20140709,1,0,1,510744.0
20140710,1,0,1,511181.0
20140711,1,0,1,510962.0
20140714,1,0,1,510612.0
20140715,1,0,1,511662.0
20140716,1,0,1,512150.0
20140717,1,0,1,511975.0
20140718,1,0,1,511875.0
20140721,1,0,1,511788.0
20140722,1,0,1,512412.0
20140723,1,0,1,512331.0
20140724,1,0,1,511981.0
20140725,1,0,1,512331.0
20140728,1,0,1,512331.0
20140729,1,0,1,512412.0
20140730,1,0,1,512456.0
20140731,1,1,1,512325.0
20140801,1,1,0,511450.0
20140804,1,1,0,511512.0
20140805,1,1,0,512125.0
20140806,1,1,0,511425.0
20140807,1,1,0,511675.0
20140808,1,1,0,511012.0
20140811,1,1,0,511550.0
20140812,1,1,0,511762.0
20140813,1,1,0,512050.0
20140814,1,1,0,512088.0
20140815,1,1,0,511525.0
20140818,1,1,0,512300.0
20140819,1,1,0,513212.0
20140820,1,1,1,514931.0
20140821,1,1,1,514894.0
20140822,1,1,1,515600.0
20140825,1,1,1,516262.0
20140826,1,1,1,516831.0
20140827,1,1,1,516081.0
20140828,1,1,1,515962.0
20140829,1,1,1,517244.0
20140902,1,1,1,519062.0
20140903,1,1,1,518619.0
20140904,1,1,1,522431.0
20140905,1,1,1,521994.0
20140908,1,1,1,524912.0
20140909,1,1,1,525425.0
20140910,1,1,1,525456.0
20140911,1,1,1,525381.0
20140912,1,1,1,525125.0
20140915,1,1,1,525344.0
20140916,1,1,1,524675.0
20140917,1,1,1,526044.0
20140918,1,1,1,526338.0
20140919,1,1,1,527925.0
20140922,1,1,1,527531.0
20140923,1,1,1,527069.0
20140924,1,1,1,528519.0
20140925,1,1,1,528775.0
20140926,1,1,1,530694.0
20140929,1,1,1,530638.0
20140930,1,1,1,532044.0
20141001,1,1,1,531919.0
20141002,1,1,1,530450.0
20141003,1,1,1,535194.0
20141006,1,1,1,532181.0
20141007,1,1,1,530531.0
20141008,1,1,1,529381.0
20141009,1,1,1,529781.0
20141010,1,1,1,531169.0
20141013,1,1,1,530100.0
20141014,1,1,1,530688.0
20141015,1,1,1,527938.0
20141016,1,1,1,526981.0
20141017,1,1,1,527588.0
20141020,1,1,1,526956.0
20141021,1,1,1,528306.0
20141022,1,1,1,530144.0
20141023,1,1,1,531312.0
20141024,1,1,1,530688.0
20141027,1,1,1,529388.0
20141028,1,1,1,529481.0
20141029,1,1,1,532031.0
20141030,1,1,1,533131.0
20141031,1,1,1,537294.0
20141103,1,1,1,539269.0
20141104,1,1,1,538106.0
20141105,1,1,1,540312.0
20141106,1,1,1,542581.0
20141107,1,1,1,541338.0
20141110,1,1,1,542019.0
20141111,1,1,1,542038.0
20141112,1,1,1,542931.0
20141113,1,1,1,542756.0
20141114,1,1,1,543031.0
20141117,1,1,1,544425.0
20141118,1,1,1,543812.0
20141119,1,1,1,544306.0
20141120,1,1,1,544188.0
20141121,1,1,1,546406.0
20141124,1,1,1,545962.0
20141125,1,1,1,545088.0
20141126,1,1,1,543800.0
20141128,1,1,1,546819.0
20141201,1,1,1,545119.0
20141202,1,1,1,547862.0
20141203,1,1,1,548938.0
20141204,1,1,1,548275.0
20141205,1,1,1,551225.0
20141208,1,1,1,549456.0
20141209,1,1,1,547950.0
20141210,1,1,1,545662.0
20141211,1,1,1,547306.0
20141212,1,1,1,546131.0
20141215,1,1,1,545800.0
20141216,1,1,1,544175.0
20141217,1,1,1,548456.0
20141218,1,1,1,548538.0
20141219,1,1,1,550094.0
20141222,1,1,1,550800.0
20141223,1,1,1,552481.0
20141224,1,1,1,551856.0
20141226,1,1,1,551925.0
20141229,1,1,1,552719.0
20141230,1,1,1,551506.0
20141231,1,1,1,552331.0
20150102,1,1,1,555456.0
20150105,1,1,1,556081.0
20150106,1,1,1,556181.0
20150107,1,1,1,557519.0
20150108,1,1,1,559250.0
20150109,1,1,1,557025.0
20150112,1,1,1,556731.0
20150113,1,1,1,557338.0
20150114,1,1,1,556319.0
20150115,1,1,1,557881.0
20150116,1,1,1,559256.0
20150120,1,1,1,560975.0
20150121,1,1,1,559862.0
20150122,1,1,1,563581.0
20150123,1,1,1,564675.0
20150126,1,1,1,564700.0
20150127,1,1,1,561906.0
20150128,1,1,1,562925.0
20150129,1,1,1,564225.0
20150130,1,1,1,563638.0
20150202,1,1,1,562844.0
20150203,1,1,1,560606.0
20150204,1,1,1,560869.0
20150205,1,1,1,559712.0
20150206,1,1,1,563675.0
20150209,1,1,1,562794.0
20150210,1,1,1,563875.0
20150211,1,1,1,564769.0
20150212,1,1,1,561162.0
20150213,1,1,1,561475.0
20150217,1,1,1,561812.0
20150218,1,1,1,561312.0
20150219,1,1,1,561856.0
20150220,1,1,1,561631.0
20150223,1,1,1,561906.0
20150224,1,1,1,561869.0
20150225,1,1,1,561081.0
20150226,1,1,0,563538.0
20150227,1,1,0,563850.0
20150302,1,1,0,564325.0
20150303,1,1,0,564025.0
20150304,1,1,0,565362.0
20150305,1,1,0,566338.0
20150306,1,1,0,568900.0
20150309,1,1,0,569238.0
20150310,1,1,0,571188.0
20150311,1,1,0,573600.0
20150312,1,1,1,573181.0
20150313,1,1,1,575531.0
20150316,1,1,1,573519.0
20150317,1,1,1,573806.0
20150318,1,1,1,570725.0
20150319,1,1,1,573112.0
20150320,1,1,1,568938.0
20150323,1,1,1,566988.0
20150324,1,1,1,567788.0
20150325,1,1,1,567075.0
20150326,1,1,1,568044.0
20150327,1,1,1,567250.0
20150330,1,0,1,568644.0
20150331,1,0,1,569456.0
20150401,1,0,1,569300.0
20150402,1,0,1,567694.0
20150403,1,0,1,565962.0
20150406,1,0,1,566062.0
20150407,1,0,1,568488.0
20150408,1,0,1,568544.0
20150409,1,0,1,571725.0
20150410,1,0,1,572431.0
20150413,1,0,1,572700.0
20150414,1,0,1,570931.0
20150415,1,0,1,570200.0
20150416,1,0,1,568094.0
20150417,1,0,1,568150.0
20150420,1,0,1,569212.0
20150421,1,0,1,569100.0
20150422,1,0,1,568275.0
20150423,1,0,1,567156.0
20150424,1,0,1,565856.0
20150427,1,0,0,565581.0
20150428,1,0,0,564356.0
20150429,1,0,0,562694.0
20150430,1,0,0,560844.0
20150501,0,0,0,561269.0
20150504,0,0,0,561269.0
20150505,0,0,0,561269.0
20150506,0,0,0,561269.0
20150507,0,0,0,561269.0
20150508,0,0,0,561269.0
20150511,0,0,0,561269.0
20150512,0,0,1,561831.0
20150513,0,0,1,562275.0
20150514,0,0,1,562388.0
20150515,0,0,1,562300.0
20150518,0,0,1,561706.0
20150519,0,0,1,560706.0
20150520,0,0,1,561012.0
20150521,0,0,1,561806.0
20150522,0,0,1,560650.0
20150526,0,0,1,560006.0
20150527,0,1,1,560375.0
20150528,0,1,1,560300.0
20150529,0,1,1,560238.0
20150601,0,1,1,560338.0
20150602,0,1,1,560619.0
20150603,0,1,1,560638.0
20150604,0,1,1,561006.0
20150605,0,1,1,561400.0
20150608,0,1,1,560956.0
20150609,0,1,1,561025.0
20150610,0,1,1,560606.0
20150611,0,1,1,561156.0
20150612,0,1,1,561388.0
20150615,0,1,1,561694.0
20150616,0,1,1,561931.0
20150617,0,1,1,563088.0
20150618,0,1,1,563050.0
20150619,0,1,1,562812.0
20150622,0,1,1,563094.0
20150623,0,1,1,562838.0
20150624,0,1,1,562669.0
20150625,0,1,1,562688.0
20150626,0,1,1,562862.0
20150629,0,1,1,561744.0
20150630,0,1,1,561631.0
20150701,0,1,1,561506.0
20150702,0,1,1,561438.0
20150706,0,1,1,560919.0
20150707,0,1,1,559925.0
20150708,0,1,1,557838.0
20150709,0,0,1,557781.0
20150710,0,0,1,558662.0
20150713,0,0,1,558531.0
20150714,0,0,1,559456.0
20150715,0,0,1,559450.0
20150716,0,0,1,559300.0
20150717,0,0,1,559344.0
20150720,0,0,1,559069.0
20150721,0,0,1,558981.0
20150722,0,0,1,559262.0
20150723,0,0,1,558725.0
20150724,0,0,1,558712.0
20150727,0,0,1,559000.0
20150728,0,0,1,559250.0
20150729,0,0,1,559369.0
20150730,0,0,1,559275.0
20150731,0,0,1,559369.0
20150803,0,0,1,559169.0
20150804,0,0,1,559075.0
20150805,0,0,1,559262.0
20150806,0,0,1,558762.0
20150807,0,0,1,558619.0
20150810,0,0,1,559306.0
20150811,0,0,1,559038.0
20150812,0,0,1,559369.0
20150813,0,0,1,559375.0
20150814,0,0,1,559612.0
20150817,0,0,1,559194.0
20150818,0,0,1,559688.0
20150819,0,0,1,559856.0
20150820,0,0,1,559775.0
20150821,0,0,1,559906.0
20150824,0,0,1,560394.0
20150825,1,1,1,556806.0
20150826,1,1,1,554744.0
20150827,1,1,0,552562.0
20150828,1,1,0,550894.0
20150831,1,1,0,551788.0
20150901,1,1,0,553638.0
20150902,1,1,0,552556.0
20150903,1,1,0,551225.0
20150904,0,1,0,552069.0
20150908,0,1,1,550006.0
20150909,0,1,1,549631.0
20150910,0,1,1,548988.0
20150911,0,1,1,549256.0
20150914,0,1,1,549688.0
20150915,0,1,1,549962.0
20150916,0,1,1,548800.0
20150917,0,1,1,548425.0
20150918,0,1,0,548850.0
20150921,0,1,0,548194.0
20150922,0,1,0,548650.0
20150923,0,1,0,548581.0
20150924,0,1,0,548638.0
20150925,0,1,0,548081.0
20150928,0,1,0,548800.0
20150929,0,1,0,548912.0
20150930,0,1,0,548638.0
20151001,0,1,1,548631.0
20151002,0,1,1,548331.0
20151005,0,1,1,548025.0
20151006,0,1,1,547762.0
20151007,0,1,1,547462.0
20151008,0,1,1,547181.0
20151009,0,1,1,547038.0
20151012,0,1,1,547200.0
20151013,0,1,1,547938.0
20151014,0,1,1,547406.0
20151015,1,1,0,546106.0
20151016,1,1,0,545475.0
20151019,1,1,0,544769.0
20151020,1,1,0,544494.0
20151021,1,1,0,544456.0
20151022,1,1,0,540912.0
20151023,0,1,0,540194.0
20151026,0,1,0,540506.0
20151027,0,1,0,541125.0
20151028,0,1,0,540331.0
20151029,0,1,0,540425.0
20151030,0,1,0,540781.0
20151102,0,1,0,540719.0
20151103,0,1,0,540469.0
20151104,0,1,0,540031.0
20151105,0,0,0,539944.0
20151106,0,0,0,539944.0
20151109,1,0,1,539238.0
20151110,1,0,1,539912.0
20151111,1,0,1,539056.0
20151112,1,0,1,538119.0
20151113,1,0,1,538762.0
20151116,1,0,1,539712.0
20151117,1,0,1,539994.0
20151118,1,0,1,539900.0
20151119,1,0,1,538431.0
20151120,1,0,1,540056.0
20151123,1,0,1,540894.0
20151124,1,0,1,540656.0
20151125,1,0,1,540925.0
20151127,1,0,1,541612.0
20151130,1,0,1,541875.0
20151201,1,0,1,541012.0
20151202,1,0,1,542100.0
20151203,1,0,1,536331.0
20151204,1,0,1,537869.0
20151207,1,0,1,538469.0
20151208,1,0,1,538369.0
20151209,1,0,1,535575.0
20151210,1,0,1,536744.0
20151211,1,0,1,535575.0
20151214,1,0,1,536044.0
20151215,1,0,1,537669.0
20151216,1,0,1,536750.0
20151217,1,0,1,540088.0
20151218,1,0,1,539162.0
20151221,1,0,1,538562.0
20151222,1,0,1,538675.0
20151223,1,0,1,538856.0
20151224,1,0,1,538000.0
20151228,1,0,1,537981.0
20151229,1,0,1,538812.0
20151230,1,0,1,539019.0
20151231,1,0,1,540356.0
20160104,1,0,1,540988.0
20160105,1,0,1,542325.0
20160106,1,0,1,542019.0
20160107,1,0,1,540269.0
20160108,1,1,1,541288.0
20160111,1,1,1,541619.0
20160112,1,1,1,542450.0
20160113,1,1,1,541931.0
20160114,1,1,1,542031.0
20160115,1,1,1,543375.0
20160119,1,1,1,543331.0
20160120,1,1,1,544481.0
20160121,1,1,1,543625.0
20160122,1,1,1,543169.0
20160125,1,1,1,543006.0
20160126,1,1,1,542181.0
20160127,1,1,1,542006.0
20160128,1,1,1,540581.0
20160129,0,1,1,539444.0
20160201,0,0,1,537825.0
20160202,0,0,1,538006.0
20160203,0,0,1,536838.0
20160204,0,0,1,536850.0
20160205,0,0,1,537475.0
20160208,0,0,1,537844.0
20160209,0,0,1,537750.0
20160210,0,0,1,537275.0
20160211,0,0,1,537650.0
20160212,1,0,1,536600.0
20160216,1,0,1,536656.0
20160217,1,0,1,536569.0
20160218,1,0,1,535856.0
20160219,1,0,1,536056.0
20160222,1,0,1,535975.0
20160223,1,0,1,536612.0
20160224,1,0,1,537312.0
20160225,1,0,1,537256.0
20160226,1,0,1,536544.0
20160229,1,0,1,535631.0
20160301,0,0,1,535319.0
20160302,0,0,1,534556.0
20160303,0,0,1,533944.0
20160304,0,0,1,533681.0
20160307,0,0,1,533375.0
20160308,0,0,1,533669.0
20160309,0,0,1,533612.0
20160310,0,0,1,533238.0
20160311,0,0,1,532619.0
20160314,0,0,1,533175.0
20160315,0,0,1,534056.0
20160316,0,0,1,533631.0
20160317,0,0,1,532038.0
20160318,0,0,1,532056.0
20160321,0,0,1,532581.0
20160322,0,0,1,533762.0
20160323,0,0,1,534319.0
20160324,0,0,1,534094.0
20160328,0,0,1,533469.0
20160329,0,0,1,532681.0
20160330,0,0,1,532625.0
20160331,0,0,1,532725.0
20160401,1,0,1,533850.0
20160404,1,0,1,533475.0
20160405,1,0,1,534119.0
20160406,1,0,1,534556.0
20160407,1,0,1,534612.0
20160408,1,1,1,534437.0
20160411,1,1,1,534294.0
20160412,1,1,1,533231.0
20160413,1,1,1,531450.0
20160414,1,1,1,531556.0
20160415,1,1,1,532081.0
20160418,1,1,1,531831.0
20160419,1,1,1,531450.0
20160420,1,1,0,529794.0
20160421,1,1,0,529981.0
20160422,1,1,0,526919.0
20160425,1,1,0,527700.0
20160426,1,1,0,527962.0
20160427,1,1,0,528500.0
20160428,1,1,0,532119.0
20160429,1,1,0,534844.0
20160502,1,1,0,536038.0
20160503,1,1,0,535881.0
20160504,1,1,0,535244.0
20160505,1,1,0,533594.0
20160506,1,1,0,533706.0
20160509,1,1,0,532125.0
20160510,1,1,0,531019.0
20160511,1,1,0,532594.0
20160512,1,1,0,531238.0
20160513,1,1,0,530912.0
20160516,1,1,0,530669.0
20160517,1,1,0,530512.0
20160518,1,1,0,528494.0
20160519,0,1,0,528319.0
20160520,0,1,0,527975.0
20160523,0,1,0,529044.0
20160524,0,1,0,528256.0
20160525,0,1,0,528131.0
20160526,0,1,0,528488.0
20160527,0,1,0,528300.0
20160531,0,1,0,527587.0
20160601,0,1,0,528637.0
20160602,0,1,0,529344.0
20160603,0,1,0,531706.0
20160606,0,1,0,530956.0
20160607,0,1,0,531038.0
20160608,0,1,0,531419.0
20160609,0,1,0,531512.0
20160610,0,1,0,531625.0
20160613,0,1,0,532294.0
20160614,0,1,0,532531.0
20160615,0,1,0,532475.0
20160616,0,1,0,534400.0
20160617,0,1,0,534469.0
20160620,0,1,0,534756.0
20160621,0,1,0,533831.0
20160622,0,1,0,534212.0
20160623,0,1,0,532681.0
20160624,0,1,1,528456.0
20160627,0,1,1,528881.0
20160628,1,1,1,526606.0
20160629,1,1,1,525606.0
20160630,1,1,1,526262.0
20160701,1,1,1,526150.0
20160705,1,1,1,529712.0
20160706,1,1,1,530125.0
20160707,1,1,1,531694.0
20160708,1,1,1,531844.0
20160711,1,1,1,528562.0
20160712,1,1,1,524450.0
20160713,1,1,1,525150.0
20160714,1,1,1,522644.0
20160715,1,1,1,524131.0
20160718,1,1,1,523025.0
20160719,1,1,1,524819.0
20160720,1,1,1,523700.0
20160721,1,1,1,524319.0
20160722,1,1,1,525381.0
20160725,1,1,1,525150.0
20160726,1,1,1,526512.0
20160727,1,1,1,524850.0
20160728,1,1,1,524406.0
20160729,1,1,1,526500.0
20160801,1,1,1,526500.0
20160802,1,1,1,526575.0
20160803,1,1,1,527481.0
20160804,1,1,1,528919.0
20160805,1,1,1,528962.0
20160808,1,1,1,528431.0
20160809,1,1,1,529062.0
20160810,1,1,1,528856.0
20160811,1,1,1,528781.0
20160812,1,1,1,529688.0
20160815,1,1,1,529712.0
20160816,1,1,1,528725.0
20160817,0,1,1,528675.0
20160818,0,1,1,528350.0
20160819,0,1,1,528394.0
20160822,0,1,1,527981.0
20160823,0,1,1,527681.0
20160824,0,1,1,527150.0
20160825,0,1,1,527387.0
20160826,0,1,1,526056.0
20160829,0,1,1,526044.0
20160830,0,1,1,525006.0
20160831,0,1,1,524206.0
20160901,0,1,1,523406.0
20160902,0,1,1,522544.0
20160906,0,1,1,523837.0
20160907,0,1,1,524844.0
20160908,0,1,1,524200.0
20160909,0,1,1,524125.0
20160912,0,1,1,524775.0
20160913,0,1,1,524650.0
20160914,0,1,1,524700.0
20160915,0,1,1,524931.0
20160916,0,1,1,526106.0
20160919,0,1,1,526662.0
20160920,0,1,1,526931.0
20160921,0,1,1,528400.0
20160922,0,1,1,527469.0
20160923,0,1,1,527944.0
20160926,0,1,1,528800.0
20160927,0,1,1,528550.0
20160928,0,1,1,527956.0
20160929,0,1,1,527875.0
20160930,0,1,1,527375.0
20161003,0,1,1,527931.0
20161004,0,1,1,527256.0
20161005,0,0,1,526862.0
20161006,0,0,1,527781.0
20161007,0,0,1,528856.0
20161010,0,0,1,529381.0
20161011,0,0,1,530719.0
20161012,0,0,1,530325.0
20161013,0,0,1,529956.0
20161014,0,0,1,530406.0
20161017,1,0,1,530025.0
20161018,1,0,1,529650.0
20161019,1,0,1,529931.0
20161020,1,0,1,530594.0
20161021,1,0,1,531381.0
20161024,1,0,1,531381.0
20161025,1,0,1,531444.0
20161026,1,0,1,531000.0
20161027,1,0,1,531394.0
20161028,1,0,1,530331.0
20161031,1,0,1,530194.0
20161101,1,0,1,528981.0
20161102,1,0,1,528319.0
20161103,1,0,1,527150.0
20161104,1,0,1,526675.0
20161107,1,0,1,528362.0
20161108,1,0,1,528506.0
20161109,1,0,1,529488.0
20161110,1,0,1,529212.0
20161111,1,1,1,529544.0
20161114,1,1,1,533644.0
20161115,1,1,1,534719.0
20161116,1,1,1,535175.0
20161117,1,1,1,536825.0
20161118,1,1,1,538244.0
20161121,1,1,1,537900.0
20161122,1,1,1,538169.0
20161123,1,1,1,540419.0
20161125,1,1,1,540381.0
20161128,1,1,1,539700.0
20161129,1,1,1,538506.0
20161130,1,1,1,541119.0
20161201,1,1,1,539781.0
20161202,1,1,1,538538.0
20161205,1,1,1,537131.0
20161206,1,1,1,538406.0
20161207,1,1,1,538019.0
20161208,1,1,1,540244.0
20161209,1,1,1,542238.0
20161212,1,1,1,540544.0
20161213,1,1,1,540869.0
20161214,1,1,1,541906.0
20161215,1,1,1,547238.0
20161216,1,1,1,547044.0
20161219,1,1,1,547175.0
20161220,1,1,1,548050.0
20161221,1,1,1,547512.0
20161222,1,1,1,547850.0
20161223,1,1,1,547425.0
20161227,1,1,1,547500.0
20161228,1,1,1,548119.0
20161229,1,1,1,546744.0
20161230,1,1,1,545600.0
20170103,1,1,1,548762.0
20170104,1,1,1,547581.0
20170105,1,1,1,543619.0
20170106,1,1,1,546550.0
20170109,1,1,1,545812.0
20170110,1,1,1,545800.0
20170111,1,1,1,545006.0
20170112,1,1,1,544012.0
20170113,1,1,1,543475.0
20170117,1,1,1,539588.0
20170118,1,1,1,541731.0
20170119,1,1,1,542694.0
20170120,1,1,1,541338.0
20170123,1,1,1,538869.0
20170124,1,1,0,539706.0
20170125,1,1,0,539219.0
20170126,1,1,0,540488.0
20170127,1,1,0,541169.0
20170130,1,1,0,539950.0
20170131,1,1,0,537638.0
20170201,0,1,0,537956.0
20170202,0,1,0,537656.0
20170203,0,1,0,537881.0
20170206,0,1,0,536738.0
20170207,0,1,0,537106.0
20170208,0,1,0,537044.0
20170209,0,1,0,538250.0
20170210,0,1,0,538350.0
20170213,0,1,0,538581.0
20170214,0,1,0,539119.0
20170215,0,1,0,539200.0
20170216,0,1,0,538100.0
20170217,0,1,0,537925.0
20170221,0,1,0,538550.0
20170222,0,1,0,538112.0
20170223,0,1,0,537756.0
20170224,0,1,0,536994.0
20170227,0,0,0,537156.0
20170228,0,0,0,537156.0
20170301,0,0,0,537156.0
20170302,0,0,0,537156.0
20170303,0,0,0,537156.0
20170306,0,0,0,537156.0
20170307,0,0,0,537156.0
20170308,0,0,0,537156.0
20170309,0,0,0,537156.0
20170310,0,0,0,537156.0
20170313,0,0,0,537156.0
20170314,0,0,0,537156.0
20170315,0,0,0,537156.0
20170316,0,0,0,537156.0
20170317,0,0,0,537156.0
20170320,0,0,0,537156.0
20170321,0,0,0,537156.0
20170322,0,0,0,537156.0
20170323,0,0,0,537156.0
20170324,0,0,0,537156.0
20170327,0,0,0,537156.0
20170328,1,1,0,536012.0
20170329,1,1,0,535400.0
20170330,1,1,0,533919.0
20170331,1,1,0,534138.0
20170403,1,1,0,534244.0
20170404,1,1,0,534569.0
20170405,1,1,0,534256.0
20170406,1,1,0,534162.0
20170407,0,1,0,533588.0
20170410,0,1,0,533781.0
20170411,0,1,0,535081.0
20170412,0,1,0,535031.0
20170413,0,1,0,535700.0
20170417,0,1,0,536012.0
20170418,0,1,0,536406.0
20170419,0,1,1,535694.0
20170420,0,1,1,535231.0
20170421,0,1,1,535200.0
20170424,0,1,1,534575.0
20170425,0,1,1,533469.0
20170426,0,1,1,533244.0
20170427,0,1,1,533769.0
20170428,0,1,1,533856.0
20170501,1,1,1,533250.0
20170502,1,1,1,533506.0
20170503,1,1,1,532319.0
20170504,1,0,1,533231.0
20170505,1,0,1,533700.0
20170508,1,0,1,532800.0
20170509,1,0,1,531875.0
20170510,1,0,1,531881.0
20170511,1,0,1,531600.0
20170512,1,0,1,532238.0
20170515,1,0,1,533000.0
20170516,1,0,1,534631.0
20170517,1,0,1,535506.0
20170518,1,0,1,534838.0
20170519,1,0,1,536662.0
20170522,1,0,1,536812.0
20170523,1,0,1,535969.0
20170524,1,0,1,536025.0
20170525,1,0,1,535994.0
20170526,1,0,1,534781.0
20170530,1,0,1,535281.0
20170531,1,0,1,536212.0
20170601,1,0,1,535694.0
20170602,1,0,1,536481.0
20170605,1,0,1,536394.0
20170606,1,0,1,536412.0
20170607,1,0,1,536619.0
20170608,1,0,1,536162.0
20170609,1,0,1,534481.0
20170612,1,0,1,534169.0
20170613,1,0,1,534800.0
20170614,1,0,1,534800.0
20170615,1,0,1,534081.0
20170616,1,0,1,534694.0
20170619,1,0,1,533806.0
20170620,1,0,1,532919.0
20170621,1,0,0,533219.0
20170622,1,0,0,533000.0
20170623,1,0,0,533625.0
20170626,1,0,0,533412.0
20170627,1,0,0,535494.0
20170628,1,0,0,535894.0
20170629,1,0,0,536512.0
20170630,1,0,0,536356.0
20170703,1,0,0,535538.0
20170705,1,0,0,535338.0
20170706,1,0,0,536325.0
20170707,1,0,0,536075.0
20170710,1,1,0,536062.0
20170711,1,1,0,536775.0
20170712,1,1,0,535450.0
20170713,1,1,0,535300.0
20170714,1,1,0,535381.0
20170717,1,1,0,535612.0
20170718,1,1,0,535969.0
20170719,1,1,0,535256.0
20170720,1,1,0,536769.0
20170721,1,1,0,536506.0
20170724,1,0,0,536050.0
20170725,1,0,0,536131.0
20170726,1,0,0,536788.0
20170727,1,0,0,536519.0
20170728,1,0,0,537481.0
20170731,1,0,0,538344.0
20170801,1,0,0,537981.0
20170802,1,0,1,538825.0
20170803,1,0,1,538281.0
20170804,1,0,1,536362.0
20170807,1,0,1,536706.0
20170808,1,0,1,535900.0
20170809,1,0,1,535981.0
20170810,1,0,1,536019.0
20170811,1,0,1,536894.0
20170814,1,0,1,536112.0
20170815,1,0,1,534812.0
20170816,1,0,0,535200.0
20170817,1,0,0,534831.0
20170818,1,0,0,535050.0
20170821,1,0,0,535688.0
20170822,1,0,0,534944.0
20170823,1,0,0,535788.0
20170824,1,0,0,535569.0
20170825,1,0,0,536494.0
20170828,1,0,0,537756.0
20170829,1,0,0,537881.0
20170830,1,0,0,536625.0
20170831,1,0,0,536744.0
20170901,1,0,0,536288.0
20170905,1,0,0,536925.0
20170906,1,0,0,536825.0
20170907,1,0,0,537975.0
20170908,1,0,0,538250.0
20170911,1,1,0,536231.0
20170912,1,1,0,535512.0
20170913,1,1,1,533112.0
20170914,1,0,1,534869.0
20170915,1,0,1,536281.0
20170918,1,0,1,535919.0
20170919,1,0,1,536700.0
20170920,1,0,1,535088.0
20170921,1,0,1,536138.0
20170922,1,0,1,536000.0
20170925,1,0,1,534419.0
20170926,1,0,1,533731.0
20170927,1,0,1,532888.0
20170928,1,0,1,533512.0
20170929,1,0,1,533562.0
20171002,1,0,1,531881.0
20171003,1,0,1,531681.0
20171004,1,0,1,531875.0
20171005,1,0,1,530250.0
20171006,0,0,1,529944.0
20171009,0,0,0,529938.0
20171010,0,0,0,529938.0
20171011,0,0,0,529938.0
20171012,0,0,0,529938.0
20171013,0,0,0,529938.0
20171016,0,0,0,529938.0
20171017,0,0,0,529938.0
20171018,0,0,0,529938.0
20171019,0,0,0,529938.0
20171020,0,0,0,529938.0
20171023,0,0,0,529938.0
20171024,0,0,0,529938.0
20171025,0,0,0,529938.0
20171026,0,0,0,529938.0
20171027,0,0,0,529938.0
20171030,0,0,0,529938.0
20171031,0,0,0,529938.0
20171101,0,0,0,529938.0
20171102,0,0,0,529938.0
20171103,0,0,0,529938.0
20171106,0,0,0,529938.0
20171107,0,0,0,529938.0
20171108,1,0,0,529894.0
20171109,1,0,0,529262.0
20171110,1,0,0,529050.0
20171113,1,0,0,529025.0
20171114,1,0,0,527450.0
20171115,1,0,0,527475.0
20171116,1,0,0,527838.0
20171117,1,0,0,527450.0
20171120,1,0,0,528269.0
20171121,1,0,0,528150.0
20171122,1,0,0,527138.0
20171124,1,0,0,525862.0
20171127,0,0,0,525694.0
20171128,0,0,0,525694.0
20171129,0,0,0,525694.0
20171130,0,0,0,525694.0
20171201,0,0,0,525694.0
20171204,0,0,0,525694.0
20171205,0,0,0,525694.0
20171206,0,0,0,525694.0
20171207,0,0,0,525694.0
20171208,0,0,0,525694.0
20171211,0,0,0,525694.0
20171212,0,0,0,525694.0
20171213,0,0,0,525694.0
20171214,0,0,0,525694.0
20171215,0,0,0,525694.0
20171218,0,0,0,525694.0
20171219,0,0,0,525694.0
20171220,0,0,0,525694.0
20171221,0,0,0,525694.0
20171222,0,0,0,525694.0
20171226,0,0,0,525694.0
20171227,0,0,0,525694.0
20171228,0,0,0,525694.0
20171229,0,0,0,525694.0
20180102,0,0,0,525694.0
20180103,0,0,0,525694.0
20180104,0,0,0,525694.0
20180105,1,0,0,525406.0
20180108,1,0,0,524331.0
20180109,1,0,0,523919.0
20180110,1,0,0,524250.0
20180111,1,0,0,525231.0
20180112,1,0,0,527031.0
20180116,1,0,1,528106.0
20180117,1,1,1,527538.0
20180118,1,1,1,527750.0
20180119,1,1,1,527888.0
20180122,1,1,1,528450.0
20180123,1,1,1,529700.0
20180124,1,1,1,533731.0
20180125,1,1,1,532519.0
20180126,1,1,1,533944.0
20180129,1,1,1,532738.0
20180130,1,1,1,533550.0
20180131,1,1,1,533419.0
20180201,1,1,1,534750.0
20180202,1,1,1,532375.0
20180205,1,1,1,531475.0
20180206,1,1,1,531469.0
20180207,1,1,1,529412.0
20180208,1,1,1,530031.0
20180209,1,1,1,529244.0
20180212,1,1,1,529844.0
20180213,1,1,1,532094.0
20180214,1,1,1,534469.0
20180215,1,1,1,536838.0
20180216,1,1,1,535206.0
20180220,1,1,1,532875.0
20180221,1,1,1,531556.0
20180222,1,1,1,533256.0
20180223,1,1,1,532781.0
20180226,1,1,1,532706.0
20180227,1,1,1,530925.0
20180228,1,1,1,530362.0
20180301,1,1,1,531381.0
20180302,1,1,1,533219.0
20180305,1,1,1,532662.0
20180306,1,1,1,533981.0
20180307,1,1,1,534206.0
20180308,1,1,1,532094.0
20180309,1,1,1,531931.0
20180312,1,1,1,533006.0
20180313,1,1,1,533938.0
20180314,1,1,1,534038.0
20180315,1,1,1,532838.0
20180316,1,1,1,532744.0
20180319,1,1,1,534481.0
20180320,1,1,1,532244.0
20180321,1,1,1,534337.0
20180322,1,1,1,534438.0
20180323,1,1,1,536300.0
20180326,1,1,1,537419.0
20180327,1,1,1,535869.0
20180328,1,1,1,532675.0
20180329,1,1,1,532438.0
20180402,1,1,1,533350.0
20180403,1,1,1,532200.0
20180404,1,1,1,532331.0
20180405,1,1,1,530456.0
20180406,0,1,1,531537.0
20180409,0,1,1,531888.0
20180410,0,1,1,531775.0
20180411,0,1,1,531944.0
20180412,0,1,1,531956.0
20180413,0,1,1,531788.0
20180416,0,1,1,532738.0
20180417,0,1,1,532506.0
20180418,0,1,1,531700.0
20180419,0,1,1,530725.0
20180420,0,1,1,530175.0
20180423,0,1,1,528519.0
20180424,0,0,0,528206.0
20180425,0,0,0,528206.0
20180426,0,0,0,528206.0
20180427,1,0,0,527981.0
20180430,1,0,0,528494.0
20180501,1,0,0,529581.0
20180502,1,0,1,529769.0
20180503,1,0,1,529944.0
20180504,1,0,1,530500.0
20180507,1,0,1,530888.0
20180508,1,0,1,531906.0
20180509,1,0,1,531738.0
20180510,1,0,1,531188.0
20180511,1,0,1,530825.0
20180514,1,0,1,530725.0
20180515,1,0,1,532288.0
20180516,1,0,1,533025.0
20180517,1,0,1,532969.0
20180518,1,1,1,533306.0
20180521,1,1,1,534219.0
20180522,1,1,1,533969.0
20180523,1,1,1,534556.0
20180524,1,1,1,533212.0
20180525,1,1,1,534600.0
20180529,1,1,1,535469.0
20180530,1,1,1,534425.0
20180531,1,1,1,533725.0
20180601,1,1,1,534644.0
20180604,1,1,1,534669.0
20180605,1,1,1,534019.0
20180606,1,1,1,533694.0
20180607,1,1,1,532675.0
20180608,1,1,1,532994.0
20180611,1,1,1,533581.0
20180612,1,1,1,534456.0
20180613,1,1,1,534519.0
20180614,1,1,1,537388.0
20180615,1,1,1,537269.0
20180618,1,1,1,537306.0
20180619,1,1,1,537862.0
20180620,1,1,1,537969.0
20180621,1,1,1,536581.0
20180622,1,1,1,536088.0
20180625,1,1,1,535006.0
20180626,1,1,1,536719.0
20180627,1,1,1,538675.0
20180628,1,1,1,539588.0
20180629,1,1,1,537656.0
20180702,1,1,1,538894.0
20180703,1,1,1,537806.0
20180705,1,1,1,537362.0
20180706,1,1,1,535988.0
20180709,1,1,1,536400.0
20180710,1,1,1,536912.0
20180711,1,1,1,538975.0
20180712,1,1,1,539481.0
20180713,1,1,1,539169.0
20180716,1,1,1,538650.0
20180717,1,1,1,540531.0
20180718,1,1,1,541138.0
20180719,1,1,1,541156.0
20180720,1,1,1,538506.0
20180723,1,1,1,539125.0
20180724,1,1,1,538694.0
20180725,1,1,1,537919.0
20180726,1,1,1,539462.0
20180727,1,1,1,539088.0
20180730,1,1,1,538331.0
20180731,1,1,1,539400.0
20180801,1,1,1,539556.0
20180802,1,1,1,541369.0
20180803,1,1,1,541162.0
20180806,1,1,1,542006.0
20180807,1,1,1,541625.0
20180808,1,1,1,541138.0
20180809,1,1,1,542525.0
20180810,1,1,1,544431.0
20180813,1,1,1,544650.0
20180814,1,1,1,546169.0
20180815,1,1,1,545562.0
20180816,1,1,1,545588.0
20180817,1,1,1,544094.0
20180820,1,1,1,543206.0
20180821,1,1,1,541369.0
20180822,1,1,1,541294.0
20180823,1,1,1,543350.0
20180824,1,1,1,541975.0
20180827,1,1,1,540937.0
20180828,1,1,1,541038.0
20180829,1,1,1,540519.0
20180830,1,1,1,540406.0
20180831,1,1,1,541581.0
20180904,1,1,1,542938.0
20180905,1,1,1,542194.0
20180906,1,1,1,541319.0
20180907,1,1,1,542394.0
20180910,1,1,1,541512.0
20180911,1,1,1,542200.0
20180912,1,1,1,540969.0
20180913,1,1,1,540588.0
20180914,0,1,1,540944.0
20180917,0,1,1,540206.0
20180918,0,1,0,540631.0
20180919,0,1,0,540519.0
20180920,0,1,0,540756.0
20180921,0,1,0,540831.0
20180924,0,1,0,541006.0
20180925,0,1,0,541231.0
20180926,0,1,0,541138.0
20180927,0,1,0,541750.0
20180928,0,1,0,541912.0
20181001,0,1,0,542319.0
20181002,0,1,0,542038.0
20181003,0,1,0,542688.0
20181004,0,1,0,542250.0
20181005,0,1,0,542144.0
20181008,0,1,0,541419.0
20181009,0,1,0,541456.0
20181010,0,1,0,541019.0
20181011,0,1,0,540406.0
20181012,0,1,0,540456.0
20181015,0,1,0,540350.0
20181016,0,1,0,540650.0
20181017,0,1,0,540975.0
20181018,0,1,0,540700.0
20181019,0,1,0,541106.0
20181022,0,1,0,541331.0
20181023,0,1,0,541006.0
20181024,0,1,0,540975.0
20181025,1,1,0,541625.0
20181026,1,1,0,540288.0
20181029,1,1,0,541062.0
20181030,1,1,0,542294.0
20181031,1,1,1,542369.0
20181101,1,1,1,539394.0
20181102,1,1,1,540612.0
20181105,1,1,1,539581.0
20181106,1,1,0,539725.0
20181107,1,1,0,539156.0
20181108,1,1,0,541088.0
20181109,1,1,0,541156.0
20181112,1,1,0,542419.0
20181113,1,1,0,542088.0
20181114,1,1,0,540888.0
20181115,1,1,0,540881.0
20181116,1,1,0,539388.0
20181119,1,1,0,538600.0
20181120,1,1,0,539925.0
20181121,1,1,0,540012.0
20181123,1,1,0,540488.0
20181126,1,1,0,541388.0
20181127,1,1,0,541969.0
20181128,1,1,0,540731.0
20181129,1,1,0,540512.0
20181130,1,1,0,541706.0
20181203,1,1,0,541388.0
20181204,1,1,0,540562.0
20181205,1,1,0,540969.0
20181206,1,1,0,540069.0
20181207,1,1,0,539469.0
20181210,1,1,0,540931.0
20181211,1,1,1,541700.0
20181212,1,1,1,540394.0
20181213,1,1,1,540762.0
20181214,1,1,1,541725.0
20181217,1,1,1,540312.0
20181218,1,1,1,540012.0
20181219,1,1,1,539719.0
20181220,1,1,1,537062.0
20181221,1,0,1,538706.0
20181224,1,0,1,537681.0
20181226,1,0,1,538875.0
20181227,1,0,1,537725.0
20181228,1,0,1,537588.0
20181231,1,0,1,537188.0
20190102,1,1,1,539862.0
20190103,1,1,1,540700.0
20190104,1,1,1,539112.0
20190107,1,1,1,537819.0
20190108,1,1,1,538581.0
20190109,1,1,1,537206.0
20190110,0,1,1,537212.0
20190111,0,1,1,536494.0
20190114,0,1,1,536681.0
20190115,0,1,1,536494.0
20190116,0,1,1,535888.0
20190117,0,1,1,534769.0
20190118,0,1,0,534119.0
20190122,0,1,0,534625.0
20190123,0,1,0,534288.0
20190124,0,1,0,534156.0
20190125,0,1,0,534206.0
20190128,0,1,0,534494.0
20190129,0,1,0,534562.0
20190130,0,1,0,534912.0
20190131,0,1,0,534938.0
20190201,0,1,0,534262.0
20190204,0,1,0,533831.0
20190205,0,1,0,533762.0
20190206,0,1,0,533756.0
20190207,0,1,0,533869.0
20190208,0,1,0,533919.0
20190211,0,1,0,533275.0
20190212,1,1,0,532450.0
20190213,1,1,0,532731.0
20190214,1,0,0,532225.0
20190215,1,0,0,532306.0
20190219,1,0,0,531762.0
20190220,1,0,0,531644.0
20190221,1,0,0,531862.0
20190222,1,0,0,531844.0
20190225,1,0,0,531525.0
20190226,1,0,0,531138.0
20190227,1,0,1,531794.0
20190228,1,0,1,531450.0
20190301,1,0,1,531244.0
20190304,1,0,1,531462.0
20190305,1,0,1,531812.0
20190306,1,0,1,531781.0
20190307,1,0,1,532750.0
20190308,1,0,1,531625.0
20190311,1,0,1,532531.0
20190312,1,0,1,531394.0
20190313,1,0,1,531844.0
20190314,1,0,1,532338.0
20190315,1,0,1,532394.0
20190318,1,0,1,532000.0
20190319,1,0,1,531906.0
20190320,1,0,1,530588.0
20190321,0,0,1,529688.0
20190322,0,0,1,530519.0
20190325,0,0,1,530356.0
20190326,0,0,1,530594.0
20190327,0,0,1,530862.0
20190328,0,0,1,529556.0
20190329,1,0,1,529369.0
20190401,1,0,1,530169.0
20190402,1,0,1,530275.0
20190403,1,0,1,530038.0
20190404,1,0,1,529706.0
20190405,1,0,1,529538.0
20190408,1,0,1,529219.0
20190409,1,0,1,529012.0
20190410,1,0,1,529231.0
20190411,1,0,1,529281.0
20190412,1,0,1,528906.0
20190415,1,0,1,528950.0
20190416,1,0,1,528869.0
20190417,1,0,1,528681.0
20190418,1,0,0,529444.0
20190422,1,0,0,529075.0
20190423,1,0,0,529631.0
20190424,1,0,0,530569.0
20190425,1,0,0,530775.0
20190426,1,0,0,530469.0
20190429,1,0,0,530119.0
20190430,1,0,0,529650.0
20190501,1,0,0,529975.0
20190502,1,0,0,530288.0
20190503,1,0,0,530044.0
20190506,1,0,0,529938.0
20190507,1,0,0,530231.0
20190508,1,0,0,530119.0
20190509,1,0,0,529744.0
20190510,1,0,0,529669.0
20190513,1,0,0,529681.0
20190514,1,0,0,529994.0
20190515,1,0,0,530050.0
20190516,1,0,1,530838.0
20190517,1,0,1,531400.0
20190520,1,0,1,531312.0
20190521,1,0,1,531588.0
20190522,1,0,1,531800.0
20190523,1,0,1,531656.0
20190524,1,0,1,531012.0
20190528,1,0,1,531912.0
20190529,1,0,1,532525.0
20190530,1,0,1,532644.0
20190531,1,0,1,532025.0
20190603,1,1,1,531056.0
20190604,1,1,1,530794.0
20190605,1,1,1,530894.0
20190606,1,1,1,530331.0
20190607,1,1,1,529488.0
20190610,0,1,1,529575.0
20190611,0,1,1,529300.0
20190612,0,1,1,529500.0
20190613,0,1,1,529706.0
20190614,0,1,1,530069.0
20190617,0,1,1,530338.0
20190618,0,1,1,530338.0
20190619,0,1,1,530162.0
20190620,0,1,1,530706.0
20190621,0,1,1,530300.0
20190624,0,1,1,530369.0
20190625,0,1,1,530856.0
20190626,0,1,1,530138.0
20190627,0,1,1,530369.0
20190628,0,1,1,530062.0
20190701,0,1,1,529738.0
20190702,0,1,1,530631.0
20190703,0,1,1,530794.0
20190705,0,1,1,530300.0
20190708,0,1,1,530194.0
20190709,0,1,1,530344.0
20190710,0,1,1,530575.0
20190711,0,1,1,530381.0
20190712,0,1,1,530788.0
20190715,0,1,1,531012.0
20190716,0,1,1,531244.0
20190717,0,1,1,531319.0
20190718,0,1,1,531300.0
20190719,0,1,1,531244.0
20190722,0,1,1,531250.0
20190723,0,1,1,531069.0
20190724,1,1,1,531106.0
20190725,1,1,1,530612.0
20190726,1,1,1,531319.0
20190729,1,1,1,531981.0
20190730,1,1,1,532456.0
20190731,1,1,1,533150.0
20190801,1,1,1,534800.0
20190802,1,1,1,535294.0
20190805,1,1,1,534844.0
20190806,1,1,1,534281.0
20190807,1,1,1,534612.0
20190808,1,1,1,535225.0
20190809,1,1,1,535906.0
20190812,1,1,1,535919.0
20190813,1,1,1,535075.0
20190814,1,1,1,536388.0
20190815,1,1,1,536244.0
20190816,1,1,1,535900.0
20190819,1,1,1,535850.0
20190820,1,1,1,535800.0
20190821,1,1,1,535912.0
20190822,1,1,1,535294.0
20190823,1,1,1,535600.0
20190826,1,1,1,535638.0
20190827,1,1,1,535681.0
20190828,1,1,1,536050.0
20190829,1,1,1,536000.0
20190830,1,1,1,537512.0
20190903,1,1,1,538331.0
20190904,1,1,1,536300.0
20190905,1,1,1,534981.0
20190906,1,1,1,535306.0
20190909,1,1,1,534412.0
20190910,1,1,1,534138.0
20190911,1,0,1,534669.0
20190912,1,0,1,533756.0
20190913,1,0,1,533038.0
20190916,1,0,0,533550.0
20190917,1,0,0,532812.0
20190918,1,0,0,533269.0
20190919,1,0,0,533019.0
20190920,1,0,0,533538.0
20190923,1,0,0,533781.0
20190924,1,0,0,533494.0
20190925,1,0,0,534469.0
20190926,1,0,0,534662.0
20190927,1,0,0,534550.0
20190930,1,0,0,535031.0
20191001,1,0,0,534612.0
20191002,1,0,0,534356.0
20191003,1,0,0,534200.0
20191004,1,0,0,534100.0
20191007,1,0,0,534238.0
20191008,1,0,0,534462.0
20191009,1,0,0,534256.0
20191010,1,0,0,533869.0
20191011,1,0,0,533438.0
20191014,1,0,0,533600.0
20191015,1,0,0,533550.0
20191016,1,0,1,533562.0
20191017,1,0,1,533181.0
20191018,1,0,1,533150.0
20191021,0,0,1,533256.0
20191022,0,0,1,532712.0
20191023,0,0,1,532856.0
20191024,0,0,1,532594.0
20191025,0,0,1,532362.0
20191028,0,0,1,532525.0
20191029,0,0,1,532544.0
20191030,0,0,1,532725.0
20191031,0,0,1,533031.0
20191101,0,0,1,533000.0
20191104,0,0,1,532650.0
20191105,0,0,1,532669.0
20191106,0,0,1,532475.0
20191107,0,0,1,532269.0
20191108,0,0,1,532031.0
20191111,0,0,1,532469.0
20191112,0,0,1,532488.0
20191113,0,0,1,532369.0
20191114,0,0,1,532594.0
20191115,0,0,1,532762.0
20191118,0,0,1,533081.0
20191119,0,0,1,532806.0
20191120,0,0,1,532869.0
20191121,0,0,1,532744.0
20191122,0,0,1,532294.0
20191125,0,0,1,532750.0
20191126,0,0,1,532531.0
20191127,0,0,1,532812.0
20191129,0,0,1,532906.0
20191202,0,0,1,532981.0
20191203,0,0,1,533281.0
20191204,0,0,1,533944.0
20191205,0,0,1,534331.0
20191206,0,0,1,534181.0
20191209,0,0,1,534250.0
20191210,0,0,1,534612.0
20191211,0,0,1,534619.0
20191212,0,0,1,534181.0
20191213,0,0,1,535425.0
20191216,0,0,1,535494.0
20191217,0,0,1,534050.0
20191218,0,0,1,533838.0
20191219,0,0,1,533375.0
20191220,0,0,1,533388.0
20191223,0,0,1,532906.0
20191224,0,0,1,533081.0
20191226,0,0,1,533325.0
20191227,0,0,1,533844.0
20191230,0,0,1,533956.0
20191231,0,0,1,534888.0
20200102,1,0,1,533412.0
20200103,1,0,1,533088.0
20200106,1,0,1,533906.0
20200107,1,0,1,533044.0
20200108,1,0,1,532481.0
20200109,0,0,1,532044.0
20200110,0,0,1,532069.0
20200113,0,0,1,531694.0
20200114,0,0,1,531856.0
20200115,0,0,1,531850.0
20200116,0,0,1,532100.0
20200117,0,1,1,531769.0
20200121,0,1,1,531612.0
20200122,0,1,1,532244.0
20200123,0,1,1,531781.0
20200124,0,1,1,531256.0
20200127,0,1,1,530712.0
20200128,1,1,1,530706.0
20200129,1,1,1,530700.0
20200130,1,1,1,530688.0
20200131,1,1,1,530238.0
20200203,1,0,1,529150.0
20200204,1,0,0,529319.0
20200205,1,0,0,529906.0
20200206,1,0,0,530175.0
20200207,1,1,0,530288.0
20200210,1,1,0,530656.0
20200211,1,1,0,530625.0
20200212,1,1,0,531675.0
20200213,1,1,0,531738.0
20200214,1,1,0,531744.0
20200218,1,1,0,532456.0
20200219,1,1,0,534181.0
20200220,1,1,0,534794.0
20200221,1,1,0,533506.0
20200224,1,1,0,532838.0
20200225,1,1,0,531688.0
20200226,1,1,0,531606.0
20200227,1,1,0,530256.0
20200228,1,1,0,527513.0
20200302,1,0,1,525212.0
20200303,0,0,1,525131.0
20200304,0,0,1,524788.0
20200305,0,0,1,524300.0
20200306,0,0,1,523863.0
20200309,0,0,1,523269.0
20200310,1,0,0,521400.0
20200311,1,0,0,521200.0
20200312,1,0,0,519856.0
20200313,1,0,1,520325.0
20200316,0,0,1,521788.0
20200317,0,0,1,522644.0
20200318,0,0,1,525881.0
20200319,0,0,1,526144.0
20200320,0,0,1,525988.0
20200323,0,0,1,526269.0
20200324,0,0,1,524844.0
20200325,0,0,1,524088.0
20200326,0,0,1,522356.0
20200327,0,0,1,520281.0
20200330,0,0,1,520881.0
20200331,0,0,1,520556.0
20200401,0,0,1,521006.0
20200402,0,0,1,520881.0
20200403,0,0,1,521644.0
20200406,0,0,1,521463.0
20200407,0,0,1,521231.0
20200408,0,0,1,520906.0
20200409,0,0,1,520563.0
20200413,0,0,1,520050.0
20200414,0,0,1,519450.0
20200415,0,0,1,519931.0
20200416,0,0,1,520519.0
20200417,0,0,1,520325.0
20200420,0,0,1,520606.0
20200421,0,0,1,521631.0
20200422,0,0,1,521394.0
20200423,0,0,1,521169.0
20200424,0,0,1,521188.0
20200427,0,0,1,520750.0
20200428,0,0,1,520681.0
20200429,0,0,1,520569.0
20200430,0,0,1,519644.0
20200501,0,0,1,520356.0
20200504,0,0,1,520644.0
20200505,0,0,1,520563.0
20200506,0,0,1,521238.0
20200507,0,0,1,521163.0
20200508,0,0,1,520831.0
20200511,0,0,1,521331.0
20200512,0,0,1,521644.0
20200513,0,0,1,522025.0
20200514,0,0,1,522181.0
20200515,0,0,1,522669.0
20200518,0,0,1,522200.0
20200519,0,0,1,521644.0
20200520,0,0,1,521963.0
20200521,0,0,1,521931.0
20200522,0,0,1,522344.0
20200526,0,0,1,521263.0
20200527,0,0,1,521806.0
20200528,0,0,1,521256.0
20200529,0,0,1,521369.0
20200601,0,0,1,520306.0
20200602,0,0,0,520231.0
20200603,0,0,0,520231.0
20200604,0,0,0,520231.0
20200605,1,0,0,519694.0
20200608,1,0,0,519831.0
20200609,1,0,0,520338.0
20200610,1,0,0,520931.0
20200611,1,0,0,519762.0
20200612,1,0,0,518894.0
20200615,1,0,0,519962.0
20200616,1,0,0,519400.0
20200617,1,0,0,518881.0
20200618,1,0,0,518588.0
20200619,1,0,0,518300.0
20200622,1,0,0,519231.0
20200623,1,0,0,519869.0
20200624,1,0,0,519206.0
20200625,1,0,0,518656.0
20200626,1,0,0,518788.0
20200629,1,0,0,518881.0
20200630,1,0,0,518875.0
20200701,1,0,0,519000.0
20200702,1,0,0,518775.0
20200706,1,0,0,519875.0
20200707,1,0,0,519500.0
20200708,1,0,0,520119.0
20200709,1,0,0,519613.0
20200710,1,0,0,519650.0
20200713,1,0,0,520331.0
20200714,1,0,0,520831.0
20200715,1,0,0,520975.0
20200716,1,0,0,520613.0
20200717,1,0,0,521356.0
20200720,1,0,0,521400.0
20200721,1,0,0,522512.0
20200722,1,0,1,523050.0
20200723,1,0,1,523569.0
20200724,1,0,1,524219.0
20200727,1,1,1,526875.0
20200728,1,1,1,527312.0
20200729,1,1,1,527988.0
20200730,1,1,1,529862.0
20200731,1,1,1,528331.0
20200803,1,1,1,527531.0
20200804,1,1,1,527912.0
20200805,1,1,1,529438.0
20200806,1,1,1,529863.0
20200807,1,1,1,527688.0
20200810,1,1,1,527294.0
20200811,1,1,1,526488.0
20200812,1,1,1,526519.0
20200813,1,1,1,526788.0
20200814,1,1,1,527900.0
20200817,1,1,1,528888.0
20200818,1,1,1,531394.0
20200819,1,1,1,528981.0
20200820,1,1,1,529700.0
20200821,1,1,1,528088.0
20200824,1,1,1,527756.0
20200825,1,1,1,528381.0
20200826,1,1,1,528794.0
20200827,1,1,1,528325.0
20200828,1,1,1,531338.0
20200831,1,1,1,531625.0
20200901,1,1,1,531219.0
20200902,1,1,1,529394.0
20200903,1,1,1,529713.0
20200904,1,1,1,529613.0
20200908,1,1,1,527038.0
20200909,1,1,1,527200.0
20200910,1,1,1,526319.0
20200911,1,1,1,526312.0
20200914,1,1,1,527594.0
20200915,1,1,1,527975.0
20200916,1,1,1,528119.0
20200917,1,1,1,529044.0
20200918,1,1,1,529156.0
20200921,1,1,1,526813.0
20200922,1,1,0,526044.0
20200923,1,1,0,524875.0
20200924,1,1,0,524962.0
20200925,1,1,0,524206.0
20200928,1,1,0,524825.0
20200929,1,1,0,525550.0
20200930,1,1,0,525500.0
20201001,1,1,0,525769.0
20201002,1,1,0,525544.0
20201005,1,1,0,525944.0
20201006,1,1,0,525838.0
20201007,1,1,0,525475.0
20201008,1,1,0,525363.0
20201009,1,1,0,526638.0
20201012,1,1,0,526763.0
20201013,1,1,0,525781.0
20201014,1,1,0,526294.0
20201015,1,1,0,525219.0
20201016,1,1,0,525544.0
20201019,1,1,0,526106.0
20201020,1,1,0,526819.0
20201021,1,1,0,528288.0
20201022,1,1,0,527369.0
20201023,1,1,0,528019.0
20201026,1,1,0,527313.0
20201027,1,1,0,527725.0
20201028,1,1,0,527119.0
20201029,1,1,0,525731.0
20201030,0,1,0,525631.0
20201102,0,1,0,525463.0
20201103,0,1,0,525725.0
20201104,0,1,0,525888.0
20201105,0,1,0,526981.0
20201106,0,1,0,527306.0
20201109,0,1,0,524775.0
20201110,0,1,0,524925.0
20201111,0,1,0,524744.0
20201112,0,0,0,524663.0
20201113,0,0,0,524663.0
20201116,0,0,0,524663.0
20201117,0,0,0,524663.0
20201118,0,0,0,524663.0
20201119,0,1,0,524713.0
20201120,0,1,0,524675.0
20201123,0,1,0,523900.0
20201124,0,1,0,523825.0
20201125,0,1,0,523981.0
20201127,0,1,0,524431.0
20201130,0,1,0,524081.0
20201201,0,1,0,523994.0
20201202,1,1,0,524144.0
20201203,1,1,0,525350.0
20201204,1,1,0,525138.0
20201207,1,1,0,525056.0
20201208,1,1,0,524669.0
20201209,1,1,0,524150.0
20201210,1,1,0,524944.0
20201211,1,1,0,524888.0
20201214,1,1,0,525225.0
20201215,1,1,0,525794.0
20201216,1,1,0,525969.0
20201217,1,1,0,527813.0
20201218,1,1,1,526825.0
20201221,1,1,1,526638.0
20201222,1,1,1,524525.0
20201223,1,1,1,525538.0
20201224,1,1,1,525844.0
20201228,1,1,1,525300.0
20201229,1,1,1,526500.0
20201230,1,1,1,527881.0
20201231,1,1,1,527319.0
20210104,1,1,1,527288.0
20210105,1,1,1,528863.0
20210106,1,1,1,528175.0
20210107,1,1,1,526606.0
20210108,1,1,1,525844.0
20210111,1,1,1,524663.0
20210112,1,1,1,526381.0
20210113,1,1,1,525525.0
20210114,1,1,1,525950.0
20210115,1,1,1,524244.0
20210119,1,1,1,525163.0
20210120,1,1,1,525381.0
20210121,1,1,1,526531.0
20210122,1,1,1,526013.0
20210125,1,1,1,525556.0
20210126,1,1,1,526481.0
20210127,1,1,1,524806.0
20210128,1,1,1,525431.0
20210129,1,0,1,525069.0
20210201,1,0,1,524063.0
20210202,1,0,1,523363.0
20210203,1,0,1,523350.0
20210204,1,0,1,522794.0
20210205,0,1,1,522906.0
20210208,0,1,1,522756.0
20210209,0,1,1,522413.0
20210210,0,1,1,522713.0
20210211,0,1,1,522613.0
20210212,0,1,1,523138.0
20210216,0,1,1,524569.0
20210217,0,1,1,524269.0
20210218,0,1,1,524744.0
20210219,0,1,1,524756.0
20210222,0,1,1,524619.0
20210223,0,1,1,525156.0
20210224,0,1,1,525950.0
20210225,0,1,1,525700.0
20210226,0,1,1,525606.0
20210301,0,1,1,525644.0
20210302,0,1,1,525856.0
20210303,0,1,1,526050.0
20210304,0,1,1,526638.0
20210305,0,1,1,526806.0
20210308,0,1,1,527344.0
20210309,0,1,1,527288.0
20210310,0,1,1,527431.0
20210311,0,1,1,527844.0
20210312,0,1,1,528088.0
20210315,0,1,1,527969.0
20210316,0,1,1,527844.0
20210317,0,1,1,528006.0
20210318,0,1,1,528063.0
20210319,0,1,1,527581.0
20210322,0,1,1,527444.0
20210323,0,1,1,526731.0
20210324,1,1,1,526600.0
20210325,1,1,0,527494.0
20210326,1,1,0,527919.0
20210329,1,1,0,528388.0
20210330,1,1,0,529525.0
20210331,1,1,0,529863.0
20210401,1,1,0,529156.0
20210405,1,1,0,528175.0
20210406,1,1,0,527131.0
20210407,1,1,0,527138.0
20210408,1,1,0,525944.0
20210409,1,1,0,526538.0
20210412,1,1,0,526275.0
20210413,1,1,0,525400.0
20210414,1,1,0,524950.0
20210415,1,1,0,524619.0
20210416,1,1,0,524719.0
20210419,1,1,0,523238.0
20210420,1,1,0,523363.0
20210421,1,1,0,523363.0
20210422,1,1,0,523644.0
20210423,1,1,0,522406.0
20210426,0,1,0,522456.0
20210427,0,1,0,523131.0
20210428,0,1,0,523063.0
20210429,0,1,0,523269.0
20210430,0,1,0,523725.0
20210503,0,1,0,523519.0
20210504,0,1,0,523719.0
20210505,0,1,0,523675.0
20210506,0,1,0,523450.0
20210507,0,1,0,523006.0
20210510,0,1,0,523219.0
20210511,0,1,1,523281.0
20210512,0,1,1,523663.0
20210513,0,1,1,523413.0
20210514,0,1,1,523669.0
20210517,0,1,1,523763.0
20210518,0,1,1,523725.0
20210519,0,1,1,523544.0
20210520,0,1,1,523638.0
20210521,0,1,1,523563.0
20210524,0,1,1,523431.0
20210525,0,1,1,523300.0
20210526,0,1,1,523588.0
20210527,0,1,1,524831.0
20210528,0,1,1,524725.0
20210601,0,1,1,524113.0
20210602,0,1,1,524325.0
20210603,0,1,1,524644.0
20210604,0,1,1,524238.0
20210607,0,1,1,524094.0
20210608,0,1,1,524213.0
20210609,0,1,1,524006.0
20210610,0,1,1,524206.0
20210611,0,1,1,524100.0
20210614,0,1,1,524531.0
20210615,0,1,1,524350.0
20210616,0,1,1,524256.0
20210617,0,1,1,523519.0
20210618,0,1,0,523306.0
20210621,0,1,0,523444.0
20210622,0,1,0,523800.0
20210623,0,1,0,524156.0
20210624,0,1,0,524044.0
20210625,0,1,0,524025.0
20210628,0,1,0,523719.0
20210629,0,1,0,523681.0
20210630,0,1,0,524288.0
20210701,0,1,0,524831.0
20210702,0,1,0,524425.0
20210706,0,1,0,523819.0
20210707,0,1,0,523813.0
20210708,0,1,0,522981.0
20210709,0,1,0,523344.0
20210712,0,1,0,523519.0
20210713,0,1,0,523800.0
20210714,0,1,0,523194.0
20210715,0,1,0,523000.0
20210716,0,1,0,523263.0
20210719,0,1,0,522644.0
20210720,0,0,0,522525.0
20210721,0,0,0,522525.0
20210722,0,0,0,522525.0
20210723,0,0,0,522525.0
20210726,0,0,0,522525.0
20210727,0,0,0,522525.0
20210728,0,0,0,522525.0
20210729,0,0,0,522525.0
20210730,0,0,0,522525.0
20210802,0,0,0,522525.0
20210803,0,0,0,522525.0
20210804,0,0,0,522525.0
20210805,0,0,0,522525.0
20210806,0,0,0,522525.0
20210809,0,0,0,522525.0
20210810,0,0,0,522525.0
20210811,0,0,0,522525.0
20210812,0,0,0,522525.0
20210813,0,0,0,522525.0
20210816,0,0,0,522525.0
20210817,0,0,0,522525.0
20210818,0,0,0,522525.0
20210819,0,0,0,522525.0
20210820,0,0,0,522525.0
20210823,0,0,0,522525.0
20210824,0,0,0,522525.0
20210825,0,0,0,522525.0
20210826,0,0,0,522525.0
20210827,0,0,0,522525.0
20210830,0,0,0,522525.0
20210831,0,0,0,522525.0
20210901,0,0,0,522525.0
20210902,0,0,0,522525.0
20210903,0,0,0,522525.0
20210907,0,0,0,522525.0
20210908,0,0,0,522525.0
20210909,0,0,0,522525.0
20210910,0,0,0,522525.0
20210913,0,0,0,522525.0
20210914,0,0,0,522525.0
20210915,0,0,0,522525.0
20210916,0,0,0,522525.0
20210917,0,0,0,522525.0
20210920,0,0,0,522525.0
20210921,0,0,0,522525.0
20210922,0,0,0,522525.0
20210923,0,0,0,522525.0
20210924,0,0,0,522525.0
20210927,0,0,0,522525.0
20210928,0,1,0,523138.0
20210929,0,1,1,524169.0
20210930,1,1,1,523494.0
20211001,1,1,1,522481.0
20211004,1,1,1,521619.0
20211005,1,1,1,522456.0
20211006,1,1,1,523300.0
20211007,1,1,1,523231.0
20211008,1,1,1,523494.0
20211011,1,1,1,524913.0
20211012,1,1,1,525694.0
20211013,1,1,1,524356.0
20211014,1,1,1,524269.0
20211015,1,1,1,524363.0
20211018,1,1,1,524444.0
20211019,1,1,1,523700.0
20211020,1,1,0,523306.0
20211021,1,1,0,523469.0
20211022,1,1,0,522819.0
20211025,1,1,0,523400.0
20211026,1,1,0,524038.0
20211027,1,1,0,523506.0
20211028,1,1,0,522263.0
20211029,1,1,0,524300.0
20211101,1,1,0,523756.0
20211102,1,1,0,524050.0
20211103,1,1,0,523650.0
20211104,1,1,0,524213.0
20211105,1,1,1,524038.0
20211108,1,1,1,522925.0
20211109,1,1,1,522438.0
20211110,1,1,1,525719.0
20211111,1,1,1,526781.0
20211112,1,1,1,526344.0
20211115,1,1,1,527131.0
20211116,1,1,1,528569.0
20211117,1,1,1,527694.0
20211118,1,1,1,527056.0
20211119,1,1,1,528094.0
20211122,1,1,1,530163.0
20211123,1,1,1,530081.0
20211124,1,1,1,531469.0
20211126,1,1,1,527844.0
20211129,1,1,1,529081.0
20211130,1,1,1,527913.0
20211201,1,1,1,527688.0
20211202,1,1,1,528219.0
20211203,1,1,1,527925.0
20211206,1,1,1,529006.0
20211207,1,1,1,529488.0
20211208,1,1,1,528481.0
20211209,1,1,1,529238.0
20211210,1,1,1,528588.0
20211213,1,1,1,529194.0
20211214,1,1,1,529813.0
20211215,1,1,1,529813.0
20211216,1,1,1,528288.0
20211217,1,1,1,529681.0
20211220,1,1,1,529781.0
20211221,1,1,1,529725.0
20211222,1,1,1,528544.0
20211223,1,1,1,528375.0
20211227,1,1,1,528850.0
20211228,1,1,1,529175.0
20211229,1,1,1,528406.0
20211230,1,1,1,528619.0
20211231,1,1,1,527700.0
20220103,1,1,1,529413.0
20220104,1,1,1,529975.0
20220105,1,1,0,529663.0
20220106,1,1,0,529769.0
20220107,1,1,0,528444.0
20220110,1,1,0,528619.0
20220111,1,1,0,528194.0
20220112,1,1,0,526275.0
20220113,1,1,0,525831.0
20220114,1,1,0,526488.0
20220118,1,1,0,528050.0
20220119,1,1,0,527381.0
20220120,1,1,0,527819.0
20220121,1,1,0,526963.0
20220124,1,0,0,527119.0
20220125,1,0,0,527325.0
20220126,1,0,0,527963.0
20220127,1,0,0,529388.0
20220128,1,0,0,529338.0
20220131,1,0,0,528100.0
20220201,1,0,0,527994.0
20220202,1,0,0,527281.0
20220203,1,0,0,525744.0
20220204,0,0,0,525556.0
20220207,0,0,0,525556.0
20220208,0,0,0,525556.0
20220209,0,0,0,525556.0
20220210,0,0,0,525556.0
20220211,0,0,0,525556.0
20220214,0,0,0,525556.0
20220215,0,0,0,525556.0
20220216,0,0,0,525556.0
20220217,0,0,0,525556.0
20220218,0,0,0,525556.0
20220222,0,0,0,525556.0
20220223,0,0,0,525556.0
20220224,0,0,0,525556.0
20220225,0,0,0,525556.0
20220228,0,0,0,525556.0
20220301,0,0,0,525556.0
20220302,1,0,0,525538.0
20220303,1,0,0,526363.0
20220304,1,0,0,528200.0
20220307,1,0,0,529000.0
20220308,1,0,1,528250.0
20220309,1,0,1,525663.0
20220310,1,0,1,527331.0
20220311,1,0,1,528688.0
20220314,1,1,1,528850.0
20220315,1,1,1,529175.0
20220316,1,1,1,528206.0
20220317,1,1,1,526706.0
20220318,1,1,1,527631.0
20220321,1,1,1,528525.0
20220322,1,1,1,528944.0
20220323,1,1,1,529750.0
20220324,1,1,1,530963.0
20220325,1,1,1,531013.0
20220328,1,1,1,532681.0
20220329,1,1,1,530956.0
20220330,1,1,1,528838.0
20220331,1,1,1,529906.0
