Testing from : 20000103 to: 20240718
-----------------------------------------------------------------------------------------------------------
                                                                                      Avg.   Monthly    Avg.
SysName         Market     TotProfit  MaxDD ClsTrdDD AvgWin  AvgLoss PerWins #Trds  MonthRet.  StdDev  YearlyRet.
TF-Boll-Omni_1R EuroCur-EC     47062  36281   26393    7147    -2595    0.33     72      159    3189     2164
TF-Boll-Omni_1R J.Yen-JY       31887  26312   17112    6348    -2282    0.32     73      108    2494     1568
TF-Boll-Omni_1R B.Pound-BP     14706  24881   20706    3644    -1943    0.38     73       49    1909      650
TF-Boll-Omni_1R TenYr-TY       -9446  39853   35521    3319    -1682    0.31     74      -32    1460     -199
TF-Boll-Omni_1R FiveYr-FV       3065  19356   16232    2374    -1171    0.34     67       10    1010      277
TF-Boll-Omni_1R 30YrBnd-US     -5409  54965   51965    4919    -2836    0.36     73      -18    2938      169
TF-Boll-Omni_1R MiniES-ES       3775  47637   37862    4397    -3053    0.42     72       12    3800     -572
TF-Boll-Omni_1R MiniNQ-NQ      51830  93945   67205    8123    -4922    0.43     69      175    5741      620
TF-Boll-Omni_1R MiniDow-EM   -862300 1573900  1322100  111550   -67683    0.31     71    -3217   65737   -39268
TF-Boll-Omni_1R Crude-CL       42070  93460   53530   10042    -3870    0.32     79      142    5201     2344
TF-Boll-Omni_1R Nat.Gas-NG    -19229 148630  107999    9960    -5880    0.36     76      -65    7317     -739
TF-Boll-Omni_1R H.Oil-HO       58840 141820   97511   13121    -5909    0.35     77      199    6426     3208
TF-Boll-Omni_1R Gold-GC        -8309  87260   70550    7435    -4247    0.35     69      -28    4457     -902
TF-Boll-Omni_1R Copper-HG   13072799 3799350  2461849  1162236   -278747    0.32     72    44314   414046   527468
TF-Boll-Omni_1R Silver-SI   -9115300 21293100  14376600  960139   -611737    0.31     74    -30899   826026   -462283
TF-Boll-Omni_1R Corn-C_        33100  25212   18150    3315    -1061    0.35     72      112    1477     1329
TF-Boll-Omni_1R SoyBean-S_     -2452   3220    3004     338     -163    0.25     61       -8     158      -86
TF-Boll-Omni_1R Wheat-W_      -41862  52037   43900    3632    -1655    0.22     86     -141    1939    -1438
TF-Boll-Omni_1R Sugar-SB       10242  25657   19789    2291    -1032    0.35     77       34    1376      615
TF-Boll-Omni_1R Coffee-KC     -49700  81043   68331    8057    -3496    0.25     77     -168    3584    -1791
TF-Boll-Omni_1R Cotton-CT     -16160  72520   54930    3730    -2489    0.36     74      -54    3015     -740
-------------------------------------------------------------------------------------------------------------------
Totals                       3239208 21758747 or 98.3 % Avg. DD 3042371        1538
-----------------------------------------------------------------------------------------------------------
Combined Monthly Return
Date         Profit Cum.Profit
-------------------------------------------------------------------
20000131     -15516     -15516
20000229    -246119    -261635
20000331     -53065    -314700
20000428    -169681    -484381
20000531    -112373    -596754
20000630     -12436    -609190
20000731      -5364    -614555
20000831      -5487    -620042
20000929      58820    -561222
20001031     -80598    -641820
20001130      35188    -606632
20001229     110505    -496126    -496126
20010131    -108480    -604606
20010228     -17481    -622087
20010330     101849    -520238
20010430     -84427    -604665
20010531     -86704    -691369
20010629      48295    -643074
20010731      63845    -579229
20010831       -928    -580157
20010928     106306    -473851
20011031    -153350    -627202
20011130      -1637    -628838
20011231    -183889    -812727    -316601
20020131       7800    -804928
20020228      -8958    -813886
20020328     -12595    -826480
20020430    -192199   -1018680
20020531     128583    -890097
20020628     -91053    -981150
20020731      29289    -951861
20020830     -40926    -992787
20020930     160383    -832403
20021031    -160059    -992462
20021129      97631    -894831
20021231    -112513   -1007344    -194617
20030131      58659    -948685
20030228    -237256   -1185941
20030331    -208573   -1394514
20030430     -84398   -1478912
20030530       3748   -1475164
20030630      -2360   -1477524
20030731      52103   -1425421
20030829      -6801   -1432222
20030930     -16494   -1448717
20031031     145201   -1303516
20031128     -34404   -1337920
20031231     697486    -640435     366909
20040130     399038    -241396
20040227     746764     505368
20040331     603639    1109007
20040430   -1219083    -110076
20040528     -22876    -132952
20040630     -27370    -160322
20040730       -676    -160998
20040831     -44399    -205397
20040930     135105     -70292
20041029    -286320    -356612
20041130     240259    -116352
20041231    -460861    -577213      63221
20050131     -53455    -630668
20050228      49418    -581250
20050331     -12503    -593753
20050429    -258543    -852296
20050531    -179547   -1031843
20050630    -133123   -1164966
20050729     -49561   -1214527
20050831      -5093   -1219620
20050930     -69895   -1289515
20051031     192251   -1097264
20051130     677497    -419768
20051230     479612      59844     637057
20060131     975013    1034857
20060228    -156464     878393
20060331    1570923    2449316
20060428    2984096    5433412
20060531     400855    5834267
20060630    -939477    4894790
20060731    -129104    4765687
20060831     -19676    4746010
20060929      14823    4760834
20061031      40252    4801086
20061130     505647    5306733
20061229     222619    5529352    5469508
20070131     330661    5860013
20070228    -870839    4989175
20070330    -657416    4331758
20070430     630824    4962583
20070531    -357314    4605269
20070629    -332742    4272527
20070731    -387750    3884777
20070831    -851859    3032918
20070928    -260479    2772439
20071031     -96272    2676166
20071130    -422720    2253446
20071231     275106    2528552   -3000800
20080131      71217    2599769
20080229    1882127    4481896
20080331   -1364634    3117263
20080430     -34726    3082537
20080530    -491178    2591359
20080630    -529205    2062153
20080731   -1650212     411942
20080829     976295    1388237
20080930    1995364    3383601
20081031    4193261    7576862
20081128     287357    7864219
20081231     138104    8002322    5473771
20090130     203018    8205341
20090227     -10164    8195176
20090331     137861    8333037
20090430      30531    8363568
20090529     852786    9216354
20090630    -821037    8395317
20090731     880575    9275892
20090831     548014    9823906
20090930     247946   10071852
20091030     128915   10200767
20091130    1783509   11984276
20091231    -278519   11705757    3703434
20100129    -604002   11101754
20100226    -608697   10493058
20100331    -333557   10159501
20100430    -667133    9492368
20100528    -877193    8615175
20100630     -79461    8535713
20100730    -609276    7926437
20100831      13601    7940038
20100930    1682980    9623018
20101029    1613195   11236214
20101130    2025081   13261295
20101231    3039797   16301092    4595336
20110131   -1929173   14371919
20110228     748959   15120878
20110331    1611480   16732358
20110429    5394337   22126694
20110531   -7483806   14642889
20110630    -148566   14494323
20110729       2597   14496920
20110831      48263   14545183
20110930   -1480943   13064240
20111031   -3466916    9597325
20111130     917030   10514355
20111230    2462415   12976770   -3324322
20120131   -1943050   11033720
20120229    -945410   10088310
20120330   -1393609    8694701
20120430    -280443    8414258
20120531    1164377    9578635
20120629    -330268    9248367
20120731      45088    9293454
20120831     309548    9603002
20120928    1834162   11437164
20121031   -1635802    9801362
20121130    -775669    9025694
20121231    -152285    8873409   -4103361
20130131    -983557    7889851
20130228      58857    7948708
20130328     122054    8070762
20130430    2631524   10702286
20130531     751463   11453749
20130628    1127036   12580785
20130731    -397262   12183522
20130830   -1370902   10812620
20130930    -284756   10527864
20131031       4981   10532846
20131129      19187   10552033
20131231     -12274   10539759    1666351
20140131    -253962   10285797
20140228    -906988    9378809
20140331    -344608    9034201
20140430        659    9034860
20140530    -305172    8729688
20140630     -17813    8711876
20140731    -611533    8100343
20140829    -506162    7594181
20140930     418959    8013140
20141031     324796    8337936
20141128     847785    9185721
20141231      -4783    9180939   -1358821
20150130     -37894    9143045
20150227    -743054    8399991
20150331    -214285    8185705
20150430     -11120    8174585
20150529    -404165    7770420
20150630       1870    7772291
20150731     313224    8085515
20150831     220043    8305557
20150930    -542876    7762681
20151030    -402144    7360538
20151130     213744    7574282
20151231    -212011    7362270   -1818668
20160129     132950    7495220
20160229    -125222    7369998
20160331    -182133    7187866
20160429     918908    8106773
20160531    -923878    7182895
20160630      71396    7254291
20160729     883900    8138191
20160831    -766012    7372179
20160930     -31565    7340614
20161031    -231552    7109062
20161130     520766    7629828
20161230      -2482    7627346     265076
20170131      -6227    7621119
20170228      76082    7697201
20170331    -283885    7413316
20170428     -32987    7380330
20170531    -640102    6740227
20170630    -151521    6588707
20170731    -107510    6481197
20170831     626875    7108071
20170929    -746007    6362064
20171031     467254    6829319
20171130      22907    6852226
20171229    -272868    6579357   -1047989
20180131    -278308    6301050
20180228    -230859    6070190
20180329    -169750    5900441
20180430    -343984    5556456
20180531     -71483    5484973
20180629    -697142    4787832
20180731     566546    5354377
20180831     979013    6333390
20180928    -452534    5880856
20181031      15439    5896295
20181130    -447208    5449088
20181231     282561    5731649    -847708
20190131    -133294    5598356
20190228     -41456    5556899
20190329    -295893    5261006
20190430    -171205    5089802
20190531      14576    5104377
20190628    -546471    4557907
20190731     261682    4819588
20190830     932141    5751730
20190930    -938850    4812880
20191031     532492    5345372
20191129    -209204    5136169
20191231     192332    5328501    -403148
20200131    -282803    5045698
20200228   -1012413    4033285
20200331    2054772    6088057
20200430    -976154    5111902
20200529    -819986    4291916
20200630      -8196    4283720
20200731    1627536    5911256
20200831    2685394    8596650
20200930   -3206054    5390596
20201030    -606342    4784254
20201130     997445    5781699
20201231     315496    6097196     768694
20210129    -896458    5200738
20210226     164408    5365146
20210331    -575796    4789350
20210430    1271352    6060702
20210528     599781    6660483
20210630   -1001957    5658526
20210730      12312    5670838
20210831    -656971    5013867
20210930     771487    5785354
20211029   -1454531    4330823
20211130    -109173    4221651
20211231     -18593    4203057   -1894138
20220131     -96029    4107028
20220228    -413637    3693391
20220331     473009    4166400
20220429    -809427    3356973
20220531     -64862    3292111
20220630     959785    4251895
20220729     205290    4457185
20220831    1254517    5711702
20220930    -548132    5163570
20221031    -367706    4795864
20221130      46771    4842636
20221230    1299833    6142468    1939411
20230131     959772    7102240
20230228   -1193299    5908941
20230331   -1525745    4383196
20230428    -370090    4013106
20230531    -649447    3363659
20230630    -609861    2753798
20230731      70534    2824332
20230831    -176560    2647772
20230929    -200653    2447119
20231031    -644089    1803030
20231130      57456    1860486
20231229   -1004492     855994   -5286475
20240131    -369019     486974
20240229      95160     582134
20240328       9274     591409
20240430    1417501    2008910
20240531    1865464    3874373
20240628   -1004815    2869559
20240718     369650    3239209    2383215
Average Monthly Return:    10980 StdDev: 993066  Sharpe: 0.01
Average  Yearly Return:   129568 StdDev: 2766312  Sharpe: 0.05
