Testing from : 20100104 to: 20220331
-----------------------------------------------------------------------------------------------------------
                                                                                      Avg.   Monthly    Avg.
SysName         Market     TotProfit  MaxDD ClsTrdDD AvgWin  AvgLoss PerWins #Trds  MonthRet.  StdDev  YearlyRet.
TF-BollOnClo... Corn-C_        16787  22162   16950    4097    -1521    0.35     37      114    1737      740
TF-BollOnClo... SoyBean-S_     61762  20200    9412    7283    -2515    0.47     30      420    2909     3967
TF-BollOnClo... Wheat-W_      -28887  45675   35787    2484    -2187    0.32     41     -196    1886    -2912
-------------------------------------------------------------------------------------------------------------------
Totals                         49662  47512 or 70.4 % Avg. DD   15938         108
-----------------------------------------------------------------------------------------------------------
Combined Monthly Return
Date         Profit Cum.Profit
-------------------------------------------------------------------
20100129         88         88
20100226      -4562      -4475
20100331       6638       2162
20100430      -5362      -3200
20100528       -575      -3775
20100630      -1450      -5225
20100730       5100       -125
20100831        375        250
20100930       7075       7325
20101029       8838      16162
20101130      -3500      12662
20101231       9225      21888      21888
20110131       2300      24188
20110228      -6700      17488
20110331      -9575       7912
20110429      -3688       4225
20110531      -2438       1788
20110630       6362       8150
20110729      -5850       2300
20110831      -7238      -4938
20110930       1438      -3500
20111031      -5138      -8638
20111130       8412       -225
20111230      -7238      -7462     -29350
20120131      -1038      -8500
20120229        950      -7550
20120330       4150      -3400
20120430       2675       -725
20120531     -13600     -14325
20120629      -2262     -16588
20120731      27200      10612
20120831       4162      14775
20120928     -10925       3850
20121031      -4388       -538
20121130      -2225      -2762
20121231       5675       2912      10375
20130131      -5738      -2825
20130228       3550        725
20130329       1338       2062
20130430      -3462      -1400
20130531       3475       2075
20130628        275       2350
20130731      -2362        -12
20130830       -262       -275
20130930      -3025      -3300
20131031      -1300      -4600
20131129        500      -4100
20131231       1300      -2800      -5712
20140131       1850       -950
20140228       1488        538
20140331       3150       3688
20140430       4000       7688
20140530      -5675       2012
20140630       -162       1850
20140731       9212      11062
20140829       2038      13100
20140930      11638      24738
20141031     -10950      13788
20141128          0      13788
20141231       -850      12938      15738
20150130      -2138      10800
20150227          0      10800
20150331       -262      10538
20150430        700      11238
20150529      -1025      10212
20150630       1850      12062
20150731     -12750       -688
20150831      -1125      -1812
20150930       -225      -2038
20151030        288      -1750
20151130        -75      -1825
20151231        488      -1338     -14275
20160129      -1125      -2462
20160229       2712        250
20160331      -1462      -1212
20160429       1375        162
20160531       2025       2188
20160630       3575       5762
20160729      -4088       1675
20160831       3562       5238
20160930      -1750       3488
20161031      -1400       2088
20161130       1975       4062
20161230      -2200       1862       3200
20170131      -3700      -1838
20170228      -1112      -2950
20170331       2212       -738
20170428       -375      -1112
20170531        775       -338
20170630      -1462      -1800
20170731      -6688      -8488
20170831      -2112     -10600
20170929        125     -10475
20171031        475     -10000
20171130        150      -9850
20171229        338      -9512     -11375
20180131      -2662     -12175
20180228       2288      -9888
20180329      -2512     -12400
20180430       -212     -12612
20180531      -1200     -13812
20180629       6712      -7100
20180731      -2588      -9688
20180831       3038      -6650
20180928        338      -6312
20181031      -1925      -8238
20181130          0      -8238
20181231      -2138     -10375       -862
20190131          0     -10375
20190228       2238      -8138
20190329       1088      -7050
20190430       4162      -2888
20190531      -4462      -7350
20190628       -700      -8050
20190731      -3325     -11375
20190830          0     -11375
20190930          0     -11375
20191031      -2325     -13700
20191129        462     -13238
20191231        850     -12388      -2012
20200131        -62     -12450
20200228      -1162     -13612
20200331      -1562     -15175
20200430       3338     -11838
20200529        438     -11400
20200630      -2075     -13475
20200731       -325     -13800
20200831       1862     -11938
20200930       4725      -7212
20201030       3925      -3288
20201130       5662       2375
20201231       9488      11862      24250
20210129       6550      18412
20210226       1312      19725
20210331        925      20650
20210430      15162      35812
20210528      -4688      31125
20210630      -1712      29412
20210730      -2612      26800
20210831       -112      26688
20210930      -1300      25388
20211029       -600      24788
20211130       -425      24362
20211231      -2812      21550       9688
20220131       9200      30750
20220228      13338      44088
20220331       5575      49662      28112
Average Monthly Return:      337 StdDev:  5022  Sharpe: 0.07
Average  Yearly Return:     3820 StdDev: 16731  Sharpe: 0.23
