-----------------------------------------
Sys Name : TF-Boll.Donch_1R
Mkt Symb : SB Mkt Name : Sugar
Profit/Loss : 16728.39
Num Trades : 37
Percent Wins : 0.378
Avg Win  : 2646.66
Avg Loss : -885.86
Avg Trade: 452.12
Max DrawDown: 10603.89
Avg DrawDown: 4090.82
AVG Monthly Return: 113.79855
Monthly StdDev: 1477.01351
-----------------------------------------
20100129       2699       2699
20100226      -5012      -2312
20100331       3589       1276
20100430       1714       2990
20100528       1075       4065
20100630      -2682       1383
20100730       1891       3274
20100831        202       3475
20100930       5387       8862
20101029       6317      15179
20101130      -1758      13421
20101231       5118      18539      18539
20110131       2072      20611
20110228      -3914      16697
20110331          0      16697
20110429       1725      18422
20110531      -1042      17380
20110630      -2287      15093
20110729       3886      18979
20110831       -146      18834
20110930      -2559      16275
20111031          0      16275
20111130       -292      15983
20111230        437      16419      -2120
20120131      -1517      14902
20120229        113      15015
20120330       -336      14679
20120430      -1012      13668
20120531       1904      15572
20120629      -2772      12800
20120731          0      12800
20120831          0      12800
20120928          0      12800
20121031          0      12800
20121130          0      12800
20121231      -1090      11710      -4710
20130131        818      12527
20130228        190      12718
20130328       -400      12318
20130430        -78      12240
20130531       1176      13416
20130628       -101      13315
20130731        -56      13259
20130830        -72      13187
20130930        157      13344
20131031        202      13545
20131129       -565      12980
20131231       -208      12772       1062
20140131        963      13735
20140228      -1159      12576
20140331          0      12576
20140430          0      12576
20140530          0      12576
20140630          0      12576
20140731       1165      13741
20140829       1086      14827
20140930        672      15499
20141031        459      15959
20141128        504      16463
20141231       1198      17661       4889
20150130      -1372      16289
20150227        228      16518
20150331       2061      18579
20150430      -1478      17100
20150529       -464      16636
20150630       -485      16150
20150731       1490      17640
20150831        504      18144
20150930      -1148      16996
20151030       1224      18220
20151130        459      18679
20151231        347      19026       1365
20160129       -534      18493
20160229      -1198      17294
20160331      -1171      16123
20160429       -912      15211
20160531          0      15211
20160630       2664      17874
20160729      -1434      16441
20160831       1131      17572
20160930       2733      20305
20161031      -1602      18703
20161130       -252      18451
20161230       -436      18015      -1011
20170131      -1887      16128
20170228          0      16128
20170331       1458      17586
20170428        795      18382
20170531       1411      19793
20170630       1434      21226
20170731      -1232      19994
20170831       -173      19821
20170929          0      19821
20171031          0      19821
20171130       -383      19438
20171229      -1605      17833       -182
20180131        398      18231
20180228       -291      17940
20180329       1154      19094
20180430        885      19979
20180531       -991      18988
20180629          0      18988
20180731        989      19977
20180831        -56      19921
20180928      -1002      18919
20181031          8      18927
20181130       -392      18535
20181231       -498      18037        203
20190131          0      18037
20190228          0      18037
20190329          0      18037
20190430          0      18037
20190531        224      18261
20190628       -543      17718
20190731       -672      17046
20190830       1198      18244
20190930       -856      17388
20191031          0      17388
20191129        -70      17318
20191231        538      17855       -181
20200131       1333      19188
20200228        -11      19177
20200331        576      19753
20200430        258      20011
20200529       -605      19406
20200630       -912      18494
20200731          0      18494
20200831       -643      17850
20200930       -789      17061
20201030        595      17656
20201130        168      17824
20201231       1098      18922       1066
20210129        381      19302
20210226       1725      21027
20210331      -1618      19409
20210430       -134      19275
20210528        426      19700
20210630       -980      18721
20210730       -918      17802
20210831       2162      19964
20210930       -269      19695
20211029       -980      18716
20211130        246      18962
20211231      -1461      17501      -1421
20220131        269      17770
20220228        -67      17702
20220331       -974      16728       -773
-----------------------------------------
-----------------------------------------
Sys Name : TF-Boll.Donch_1R
Mkt Symb : KC Mkt Name : Coffee
Profit/Loss : 61728.93
Num Trades : 34
Percent Wins : 0.382
Avg Win  : 9757.56
Avg Loss : -3103.3
Avg Trade: 1815.56
Max DrawDown: 41465.77
Avg DrawDown: 12791.5
AVG Monthly Return: 419.92469
Monthly StdDev: 4218.91759
-----------------------------------------
20100129        619        619
20100226        788       1406
20100331      -2713      -1306
20100430          0      -1306
20100528          0      -1306
20100630       9148       7842
20100730       3919      11761
20100831        188      11948
20100930       1725      13673
20101029      -1850      11823
20101130      -1856       9967
20101231      14738      24705      24705
20110131       1613      26317
20110228       9244      35561
20110331      -2831      32730
20110429      12300      45030
20110531     -10419      34611
20110630      -4344      30267
20110729       9769      40036
20110831      -8712      31324
20110930      -8384      22940
20111031        731      23671
20111130      -2456      21215
20111230       3769      24983        279
20120131      -2431      22552
20120229       4200      26752
20120330       7800      34552
20120430       1950      36502
20120531       7087      43590
20120629      -3094      40496
20120731      -1681      38815
20120831          0      38815
20120928          0      38815
20121031          0      38815
20121130       2531      41345
20121231       2550      43895      18912
20130131      -5319      38577
20130228      -1045      37532
20130328       2269      39801
20130430       1631      41432
20130531      -1588      39844
20130628       3281      43125
20130731      -4981      38144
20130830          0      38144
20130930        207      38351
20131031       3112      41463
20131129       -900      40563
20131231      -1456      39107      -4788
20140131        975      40082
20140228      19819      59901
20140331       -900      59001
20140430       9619      68619
20140530      -9462      59157
20140630          0      59157
20140731          0      59157
20140829          0      59157
20140930          0      59157
20141031      -7194      51963
20141128          0      51963
20141231          0      51963      12856
20150130       -134      51829
20150227       9094      60923
20150331       2850      63773
20150430       -675      63098
20150529       4238      67336
20150630      -1425      65911
20150731       2681      68592
20150831      -3331      65261
20150930       1106      66367
20151030      -2450      63917
20151130          0      63917
20151231          0      63917      11954
20160129      -1011      62906
20160229      -2094      60812
20160331       -655      60157
20160429      -2169      57988
20160531          0      57988
20160630       3169      61157
20160729        206      61363
20160831      -3762      57601
20160930      -2327      55274
20161031       -388      54887
20161130      -4194      50693
20161230       1482      52175     -11742
20170131      -6275      45900
20170228          0      45900
20170331          0      45900
20170428        877      46777
20170531       1519      48296
20170630       2231      50527
20170731      -3294      47233
20170831          0      47233
20170929          0      47233
20171031          0      47233
20171130          0      47233
20171229      -1141      46092      -6083
20180131      -1250      44842
20180228       -810      44032
20180329       1444      45476
20180430      -1013      44463
20180531       -162      44301
20180629       1050      45351
20180731       1950      47301
20180831       4181      51482
20180928       -244      51238
20181031      -6217      45021
20181130      -1494      43528
20181231          0      43528      -2565
20190131          0      43528
20190228          0      43528
20190329        228      43756
20190430       1444      45199
20190531      -1625      43574
20190628        281      43856
20190731      -3575      40281
20190830          0      40281
20190930          0      40281
20191031          0      40281
20191129       2834      43114
20191231       3994      47108       3580
20200131      -6031      41077
20200228          0      41077
20200331          0      41077
20200430          0      41077
20200529        504      41580
20200630      -1088      40493
20200731      -2206      38287
20200831       2069      40355
20200930      -6500      33855
20201030          0      33855
20201130          0      33855
20201231          0      33855     -13253
20210129      -2614      31241
20210226       4688      35929
20210331      -3856      32072
20210430        -94      31979
20210528       7837      39816
20210630      -1762      38054
20210730       7425      45479
20210831       4969      50447
20210930       -713      49735
20211029       3731      53466
20211130       9619      63085
20211231      -2325      60760      26905
20220131       3375      64135
20220228       -144      63991
20220331      -2262      61729        969
-----------------------------------------
-----------------------------------------
Sys Name : TF-Boll.Donch_1R
Mkt Symb : CT Mkt Name : Cotton
Profit/Loss : 74064.71
Num Trades : 36
Percent Wins : 0.444
Avg Win  : 6743.77
Avg Loss : -1694.28
Avg Trade: 2057.35
Max DrawDown: 33562.48
Avg DrawDown: 8668.75
AVG Monthly Return: 503.84157
Monthly StdDev: 3060.25483
-----------------------------------------
20100129          0          0
20100226        225        225
20100331       -955       -730
20100430        995        265
20100528      -1485      -1220
20100630      -2571      -3792
20100730          0      -3792
20100831       1614      -2178
20100930       7860       5682
20101029      11670      17352
20101130       -960      16392
20101231      13735      30127      30127
20110131      11815      41942
20110228      12890      54832
20110331       4500      59332
20110429      -9705      49627
20110531          0      49627
20110630          0      49627
20110729       1353      50980
20110831      -2020      48960
20110930      -4160      44800
20111031          0      44800
20111130        536      45336
20111230       -445      44891      14764
20120131      -2275      42616
20120229          0      42616
20120330          0      42616
20120430          0      42616
20120531       6032      48648
20120629      -3635      45013
20120731         -5      45008
20120831       -710      44298
20120928          0      44298
20121031      -2147      42152
20121130          0      42152
20121231          0      42152      -2739
20130131       2665      44817
20130228        285      45102
20130328       1585      46687
20130430      -2545      44142
20130531       1493      45635
20130628      -3725      41910
20130731          0      41910
20130830      -2635      39275
20130930          0      39275
20131031       1747      41023
20131129       -615      40408
20131231      -1680      38728      -3424
20140131          0      38728
20140228      -1392      37336
20140331       3190      40526
20140430       -300      40226
20140530      -1300      38926
20140630       1765      40691
20140731       5320      46011
20140829      -1850      44161
20140930       2600      46761
20141031      -1860      44901
20141128        290      45191
20141231      -1255      43936       5208
20150130       -744      43192
20150227       -937      42255
20150331      -1765      40490
20150430      -1805      38685
20150529      -1935      36750
20150630          0      36750
20150731          0      36750
20150831      -1248      35501
20150930        380      35881
20151030      -1695      34186
20151130          0      34186
20151231          0      34186      -9750
20160129       -103      34083
20160229       2185      36268
20160331       -970      35298
20160429       -989      34309
20160531         85      34394
20160630       -320      34074
20160729       4935      39009
20160831      -3510      35499
20160930          0      35499
20161031          0      35499
20161130          0      35499
20161230          0      35499       1313
20170131       1002      36502
20170228       -115      36387
20170331        495      36882
20170428       -930      35952
20170531      -1096      34856
20170630       1737      36593
20170731       -135      36458
20170831       -960      35498
20170929          0      35498
20171031          0      35498
20171130         12      35511
20171229       2910      38421       2921
20180131       -675      37746
20180228       2140      39886
20180329       -735      39151
20180430       -615      38536
20180531       3340      41875
20180629      -3965      37910
20180731          0      37910
20180831          0      37910
20180928       1090      39000
20181031       -245      38755
20181130        -45      38710
20181231        700      39410        990
20190131      -1100      38310
20190228       1580      39890
20190329      -1550      38340
20190430          0      38340
20190531       2012      40352
20190628        905      41257
20190731       1120      42377
20190830       2505      44882
20190930      -2285      42597
20191031       -745      41853
20191129       -445      41408
20191231       1845      43253       3842
20200131       -775      42478
20200228       1315      43793
20200331       5180      48973
20200430      -2765      46208
20200529       -130      46078
20200630       -750      45328
20200731       -113      45215
20200831       1250      46465
20200930        315      46780
20201030       1565      48345
20201130        645      48990
20201231       2985      51975       8722
20210129       1260      53235
20210226       3400      56635
20210331      -3175      53460
20210430          0      53460
20210528          0      53460
20210630          0      53460
20210730          0      53460
20210831        140      53600
20210930       3055      56655
20211029       4525      61180
20211130      -2915      58265
20211231       3095      61360       9385
20220131       7485      68845
20220228      -3065      65780
20220331       8285      74065      12705
-----------------------------------------
