Testing from : 20100104 to: 20240503
-----------------------------------------------------------------------------------------------------------
                                                                                      Avg.   Monthly    Avg.
SysName         Market     TotProfit  MaxDD ClsTrdDD AvgWin  AvgLoss PerWins #Trds  MonthRet.  StdDev  YearlyRet.
TF-Boll-Risk... EuroCur-EC     18843  15056   11937    6186    -2280    0.35     23      128    1828     1838
TF-Boll-Risk... J.Yen-JY       23487  31975   27518    7446    -1530    0.22     36      159    2033     1644
TF-Boll-Risk... B.Pound-BP    -19031  23343   20906    2523    -1376    0.24     49     -129    1597    -1606
TF-Boll-Risk... TenYr-TY       25332  13238    8497    3211    -1094    0.38     39      172    1412     1930
TF-Boll-Risk... FiveYr-FV      12672  11219    9321    2467     -675    0.25     44       86     881      559
TF-Boll-Risk... 30YrBnd-US     40700  15910    6254    7284    -2573    0.64     11      276    2222     3391
TF-Boll-Risk... MiniES-ES      11275  16900   11687    5350    -1970    0.33     24       76    1757      939
TF-Boll-Risk... MiniNQ-NQ      20365  11940    8770    5572    -1864    0.41     17      120    1650     1454
TF-Boll-Risk... MiniDow-EM         0      0       0       0        0    0.00      0        0       0        0
TF-Boll-Risk... Corn-C_        21512  14725   10012    3595    -1010    0.28     43      146    1469     1134
TF-Boll-Risk... SoyBean-S_     55512  16837   10562    8584    -1812    0.43     21      377    2157     4626
TF-Boll-Risk... Wheat-W_      -23637  35162   26537    2118    -1422    0.25     44     -160    1548    -1969
-------------------------------------------------------------------------------------------------------------------
Totals                        187032  52110 or 27.2 % Avg. DD   20590         351
-----------------------------------------------------------------------------------------------------------
Combined Monthly Return
Date         Profit Cum.Profit
-------------------------------------------------------------------
20100129      -4064      -4064
20100226      -6938     -11001
20100331       6762      -4239
20100430      -2316      -6555
20100528       7304        749
20100630       3295       4044
20100730      11523      15568
20100831       9642      25210
20100930      10534      35743
20101029      13207      48950
20101130      -6559      42391
20101231      20148      62539      62539
20110131       3725      66264
20110228       4273      70537
20110331     -13182      57355
20110429       5374      62729
20110531       1107      63836
20110630      -6267      57569
20110729       9478      67047
20110831      14150      81197
20110930      11916      93114
20111031     -20288      72826
20111130       2325      75151
20111230      -4341      70810       8271
20120131      -1061      69749
20120229       7760      77509
20120330      11258      88767
20120430      -4900      83867
20120531     -15092      68775
20120629     -10745      58030
20120731       1143      59172
20120831      -1923      57249
20120928       -239      57010
20121031      -4771      52239
20121130      -3663      48576
20121231       8318      56894     -13916
20130131       4509      61403
20130228       9032      70435
20130329       6162      76598
20130430       2301      78899
20130531       4355      83254
20130628      -7115      76139
20130731      -1640      74499
20130830        955      75454
20130930       2388      77842
20131031       -400      77442
20131129       4890      82332
20131231       7227      89559      32665
20140131      -9820      79739
20140228       -729      79010
20140331       -959      78051
20140430       3413      81463
20140530      -6045      75418
20140630       1282      76701
20140731       1584      78285
20140829      10872      89157
20140930      11710     100867
20141031          7     100874
20141128      14595     115469
20141231        715     116185      26626
20150130      20548     136732
20150227     -12008     124724
20150331       3588     128312
20150430      -7677     120635
20150529      -2286     118349
20150630       4861     123210
20150731     -15824     107386
20150831      -3727     103659
20150930       2537     106196
20151030      -5590     100606
20151130       -634      99973
20151231        -59      99914     -16271
20160129        554     100467
20160229       5338     105805
20160331      -5709     100096
20160429       1356     101452
20160531        -12     101440
20160630       3344     104784
20160729      -3636     101148
20160831       1148     102296
20160930        270     102566
20161031      -1263     101304
20161130      -3128      98176
20161230      -1161      97015      -2899
20170131       -671      96344
20170228       6008     102352
20170331      -1200     101152
20170428       6539     107691
20170531      10716     118407
20170630      -6040     112366
20170731      -3482     108884
20170831      -5878     103006
20170929      -1508     101498
20171031       2157     103655
20171130       2435     106090
20171229       1000     107089      10075
20180131      29384     136474
20180228     -17281     119193
20180329      -3588     115606
20180430        -38     115568
20180531      -5910     109659
20180629       9767     119426
20180731       -794     118632
20180831       3419     122051
20180928       1610     123660
20181031      -4777     118884
20181130      -4471     114413
20181231       -127     114286       7196
20190131       -894     113392
20190228      -2456     110936
20190329       8209     119145
20190430        -34     119111
20190531       8691     127802
20190628        964     128766
20190731       -892     127874
20190830      17748     145622
20190930     -10743     134879
20191031      -9763     125116
20191129       2675     127791
20191231       5817     133608      19322
20200131      -5426     128181
20200228       2252     130433
20200331        153     130586
20200430        938     131524
20200529       2916     134439
20200630      -3355     131084
20200731       1762     132847
20200831       -995     131851
20200930       1231     133083
20201030       5321     138404
20201130       2150     140554
20201231      15847     156401      22793
20210129       5166     161567
20210226       7079     168646
20210331       7977     176623
20210430       9230     185852
20210528      -5302     180550
20210630      -4853     175697
20210730      -4498     171199
20210831      -1820     169379
20210930      -2197     167181
20211029        842     168024
20211130       1778     169802
20211231        428     170230      13829
20220131        435     170665
20220228        592     171257
20220331      15776     187033
20220429          0     187033
20220531          0     187033
20220630          0     187033
20220729          0     187033
20220831          0     187033
20220930          0     187033
20221031          0     187033
20221130          0     187033
20221230          0     187033      16803
20230131          0     187033
20230228          0     187033
20230331          0     187033
20230428          0     187033
20230531          0     187033
20230630          0     187033
20230731          0     187033
20230831          0     187033
20230929          0     187033
20231031          0     187033
20231130          0     187033
20231229          0     187033          0
20240131          0     187033
20240229          0     187033
20240328          0     187033
20240430          0     187033
20240503          0     187033          0
Average Monthly Return:     1081 StdDev:  6826  Sharpe: 0.16
Average  Yearly Return:    12468 StdDev: 19657  Sharpe: 0.63
