-----------------------------------------
Sys Name : TF-BollOnOpen_1R
Mkt Symb : CL Mkt Name : Crude
Profit/Loss : 21960.0
Num Trades : 38
Percent Wins : 0.342
Avg Win  : 10739.23
Avg Loss : -4708.0
Avg Trade: 577.89
Max DrawDown: 45050.0
Avg DrawDown: 18897.5
AVG Monthly Return: 149.38776
Monthly StdDev: 5385.90108
-----------------------------------------
20100129          0          0
20100226      -6340      -6340
20100331          0      -6340
20100430      -2020      -8360
20100528      -5120     -13480
20100630       -580     -14060
20100730      -2950     -17010
20100831      -2510     -19520
20100930          0     -19520
20101029          0     -19520
20101130      -3090     -22610
20101231       6570     -16040     -16040
20110131      -6170     -22210
20110228      -2000     -24210
20110331       8970     -15240
20110429       6650      -8590
20110531     -14180     -22770
20110630      -2250     -25020
20110729         40     -24980
20110831       7020     -17960
20110930       9830      -8130
20111031     -12350     -20480
20111130      -1380     -21860
20111230      -1750     -23610      -7570
20120131       -520     -24130
20120229      -1110     -25240
20120330      -4570     -29810
20120430      -1600     -31410
20120531      11170     -20240
20120629       1900     -18340
20120731      -2800     -21140
20120831      -4040     -25180
20120928          0     -25180
20121031       -590     -25770
20121130      -2240     -28010
20121231      -1670     -29680      -6070
20130131        730     -28950
20130228      -5990     -34940
20130329        -50     -34990
20130430      -5750     -40740
20130531      -2170     -42910
20130628          0     -42910
20130731       5550     -37360
20130830       2760     -34600
20130930      -4440     -39040
20131031       1740     -37300
20131129       4310     -32990
20131231      -7190     -40180     -10500
20140131          0     -40180
20140228         20     -40160
20140331       -190     -40350
20140430       -910     -41260
20140530       3340     -37920
20140630       3150     -34770
20140731      -4590     -39360
20140829      -2490     -41850
20140930       3580     -38270
20141031       9870     -28400
20141128      14410     -13990
20141231      13210       -780      39400
20150130       5510       4730
20150227       -840       3890
20150331       4150       8040
20150430      -5630       2410
20150529       -450       1960
20150630      -1240        720
20150731        570       1290
20150831      -1540       -250
20150930       4410       4160
20151030      -4650       -490
20151130        320       -170
20151231       5840       5670       6450
20160129       4390      10060
20160229       2030      12090
20160331      -4470       7620
20160429        620       8240
20160531       2500      10740
20160630      -1300       9440
20160729      -3720       5720
20160831      -6670       -950
20160930          0       -950
20161031          0       -950
20161130          0       -950
20161230          0       -950      -6620
20170131          0       -950
20170228          0       -950
20170331      -1660      -2610
20170428      -2580      -5190
20170531        140      -5050
20170630       2500      -2550
20170731      -2500      -5050
20170831          0      -5050
20170929       -450      -5500
20171031       2480      -3020
20171130       2830       -190
20171229       2980       2790       3740
20180131       4360       7150
20180228      -2920       4230
20180329      -1570       2660
20180430       1400       4060
20180531      -1610       2450
20180629       -460       1990
20180731      -6140      -4150
20180831          0      -4150
20180928          0      -4150
20181031      -4580      -8730
20181130      12250       3520
20181231       5790       9310       6520
20190131      -8140       1170
20190228      -2330      -1160
20190329          0      -1160
20190430       1160         -0
20190531      -6240      -6240
20190628      -5340     -11580
20190731      -2020     -13600
20190830          0     -13600
20190930      -5860     -19460
20191031          0     -19460
20191129          0     -19460
20191231        570     -18890     -28200
20200131      -4380     -23270
20200228       6520     -16750
20200331      24660       7910
20200430       7300      15210
20200529     -16330      -1120
20200630      -1420      -2540
20200731          0      -2540
20200831          0      -2540
20200930          0      -2540
20201030      -2760      -5300
20201130      -6610     -11910
20201231       2970      -8940       9950
20210129       3630      -5310
20210226       9280       3970
20210331      -2370       1600
20210430       4370       5970
20210528       2730       8700
20210630       7410      16110
20210730        750      16860
20210831      -7520       9340
20210930       -400       8940
20211029       9090      18030
20211130     -14450       3580
20211231          0       3580      12520
20220131       3090       6670
20220228       9400      16070
20220331       5890      21960      18380
-----------------------------------------
-----------------------------------------
Sys Name : TF-BollOnOpen_1R
Mkt Symb : NG Mkt Name : Nat.Gas
Profit/Loss : -3110.0
Num Trades : 38
Percent Wins : 0.342
Avg Win  : 6934.62
Avg Loss : -3732.4
Avg Trade: -81.84
Max DrawDown: 30560.0
Avg DrawDown: 12244.17
AVG Monthly Return: -21.15646
Monthly StdDev: 3509.1129
-----------------------------------------
20100129          0          0
20100226          0          0
20100331       2700       2700
20100430        380       3080
20100528      -3630       -550
20100630      -9440      -9990
20100730      -2220     -12210
20100831       1030     -11180
20100930        720     -10460
20101029       1830      -8630
20101130        190      -8440
20101231      -3250     -11690     -11690
20110131      -2860     -14550
20110228      -2420     -16970
20110331      -3180     -20150
20110429          0     -20150
20110531          0     -20150
20110630      -4650     -24800
20110729          0     -24800
20110831      -1330     -26130
20110930       4510     -21620
20111031       -740     -22360
20111130       5260     -17100
20111230       5990     -11110        580
20120131       5260      -5850
20120229        270      -5580
20120330       5830        250
20120430       -710       -460
20120531      -3450      -3910
20120629          0      -3910
20120731       2970       -940
20120831      -5120      -6060
20120928          0      -6060
20121031      -1380      -7440
20121130      -1430      -8870
20121231          0      -8870       2240
20130131       -890      -9760
20130228       -890     -10650
20130329       -720     -11370
20130430       2820      -8550
20130531      -4060     -12610
20130628      -1310     -13920
20130731       1220     -12700
20130830       -950     -13650
20130930      -1650     -15300
20131031          0     -15300
20131129      -2650     -17950
20131231        330     -17620      -8750
20140131       8860      -8760
20140228       4910      -3850
20140331      -2410      -6260
20140430       4260      -2000
20140530      -3860      -5860
20140630          0      -5860
20140731       3930      -1930
20140829      -1820      -3750
20140930        -20      -3770
20141031       3240       -530
20141128      -9960     -10490
20141231       9350      -1140      16480
20150130       1670        530
20150227       -290        240
20150331       1180       1420
20150430       -720        700
20150529       -620         80
20150630          0         80
20150731          0         80
20150831          0         80
20150930       1440       1520
20151030       4930       6450
20151130       2070       8520
20151231       -520       8000       9140
20160129        360       8360
20160229       6340      14700
20160331      -1720      12980
20160429      -1350      11630
20160531          0      11630
20160630       4480      16110
20160729       -130      15980
20160831       -280      15700
20160930       -390      15310
20161031       -800      14510
20161130      -3870      10640
20161230          0      10640       2640
20170131          0      10640
20170228       -810       9830
20170331      -3390       6440
20170428      -1220       5220
20170531          0       5220
20170630        380       5600
20170731       2240       7840
20170831      -2130       5710
20170929        220       5930
20171031       1240       7170
20171130      -2720       4450
20171229        630       5080      -5560
20180131      -3060       2020
20180228      -4160      -2140
20180329          0      -2140
20180430          0      -2140
20180531          0      -2140
20180629       -270      -2410
20180731       -920      -3330
20180831          0      -3330
20180928       -250      -3580
20181031       1920      -1660
20181130      13040      11380
20181231     -10890        490      -4590
20190131          0        490
20190228          0        490
20190329          0        490
20190430          0        490
20190531          0        490
20190628       1190       1680
20190731        570       2250
20190830       -480       1770
20190930      -4520      -2750
20191031        -50      -2800
20191129      -3170      -5970
20191231        790      -5180      -5670
20200131       3250      -1930
20200228       1690       -240
20200331       1200        960
20200430      -2750      -1790
20200529       -640      -2430
20200630       1520       -910
20200731        110       -800
20200831      -1680      -2480
20200930      -5930      -8410
20201030          0      -8410
20201130      -1630     -10040
20201231       3230      -6810      -1630
20210129       -150      -6960
20210226      -2700      -9660
20210331          0      -9660
20210430          0      -9660
20210528          0      -9660
20210630       3160      -6500
20210730       2820      -3680
20210831       4430        750
20210930      14230      14980
20211029      -6220       8760
20211130      -4520       4240
20211231      -1510       2730       9540
20220131     -10660      -7930
20220228          0      -7930
20220331       4820      -3110      -5840
-----------------------------------------
-----------------------------------------
Sys Name : TF-BollOnOpen_1R
Mkt Symb : HO Mkt Name : H.Oil
Profit/Loss : 22212.2
Num Trades : 39
Percent Wins : 0.256
Avg Win  : 19453.96
Avg Loss : -5944.05
Avg Trade: 569.54
Max DrawDown: 96564.6
Avg DrawDown: 24734.45
AVG Monthly Return: 151.1034
Monthly StdDev: 6257.53936
-----------------------------------------
20100129          0          0
20100226      -6497      -6497
20100331          0      -6497
20100430        907      -5590
20100528     -13196     -18786
20100630      -6077     -24863
20100730          0     -24863
20100831          0     -24863
20100930          0     -24863
20101029      -1995     -26858
20101130       2957     -23901
20101231       8635     -15266     -15266
20110131       8291      -6975
20110228       7673        698
20110331       6628       7326
20110429       6241      13567
20110531     -16384      -2817
20110630      -4078      -6895
20110729      -6589     -13484
20110831      -7644     -21128
20110930       1138     -19990
20111031     -12196     -32186
20111130          0     -32186
20111230      -5074     -37260     -21994
20120131      -5426     -42686
20120229       1008     -41678
20120330      -2104     -43782
20120430      -3175     -46957
20120531      11978     -34978
20120629       -428     -35407
20120731      -9920     -45327
20120831          0     -45327
20120928          0     -45327
20121031          0     -45327
20121130          0     -45327
20121231      -5766     -51093     -13833
20130131          0     -51093
20130228      -6909     -58001
20130329          0     -58001
20130430       1714     -56288
20130531       2247     -54041
20130628      -6631     -60672
20130731        239     -60433
20130830       3301     -57132
20130930      -5859     -62990
20131031      -2272     -65262
20131129      -2721     -67984
20131231          0     -67984     -16891
20140131       -622     -68605
20140228       4578     -64027
20140331      -3431     -67459
20140430        239     -67219
20140530       -961     -68181
20140630      -8954     -77135
20140731      -1276     -78411
20140829      -1886     -80297
20140930       8883     -71414
20141031       5380     -66034
20141128      11857     -54177
20141231      12604     -41573      26411
20150130       4633     -36940
20150227     -12343     -49284
20150331          0     -49284
20150430          0     -49284
20150529          0     -49284
20150630          0     -49284
20150731       3994     -45289
20150831      -4003     -49292
20150930       7909     -41383
20151030       1714     -39670
20151130       7846     -31824
20151231      10899     -20925      20648
20160129       2394     -18531
20160229         -8     -18540
20160331      -5506     -24045
20160429       2134     -21912
20160531       4351     -17561
20160630       -895     -18455
20160729      -4578     -23033
20160831          0     -23033
20160930          0     -23033
20161031          0     -23033
20161130          0     -23033
20161230       2281     -20752        173
20170131      -5346     -26098
20170228          0     -26098
20170331      -2503     -28602
20170428      -3250     -31852
20170531      -4271     -36123
20170630      -2129     -38252
20170731      -1541     -39793
20170831          0     -39793
20170929       2810     -36984
20171031       3007     -33976
20171130        605     -33372
20171229       7182     -26190      -5437
20180131        286     -25904
20180228      -5724     -31628
20180329          0     -31628
20180430          0     -31628
20180531       1575     -30053
20180629      -5699     -35752
20180731          0     -35752
20180831          0     -35752
20180928       2188     -33564
20181031      -4095     -37659
20181130       7506     -30153
20181231       6065     -24088       2101
20190131      -8446     -32535
20190228      -4141     -36675
20190329          0     -36675
20190430          0     -36675
20190531          0     -36675
20190628      -3898     -40573
20190731      -2221     -42794
20190830      -2281     -45075
20190930     -11041     -56116
20191031      -1066     -57183
20191129          0     -57183
20191231       -231     -57414     -33325
20200131       4423     -52991
20200228       6229     -46762
20200331      19992     -26770
20200430      10987     -15783
20200529      -6989     -22772
20200630      -5422     -28194
20200731          0     -28194
20200831          0     -28194
20200930          0     -28194
20201030         -4     -28198
20201130      -5157     -33355
20201231       4696     -28659      28754
20210129       4805     -23855
20210226      10576     -13279
20210331      -3137     -16416
20210430       6350     -10066
20210528       4931      -5135
20210630       3688      -1448
20210730      -6060      -7508
20210831      -9248     -16756
20210930       4011     -12745
20211029       6258      -6487
20211130     -16195     -22682
20211231          0     -22682       5978
20220131       2423     -20258
20220228      10559      -9699
20220331      31912      22212      44894
-----------------------------------------
