EC,JY,BP,TY,FV,US,ES,NQ,EM,CL,NG,HO,GC,HG,SI,C_,S_,W_,SB,KC,CT,
20000131,1568.75,0,0,875.0,1000.0,-1957.35,-3050.0,-6100.0,0,-130.0,-3050.0,4952.2,0,-18037.5,0,400.0,-21.0,0,67.2,0,1375.0,
20000229,-2131.25,2831.25,706.25,-1064.55,765.62,-1957.35,-4325.0,-6100.0,0,2660.0,-3050.0,4952.2,-5170.0,-18037.5,-63900.0,600.0,-129.0,-850.0,548.8,0,1710.0,
20000331,-1318.75,-2993.75,-206.25,-1033.23,-95.62,-1271.45,-8050.0,-1145.0,0,4950.0,-2240.0,4952.2,-5560.0,-18037.5,-41950.0,1200.0,-134.5,-850.0,-83.6,0,1515.0,
20000428,1893.75,-2993.75,-1131.25,-2158.23,-1397.01,-2396.45,-12150.0,-7255.0,0,2970.0,-280.0,4952.2,-5560.0,5662.5,-69525.0,1000.0,-147.5,-1300.0,431.6,-3068.75,575.0,
20000531,1893.75,-2993.75,1912.5,-2974.15,-1397.01,-4226.45,-12150.0,-19490.0,0,1890.0,1900.0,4952.2,-5560.0,5662.5,-69525.0,837.5,-250.0,-1400.0,1450.8,-3068.75,575.0,
20000630,1893.75,-5356.25,637.5,-2974.15,-1397.01,-4226.45,-12150.0,-19490.0,0,1890.0,1900.0,5179.0,-5560.0,5662.5,-82025.0,1712.5,-250.0,-2025.0,2492.4,-1343.75,-2390.0,
20000731,1893.75,-6043.75,1750.0,-2974.15,-1397.01,-4226.45,-12150.0,-19490.0,0,1890.0,1900.0,1899.2,-5560.0,-1837.5,-82025.0,2487.5,-250.0,-2212.5,4895.2,-7837.5,-2960.0,
20000831,1468.75,-6043.75,2462.5,-2974.15,-1397.01,-4226.45,-12150.0,-19490.0,0,1460.0,1900.0,6851.4,-5560.0,-49875.0,-96525.0,1675.0,-250.0,-3162.5,4895.2,-7593.75,-1250.0,
20000929,-1162.5,-6043.75,5818.75,-3817.8,-1397.01,-4226.45,-15862.5,-19490.0,0,-310.0,6860.0,6851.4,-5560.0,-46737.5,-96525.0,1512.5,-250.0,-3162.5,4895.2,-8831.25,-2660.0,
20001031,-2606.25,-6043.75,5818.75,-3333.42,-1628.87,-5476.6,-10250.0,-14540.0,0,-3370.0,6860.0,6851.4,-5170.0,-46737.5,-84650.0,1487.5,-243.5,-4550.0,4895.2,-9481.25,-2690.0,
20001130,-4218.75,-4956.25,5818.75,-2743.3,-206.99,-4714.1,-10250.0,-14540.0,0,-3370.0,11820.0,3798.4,-5860.0,-61787.5,-84650.0,2212.5,-364.0,-4550.0,3859.6,-9275.0,-2950.0,
20001229,581.25,-1731.25,6537.5,-915.17,1246.13,-2745.35,-10250.0,-14540.0,0,60.0,11820.0,3899.2,-5980.0,-61787.5,-84650.0,2775.0,-425.0,-4462.5,3859.6,-6968.75,-4775.0,
20010131,737.5,-1093.75,4050.0,-555.8,1777.38,-1169.95,-10250.0,-14540.0,0,-4560.0,11820.0,8750.6,-5980.0,-109125.0,-84650.0,1800.0,-425.0,-5025.0,3859.6,-6293.75,-4850.0,
20010228,737.5,-1093.75,4050.0,162.95,2746.13,-1169.95,-8150.0,-14540.0,0,-4560.0,11820.0,8750.6,-6810.0,-141137.5,-85925.0,1800.0,-406.5,-5025.0,3926.8,-7100.0,-795.0,
20010330,737.5,-1093.75,4081.25,830.65,3552.99,-3564.25,-5300.0,-14540.0,0,-4560.0,11820.0,8750.6,-6810.0,-115412.5,-85925.0,1775.0,-402.5,-4937.5,5315.6,-7637.5,175.0,
20010430,-5937.5,-1093.75,3256.25,1096.2,3552.99,-1500.9,-5300.0,-14540.0,0,-4560.0,11820.0,8750.6,-6810.0,-115412.5,-85925.0,1562.5,-500.0,-5837.5,3529.6,-9243.75,175.0,
20010531,-3443.75,-1093.75,4081.25,389.35,3084.24,-594.65,-5300.0,-14540.0,0,-4560.0,13300.0,8750.6,-7350.0,-115412.5,-125275.0,2300.0,-500.0,-5837.5,3529.6,-9243.75,175.0,
20010629,-3731.25,-1093.75,4481.25,-1612.55,1796.21,-3489.05,-5300.0,-14540.0,0,-4800.0,12950.0,6109.2,-7350.0,-111025.0,-125275.0,1762.5,-500.0,-6137.5,3529.6,-10631.25,175.0,
20010731,-6668.75,-3231.25,3893.75,-1549.97,1758.4,-3396.8,-5300.0,-14540.0,0,-7020.0,13710.0,5655.6,-7350.0,-111025.0,-162900.0,1850.0,-374.5,-6625.0,3776.0,-8175.0,175.0,
20010831,-5862.5,-2568.75,4375.0,-1159.35,2274.03,-2115.55,-3250.0,-12185.0,0,-8390.0,13710.0,3694.6,-7850.0,-111025.0,-187400.0,2525.0,-484.0,-7175.0,3798.4,-9075.0,175.0,
20010928,-6025.0,-6012.5,8850.0,1121.9,4524.03,-4695.55,-350.0,-9590.0,0,-10240.0,13710.0,15.8,-8870.0,-111025.0,-233075.0,1637.5,-550.0,-8212.5,5232.0,-6806.25,1690.0,
20011031,-8150.0,-8112.5,8850.0,3353.05,6195.9,-946.65,-350.0,-9590.0,0,-7990.0,13710.0,2514.8,-10550.0,-111025.0,-233075.0,1450.0,-550.0,-8100.0,5108.8,-5156.25,4180.0,
20011130,-8150.0,-8112.5,8181.25,3353.05,3502.0,254.45,-350.0,-9590.0,0,-5750.0,13710.0,5593.8,-10550.0,-98625.0,-233075.0,1450.0,-550.0,-8962.5,4297.2,-7137.5,955.0,
20011231,-9875.0,-3156.25,6775.0,3008.02,2442.41,411.8,-350.0,-9590.0,0,-5750.0,13710.0,5593.8,-10550.0,-98625.0,-233075.0,1450.0,-550.0,-8962.5,4297.2,-7137.5,955.0,
20020131,-9418.75,-3156.25,6825.0,2273.65,2192.41,-900.7,-350.0,-9590.0,0,-5750.0,12280.0,5593.8,-10550.0,-120212.5,-233075.0,1450.0,-550.0,-9487.5,4297.2,-8912.5,955.0,
20020228,-10843.75,-3156.25,5206.25,958.25,1198.98,-2357.35,-1925.0,-9030.0,0,-5750.0,10660.0,5593.8,-9710.0,-114825.0,-233075.0,875.0,-550.0,-9487.5,4801.2,-10425.0,955.0,
20020328,-12443.75,-3156.25,5206.25,1583.13,1795.0,-1825.0,-3175.0,-12645.0,0,-1540.0,15610.0,8672.4,-9050.0,-113062.5,-233075.0,875.0,-564.5,-9487.5,4532.4,-8025.0,300.0,
20020430,-11975.0,-2881.25,5618.75,-1012.15,-123.95,-5188.25,-3087.5,-11345.0,9640.0,-790.0,15610.0,11129.8,-8500.0,-113062.5,-241700.0,812.5,-571.5,-9725.0,5170.8,-10606.25,-1640.0,
20020531,-7487.5,268.75,5706.25,-1012.15,-123.95,-5188.25,-2600.0,-9935.0,9640.0,-790.0,15610.0,11129.8,-6670.0,-119012.5,-222600.0,50.0,-453.0,-10287.5,4381.6,-10606.25,-2930.0,
20020628,-7487.5,1800.0,10162.5,-1292.57,-377.23,-6469.6,1775.0,-7695.0,9640.0,-790.0,15610.0,11129.8,-8030.0,-102187.5,-222600.0,400.0,-470.0,-9850.0,3950.8,-10606.25,1415.0,
20020731,-7487.5,1800.0,10162.5,2082.43,2529.02,-3313.35,1775.0,-7695.0,9640.0,-790.0,15520.0,9383.0,-8100.0,-97237.5,-222600.0,1112.5,-375.5,-8800.0,2406.0,-10606.25,895.0,
20020830,-7487.5,1800.0,10162.5,3937.85,3372.77,-206.95,1775.0,-7695.0,9640.0,-490.0,12840.0,11508.2,-8100.0,-97237.5,-243225.0,2150.0,-355.0,-7000.0,1672.8,-10512.5,-115.0,
20020930,-7487.5,1800.0,10162.5,3937.85,4833.23,-206.95,1775.0,-7695.0,9640.0,980.0,18390.0,13364.6,-8480.0,-97237.5,-243225.0,1325.0,-396.0,-6062.5,1773.6,-10025.0,-1255.0,
20021031,-7487.5,318.75,10162.5,3937.85,4833.23,-206.95,1775.0,-7695.0,9640.0,-1090.0,18390.0,10559.4,-9400.0,-97237.5,-243225.0,1275.0,-445.5,-6062.5,2804.0,-5650.0,-1255.0,
20021129,-8487.5,-1256.25,8406.25,3609.72,4520.73,-206.95,1775.0,-6430.0,9640.0,-2120.0,18390.0,10559.4,-9400.0,-107125.0,-243225.0,1275.0,-399.0,-6062.5,2860.0,-5650.0,-545.0,
20021231,-2531.25,-1268.75,9350.0,1107.5,2507.27,-3288.25,1775.0,-9030.0,9640.0,-4000.0,18390.0,12004.2,-7270.0,-107125.0,-285325.0,1275.0,-537.5,-5037.5,3084.0,-5650.0,-55.0,
20030131,-2531.25,-2456.25,11837.5,1107.5,2507.27,-3288.25,1775.0,-8730.0,9640.0,-1690.0,18390.0,15511.6,-5180.0,-108237.5,-306025.0,825.0,-537.5,-4812.5,4237.6,-5650.0,545.0,
20030228,-2531.25,-4837.5,8450.0,936.5,2124.21,-2382.9,1812.5,-8730.0,10790.0,1380.0,18390.0,15511.6,-4450.0,-111300.0,-306025.0,462.5,-596.0,-4300.0,4024.8,-5650.0,3510.0,
20030331,-2531.25,-6350.0,6893.75,-472.9,938.5,-5213.05,62.5,-8730.0,10790.0,1380.0,18390.0,15511.6,-4450.0,-111300.0,-301650.0,-225.0,-662.5,-3125.0,3347.6,-5706.25,3695.0,
20030430,-1212.5,-6350.0,5675.0,-472.9,938.5,-5213.05,62.5,-8625.0,10790.0,2100.0,18390.0,15511.6,-6330.0,-111300.0,-301650.0,-700.0,-677.5,-2925.0,3347.6,-6806.25,3695.0,
20030530,2425.0,-8212.5,5200.0,1605.8,2245.33,-263.05,1487.5,-6805.0,-20920.0,-1670.0,18390.0,15511.6,-7030.0,-111300.0,-301650.0,-687.5,-671.5,-4887.5,3134.8,-9500.0,3495.0,
20030630,2425.0,-8212.5,5775.0,605.8,1682.83,-263.05,1987.5,-6695.0,-15120.0,-1670.0,18390.0,15511.6,-7030.0,-111300.0,-301650.0,-900.0,-737.5,-5937.5,4098.0,-9500.0,915.0,
20030731,2425.0,-8212.5,3493.75,1210.9,1544.38,2644.05,2787.5,-5205.0,-15120.0,-1670.0,18370.0,12811.4,-7030.0,-104287.5,-250900.0,-12.5,-666.5,-5800.0,3208.0,-9500.0,-635.0,
20030829,3268.75,-8212.5,3262.5,2117.15,3013.13,2269.05,1212.5,-3945.0,-15120.0,-1670.0,15330.0,13021.4,-6670.0,-104287.5,-250900.0,-1237.5,-742.5,-4175.0,3208.0,-9500.0,-1850.0,
20030930,-631.25,-3256.25,587.5,-2229.7,-199.05,-3125.25,-325.0,-3775.0,-15120.0,-2530.0,15330.0,8486.2,-5740.0,-104287.5,-250900.0,-1237.5,-769.5,-6350.0,2838.4,-11425.0,-220.0,
20031031,-6743.75,-3256.25,1181.25,-2229.7,-199.05,-3125.25,500.0,-3775.0,-22070.0,-3580.0,12280.0,5933.0,-5890.0,-104287.5,-250900.0,-987.5,-698.0,-7075.0,3409.6,-11425.0,3105.0,
20031128,-6200.0,-3256.25,3112.5,-2229.7,-199.05,-6206.55,912.5,-3775.0,-22070.0,-6510.0,12280.0,2880.0,-4550.0,-104287.5,-270375.0,-912.5,-637.0,-5212.5,2911.6,-11425.0,3105.0,
20031231,-1787.5,-3256.25,5543.75,-2229.7,-1744.64,-6206.55,3550.0,-3690.0,-22070.0,-7290.0,17240.0,3291.6,-2740.0,-104287.5,-263275.0,-1950.0,-610.5,-7125.0,2312.8,-11425.0,3105.0,
20040130,-1787.5,-3256.25,5543.75,-3983.3,-3162.58,-6645.3,4637.5,-3210.0,-22070.0,-6760.0,17240.0,7832.2,-2080.0,-104287.5,-263275.0,-1187.5,-539.0,-7125.0,2100.0,-9006.25,3105.0,
20040227,-1787.5,-3256.25,5543.75,-5013.1,-4259.1,-5551.55,4637.5,-3990.0,-22070.0,-3650.0,17240.0,7832.2,-2080.0,-104287.5,-263275.0,150.0,-301.0,-7125.0,1870.8,-8537.5,50.0,
20040331,-4843.75,-6556.25,5543.75,-6187.05,-4629.16,-3926.55,4637.5,-5330.0,-22070.0,-1560.0,17240.0,7832.2,-1860.0,-104287.5,-263275.0,1000.0,-391.0,-8475.0,980.8,-10743.75,1500.0,
20040430,-3893.75,-9306.25,4831.25,-6770.5,-3537.93,-5070.2,4637.5,-5880.0,-22070.0,-1560.0,17240.0,4779.2,-3650.0,-104287.5,-263275.0,1012.5,-502.5,-9512.5,835.2,-10743.75,2870.0,
20040528,-6812.5,-10662.5,2487.5,-4645.5,-1772.31,-1089.05,3625.0,-7350.0,-17110.0,-360.0,18520.0,4346.6,-4390.0,-104287.5,-263275.0,-112.5,-442.5,-9725.0,958.4,-7818.75,-470.0,
20040630,-6812.5,-12056.25,2487.5,-5598.63,-2287.93,-1089.05,3362.5,-7315.0,-17110.0,-2770.0,14190.0,2003.4,-4720.0,-217662.5,-263275.0,875.0,-399.5,-10750.0,1664.0,-11975.0,4615.0,
20040730,-9862.5,-12056.25,-568.75,-7334.5,-3426.14,-1089.05,2637.5,-9205.0,-27710.0,-1670.0,14190.0,6136.2,-4720.0,-217662.5,-263275.0,3137.5,-122.5,-9087.5,2324.8,-11975.0,4615.0,
20040831,-9862.5,-12056.25,-568.75,-7146.8,-3768.63,378.35,2287.5,-8555.0,-19070.0,2340.0,18150.0,6955.6,-4590.0,-220725.0,-322400.0,2112.5,-314.0,-9612.5,2000.0,-11975.0,4615.0,
20040930,-9912.5,-12056.25,-2331.25,-6834.3,-3690.51,1284.6,2287.5,-9525.0,-19070.0,2340.0,17700.0,6955.6,-3790.0,-166937.5,-322400.0,3725.0,-77.0,-10325.0,1658.8,-12556.25,4615.0,
20041029,-4906.25,-9856.25,-2693.75,-5896.8,-3065.51,2909.6,2287.5,-9440.0,-13200.0,2340.0,18000.0,6955.6,-2890.0,-166937.5,-261800.0,3875.0,-115.0,-10325.0,1143.6,-15025.0,4615.0,
20041130,-4906.25,-7100.0,687.5,-6510.5,-2839.04,266.25,3812.5,-7780.0,-8240.0,2340.0,18000.0,6955.6,-510.0,-199350.0,-261800.0,3812.5,-75.0,-10750.0,1412.4,-10068.75,4615.0,
20041231,-4906.25,-7100.0,2262.5,-8418.9,-3542.16,-2251.65,5800.0,-6670.0,-8240.0,2340.0,18000.0,6955.6,-1990.0,-199350.0,-261800.0,3550.0,-165.0,-11300.0,936.8,-10068.75,4615.0,
20050131,-4906.25,-7100.0,2262.5,-9860.5,-3260.91,-2096.5,3362.5,-8600.0,-8240.0,2340.0,18000.0,6955.6,-2980.0,-199350.0,-261800.0,3512.5,-158.0,-11312.5,903.2,-10068.75,4615.0,
20050228,-4906.25,-7100.0,2262.5,-9313.62,-1589.04,-3802.75,3362.5,-8600.0,-8240.0,2340.0,18000.0,3902.6,-2980.0,-286200.0,-261800.0,3912.5,-242.0,-11525.0,416.4,-10068.75,6110.0,
20050331,-4906.25,-6450.0,2262.5,-8704.25,-1104.66,-5614.35,1225.0,-8600.0,-950.0,7290.0,19670.0,8922.0,-2980.0,-387700.0,-261800.0,3425.0,-264.5,-12237.5,-227.2,-10068.75,6990.0,
20050429,-4906.25,-8450.0,2262.5,-10377.82,-2448.77,-6884.05,937.5,-8240.0,2880.0,7290.0,14890.0,8922.0,-2980.0,-387700.0,-261800.0,3037.5,-276.5,-13175.0,-182.4,-10068.75,9000.0,
20050531,50.0,-8143.75,4243.75,-10377.82,-2448.77,-6884.05,-375.0,-9565.0,2880.0,7290.0,14890.0,8922.0,-2980.0,-334787.5,-261800.0,2912.5,-359.5,-13175.0,-277.2,-10068.75,5855.0,
20050630,50.0,-6456.25,6137.5,-10611.07,-2448.77,-6041.75,-375.0,-10905.0,2880.0,5870.0,11830.0,8216.4,-2980.0,-302337.5,-337675.0,2175.0,-381.5,-13175.0,-142.8,-9112.5,2030.0,
20050729,50.0,-3500.0,7218.75,-12490.22,-2364.59,-9434.85,225.0,-10600.0,-34960.0,9940.0,8780.0,13874.2,-2980.0,-312575.0,-337675.0,2887.5,-355.5,-14112.5,417.2,-5018.75,2030.0,
20050831,50.0,-3500.0,7218.75,-14509.02,-3340.75,-9434.85,-1212.5,-11845.0,-34960.0,12270.0,14130.0,13874.2,-3430.0,-360487.5,-326600.0,2112.5,-447.0,-14325.0,686.0,-5018.75,2030.0,
20050930,50.0,-3500.0,7218.75,-14509.02,-3340.75,-9778.5,-1212.5,-11845.0,-34960.0,12270.0,14130.0,13874.2,-10.0,-389612.5,-276550.0,2112.5,-447.0,-14287.5,1985.2,-5018.75,2030.0,
20051031,50.0,-762.5,7218.75,-13260.15,-2549.04,-7341.0,-1825.0,-11845.0,-32810.0,12270.0,14130.0,13874.2,-550.0,-389612.5,-276550.0,2112.5,-447.0,-15175.0,2097.2,-5018.75,-195.0,
20051130,1262.5,1450.0,6831.25,-13338.27,-2595.92,-7403.5,-2662.5,-10975.0,-27850.0,12480.0,14130.0,11522.2,1990.0,-389612.5,-276550.0,1387.5,-449.0,-16187.5,3329.2,-5018.75,-195.0,
20051230,-1868.75,1450.0,4168.75,-14356.22,-3311.75,-8954.35,-2475.0,-11295.0,-27850.0,9210.0,5520.0,10821.2,1990.0,-389612.5,-276550.0,1162.5,-479.5,-16187.5,4679.2,-5468.75,-195.0,
20060131,-2993.75,1450.0,3456.25,-14356.22,-3311.75,-8954.35,-1037.5,-10085.0,-27850.0,10380.0,10470.0,10821.2,1990.0,-389612.5,-276550.0,1312.5,-559.5,-16187.5,4679.2,-62.5,-195.0,
20060228,-4925.0,1450.0,1737.5,-14669.67,-3010.84,-8954.35,-1087.5,-11185.0,-27850.0,6160.0,10470.0,7768.2,1990.0,-389612.5,-276550.0,2312.5,-536.0,-14762.5,4679.2,-62.5,-195.0,
20060331,-4925.0,1450.0,1737.5,-13154.05,-2260.84,-7202.9,-1637.5,-12350.0,-22900.0,6160.0,10470.0,7293.6,1990.0,-389612.5,-276550.0,2175.0,-595.0,-16675.0,4679.2,-62.5,-195.0,
20060428,-575.0,1981.25,4268.75,-12341.55,-1979.59,-4890.4,-2800.0,-13510.0,-22900.0,11110.0,10470.0,12720.4,1990.0,-389612.5,-276550.0,2825.0,-624.0,-16675.0,4679.2,-62.5,-70.0,
20060531,25.0,6406.25,6693.75,-11685.3,-1432.71,-4004.35,-4425.0,-12235.0,-22900.0,11110.0,7420.0,12720.4,1990.0,-389612.5,-276550.0,2937.5,-652.0,-16237.5,5384.8,331.25,320.0,
20060630,25.0,6406.25,6693.75,-11622.8,-1229.59,-4004.35,-4800.0,-12405.0,-18700.0,11110.0,7420.0,12720.4,1990.0,-389612.5,-276550.0,2250.0,-765.0,-17387.5,4399.2,-475.0,-3125.0,
20060731,25.0,6406.25,6693.75,-12281.43,-1880.52,-4004.35,-5362.5,-10950.0,-12450.0,11110.0,8580.0,12720.4,1990.0,-389612.5,-276550.0,1150.0,-739.0,-17387.5,4080.4,-1537.5,-2850.0,
20060831,25.0,6406.25,6262.5,-11218.43,-1281.1,-1442.65,-5362.5,-12145.0,-12450.0,11110.0,-10380.0,9667.4,1990.0,-389612.5,-276550.0,0.0,-860.0,-17475.0,6835.6,-2943.75,-2950.0,
20060929,25.0,3656.25,3818.75,-10530.93,-874.85,-98.9,-3800.0,-11620.0,-2600.0,16070.0,-5420.0,14619.6,1990.0,-389612.5,-276550.0,-62.5,-897.0,-18287.5,9036.8,-4587.5,-3890.0,
20061031,-1987.5,1937.5,3818.75,-10374.68,-1901.79,151.1,-1912.5,-10190.0,-2600.0,16070.0,-9470.0,14619.6,-1070.0,-389612.5,-276550.0,2850.0,-1056.0,-14162.5,9036.8,-4587.5,-3640.0,
20061130,1856.25,1937.5,6787.5,-9405.93,-1715.18,945.65,-925.0,-9150.0,-2600.0,16070.0,-8460.0,14619.6,-1070.0,-144287.5,-299425.0,4962.5,-916.5,-14162.5,9036.8,368.75,-5150.0,
20061229,2968.75,6.25,6225.0,-10707.42,-2519.21,945.65,-400.0,-9545.0,-2600.0,16070.0,-12530.0,14619.6,-1070.0,-144287.5,-299425.0,4962.5,-912.5,-14162.5,9036.8,368.75,-5125.0,
20070131,2968.75,793.75,6637.5,-10927.02,-2497.4,634.45,-400.0,-9600.0,-2600.0,21020.0,-12530.0,19571.8,-1190.0,-144287.5,-299425.0,4962.5,-930.5,-14162.5,9070.4,368.75,-6220.0,
20070228,2968.75,-850.0,5018.75,-12038.22,-3274.72,-1321.85,-400.0,-10835.0,-2600.0,21020.0,-12530.0,19571.8,270.0,-144287.5,-215125.0,4962.5,-1009.5,-14162.5,8258.8,368.75,-7150.0,
20070330,3318.75,-850.0,5018.75,-12038.22,-3865.7,-1321.85,-2825.0,-12055.0,-8710.0,21130.0,-12530.0,20369.8,-2930.0,-144287.5,-215125.0,4962.5,-923.5,-14150.0,8258.8,462.5,-7150.0,
20070430,6843.75,-850.0,5868.75,-12038.22,-4339.09,-1321.85,-2137.5,-11855.0,-1110.0,17970.0,-12530.0,16518.8,-4090.0,16412.5,-215125.0,4412.5,-859.0,-16137.5,8975.6,1625.0,-5715.0,
20070531,4181.25,-850.0,3887.5,-11804.82,-4288.18,-977.35,87.5,-10795.0,-1110.0,17970.0,-18630.0,16518.8,-5850.0,16412.5,-215125.0,3050.0,-762.0,-17112.5,8706.8,-581.25,-6610.0,
20070629,3543.75,-1293.75,3887.5,-11132.95,-3928.8,397.65,-787.5,-10320.0,-1110.0,20780.0,-19850.0,18060.2,-5850.0,16412.5,9700.0,3137.5,-702.0,-12450.0,8309.6,-581.25,-3180.0,
20070731,3600.0,-2900.0,5037.5,-12057.02,-4568.65,-996.25,-1375.0,-10525.0,-1110.0,22930.0,-16730.0,21471.0,-5850.0,16412.5,9700.0,3850.0,-646.0,-12450.0,8444.0,-581.25,-2000.0,
20070831,2162.5,2056.25,3118.75,-12041.35,-4203.1,-996.25,-2112.5,-13000.0,11040.0,22930.0,-14530.0,21471.0,-5850.0,216125.0,18550.0,3137.5,-822.5,-12450.0,7307.6,-4625.0,-2000.0,
20070928,6906.25,2056.25,3118.75,-11806.97,-3874.98,-1934.2,-3350.0,-12040.0,11040.0,25500.0,-19780.0,26423.2,-900.0,216125.0,14425.0,2487.5,-747.5,-12450.0,7307.6,2150.0,-2000.0,
20071031,7118.75,2056.25,4068.75,-11072.6,-3562.48,-684.2,-3350.0,-9270.0,15990.0,27890.0,-17880.0,26423.2,-900.0,177700.0,-271875.0,2312.5,-632.0,-12450.0,6814.8,2150.0,-2000.0,
20071130,7118.75,2056.25,2650.0,-7107.02,-796.85,3985.05,-6412.5,-13175.0,6670.0,27890.0,-17880.0,26423.2,-900.0,275737.5,-660075.0,3612.5,-442.5,-12450.0,6540.8,2150.0,-2000.0,
20071231,7118.75,2056.25,1975.0,-7107.02,-624.98,3985.05,-6412.5,-13175.0,6670.0,27890.0,-17880.0,26423.2,-900.0,275737.5,-660075.0,6312.5,-266.0,-15500.0,7078.4,2150.0,-1710.0,
20080131,7118.75,4806.25,1581.25,-7107.02,381.35,4421.15,-1462.5,-8225.0,18660.0,27890.0,-20940.0,26423.2,-900.0,275737.5,-567100.0,7450.0,-61.5,-15500.0,8803.2,2150.0,-1820.0,
20080229,10293.75,7012.5,1487.5,-7107.02,381.35,1653.35,-1462.5,-8225.0,18660.0,30590.0,-15980.0,31375.4,-900.0,323175.0,-567100.0,7450.0,693.5,-8775.0,11497.2,7106.25,2955.0,
20080331,12075.0,7012.5,725.0,-7107.02,381.35,1653.35,-1462.5,-8225.0,18660.0,32850.0,-15980.0,31375.4,-900.0,323175.0,-567100.0,7450.0,-72.5,-8775.0,11497.2,7106.25,2955.0,
20080430,12075.0,7012.5,725.0,-7107.02,-344.46,420.02,-1462.5,-8225.0,2680.0,32850.0,-15980.0,31375.4,-900.0,323175.0,-567100.0,7450.0,-72.5,-8775.0,10074.8,7106.25,2955.0,
20080530,12075.0,7012.5,-1737.5,-4842.47,1702.42,3810.65,-2400.0,-6760.0,-8130.0,32850.0,-15980.0,31375.4,-3960.0,323175.0,-567100.0,7450.0,-72.5,-8775.0,12079.6,7106.25,2955.0,
20080630,12075.0,3956.25,-4081.25,-6358.1,1085.23,1716.9,-3875.0,-9550.0,-3180.0,32850.0,-15980.0,31375.4,-3960.0,18337.5,-567100.0,7450.0,-169.0,-8775.0,10125.6,7125.0,1405.0,
20080731,9025.0,3956.25,-5743.75,-7938.62,-178.61,822.45,-3175.0,-9550.0,-3180.0,32850.0,-14670.0,31375.4,-7010.0,5512.5,-782950.0,7450.0,-472.5,-8775.0,10618.4,4056.25,-100.0,
20080829,13981.25,3450.0,-793.75,-9454.22,-178.61,-146.75,-3950.0,-9550.0,-3180.0,32850.0,-17150.0,28322.4,-2060.0,101425.0,-466725.0,4387.5,-343.5,-11825.0,9308.0,2218.75,-100.0,
20080930,13981.25,-3287.5,-793.75,-10255.42,-1102.25,5803.75,1637.5,-4600.0,-6230.0,37810.0,-17150.0,26908.2,-2060.0,101425.0,-466725.0,4387.5,116.0,-9737.5,8731.6,1006.25,2480.0,
20081031,13981.25,3037.5,-793.75,-13196.22,-2554.21,-327.55,5687.5,-4600.0,-2460.0,37810.0,-17150.0,26908.2,2890.0,101425.0,-466725.0,5975.0,660.0,-6875.0,7701.2,5962.5,4855.0,
20081128,13981.25,3037.5,-793.75,-10617.47,898.92,4653.75,5687.5,-4600.0,-2460.0,37810.0,-17150.0,26908.2,2890.0,101425.0,-466725.0,7762.5,695.0,-6875.0,6990.4,5962.5,4855.0,
20081231,13981.25,3037.5,-793.75,-8230.62,3396.55,4653.75,5687.5,-4600.0,-2460.0,37810.0,-17150.0,26908.2,2890.0,101425.0,-466725.0,9337.5,660.0,-6875.0,6990.4,5962.5,4855.0,
20090130,13981.25,3037.5,-793.75,-8230.62,3396.55,4653.75,5687.5,-4600.0,-2460.0,37810.0,-17150.0,26908.2,3260.0,101425.0,-444375.0,9337.5,490.0,-6875.0,6676.8,4706.25,4855.0,
20090227,13981.25,3037.5,-793.75,-8230.62,3396.55,4653.75,5687.5,-4600.0,-2460.0,37810.0,-17150.0,26908.2,4800.0,101425.0,-378025.0,9337.5,490.0,-6875.0,7864.0,-137.5,4855.0,
20090331,13981.25,-12.5,-793.75,-8230.62,1274.72,4653.75,5687.5,-6435.0,-2460.0,34750.0,-17150.0,26908.2,4800.0,146887.5,-378025.0,9337.5,490.0,-6875.0,6676.8,-3206.25,4855.0,
20090430,13981.25,-3068.75,-793.75,-8230.62,1274.72,3905.05,5687.5,-4420.0,-2460.0,31690.0,-17150.0,26908.2,4800.0,146887.5,-378025.0,9337.5,490.5,-6875.0,6996.4,-3206.25,5760.0,
20090529,18937.5,-3068.75,4162.5,-5513.02,2193.83,9603.75,5575.0,-3580.0,-2460.0,36640.0,-17150.0,30957.0,4870.0,146887.5,-231175.0,10412.5,617.5,-4375.0,8362.8,1750.0,7070.0,
20090630,18937.5,-3068.75,4162.5,-3280.62,2943.83,9603.75,5450.0,-2765.0,-2460.0,36640.0,-17150.0,31860.4,1750.0,146887.5,-231175.0,8675.0,411.5,-8487.5,10905.2,1750.0,3825.0,
20090731,18937.5,-4106.25,4162.5,-3280.62,1188.81,9603.75,4037.5,-1480.0,2490.0,36640.0,-20200.0,31860.4,1750.0,146887.5,-231175.0,9425.0,411.5,-8487.5,11348.0,1750.0,3825.0,
20090831,18937.5,-6525.0,4162.5,-3280.62,1188.81,9603.75,5800.0,-1480.0,2490.0,36640.0,-18340.0,28807.4,1750.0,146887.5,-231175.0,9912.5,411.5,-10062.5,11348.0,1750.0,3825.0,
20090930,18937.5,-981.25,4518.75,-3280.62,1188.81,9603.75,8312.5,-1480.0,2490.0,36640.0,-18500.0,28807.4,4970.0,146887.5,4825.0,9137.5,411.5,-8000.0,11348.0,1750.0,3825.0,
20091030,18937.5,-981.25,2306.25,-5065.42,-134.13,6522.45,8312.5,-1480.0,2490.0,41590.0,-16390.0,33759.6,6700.0,146887.5,4825.0,8425.0,319.0,-13000.0,11348.0,700.0,4375.0,
20091130,18937.5,-981.25,2306.25,-4783.12,147.5,6552.6,8312.5,-1880.0,2490.0,41590.0,-16390.0,33759.6,6700.0,146887.5,4825.0,11000.0,528.0,-11012.5,11348.0,-831.25,7895.0,
20091231,18462.5,-725.0,2306.25,-5552.95,-502.29,6066.15,8312.5,-55.0,2490.0,41590.0,-16390.0,33759.6,6700.0,146887.5,4825.0,10850.0,538.0,-13375.0,14036.0,-3881.25,8780.0,
20100129,20306.25,-4031.25,2306.25,-8165.42,-2327.5,2359.85,8312.5,-1600.0,2490.0,41590.0,-16390.0,30706.6,6700.0,146887.5,-25600.0,9287.5,349.0,-14450.0,16304.4,-3881.25,8780.0,
20100226,20837.5,-4031.25,5568.75,-8165.42,-2327.5,2359.85,5712.5,-1600.0,2490.0,38540.0,-16390.0,27653.6,6700.0,146887.5,102650.0,7587.5,349.0,-16837.5,16304.4,-3768.75,11075.0,
20100331,20837.5,-3525.0,7262.5,-9072.23,-2797.76,2359.85,6575.0,-545.0,-290.0,38540.0,-13060.0,27653.6,6700.0,101275.0,102650.0,7587.5,349.0,-17150.0,20594.0,-6125.0,10120.0,
20100430,20837.5,-2875.0,7262.5,-9777.02,-3492.42,153.35,7487.5,310.0,-290.0,35490.0,-13570.0,32185.4,9690.0,-191012.5,102650.0,7587.5,349.0,-19650.0,21260.8,-6125.0,11910.0,
20100528,20837.5,-12887.5,7262.5,-8666.42,-3856.46,5103.35,3675.0,-1725.0,-122700.0,32390.0,-18400.0,29552.8,11650.0,-391450.0,-177800.0,6512.5,349.0,-19650.0,21260.8,-6125.0,9870.0,
20100630,20837.5,-11968.75,7262.5,-5994.55,-2176.77,5103.35,3262.5,-865.0,-117750.0,29330.0,-21460.0,29552.8,11650.0,-505487.5,-511300.0,4375.0,376.5,-20675.0,21260.8,-1168.75,10445.0,
20100730,20837.5,-8593.75,7262.5,-4827.02,-700.21,5103.35,-775.0,-4015.0,-117750.0,29330.0,-21460.0,29552.8,11650.0,-505487.5,-511300.0,4900.0,236.5,-15712.5,22884.8,-1168.75,9255.0,
20100831,20837.5,-7931.25,4662.5,-4827.02,-208.02,5103.35,-775.0,-4015.0,-117750.0,29330.0,-20940.0,29552.8,11650.0,-505487.5,-543350.0,7225.0,207.0,-15712.5,23086.4,-1168.75,8810.0,
20100930,24075.0,-7931.25,7012.5,-4827.02,338.86,5103.35,-887.5,-2780.0,-141680.0,29330.0,-21500.0,32879.2,15750.0,-463075.0,-556900.0,9337.5,478.5,-15712.5,26217.2,-1168.75,13805.0,
20101029,25787.5,-7931.25,8925.0,-4827.02,1049.79,5103.35,1262.5,-250.0,-170030.0,29560.0,-16500.0,34505.0,16600.0,-463075.0,-556900.0,9337.5,689.0,-15712.5,26217.2,1625.0,13805.0,
20101130,25787.5,-7931.25,7318.75,-4827.02,1457.58,4698.5,1250.0,940.0,-159590.0,34290.0,-19550.0,34505.0,16600.0,-463075.0,-556900.0,9337.5,774.0,-19137.5,26217.2,3787.5,13805.0,
20101231,25787.5,-7931.25,7318.75,138.57,3090.77,10053.35,4187.5,940.0,-159590.0,34290.0,-22610.0,34505.0,16600.0,-463075.0,-556900.0,9337.5,1142.5,-17062.5,26217.2,3787.5,13805.0,
20110131,25787.5,-7931.25,7318.75,138.57,2395.46,10053.35,4187.5,940.0,-159590.0,34290.0,-25660.0,34505.0,14930.0,-463075.0,-556900.0,9337.5,1118.0,-14175.0,26217.2,3787.5,13805.0,
20110228,25787.5,-7931.25,7425.0,138.57,3872.02,10053.35,4187.5,940.0,-159590.0,39240.0,-25660.0,34505.0,13550.0,-463075.0,-208125.0,9337.5,911.5,-14175.0,26217.2,3787.5,13805.0,
20110331,28412.5,-2781.25,6075.0,138.57,2883.26,10053.35,4187.5,940.0,-159590.0,39240.0,-25660.0,34505.0,7430.0,-463075.0,-208125.0,9337.5,911.5,-17237.5,25668.4,3787.5,13805.0,
20110429,30743.75,-5831.25,10131.25,138.57,1732.7,7723.25,4775.0,1005.0,-154630.0,39240.0,-25670.0,34505.0,12380.0,-463075.0,-208125.0,9900.0,699.0,-17237.5,31173.6,3787.5,13805.0,
20110531,30743.75,-8881.25,6956.25,1155.15,2119.17,9941.0,2537.5,-430.0,-154630.0,39240.0,-28190.0,34505.0,12380.0,-750950.0,-208125.0,6975.0,699.0,-17237.5,31173.6,3787.5,10750.0,
20110630,30743.75,-8881.25,6375.0,873.9,2173.85,7892.35,812.5,-1980.0,-154630.0,37050.0,-31890.0,31452.0,12380.0,-750950.0,-208125.0,862.5,663.0,-13275.0,31173.6,718.75,11580.0,
20110729,27693.75,-5050.0,5150.0,4233.28,4423.85,7579.15,812.5,-1980.0,-154630.0,36180.0,-31890.0,31452.0,17340.0,-750950.0,-208125.0,-2200.0,511.5,-12287.5,31319.2,718.75,15700.0,
20110831,27693.75,-3931.25,5150.0,5088.57,6689.89,12842.35,5762.5,-2685.0,-148950.0,41140.0,-32620.0,28399.0,17340.0,-1555812.5,-211200.0,-2200.0,374.0,-12287.5,28122.0,2050.0,15700.0,
20110930,32912.5,-3931.25,6900.0,5088.57,6689.89,12842.35,5762.5,-3145.0,-148950.0,41140.0,-28740.0,25346.0,17340.0,-1470800.0,1143600.0,-975.0,551.0,-12387.5,28122.0,-2350.0,15700.0,
20111031,32912.5,-6318.75,4375.0,5088.57,6689.89,12842.35,5762.5,-6200.0,-148950.0,41140.0,-26930.0,22293.0,17340.0,-1470800.0,1143600.0,-3700.0,503.0,-13337.5,25070.4,-5400.0,15700.0,
20111130,32912.5,-8312.5,4375.0,5088.57,6689.89,12842.35,5762.5,-6200.0,-148950.0,38470.0,-28220.0,19240.0,17340.0,-1470800.0,1143600.0,-1750.0,586.5,-12625.0,24756.8,-5400.0,17260.0,
20111230,33837.5,-9112.5,4375.0,5088.57,6689.89,9792.35,5762.5,-6200.0,-148950.0,35040.0,-22610.0,19240.0,13170.0,-1470800.0,1143600.0,-3325.0,411.5,-13750.0,25193.6,-5400.0,16815.0,
20120131,37862.5,-9112.5,1712.5,5260.57,6882.04,9792.35,4700.0,-5590.0,-148950.0,35040.0,-21970.0,19240.0,11220.0,-1412525.0,1143600.0,-3325.0,411.5,-13612.5,23609.2,-5643.75,14310.0,
20120229,37862.5,-4162.5,1712.5,3506.57,5936.0,9792.35,7512.5,-2415.0,-152250.0,39990.0,-21970.0,24192.2,11220.0,-1412525.0,1140550.0,-3325.0,460.0,-15737.5,22545.2,-3512.5,14310.0,
20120330,37862.5,-4162.5,1525.0,3537.0,5985.91,14773.65,9450.0,-1245.0,-152250.0,39990.0,-21970.0,24192.2,11220.0,-1412525.0,1140550.0,-3325.0,491.5,-15737.5,19712.4,-3512.5,14310.0,
20120430,37862.5,-4162.5,3031.25,2394.17,5381.59,14773.65,8962.5,-1245.0,-152250.0,39990.0,-21970.0,24192.2,11220.0,-1412525.0,1140550.0,-4950.0,489.0,-17575.0,21515.6,-3512.5,14310.0,
20120531,42812.5,-4162.5,1843.75,3144.48,5381.59,18335.9,7562.5,-2335.0,-140050.0,44950.0,-21970.0,29144.4,16170.0,-1722812.5,1264950.0,-4587.5,451.5,-21300.0,23419.6,-3512.5,19260.0,
20120629,42812.5,-7218.75,181.25,2581.98,5381.59,19723.65,5137.5,-4300.0,-140050.0,44950.0,-21020.0,29144.4,16170.0,-1722812.5,1264950.0,-7837.5,292.0,-17912.5,21638.8,-3512.5,18090.0,
20120731,42812.5,-7618.75,-425.0,3863.23,5250.67,19723.65,5137.5,-4300.0,-140050.0,44950.0,-17010.0,29144.4,16170.0,-1722812.5,1264950.0,-2875.0,211.5,-16525.0,20580.8,-3512.5,18085.0,
20120831,42812.5,-10056.25,-425.0,2671.78,4555.88,19723.65,4637.5,-3625.0,-140050.0,44950.0,-17010.0,26091.4,19520.0,-1722812.5,1528300.0,-2875.0,244.0,-16525.0,20580.8,-3512.5,16210.0,
20120928,47768.75,-13006.25,831.25,1512.57,4555.88,16642.35,6100.0,-3205.0,-131750.0,41890.0,-16180.0,23038.4,21120.0,-1470725.0,1528300.0,-2875.0,11.5,-16525.0,20580.8,-3512.5,16210.0,
20121031,47768.75,-14537.5,775.0,401.72,4189.33,16642.35,4600.0,-4945.0,-131750.0,40350.0,-12050.0,23038.4,21120.0,-1470725.0,1528300.0,-2875.0,11.5,-16525.0,20580.8,-3512.5,14060.0,
20121130,47768.75,-9662.5,-518.75,70.97,4008.66,14360.55,1537.5,-7075.0,-135640.0,35780.0,-12050.0,23038.4,21120.0,-1470725.0,1528300.0,-4812.5,-38.0,-18212.5,20580.8,-3100.0,14060.0,
20121231,47568.75,-9662.5,-1912.5,-1089.83,4008.66,11874.85,1537.5,-7805.0,-135640.0,35780.0,-12050.0,19985.4,19910.0,-1470725.0,1934850.0,-4925.0,-36.0,-15300.0,19236.8,-550.0,14060.0,
20130131,52193.75,-9662.5,-3306.25,-606.68,4121.82,15906.1,2325.0,-7805.0,-130690.0,38400.0,-12050.0,19985.4,15000.0,-1470725.0,1934850.0,-6725.0,-166.0,-15375.0,19018.8,-5118.75,16700.0,
20130228,52725.0,-9662.5,950.0,-1937.03,3561.99,15593.6,3325.0,-7805.0,-130690.0,32730.0,-12050.0,16932.4,19950.0,-1470725.0,1925100.0,-6725.0,-366.0,-13262.5,18806.0,-6281.25,17870.0,
20130328,52418.75,-9662.5,1525.0,-3470.63,2978.85,18573.65,5800.0,-8105.0,-130690.0,32730.0,-9950.0,9834.8,19950.0,-1347787.5,1725075.0,-6725.0,-366.0,-13262.5,18252.0,-7831.25,19015.0,
20130430,49675.0,-9662.5,1525.0,-3392.05,3008.96,18760.85,6500.0,-8680.0,-130690.0,29680.0,-7090.0,6781.8,19950.0,-1347787.5,1818725.0,-5350.0,-366.0,-13262.5,18319.2,-10037.5,19015.0,
20130531,49675.0,-9662.5,1525.0,-3661.37,3349.59,15868.0,6500.0,-6675.0,-130690.0,29680.0,-7090.0,6781.8,19950.0,-1347787.5,1818725.0,-5950.0,-366.0,-13262.5,19495.2,-8350.0,19140.0,
20130628,46618.75,-9662.5,-475.0,195.38,4716.78,20504.95,6500.0,-8825.0,-130690.0,26620.0,-7050.0,6781.8,19950.0,-1347787.5,1818725.0,-5362.5,-430.5,-12587.5,19080.8,-5081.25,13550.0,
20130731,46618.75,-9662.5,-2862.5,195.38,4396.46,20504.95,5850.0,-8825.0,-130690.0,31580.0,-5860.0,7936.8,19950.0,-1347787.5,1818725.0,-2950.0,-229.5,-12912.5,19019.6,-5081.25,13550.0,
20130830,44243.75,-9662.5,-2862.5,195.38,6083.96,20504.95,3950.0,-9765.0,-130690.0,31580.0,-7210.0,3985.0,19950.0,-1347787.5,1768000.0,-1637.5,-314.5,-12400.0,19019.6,-5081.25,11795.0,
20130930,43856.25,-9662.5,-650.0,195.38,7347.35,20504.95,1687.5,-7055.0,-141040.0,31580.0,-8460.0,675.8,19950.0,-1347787.5,1768000.0,-1637.5,-171.0,-12775.0,20050.0,-4987.5,11795.0,
20131031,44668.75,-9662.5,-1456.25,195.38,7347.35,20504.95,2075.0,-3870.0,-141040.0,34450.0,-11330.0,-760.6,19950.0,-1347787.5,1768000.0,-1637.5,-182.5,-14200.0,20251.6,-1875.0,13540.0,
20131129,42481.25,-6887.5,493.75,195.38,7347.35,20504.95,4725.0,-3870.0,-136090.0,36530.0,-10220.0,-2377.2,17080.0,-1493837.5,1768000.0,-1637.5,-139.0,-14550.0,19361.6,-3918.75,12455.0,
20131231,41493.75,-4712.5,1731.25,-71.5,7347.35,21162.75,6012.5,-3870.0,-136090.0,36530.0,-6380.0,-2377.2,21850.0,-1442050.0,1979625.0,-1637.5,-72.5,-13762.5,19361.6,-4437.5,11210.0,
20140131,39431.25,-4712.5,2093.75,-2542.62,5801.75,17799.25,6012.5,-3870.0,-136090.0,36530.0,-6380.0,2575.0,21850.0,-1442050.0,1979625.0,-1637.5,2.0,-11287.5,19238.4,-6400.0,9980.0,
20140228,39431.25,-4712.5,2718.75,-2542.62,5801.75,17799.25,5762.5,-2875.0,-136090.0,38090.0,-6380.0,-478.0,20530.0,-1442050.0,1550650.0,-700.0,-141.0,-14525.0,18079.6,-2550.0,10635.0,
20140331,37612.5,-4712.5,900.0,-2542.62,5674.62,17799.25,6112.5,-5315.0,-136090.0,33480.0,-6380.0,-3531.0,26800.0,-1307562.5,1411450.0,1225.0,-220.0,-13525.0,17508.4,-2550.0,13825.0,
20140430,37612.5,-4712.5,1462.5,-2542.62,4766.12,17799.25,4375.0,-8370.0,-136090.0,33480.0,-6380.0,-6584.0,26800.0,-1307562.5,1411450.0,2075.0,-135.5,-12312.5,16036.0,-2550.0,14210.0,
20140530,34762.5,-5525.0,718.75,-3651.0,4766.12,19579.4,4450.0,-8370.0,-136090.0,33480.0,-6380.0,-6584.0,27220.0,-1307562.5,1243800.0,12.5,-253.5,-15487.5,16036.0,-2550.0,11495.0,
20140630,33350.0,-6400.0,1218.75,-4530.22,4766.12,19298.15,6000.0,-6935.0,-129550.0,33600.0,-6380.0,-9637.0,23740.0,-1312087.5,1243800.0,1287.5,-288.5,-14937.5,15823.2,-2550.0,14455.0,
20140731,37175.0,-7450.0,-62.5,-4530.22,4766.12,16060.0,4612.5,-6050.0,-129550.0,31510.0,-1430.0,-12690.0,23740.0,-1189050.0,1249475.0,4375.0,-149.0,-12575.0,14989.2,-2550.0,14455.0,
20140829,39712.5,-7062.5,418.75,-4920.57,4766.12,18747.5,4175.0,-3415.0,-154800.0,36830.0,-1430.0,-15743.0,23740.0,-1189050.0,1249475.0,3987.5,58.5,-14237.5,14984.0,-1912.5,14455.0,
20140930,39712.5,-3643.75,2731.25,-6518.85,4939.26,16229.75,4175.0,-3415.0,-161050.0,36830.0,-1430.0,-10790.8,26660.0,-1192587.5,1399825.0,4962.5,40.5,-10537.5,13466.8,-5600.0,14455.0,
20141031,39712.5,-3643.75,4018.75,-7068.05,3499.38,21211.05,9125.0,-6470.0,-181000.0,36830.0,-4140.0,-10790.8,28700.0,-1496375.0,1399825.0,4962.5,-78.5,-10537.5,13466.8,-643.75,14455.0,
20141128,39712.5,-3643.75,4887.5,-6380.55,3170.53,21211.05,9150.0,-3100.0,-176040.0,36830.0,-4490.0,-10790.8,28700.0,-1277075.0,1399825.0,5325.0,-78.5,-10387.5,13466.8,-643.75,14965.0,
20141231,39712.5,-3643.75,4887.5,-9699.02,3170.53,21211.05,6075.0,-7955.0,-176040.0,36830.0,-860.0,-10790.8,28700.0,-1274625.0,1399825.0,5737.5,-78.5,-5575.0,13466.8,-643.75,13655.0,
20150130,39712.5,-3643.75,4887.5,-7276.42,3982.77,21211.05,6075.0,-7955.0,-176040.0,36830.0,-860.0,-10790.8,33650.0,-1274625.0,1446375.0,4762.5,-141.0,-5575.0,13466.8,-3712.5,12870.0,
20150227,39712.5,-3643.75,4887.5,-10577.43,2314.45,21586.05,5925.0,-6690.0,-179090.0,36830.0,-860.0,-10790.8,33650.0,-1274625.0,1446375.0,4762.5,-316.0,-5575.0,13903.6,1243.75,12145.0,
20150331,39712.5,-3643.75,5475.0,-10577.43,2314.45,20001.35,3412.5,-9800.0,-182150.0,36830.0,-860.0,-10790.8,33650.0,-1274625.0,1446375.0,4762.5,-323.0,-5575.0,15964.4,1243.75,10120.0,
20150430,39712.5,-3643.75,3868.75,-10577.43,2314.45,20001.35,3412.5,-12850.0,-182150.0,40250.0,-860.0,-10790.8,33650.0,-1177012.5,1446375.0,4787.5,-441.0,-5825.0,14564.4,1243.75,11260.0,
20150529,39712.5,-1493.75,2218.75,-11750.13,2314.45,20001.35,3412.5,-12850.0,-182150.0,41790.0,-3320.0,-10790.8,33650.0,-1180812.5,1446375.0,5525.0,-437.0,-7500.0,14044.0,1243.75,9130.0,
20150630,39712.5,-3000.0,4943.75,-10234.5,1760.53,20001.35,3125.0,-12850.0,-185200.0,41790.0,-3320.0,-10790.8,33650.0,-1214687.5,1446375.0,5850.0,-421.0,-3687.5,13036.0,-1825.0,9330.0,
20150731,39712.5,-3968.75,4225.0,-11689.83,1062.09,20001.35,1250.0,-12740.0,-230450.0,43600.0,-3320.0,-10353.6,38610.0,-1348875.0,1574950.0,3600.0,-546.0,-8700.0,12952.4,-5943.75,7775.0,
20150831,36662.5,-5400.0,3262.5,-13629.43,69.55,16951.35,4200.0,-9735.0,-230450.0,46750.0,-3950.0,-8891.6,38610.0,-1348875.0,1574950.0,3600.0,-442.5,-8700.0,13187.6,-7943.75,6450.0,
20150930,33612.5,-4337.5,2293.75,-13737.45,46.49,16951.35,4200.0,-10080.0,-230450.0,46750.0,-4040.0,-8891.6,38610.0,-1348875.0,1574950.0,3600.0,-408.0,-8700.0,12398.4,-9012.5,6905.0,
20151030,30562.5,-5025.0,-68.75,-14819.83,-578.23,16951.35,4200.0,-12790.0,-230450.0,46750.0,110.0,-8891.6,35550.0,-1348875.0,1316325.0,3600.0,-553.5,-8700.0,14235.2,-13687.5,5225.0,
20151130,33431.25,-5768.75,275.0,-15226.13,-345.74,13870.05,4200.0,-12790.0,-230450.0,43700.0,110.0,-6938.6,35960.0,-1329487.5,1316325.0,3600.0,-553.5,-8950.0,14694.4,-16737.5,5225.0,
20151231,27506.25,-8125.0,2306.25,-14694.88,13.64,10788.75,4200.0,-12790.0,-230450.0,45710.0,110.0,-3939.4,36470.0,-1329487.5,1316325.0,3600.0,-516.0,-10012.5,15041.6,-16737.5,5225.0,
20160129,27506.25,-10112.5,4881.25,-16180.91,-1175.73,12287.9,9150.0,-14955.0,-310490.0,48660.0,110.0,-3939.4,32490.0,-1329487.5,1316325.0,2750.0,-509.5,-10875.0,14409.2,-19806.25,5225.0,
20160229,24456.25,-5156.25,4881.25,-15243.41,-1248.82,15770.05,9150.0,-10895.0,-331120.0,48660.0,1250.0,-3939.4,37450.0,-1329487.5,1296525.0,2750.0,-510.0,-9575.0,12948.0,-19806.25,7255.0,
20160331,26000.0,-5156.25,4881.25,-17590.63,-2550.58,15770.05,9150.0,-10895.0,-331120.0,48660.0,-1670.0,-3939.4,37450.0,-1324537.5,1347350.0,2725.0,-342.5,-10600.0,12119.2,-19656.25,6285.0,
20160429,26662.5,-5156.25,4531.25,-17590.63,-2550.58,15770.05,9150.0,-10895.0,-331120.0,48160.0,-1670.0,-4035.6,37450.0,-1324537.5,1347350.0,2862.5,-396.5,-12700.0,11094.8,-22331.25,5175.0,
20160531,23612.5,-5156.25,3618.75,-17590.63,-2906.42,15770.05,9150.0,-10895.0,-331120.0,50340.0,-1180.0,-2594.6,37450.0,-1324537.5,1347350.0,3512.5,-491.0,-13762.5,12002.0,-25381.25,5260.0,
20160630,22593.75,-200.0,5600.0,-16199.05,-3183.5,20751.35,6087.5,-13770.0,-334180.0,50340.0,3280.0,-2594.6,29530.0,-1324537.5,1222950.0,2475.0,-491.0,-14837.5,16051.2,-20425.0,5375.0,
20160729,21418.75,-200.0,5600.0,-16136.55,-3331.93,20751.35,8512.5,-11415.0,-327680.0,50340.0,3280.0,-2594.6,34650.0,-1324537.5,1222950.0,2812.5,-490.0,-12950.0,16051.2,-20425.0,10360.0,
20160831,20787.5,-3068.75,5600.0,-17531.43,-4088.71,20751.35,8575.0,-10475.0,-327680.0,47290.0,3280.0,-2594.6,34650.0,-1324537.5,1222950.0,3762.5,-673.5,-11975.0,16051.2,-20425.0,10360.0,
20160930,20787.5,-3250.0,5600.0,-17531.43,-4088.71,20751.35,6387.5,-8995.0,-327680.0,47290.0,3280.0,-2594.6,34650.0,-1324537.5,1222950.0,2700.0,-778.5,-12662.5,16051.2,-26543.75,10360.0,
20161031,20756.25,-3250.0,5600.0,-17140.83,-4059.6,23002.9,6112.5,-8995.0,-327680.0,44230.0,3280.0,-5647.6,35610.0,-1324537.5,1139800.0,2125.0,-770.0,-13325.0,16051.2,-23993.75,10360.0,
20161130,22493.75,1700.0,5600.0,-12581.43,-2396.9,25701.35,4012.5,-14705.0,-405260.0,44230.0,4070.0,-5647.6,36540.0,-1169975.0,1175625.0,2125.0,-679.0,-14650.0,16051.2,-21587.5,10360.0,
20161230,23593.75,1700.0,5600.0,-12581.43,-2217.21,25701.35,5887.5,-17880.0,-405260.0,46240.0,8240.0,-1094.8,36540.0,-1169975.0,1175625.0,1587.5,-853.5,-14650.0,14987.2,-21381.25,10360.0,
20170131,23593.75,1700.0,5600.0,-12581.43,-2420.34,25701.35,7800.0,-11870.0,-405260.0,45330.0,8240.0,-695.4,36540.0,-1169975.0,1175625.0,1975.0,-853.5,-14725.0,13201.2,-24637.5,11195.0,
20170228,23593.75,1700.0,3650.0,-12581.43,-2825.81,25701.35,9400.0,-11870.0,-405260.0,46530.0,5910.0,-695.4,36540.0,-1169975.0,1175625.0,2675.0,-900.0,-13575.0,13201.2,-24637.5,11895.0,
20170331,22431.25,1718.75,2075.0,-14194.63,-3904.54,22620.05,9400.0,-11870.0,-405260.0,40940.0,4490.0,-3748.4,36540.0,-1169975.0,1175625.0,1962.5,-792.5,-14612.5,14679.6,-24637.5,12390.0,
20170428,21843.75,1500.0,3881.25,-14068.68,-3965.15,21743.7,9400.0,-11870.0,-405260.0,40940.0,4490.0,-3748.4,34330.0,-1169975.0,1175625.0,1962.5,-789.0,-16025.0,15385.2,-24731.25,10540.0,
20170531,26031.25,318.75,3481.25,-13490.55,-5238.18,19881.45,9400.0,-11870.0,-405260.0,37880.0,4490.0,-6801.4,33490.0,-1378575.0,1103925.0,1312.5,-916.0,-17225.0,16796.4,-23212.5,7715.0,
20170630,26443.75,318.75,1856.25,-14369.43,-5543.22,19881.45,9437.5,-11870.0,-414990.0,37170.0,4490.0,-9208.0,30440.0,-1381637.5,1103925.0,575.0,-916.0,-13762.5,18157.6,-19681.25,10160.0,
20170731,26443.75,-2337.5,1925.0,-14369.43,-5543.22,19881.45,11787.5,-11870.0,-414990.0,35360.0,5160.0,-9539.4,27380.0,-1389637.5,1138500.0,-1075.0,-850.5,-11925.0,18157.6,-19681.25,10025.0,
20170831,26443.75,-3543.75,150.0,-14665.85,-5890.76,18756.1,9775.0,-12000.0,-414990.0,35360.0,2950.0,-10983.8,29900.0,-1389637.5,1138500.0,-1325.0,-850.5,-11925.0,18157.6,-22750.0,8990.0,
20170929,26443.75,-4350.0,1625.0,-15607.13,-5978.3,17269.65,10962.5,-14865.0,-414990.0,35970.0,990.0,-7955.2,32340.0,-1389637.5,1204350.0,-1200.0,-978.5,-11925.0,18157.6,-25818.75,8575.0,
20171031,26443.75,-5000.0,-737.5,-15232.13,-5665.8,16333.0,13800.0,-12900.0,-414990.0,38680.0,-1170.0,-7955.2,32340.0,-1389637.5,1204350.0,-725.0,-978.5,-11925.0,18157.6,-25818.75,8575.0,
20171130,23518.75,-7131.25,-737.5,-14341.5,-4822.05,14626.55,14737.5,-9910.0,-414990.0,40320.0,-3940.0,-7955.2,32340.0,-1389637.5,1153725.0,-1162.5,-978.5,-11925.0,18224.8,-25818.75,8585.0,
20171229,23862.5,-7131.25,-737.5,-14341.5,-4642.36,12377.75,14737.5,-9910.0,-414990.0,40320.0,-5840.0,-7955.2,29280.0,-1410737.5,1242575.0,-1162.5,-978.5,-11925.0,17290.0,-28031.25,11495.0,
20180131,28475.0,-4900.0,3006.25,-11872.75,-3189.24,17565.25,14737.5,-9910.0,-414990.0,40320.0,-8340.0,-7955.2,31120.0,-1496962.5,1042850.0,-987.5,-1019.5,-11525.0,17446.8,-28437.5,13555.0,
20180228,28475.0,-2175.0,368.75,-10422.63,-2407.99,19576.55,14737.5,-12695.0,-414990.0,40320.0,-9580.0,-7955.2,28600.0,-1496962.5,1042850.0,37.5,-977.5,-9362.5,17278.8,-29768.75,13555.0,
20180329,28475.0,-2175.0,2118.75,-10422.63,-2939.24,19576.55,14737.5,-16010.0,-418040.0,40320.0,-10240.0,-7955.2,27170.0,-1572612.5,1042850.0,325.0,-959.5,-11825.0,18432.4,-30531.25,13555.0,
20180430,28475.0,-2175.0,4218.75,-10422.63,-1986.11,19576.55,11675.0,-16010.0,-488630.0,41860.0,-11100.0,-7955.2,27170.0,-1715200.0,1042850.0,975.0,-897.0,-11637.5,19104.4,-32212.5,12380.0,
20180531,33425.0,-4231.25,6218.75,-10422.63,-2454.85,19576.55,11675.0,-16010.0,-488630.0,45280.0,-10880.0,-7942.6,27310.0,-1715200.0,1042850.0,637.5,-1003.5,-10850.0,18203.2,-32212.5,18505.0,
20180629,33425.0,-2387.5,6612.5,-10422.63,-2454.85,19576.55,11675.0,-19060.0,-488630.0,46640.0,-11160.0,-11008.2,32130.0,-1939062.5,694400.0,425.0,-952.5,-12662.5,18203.2,-35800.0,18505.0,
20180731,33425.0,-1168.75,7150.0,-10422.63,-2454.85,19576.55,10662.5,-19060.0,-483680.0,42230.0,-12350.0,-11008.2,32130.0,-1682850.0,478925.0,-212.5,-935.5,-12100.0,18696.0,-34450.0,18505.0,
20180831,33425.0,-2743.75,9175.0,-10422.63,-2454.85,19576.55,14912.5,-18325.0,-483680.0,42230.0,-12350.0,-11008.2,32130.0,-1682850.0,478925.0,150.0,-916.5,-13975.0,18640.0,-30843.75,18505.0,
20180928,30881.25,-2250.0,9175.0,-10172.68,-2062.32,20702.55,16637.5,-22110.0,-483680.0,42230.0,-12600.0,-10512.2,32130.0,-1682850.0,478925.0,0.0,-978.5,-13975.0,17783.6,-30843.75,19315.0,
20181031,31800.0,-4031.25,8787.5,-9828.93,-1968.57,24526.55,18525.0,-23265.0,-560020.0,39170.0,-10070.0,-9109.0,32130.0,-1682850.0,478925.0,-650.0,-1116.0,-13975.0,18690.8,-33112.5,19070.0,
20181130,32218.75,-3881.25,7225.0,-10519.43,-2404.29,24526.55,18525.0,-23265.0,-598180.0,44120.0,-7400.0,-7209.8,32130.0,-1682850.0,478925.0,-700.0,-1169.0,-13975.0,18298.8,-33893.75,18045.0,
20181231,29637.5,-3275.0,6387.5,-9268.2,-1528.41,25556.25,18525.0,-23265.0,-643030.0,44120.0,-7400.0,-7209.8,36120.0,-1678212.5,534025.0,-1125.0,-1241.0,-15000.0,17610.4,-33893.75,18575.0,
20190131,29637.5,-81.25,5575.0,-8815.08,-1356.54,26243.75,18525.0,-23265.0,-643030.0,44120.0,-7400.0,-7209.8,37090.0,-1784237.5,534025.0,-1362.5,-1232.5,-15000.0,17610.4,-33893.75,17475.0,
20190228,27881.25,-81.25,5968.75,-9283.83,-1653.41,24025.0,18525.0,-23265.0,-643030.0,44120.0,-7400.0,-7209.8,37090.0,-1751500.0,534025.0,-1362.5,-1228.5,-13287.5,17610.4,-33893.75,18265.0,
20190329,26006.25,-81.25,4581.25,-7065.08,-387.79,23912.1,18525.0,-23360.0,-643030.0,44130.0,-7400.0,-7209.8,37090.0,-1751500.0,534025.0,-925.0,-1341.0,-13200.0,17610.4,-33837.5,17265.0,
20190430,25331.25,-81.25,4468.75,-7611.95,-575.29,20518.85,18525.0,-18310.0,-643030.0,49070.0,-7400.0,-7209.8,35320.0,-1751500.0,530975.0,-1225.0,-1360.0,-11750.0,16854.8,-33331.25,16105.0,
20190531,26325.0,612.5,5837.5,-5569.43,1151.28,24830.7,18525.0,-18310.0,-620280.0,49070.0,-7440.0,-7469.8,34030.0,-1766912.5,313475.0,-550.0,-1345.5,-14625.0,16810.0,-33718.75,15970.0,
20190628,25093.75,1793.75,5175.0,-5569.43,1940.34,25500.15,17325.0,-18310.0,-615680.0,46010.0,-5980.0,-5310.6,38980.0,-1766912.5,313475.0,-662.5,-1441.0,-13412.5,16412.8,-34818.75,16970.0,
20190731,23137.5,450.0,8681.25,-5569.43,1338.78,25500.15,19225.0,-18310.0,-602260.0,46010.0,-5230.0,-5310.6,38980.0,-1766912.5,339000.0,-1812.5,-1441.0,-15550.0,15612.4,-39106.25,18090.0,
20190830,22675.0,4875.0,9425.0,-5569.43,2545.71,25500.15,11237.5,-18310.0,-681730.0,42950.0,-5750.0,-8363.6,38980.0,-1880787.5,339000.0,-1812.5,-1459.0,-15550.0,15948.4,-39106.25,19985.0,
20190930,23012.5,4875.0,9425.0,-5569.43,2545.71,25500.15,11237.5,-18310.0,-681730.0,39890.0,-9340.0,-11416.6,38980.0,-1883850.0,339000.0,-1812.5,-1437.0,-15550.0,15114.4,-39106.25,19985.0,
20191031,20543.75,4875.0,10543.75,-5569.43,1120.59,25500.15,11237.5,-18370.0,-681730.0,36830.0,-9220.0,-11416.6,38980.0,-1986012.5,339000.0,-1812.5,-1353.5,-16562.5,15114.4,-39106.25,19240.0,
20191129,20543.75,4981.25,10418.75,-5569.43,1120.59,25500.15,14850.0,-13355.0,-673570.0,36830.0,-11360.0,-11416.6,37240.0,-2027175.0,339000.0,-1812.5,-1362.0,-14912.5,15114.4,-34150.0,19700.0,
20191231,21712.5,3706.25,12637.5,-5944.51,1120.59,25500.15,16200.0,-13355.0,-673570.0,38170.0,-11360.0,-11332.6,35930.0,-1938575.0,339000.0,-1812.5,-1152.5,-14062.5,15114.4,-34150.0,21545.0,
20200131,19568.75,3706.25,12168.75,-6556.78,1715.46,26000.1,16200.0,-13355.0,-673570.0,41920.0,-10070.0,-9362.0,40880.0,-1985325.0,26925.0,-1812.5,-1353.5,-14312.5,15775.2,-34150.0,20770.0,
20200228,19025.0,1662.5,10618.75,-3463.03,4145.15,30450.15,21150.0,-13355.0,-548800.0,46730.0,-8500.0,-9362.0,40880.0,-2024125.0,-287775.0,-1887.5,-1362.5,-15137.5,15248.8,-34150.0,20945.0,
20200331,12837.5,6618.75,14112.5,-2122.63,6070.59,30450.15,21150.0,-52600.0,-548800.0,46730.0,-8060.0,-9362.0,37830.0,-1941425.0,6350.0,-1287.5,-1279.0,-18112.5,16677.2,-34150.0,25500.0,
20200430,12837.5,6618.75,14112.5,-2122.63,6070.59,30450.15,21150.0,-52600.0,-548800.0,46730.0,-10380.0,-9362.0,42790.0,-1941425.0,6350.0,-250.0,-1258.5,-19262.5,16733.2,-34150.0,25500.0,
20200529,12837.5,6618.75,14112.5,-2122.63,6070.59,30450.15,21150.0,-52600.0,-548800.0,46730.0,-13390.0,-9362.0,42790.0,-1941425.0,6350.0,-537.5,-1357.0,-20412.5,16128.4,-34112.5,25500.0,
20200630,12793.75,6618.75,14112.5,-2122.63,6070.59,30450.15,21150.0,-52600.0,-548800.0,46730.0,-15630.0,-9362.0,42790.0,-2014637.5,6350.0,-787.5,-1357.0,-18962.5,15283.2,-35875.0,25500.0,
20200731,17787.5,7012.5,16456.25,-2011.71,6070.59,30450.15,21150.0,-60895.0,-548800.0,46730.0,-15630.0,-9362.0,42790.0,-2009687.5,122350.0,-2012.5,-1296.0,-20425.0,15283.2,-37237.5,24720.0,
20200831,17787.5,3681.25,18150.0,-3061.83,6070.59,29420.0,22650.0,-55940.0,-574230.0,46730.0,-10670.0,-9362.0,42790.0,-2009687.5,122350.0,-1337.5,-1183.0,-19975.0,14588.8,-36312.5,25970.0,
20200930,17787.5,3018.75,14256.25,-3061.83,6070.59,27368.85,26112.5,-55940.0,-577280.0,46730.0,-13720.0,-9362.0,42790.0,-2009687.5,122350.0,-275.0,-1163.0,-18687.5,13833.2,-35312.5,26285.0,
20201030,17787.5,3893.75,14256.25,-2516.18,6036.44,29400.9,26112.5,-58990.0,-577280.0,45580.0,-8760.0,-12877.0,42790.0,-2102462.5,122350.0,700.0,-1139.0,-17662.5,14785.2,-35312.5,27850.0,
20201130,17818.75,2437.5,14112.5,-2469.31,5223.23,26963.4,31075.0,-66490.0,-565160.0,41950.0,-8760.0,-12372.6,47750.0,-1996812.5,-147150.0,2075.0,-945.0,-18337.5,14953.2,-35312.5,30450.0,
20201231,21512.5,3718.75,16081.25,-2375.55,5223.23,28682.15,31075.0,-61535.0,-565160.0,45850.0,-8760.0,-10515.8,47750.0,-1996812.5,-200700.0,2950.0,-699.5,-19012.5,16050.8,-35312.5,30450.0,
20210129,22743.75,2481.25,16368.75,-1328.68,5223.23,32350.15,31075.0,-61535.0,-565160.0,45850.0,-8760.0,-10515.8,44350.0,-1996812.5,-1520375.0,2950.0,-588.5,-17887.5,16431.6,-38362.5,30450.0,
20210226,22743.75,3606.25,19212.5,1903.77,6577.7,32350.15,31075.0,-61535.0,-565160.0,45850.0,-11810.0,-10515.8,46250.0,-1996812.5,-1899250.0,2950.0,-322.5,-18025.0,18688.8,-37293.75,30450.0,
20210331,24456.25,7431.25,19212.5,1903.77,7148.01,32350.15,31075.0,-61535.0,-565160.0,45850.0,-11810.0,-10515.8,46250.0,-1996812.5,-2239050.0,2950.0,-173.5,-19450.0,18688.8,-41412.5,30450.0,
20210430,20468.75,7431.25,19212.5,1903.77,6608.95,32350.15,36037.5,-61055.0,-565160.0,45850.0,-11810.0,-10515.8,46250.0,-1996812.5,-2203100.0,2950.0,300.0,-16637.5,17860.0,-39762.5,30450.0,
20210528,19668.75,7431.25,19956.25,1903.77,5914.66,32350.15,36037.5,-64585.0,-565160.0,45850.0,-13040.0,-10515.8,49460.0,-1996812.5,-2467400.0,2950.0,470.0,-20237.5,18285.6,-36456.25,30450.0,
20210630,17606.25,7431.25,18450.0,1903.77,5808.19,32849.75,36037.5,-63330.0,-565160.0,45850.0,-6850.0,-10515.8,43200.0,-1996812.5,-2758350.0,2950.0,118.0,-20237.5,17384.4,-36456.25,30450.0,
20210730,17606.25,7431.25,16456.25,3294.49,5268.51,37331.45,36037.5,-59630.0,-568210.0,45850.0,-6850.0,-10515.8,43200.0,-1996812.5,-2758350.0,2950.0,118.0,-20237.5,14668.8,-36456.25,30450.0,
20210831,17606.25,7431.25,15756.25,2294.49,4771.57,37331.45,36037.5,-59630.0,-552030.0,42800.0,-6850.0,-13568.8,40140.0,-2221175.0,-2648575.0,2950.0,86.0,-21900.0,16830.4,-36456.25,30820.0,
20210930,17750.0,7793.75,15493.75,2071.2,5144.3,37331.45,36037.5,-59630.0,-601100.0,39750.0,-6850.0,-8616.6,37080.0,-2268837.5,-2648575.0,2950.0,96.0,-23287.5,17390.4,-36456.25,33760.0,
20211029,18143.75,10306.25,13625.0,2977.45,6136.49,34832.0,38137.5,-57190.0,-613920.0,44710.0,-6850.0,-8616.6,37080.0,-2035737.5,-2648575.0,2950.0,-94.5,-23512.5,15716.4,-36456.25,34150.0,
20211130,22556.25,9531.25,15168.75,2868.07,6488.05,34250.15,41000.0,-54675.0,-609130.0,44710.0,-6850.0,-8616.6,34030.0,-2035737.5,-2648575.0,2612.5,-92.5,-22787.5,14591.2,-36456.25,34150.0,
20211231,22556.25,11331.25,13562.5,2100.18,6909.93,34250.15,41000.0,-54675.0,-609130.0,44710.0,-16380.0,-8616.6,34030.0,-2035737.5,-2894025.0,3900.0,-158.5,-24412.5,13174.8,-36456.25,34150.0,
20220131,21218.75,12381.25,13562.5,3396.63,8683.36,36188.55,30325.0,-49725.0,-710460.0,41650.0,-16380.0,-3664.4,34030.0,-2035737.5,-2894025.0,5537.5,-291.0,-24412.5,13914.0,-36456.25,36645.0,
20220228,18687.5,11518.75,13562.5,3927.88,9728.75,39200.15,32212.5,-49725.0,-683960.0,46600.0,-16380.0,-3664.4,38980.0,-2563162.5,-3299575.0,7912.5,94.0,-19450.0,14496.4,-36456.25,31095.0,
20220331,20281.25,17331.25,13812.5,4660.38,9728.75,38262.85,32212.5,-49725.0,-683960.0,46600.0,-11420.0,-3664.4,38980.0,-2345350.0,-4029575.0,7912.5,-35.0,-19450.0,13124.8,-42575.0,36045.0,
20220429,24456.25,17331.25,17137.5,7298.18,9728.75,44150.15,30512.5,-50540.0,-683960.0,46600.0,-11420.0,-3664.4,38980.0,-2345350.0,-4029575.0,7912.5,677.0,-19450.0,11999.6,-42575.0,36045.0,
20220531,24456.25,17331.25,18518.75,7298.18,9728.75,44150.15,31037.5,-47830.0,-716270.0,42040.0,-11420.0,-3664.4,38980.0,-2442962.5,-4440250.0,7912.5,364.0,-19450.0,11070.0,-45625.0,36045.0,
20220630,24456.25,17331.25,18518.75,7298.18,9728.75,44150.15,31037.5,-47830.0,-716270.0,39660.0,-11420.0,-3664.4,38980.0,-2099100.0,-4440250.0,9675.0,392.5,-15925.0,10437.6,-45625.0,41000.0,
20220729,24456.25,17331.25,18518.75,7298.18,9728.75,44150.15,31037.5,-47830.0,-716270.0,36610.0,-18900.0,-3664.4,43930.0,-2099100.0,-4639925.0,12862.5,418.0,-14500.0,10107.6,-40668.75,41000.0,
20220831,24456.25,17331.25,18518.75,4326.18,9728.75,41100.15,31037.5,-50880.0,-726440.0,30490.0,-21960.0,-6717.4,43930.0,-2099100.0,-4661775.0,12862.5,118.0,-14500.0,9715.6,-41775.0,41000.0,
20220930,24456.25,18975.0,18518.75,7825.28,12364.59,46050.15,21850.0,-50880.0,-717760.0,30490.0,-21960.0,-6717.4,48890.0,-2099100.0,-4785950.0,12862.5,118.0,-14500.0,8960.0,-43737.5,41000.0,
20221031,24456.25,22287.5,18518.75,9291.78,13278.65,46050.15,10887.5,-68335.0,-717760.0,30490.0,-17000.0,-1765.2,48890.0,-2099100.0,-4785950.0,12862.5,153.5,-14500.0,7946.8,-38781.25,42980.0,
20221130,25462.5,22287.5,18518.75,9291.78,11190.34,46050.15,10887.5,-68335.0,-717760.0,32380.0,-17000.0,-1765.2,48890.0,-2513200.0,-4673725.0,12862.5,87.0,-14500.0,8652.4,-38781.25,37950.0,
20221230,29406.25,22568.75,17393.75,9291.78,11190.34,46050.15,10887.5,-68335.0,-717760.0,32380.0,-14320.0,3187.0,36680.0,-2513200.0,-4673725.0,12862.5,-198.0,-16975.0,9111.6,-38781.25,37950.0,
20230131,29406.25,24187.5,18950.0,8152.2,10534.72,46050.15,10887.5,-71385.0,-717760.0,32380.0,-12050.0,3187.0,41640.0,-2513200.0,-4673725.0,12862.5,-111.0,-15437.5,8837.6,-38781.25,37950.0,
20230228,29406.25,24187.5,16893.75,6617.78,9458.0,46050.15,4787.5,-65105.0,-717760.0,32380.0,-12050.0,3187.0,41640.0,-2513200.0,-4673725.0,13337.5,3.5,-16900.0,6973.2,-38537.5,37950.0,
20230331,28406.25,24187.5,16893.75,5227.65,6290.94,39918.85,1725.0,-67715.0,-908980.0,37330.0,-12050.0,134.0,46600.0,-2513200.0,-4603975.0,11937.5,231.0,-16237.5,7186.0,-41831.25,36040.0,
20230428,30218.75,24187.5,17506.25,5508.9,6525.32,36867.25,1725.0,-73330.0,-908980.0,37330.0,-12050.0,-1617.4,46600.0,-2686087.5,-4872075.0,11750.0,422.0,-13312.5,11929.6,-44900.0,36040.0,
20230531,27737.5,24993.75,16562.5,4411.78,5709.95,36867.25,1725.0,-68375.0,-908980.0,42280.0,-12050.0,5086.2,46600.0,-2548525.0,-4872075.0,11300.0,695.5,-11562.5,11929.6,-44900.0,33265.0,
20230630,27737.5,27337.5,18256.25,4411.78,5549.92,36867.25,6687.5,-68375.0,-917430.0,42280.0,-11370.0,5086.2,46600.0,-2548525.0,-4872075.0,11550.0,253.0,-14612.5,11929.6,-40812.5,31595.0,
20230731,26287.5,23000.0,19143.75,4879.13,5823.36,37617.55,6687.5,-68375.0,-894680.0,42280.0,-13010.0,10038.4,46600.0,-2548525.0,-4872075.0,10775.0,323.5,-17662.5,11929.6,-39943.75,29955.0,
20230831,25468.75,22725.0,17787.5,5254.13,5721.8,41848.55,6687.5,-68375.0,-894680.0,39220.0,-14320.0,10038.4,46600.0,-2548525.0,-4872075.0,12062.5,364.5,-17662.5,11929.6,-39943.75,31505.0,
20230929,25018.75,24156.25,18450.0,8222.88,7284.3,41848.55,3625.0,-68375.0,-924680.0,44170.0,-14130.0,10038.4,51110.0,-2706400.0,-4872075.0,12137.5,143.0,-17725.0,11772.8,-39943.75,31170.0,
20231031,25143.75,25793.75,18800.0,9377.38,8167.11,41848.55,5512.5,-72250.0,-962490.0,44170.0,-9360.0,10038.4,48490.0,-2628812.5,-4502350.0,11225.0,322.0,-20725.0,12456.0,-42993.75,29975.0,
20231130,23162.5,23668.75,16962.5,9377.38,6363.95,41848.55,5512.5,-67295.0,-938610.0,35010.0,-9360.0,2542.2,50930.0,-2628812.5,-4326900.0,10375.0,280.0,-23187.5,11577.2,-38037.5,30555.0,
20231229,24262.5,26837.5,16768.75,10753.2,8285.83,43660.85,10475.0,-67295.0,-941060.0,39970.0,-11190.0,8884.6,53450.0,-2841125.0,-4326900.0,10375.0,484.0,-22825.0,15519.6,-38037.5,30085.0,
20240131,21087.5,22550.0,16543.75,10190.7,7903.02,38798.55,10475.0,-67295.0,-941060.0,39970.0,-11820.0,8884.6,53450.0,-2841125.0,-4326900.0,10862.5,592.0,-24925.0,11543.6,-38037.5,29580.0,
20240229,21087.5,22550.0,15468.75,7937.38,6388.94,38798.55,10475.0,-67295.0,-941060.0,39970.0,-7450.0,8884.6,53450.0,-2841125.0,-4326900.0,11800.0,632.5,-24925.0,11684.0,-38037.5,34530.0,
20240328,21087.5,22550.0,14331.25,7937.38,6388.94,38798.55,10475.0,-67295.0,-941060.0,39330.0,-7450.0,8884.6,58410.0,-2591287.5,-4564925.0,10825.0,430.5,-25812.5,11684.0,-38037.5,34530.0,
20240430,21287.5,23537.5,14618.75,9593.48,7523.01,41424.25,10475.0,-67295.0,-941060.0,41870.0,-7450.0,1989.0,58410.0,-2591287.5,-4169925.0,10825.0,480.0,-26637.5,12367.2,-33081.25,34530.0,
20240531,19562.5,23725.0,13756.25,7122.98,6468.33,36967.65,10475.0,-62340.0,-936100.0,41870.0,-2500.0,7730.8,58410.0,-2591287.5,-4169925.0,10150.0,280.5,-23812.5,13610.4,-36131.25,31475.0,
20240628,18550.0,24737.5,13756.25,7122.98,6021.27,36967.65,15437.5,-62340.0,-936100.0,38820.0,-2500.0,7730.8,58410.0,-2591287.5,-4169925.0,10312.5,280.5,-27937.5,11578.0,-36131.25,31475.0,
20240718,17481.25,22575.0,14256.25,7122.98,6021.02,36967.65,15437.5,-62340.0,-869200.0,38820.0,-2500.0,7730.8,58160.0,-2591287.5,-4169925.0,11125.0,5.5,-27937.5,11578.0,-39200.0,31475.0,
