Testing from : 20100104 to: 20220331
-----------------------------------------------------------------------------------------------------------
                                                                                      Avg.   Monthly    Avg.
SysName         Market     TotProfit  MaxDD ClsTrdDD AvgWin  AvgLoss PerWins #Trds  MonthRet.  StdDev  YearlyRet.
TF-Boll.Donc... Sugar-SB       16728  10603    4287    2646     -885    0.38     37      113    1477     1458
TF-Boll.Donc... Coffee-KC      61728  41465   33675    9757    -3103    0.38     34      419    4218     5063
TF-Boll.Donc... Cotton-CT      74064  33562   15440    6743    -1694    0.44     36      503    3060     5113
-------------------------------------------------------------------------------------------------------------------
Totals                        152522  46559 or 29.3 % Avg. DD   17111         107
-----------------------------------------------------------------------------------------------------------
Combined Monthly Return
Date         Profit Cum.Profit
-------------------------------------------------------------------
20100129       3318       3318
20100226      -3999       -681
20100331        -79       -760
20100430       2709       1948
20100528       -410       1538
20100630       3895       5433
20100730       5809      11243
20100831       2003      13245
20100930      14972      28218
20101029      16137      44354
20101130      -4575      39780
20101231      33591      73371      73371
20110131      15500      88870
20110228      18220     107090
20110331       1669     108759
20110429       4320     113078
20110531     -11460     101618
20110630      -6631      94987
20110729      15008     109996
20110831     -10878      99117
20110930     -15103      84015
20111031        731      84746
20111130      -2213      82533
20111230       3761      86294      12923
20120131      -6223      80070
20120229       4313      84383
20120330       7464      91847
20120430        938      92786
20120531      15024     107810
20120629      -9500      98309
20120731      -1686      96623
20120831       -710      95913
20120928          0      95913
20121031      -2147      93766
20121130       2531      96297
20121231       1460      97757      11463
20130131      -1836      95921
20130228       -569      95352
20130328       3454      98806
20130430       -992      97814
20130531       1082      98895
20130628       -545      98351
20130731      -5037      93313
20130830      -2707      90606
20130930        364      90970
20131031       5061      96031
20131129      -2080      93951
20131231      -3344      90607      -7150
20140131       1938      92545
20140228      17268     109813
20140331       2290     112103
20140430       9319     121422
20140530     -10762     110659
20140630       1765     112424
20140731       6485     118909
20140829       -764     118146
20140930       3272     121418
20141031      -8595     112823
20141128        794     113617
20141231        -57     113560      22954
20150130      -2249     111311
20150227       8385     119696
20150331       3146     122841
20150430      -3958     118883
20150529       1838     120721
20150630      -1910     118811
20150731       4171     122982
20150831      -4075     118906
20150930        339     119245
20151030      -2921     116324
20151130        459     116783
20151231        347     117130       3570
20160129      -1648     115481
20160229      -1107     114374
20160331      -2796     111578
20160429      -4070     107508
20160531         85     107593
20160630       5512     113106
20160729       3708     116813
20160831      -6141     110672
20160930        406     111078
20161031      -1989     109089
20161130      -4445     104644
20161230       1046     105690     -11440
20170131      -7159      98530
20170228       -115      98415
20170331       1953     100368
20170428        742     101110
20170531       1834     102944
20170630       5402     108347
20170731      -4661     103686
20170831      -1133     102553
20170929          0     102553
20171031          0     102553
20171130       -371     102182
20171229        164     102346      -3343
20180131      -1527     100819
20180228       1039     101858
20180329       1862     103720
20180430       -743     102978
20180531       2187     105164
20180629      -2915     102249
20180731       2939     105188
20180831       4125     109313
20180928       -156     109157
20181031      -6454     102704
20181130      -1931     100773
20181231        202     100975      -1371
20190131      -1100      99875
20190228       1580     101455
20190329      -1322     100133
20190430       1444     101577
20190531        611     102188
20190628        643     102831
20190731      -3127      99704
20190830       3703     103407
20190930      -3141     100266
20191031       -745      99521
20191129       2318     101840
20191231       6376     108216       7241
20200131      -5473     102743
20200228       1304     104046
20200331       5756     109802
20200430      -2507     107295
20200529       -231     107064
20200630      -2750     104314
20200731      -2319     101995
20200831       2676     104671
20200930      -6974      97696
20201030       2160      99856
20201130        813     100669
20201231       4083     104752      -3464
20210129       -973     103779
20210226       9812     113591
20210331      -8649     104942
20210430       -228     104714
20210528       8263     112977
20210630      -2742     110235
20210730       6507     116741
20210831       7270     124011
20210930       2074     126085
20211029       7277     133362
20211130       6950     140312
20211231       -691     139621      34869
20220131      11129     150749
20220228      -3276     147473
20220331       5049     152522      12901
Average Monthly Return:     1037 StdDev:  6110  Sharpe: 0.17
Average  Yearly Return:    11732 StdDev: 22497  Sharpe: 0.52
