20100104     0.00
20100105     0.00
20100106     0.00
20100107     0.00
20100108     0.00
20100111     0.00
20100112     0.00
20100113     0.00
20100114     0.00
20100115     0.00
20100119     0.00
20100120     0.00
20100121     0.00
20100122     0.00
20100125     0.00
20100126     0.00
20100127     0.00
20100128  -175.00
20100129     0.00
20100201     0.00
20100202 -1712.50
20100203     0.00
20100204  -687.50
20100205  -412.50
20100208 -1975.00
20100209 -1762.50
20100210 -3300.00
20100211 -3487.50
20100212 -3150.00
20100216 -5387.50
20100217 -3812.50
20100218 -3012.50
20100219 -3237.50
20100222 -5212.50
20100223 -4100.00
20100224 -5050.00
20100225 -3675.00
20100226 -5287.50
20100301 -4262.50
20100302 -4300.00
20100303 -5125.00
20100304 -3187.50
20100305 -2412.50
20100308 -2725.00
20100309 -2125.00
20100310 -2075.00
20100311  -550.00
20100312  -575.00
20100315  -450.00
20100316 -1762.50
20100317 -3275.00
20100318 -3062.50
20100319 -2825.00
20100322 -3112.50
20100323 -2200.00
20100324 -1875.00
20100325   -25.00
20100326  -475.00
20100329 -1287.50
20100330 -1850.00
20100331     0.00
20100401  -237.50
20100405     0.00
20100406  -962.50
20100407 -2450.00
20100408 -1437.50
20100409 -1425.00
20100412 -2037.50
20100413 -3062.50
20100414 -3325.00
20100415 -4662.50
20100416 -5212.50
20100419 -3262.50
20100420 -4562.50
20100421 -4812.50
20100422 -5525.00
20100423 -4800.00
20100426 -3900.00
20100427 -3775.00
20100428 -4150.00
20100429 -4737.50
20100430 -5425.00
20100503 -5175.00
20100504 -5550.00
20100505 -5750.00
20100506 -5662.50
20100507 -5700.00
20100510 -5625.00
20100511 -6000.00
20100512 -6000.00
20100513 -6000.00
20100514 -6000.00
20100517 -6000.00
20100518 -6000.00
20100519 -6000.00
20100520 -6000.00
20100521 -6000.00
20100524 -6000.00
20100525 -6000.00
20100526 -6000.00
20100527 -6000.00
20100528 -6000.00
20100601 -6000.00
20100602 -5587.50
20100603 -5550.00
20100604 -5250.00
20100607 -4862.50
20100608 -4937.50
20100609 -4775.00
20100610 -5287.50
20100611 -5975.00
20100614 -6725.00
20100615 -6737.50
20100616 -7337.50
20100617 -7475.00
20100618 -7587.50
20100621 -7312.50
20100622 -7075.00
20100623 -6900.00
20100624 -6850.00
20100625 -6300.00
20100628 -5625.00
20100629 -4812.50
20100630 -7450.00
20100701 -9050.00
20100702 -9050.00
20100706 -9050.00
20100707 -9050.00
20100708 -9050.00
20100709 -9575.00
20100712 -9462.50
20100713 -8925.00
20100714 -8312.50
20100715 -5375.00
20100716 -5800.00
20100719 -7287.50
20100720 -7737.50
20100721 -6712.50
20100722 -6425.00
20100723 -6650.00
20100726 -8337.50
20100727 -8075.00
20100728 -6425.00
20100729 -5012.50
20100730 -2350.00
20100802  -400.00
20100803  -887.50
20100804     0.00
20100805     0.00
20100806 -2712.50
20100809 -3700.00
20100810 -5725.00
20100811 -5862.50
20100812 -3937.50
20100813 -3312.50
20100816 -5950.00
20100817 -5650.00
20100818 -5712.50
20100819 -5587.50
20100820 -5725.00
20100823 -5375.00
20100824 -7225.00
20100825 -8575.00
20100826 -6900.00
20100827 -5925.00
20100830 -5462.50
20100831 -7137.50
20100901 -5837.50
20100902 -5375.00
20100903 -1850.00
20100907 -1212.50
20100908 -2775.00
20100909 -1150.00
20100910 -1587.50
20100913  -737.50
20100914  -562.50
20100915  -662.50
20100916 -1312.50
20100917     0.00
20100920     0.00
20100921 -1062.50
20100922  -562.50
20100923 -1725.00
20100924     0.00
20100927 -1000.00
20100928 -3650.00
20100929 -4012.50
20100930 -4562.50
20101001 -9500.00
20101004 -9800.00
20101005 -7937.50
20101006 -8550.00
20101007 -7912.50
20101008 -2912.50
20101011  -662.50
20101012     0.00
20101013  -587.50
20101014   -87.50
20101015  -475.00
20101018  -812.50
20101019 -1575.00
20101020     0.00
20101021  -987.50
20101022 -1300.00
20101025     0.00
20101026     0.00
20101027     0.00
20101028     0.00
20101029     0.00
20101101  -287.50
20101102  -412.50
20101103     0.00
20101104     0.00
20101105     0.00
20101108  -587.50
20101109     0.00
20101110  -950.00
20101111  -112.50
20101112 -5112.50
20101115 -3162.50
20101116 -7950.00
20101117 -9037.50
20101118 -7025.00
20101119 -10062.50
20101122 -9387.50
20101123 -7675.00
20101124 -6637.50
20101126 -7525.00
20101129 -9062.50
20101130 -7862.50
20101201 -7275.00
20101202 -7975.00
20101203 -6050.00
20101206 -6912.50
20101207 -7375.00
20101208 -6212.50
20101209 -6950.00
20101210 -7375.00
20101213 -5187.50
20101214 -5575.00
20101215 -5700.00
20101216 -5912.50
20101217 -4975.00
20101220 -4000.00
20101221 -3312.50
20101222 -2850.00
20101223 -1562.50
20101227  -325.00
20101228     0.00
20101229  -450.00
20101230  -850.00
20101231     0.00
20110103 -1625.00
20110104 -2700.00
20110105  -962.50
20110106 -2600.00
20110107 -3600.00
20110110 -2225.00
20110111 -3400.00
20110112     0.00
20110113     0.00
20110114     0.00
20110118     0.00
20110119 -1000.00
20110120  -225.00
20110121  -162.50
20110124  -650.00
20110125 -2562.50
20110126  -412.50
20110127  -575.00
20110128 -2012.50
20110131     0.00
20110201     0.00
20110202     0.00
20110203  -962.50
20110204  -525.00
20110207  -912.50
20110208     0.00
20110209     0.00
20110210 -2037.50
20110211 -2275.00
20110214 -3225.00
20110215 -6812.50
20110216 -7075.00
20110217 -3350.00
20110218 -6750.00
20110222 -14850.00
20110223 -14262.50
20110224 -14550.00
20110225 -13237.50
20110228 -12787.50
20110301 -12562.50
20110302 -13262.50
20110303 -12500.00
20110304 -12937.50
20110307 -13462.50
20110308 -14062.50
20110309 -14287.50
20110310 -15200.00
20110311 -16125.00
20110314 -16037.50
20110315 -17587.50
20110316 -17300.00
20110317 -19712.50
20110318 -20350.00
20110321 -20250.00
20110322 -20312.50
20110323 -19912.50
20110324 -21175.00
20110325 -20862.50
20110328 -20462.50
20110329 -21062.50
20110330 -20562.50
20110331 -22362.50
20110401 -22175.00
20110404 -23700.00
20110405 -23187.50
20110406 -23175.00
20110407 -22925.00
20110408 -23687.50
20110411 -23325.00
20110412 -22562.50
20110413 -22075.00
20110414 -21525.00
20110415 -22325.00
20110418 -23375.00
20110419 -24050.00
20110420 -24825.00
20110421 -25325.00
20110425 -25437.50
20110426 -25250.00
20110427 -25950.00
20110428 -27412.50
20110429 -26050.00
20110502 -27150.00
20110503 -27687.50
20110504 -27400.00
20110505 -28487.50
20110506 -28487.50
20110509 -28487.50
20110510 -28487.50
20110511 -28487.50
20110512 -28487.50
20110513 -28487.50
20110516 -28487.50
20110517 -28487.50
20110518 -28487.50
20110519 -28487.50
20110520 -28487.50
20110523 -28487.50
20110524 -28487.50
20110525 -28487.50
20110526 -28487.50
20110527 -28487.50
20110531 -28487.50
20110601 -28487.50
20110602 -28487.50
20110603 -28487.50
20110606 -28487.50
20110607 -28487.50
20110608 -28487.50
20110609 -28487.50
20110610 -28487.50
20110613 -28487.50
20110614 -28487.50
20110615 -28487.50
20110616 -26725.00
20110617 -26675.00
20110620 -26025.00
20110621 -26775.00
20110622 -24975.00
20110623 -25512.50
20110624 -24850.00
20110627 -24200.00
20110628 -25075.00
20110629 -25125.00
20110630 -22125.00
20110701 -22025.00
20110705 -24125.00
20110706 -23362.50
20110707 -24050.00
20110708 -25750.00
20110711 -25187.50
20110712 -27875.00
20110713 -31137.50
20110714 -30962.50
20110715 -30875.00
20110718 -30362.50
20110719 -30650.00
20110720 -30325.00
20110721 -28900.00
20110722 -30187.50
20110725 -29437.50
20110726 -30262.50
20110727 -30887.50
20110728 -29850.00
20110729 -27975.00
20110801 -28962.50
20110802 -32587.50
20110803 -32212.50
20110804 -30775.00
20110805 -30637.50
20110808 -29512.50
20110809 -30275.00
20110810 -31025.00
20110811 -33350.00
20110812 -33562.50
20110815 -34887.50
20110816 -35412.50
20110817 -36462.50
20110818 -35475.00
20110819 -36625.00
20110822 -36912.50
20110823 -36912.50
20110824 -36912.50
20110825 -36912.50
20110826 -36912.50
20110829 -35737.50
20110830 -35237.50
20110831 -35212.50
20110901 -36362.50
20110902 -35800.00
20110906 -36962.50
20110907 -37050.00
20110908 -37175.00
20110909 -36750.00
20110912 -38287.50
20110913 -38500.00
20110914 -38950.00
20110915 -40200.00
20110916 -40200.00
20110919 -40200.00
20110920 -40200.00
20110921 -40200.00
20110922 -40200.00
20110923 -39300.00
20110926 -39762.50
20110927 -40425.00
20110928 -37475.00
20110929 -38575.00
20110930 -33775.00
20111003 -34212.50
20111004 -32325.00
20111005 -34462.50
20111006 -34000.00
20111007 -33025.00
20111010 -34437.50
20111011 -41800.00
20111012 -40087.50
20111013 -40400.00
20111014 -41375.00
20111017 -40625.00
20111018 -40737.50
20111019 -38887.50
20111020 -40000.00
20111021 -39412.50
20111024 -40750.00
20111025 -40362.50
20111026 -38100.00
20111027 -41262.50
20111028 -40562.50
20111031 -38912.50
20111101 -38625.00
20111102 -37850.00
20111103 -40125.00
20111104 -39962.50
20111107 -38975.00
20111108 -40412.50
20111109 -38512.50
20111110 -35937.50
20111111 -35825.00
20111114 -35662.50
20111115 -38212.50
20111116 -36650.00
20111117 -33050.00
20111118 -33125.00
20111121 -31150.00
20111122 -31587.50
20111123 -28812.50
20111125 -27462.50
20111128 -28662.50
20111129 -30162.50
20111130 -30500.00
20111201 -30025.00
20111202 -30662.50
20111205 -29275.00
20111206 -29787.50
20111207 -29050.00
20111208 -29325.00
20111209 -27700.00
20111212 -27850.00
20111213 -28512.50
20111214 -25912.50
20111215 -26337.50
20111216 -27675.00
20111219 -29725.00
20111220 -30800.00
20111221 -32200.00
20111222 -32912.50
20111223 -33062.50
20111227 -36725.00
20111228 -37487.50
20111229 -36725.00
20111230 -37737.50
20120103 -38775.00
20120104 -38775.00
20120105 -38775.00
20120106 -38775.00
20120109 -38775.00
20120110 -38775.00
20120111 -38775.00
20120112 -38775.00
20120113 -38775.00
20120117 -38775.00
20120118 -38775.00
20120119 -38775.00
20120120 -38775.00
20120123 -38775.00
20120124 -38775.00
20120125 -38775.00
20120126 -38775.00
20120127 -38775.00
20120130 -38775.00
20120131 -38775.00
20120201 -38775.00
20120202 -38775.00
20120203 -38775.00
20120206 -38775.00
20120207 -38775.00
20120208 -38775.00
20120209 -38775.00
20120210 -38775.00
20120213 -38775.00
20120214 -38775.00
20120215 -38775.00
20120216 -38775.00
20120217 -38775.00
20120221 -38775.00
20120222 -38775.00
20120223 -38775.00
20120224 -38775.00
20120227 -38775.00
20120228 -38200.00
20120229 -37825.00
20120301 -37700.00
20120302 -37175.00
20120305 -37575.00
20120306 -37062.50
20120307 -37487.50
20120308 -36900.00
20120309 -36937.50
20120312 -37100.00
20120313 -36387.50
20120314 -36312.50
20120315 -35375.00
20120316 -35125.00
20120319 -35500.00
20120320 -36575.00
20120321 -36075.00
20120322 -36350.00
20120323 -35537.50
20120326 -34850.00
20120327 -35337.50
20120328 -35450.00
20120329 -36050.00
20120330 -33675.00
20120402 -32775.00
20120403 -32987.50
20120404 -32850.00
20120405 -32125.00
20120409 -32275.00
20120410 -32525.00
20120411 -32725.00
20120412 -31775.00
20120413 -31987.50
20120416 -32825.00
20120417 -32537.50
20120418 -33437.50
20120419 -34000.00
20120420 -32025.00
20120423 -33000.00
20120424 -31587.50
20120425 -30612.50
20120426 -30875.00
20120427 -31600.00
20120430 -31000.00
20120501 -31100.00
20120502 -32025.00
20120503 -32600.00
20120504 -32362.50
20120507 -32987.50
20120508 -34362.50
20120509 -34762.50
20120510 -33575.00
20120511 -35825.00
20120514 -36937.50
20120515 -36862.50
20120516 -39112.50
20120517 -39312.50
20120518 -40962.50
20120521 -40150.00
20120522 -42587.50
20120523 -44625.00
20120524 -44750.00
20120525 -43900.00
20120529 -44262.50
20120530 -44262.50
20120531 -44600.00
20120601 -44412.50
20120604 -45237.50
20120605 -45212.50
20120606 -46150.00
20120607 -46537.50
20120608 -46737.50
20120611 -46437.50
20120612 -46037.50
20120613 -46462.50
20120614 -46912.50
20120615 -45812.50
20120618 -46812.50
20120619 -47512.50
20120620 -47512.50
20120621 -47512.50
20120622 -47512.50
20120625 -47512.50
20120626 -47275.00
20120627 -47125.00
20120628 -47425.00
20120629 -46862.50
20120702 -44912.50
20120703 -40725.00
20120705 -34375.00
20120706 -37425.00
20120709 -32512.50
20120710 -34350.00
20120711 -35775.00
20120712 -33337.50
20120713 -31712.50
20120716 -26112.50
20120717 -25687.50
20120718 -21775.00
20120719 -17037.50
20120720 -14600.00
20120723 -19600.00
20120724 -24962.50
20120725 -21262.50
20120726 -24812.50
20120727 -21537.50
20120730 -17550.00
20120731 -19662.50
20120801 -21000.00
20120802 -22675.00
20120803 -19950.00
20120806 -22425.00
20120807 -23912.50
20120808 -21887.50
20120809 -18325.00
20120810 -20000.00
20120813 -24437.50
20120814 -25575.00
20120815 -22687.50
20120816 -22212.50
20120817 -20512.50
20120820 -17537.50
20120821 -13237.50
20120822 -13725.00
20120823 -16537.50
20120824 -16387.50
20120827 -17687.50
20120828 -18125.00
20120829 -14175.00
20120830 -14037.50
20120831 -15500.00
20120904 -14687.50
20120905 -17487.50
20120906 -15925.00
20120907 -15737.50
20120910 -18200.00
20120911 -19637.50
20120912 -17525.00
20120913 -16637.50
20120914 -15525.00
20120917 -23037.50
20120918 -25612.50
20120919 -22412.50
20120920 -25575.00
20120921 -24425.00
20120924 -25450.00
20120925 -25700.00
20120926 -29487.50
20120927 -30287.50
20120928 -26425.00
20121001 -29425.00
20121002 -30062.50
20121003 -29987.50
20121004 -30175.00
20121005 -30812.50
20121008 -30812.50
20121009 -30812.50
20121010 -30812.50
20121011 -30812.50
20121012 -30812.50
20121015 -30812.50
20121016 -30812.50
20121017 -30812.50
20121018 -30812.50
20121019 -30812.50
20121022 -30812.50
20121023 -30812.50
20121024 -30812.50
20121025 -30812.50
20121026 -30812.50
20121029 -30812.50
20121030 -30812.50
20121031 -30812.50
20121101 -30812.50
20121102 -30812.50
20121105 -30812.50
20121106 -30812.50
20121107 -30812.50
20121108 -30812.50
20121109 -30812.50
20121112 -30812.50
20121113 -30962.50
20121114 -31512.50
20121115 -30662.50
20121116 -29725.00
20121119 -30487.50
20121120 -31550.00
20121121 -31337.50
20121123 -31987.50
20121126 -32350.00
20121127 -34812.50
20121128 -34800.00
20121129 -34600.00
20121130 -33037.50
20121203 -33650.00
20121204 -33525.00
20121205 -34887.50
20121206 -35587.50
20121207 -34587.50
20121210 -34100.00
20121211 -32600.00
20121212 -32200.00
20121213 -32175.00
20121214 -33425.00
20121217 -33137.50
20121218 -31787.50
20121219 -30062.50
20121220 -27562.50
20121221 -29012.50
20121224 -29662.50
20121226 -27387.50
20121227 -26962.50
20121228 -27612.50
20121231 -27362.50
20130102 -24987.50
20130103 -24637.50
20130104 -22812.50
20130107 -24337.50
20130108 -24362.50
20130109 -24337.50
20130110 -24225.00
20130111 -24912.50
20130114 -28525.00
20130115 -29412.50
20130116 -30712.50
20130117 -29875.00
20130118 -30475.00
20130122 -31050.00
20130123 -29700.00
20130124 -29475.00
20130125 -29987.50
20130128 -30887.50
20130129 -30987.50
20130130 -33475.00
20130131 -33100.00
20130201 -32375.00
20130204 -32275.00
20130205 -32000.00
20130206 -32200.00
20130207 -31925.00
20130208 -31937.50
20130211 -31200.00
20130212 -30725.00
20130213 -30900.00
20130214 -30725.00
20130215 -31237.50
20130219 -30737.50
20130220 -31050.00
20130221 -30187.50
20130222 -29875.00
20130225 -29087.50
20130226 -29375.00
20130227 -29425.00
20130228 -29550.00
20130301 -29850.00
20130304 -28950.00
20130305 -29125.00
20130306 -28012.50
20130307 -28600.00
20130308 -28675.00
20130311 -28825.00
20130312 -29000.00
20130313 -29325.00
20130314 -30062.50
20130315 -29975.00
20130318 -29462.50
20130319 -29925.00
20130320 -30625.00
20130321 -30262.50
20130322 -30312.50
20130325 -30187.50
20130326 -30400.00
20130327 -30662.50
20130328 -28212.50
20130329 -28212.50
20130401 -27025.00
20130402 -27275.00
20130403 -28612.50
20130404 -27912.50
20130405 -28112.50
20130408 -29012.50
20130409 -29362.50
20130410 -29000.00
20130411 -29162.50
20130412 -30375.00
20130415 -28737.50
20130416 -30050.00
20130417 -29925.00
20130418 -29075.00
20130419 -29762.50
20130422 -29112.50
20130423 -28512.50
20130424 -28275.00
20130425 -29037.50
20130426 -28237.50
20130429 -31437.50
20130430 -31675.00
20130501 -31012.50
20130502 -32150.00
20130503 -31737.50
20130506 -29587.50
20130507 -30075.00
20130508 -29575.00
20130509 -31237.50
20130510 -29650.00
20130513 -30887.50
20130514 -30787.50
20130515 -29850.00
20130516 -29087.50
20130517 -29425.00
20130520 -28562.50
20130521 -27162.50
20130522 -27687.50
20130523 -28337.50
20130524 -28975.00
20130528 -27650.00
20130529 -28475.00
20130530 -28575.00
20130531 -28200.00
20130603 -27237.50
20130604 -27437.50
20130605 -26900.00
20130606 -26950.00
20130607 -26825.00
20130610 -27325.00
20130611 -26237.50
20130612 -25537.50
20130613 -27187.50
20130614 -26637.50
20130617 -26825.00
20130618 -27262.50
20130619 -27675.00
20130620 -28950.00
20130621 -29162.50
20130624 -28225.00
20130625 -27562.50
20130626 -27687.50
20130627 -27562.50
20130628 -27925.00
20130701 -28225.00
20130702 -28425.00
20130703 -28350.00
20130705 -29225.00
20130708 -28175.00
20130709 -27700.00
20130710 -27350.00
20130711 -27250.00
20130712 -28825.00
20130715 -27925.00
20130716 -26800.00
20130717 -26712.50
20130718 -27375.00
20130719 -27162.50
20130722 -26200.00
20130723 -27312.50
20130724 -27462.50
20130725 -28287.50
20130726 -27912.50
20130729 -28262.50
20130730 -29662.50
20130731 -30287.50
20130801 -29400.00
20130802 -28950.00
20130805 -27850.00
20130806 -28262.50
20130807 -27712.50
20130808 -27862.50
20130809 -27087.50
20130812 -27475.00
20130813 -26300.00
20130814 -26887.50
20130815 -28075.00
20130816 -27362.50
20130819 -28862.50
20130820 -28025.00
20130821 -28962.50
20130822 -28025.00
20130823 -28625.00
20130826 -30650.00
20130827 -30600.00
20130828 -30000.00
20130829 -29987.50
20130830 -30550.00
20130903 -28412.50
20130904 -29787.50
20130905 -28312.50
20130906 -29037.50
20130909 -29037.50
20130910 -29650.00
20130911 -29737.50
20130912 -27787.50
20130913 -27575.00
20130916 -29100.00
20130917 -29350.00
20130918 -29375.00
20130919 -30475.00
20130920 -30725.00
20130923 -31575.00
20130924 -31350.00
20130925 -31800.00
20130926 -32587.50
20130927 -32300.00
20130930 -33575.00
20131001 -33450.00
20131002 -33450.00
20131003 -33462.50
20131004 -33662.50
20131007 -33962.50
20131008 -33587.50
20131009 -33675.00
20131010 -33412.50
20131011 -33162.50
20131014 -33350.00
20131015 -33675.00
20131016 -33637.50
20131017 -33650.00
20131018 -33575.00
20131021 -34000.00
20131022 -33662.50
20131023 -33837.50
20131024 -33975.00
20131025 -34250.00
20131028 -34275.00
20131029 -34325.00
20131030 -34550.00
20131031 -34875.00
20131101 -34825.00
20131104 -34775.00
20131105 -34712.50
20131106 -34525.00
20131107 -34487.50
20131108 -34800.00
20131111 -35200.00
20131112 -35075.00
20131113 -34950.00
20131114 -34787.50
20131115 -34562.50
20131118 -34062.50
20131119 -34350.00
20131120 -34312.50
20131121 -34612.50
20131122 -34575.00
20131125 -34700.00
20131126 -34387.50
20131127 -34475.00
20131129 -34375.00
20131202 -34375.00
20131203 -34712.50
20131204 -34975.00
20131205 -34825.00
20131206 -34862.50
20131209 -35050.00
20131210 -34950.00
20131211 -35112.50
20131212 -34862.50
20131213 -34425.00
20131216 -33962.50
20131217 -34037.50
20131218 -33600.00
20131219 -33775.00
20131220 -34050.00
20131223 -33900.00
20131224 -33750.00
20131226 -33325.00
20131227 -33537.50
20131230 -32912.50
20131231 -33075.00
20140102 -32587.50
20140103 -33175.00
20140106 -33387.50
20140107 -33137.50
20140108 -32000.00
20140109 -31525.00
20140110 -31800.00
20140113 -32112.50
20140114 -32250.00
20140115 -31387.50
20140116 -31750.00
20140117 -31087.50
20140121 -31075.00
20140122 -31087.50
20140123 -31662.50
20140124 -31450.00
20140127 -31475.00
20140128 -31612.50
20140129 -30662.50
20140130 -31112.50
20140131 -31225.00
20140203 -31625.00
20140204 -32662.50
20140205 -32812.50
20140206 -32475.00
20140207 -32312.50
20140210 -32675.00
20140211 -32950.00
20140212 -32787.50
20140213 -33212.50
20140214 -33362.50
20140218 -34037.50
20140219 -34575.00
20140220 -34075.00
20140221 -33262.50
20140224 -32950.00
20140225 -31975.00
20140226 -30875.00
20140227 -30737.50
20140228 -29737.50
20140303 -31137.50
20140304 -29762.50
20140305 -30000.00
20140306 -28675.00
20140307 -27787.50
20140310 -30275.00
20140311 -30312.50
20140312 -31350.00
20140313 -31062.50
20140314 -31400.00
20140317 -31587.50
20140318 -29900.00
20140319 -28012.50
20140320 -28950.00
20140321 -30700.00
20140324 -28250.00
20140325 -28612.50
20140326 -28687.50
20140327 -27800.00
20140328 -28550.00
20140331 -26587.50
20140401 -25887.50
20140402 -28387.50
20140403 -27187.50
20140404 -27487.50
20140407 -27762.50
20140408 -26225.00
20140409 -26425.00
20140410 -27462.50
20140411 -28662.50
20140414 -26850.00
20140415 -24412.50
20140416 -24537.50
20140417 -24750.00
20140421 -26975.00
20140422 -27300.00
20140423 -27325.00
20140424 -26637.50
20140425 -24487.50
20140428 -24137.50
20140429 -22487.50
20140430 -22587.50
20140501 -26487.50
20140502 -25937.50
20140505 -25237.50
20140506 -24450.00
20140507 -25350.00
20140508 -24187.50
20140509 -24400.00
20140512 -26262.50
20140513 -25462.50
20140514 -26625.00
20140515 -28662.50
20140516 -29125.00
20140519 -28100.00
20140520 -29075.00
20140521 -27662.50
20140522 -26987.50
20140523 -27150.00
20140527 -28487.50
20140528 -28037.50
20140529 -27975.00
20140530 -28262.50
20140602 -27900.00
20140603 -28862.50
20140604 -28800.00
20140605 -29900.00
20140606 -30575.00
20140609 -30175.00
20140610 -29625.00
20140611 -30300.00
20140612 -30250.00
20140613 -30437.50
20140616 -29887.50
20140617 -29812.50
20140618 -30212.50
20140619 -30987.50
20140620 -30712.50
20140623 -30000.00
20140624 -29487.50
20140625 -29612.50
20140626 -29800.00
20140627 -30412.50
20140630 -28425.00
20140701 -27550.00
20140702 -27212.50
20140703 -26875.00
20140707 -24887.50
20140708 -24287.50
20140709 -23062.50
20140710 -22137.50
20140711 -19712.50
20140714 -21025.00
20140715 -20650.00
20140716 -21662.50
20140717 -21962.50
20140718 -20187.50
20140721 -19025.00
20140722 -17875.00
20140723 -19237.50
20140724 -19500.00
20140725 -19975.00
20140728 -21262.50
20140729 -19575.00
20140730 -19262.50
20140731 -19212.50
20140801 -18012.50
20140804 -19862.50
20140805 -19475.00
20140806 -21312.50
20140807 -20700.00
20140808 -20037.50
20140811 -19575.00
20140812 -18550.00
20140813 -17387.50
20140814 -18512.50
20140815 -19200.00
20140818 -18800.00
20140819 -18812.50
20140820 -17600.00
20140821 -18087.50
20140822 -18725.00
20140825 -17337.50
20140826 -17025.00
20140827 -17500.00
20140828 -18425.00
20140829 -17175.00
20140902 -17475.00
20140903 -15312.50
20140904 -13925.00
20140905 -15187.50
20140908 -14412.50
20140909 -13100.00
20140910 -12837.50
20140911 -11487.50
20140912 -11225.00
20140915 -11612.50
20140916 -11012.50
20140917 -11137.50
20140918 -9862.50
20140919 -8112.50
20140922 -7187.50
20140923 -6812.50
20140924 -7300.00
20140925 -6125.00
20140926 -5350.00
20140929 -6512.50
20140930 -5537.50
20141001 -5812.50
20141002 -6475.00
20141003 -6025.00
20141006 -8275.00
20141007 -9350.00
20141008 -9275.00
20141009 -8950.00
20141010 -7700.00
20141013 -9775.00
20141014 -11525.00
20141015 -10275.00
20141016 -11725.00
20141017 -10737.50
20141020 -9850.00
20141021 -11525.00
20141022 -11450.00
20141023 -13537.50
20141024 -11962.50
20141027 -14187.50
20141028 -15087.50
20141029 -16487.50
20141030 -16487.50
20141031 -16487.50
20141103 -16487.50
20141104 -16487.50
20141105 -16487.50
20141106 -16487.50
20141107 -16487.50
20141110 -16487.50
20141111 -16487.50
20141112 -16487.50
20141113 -16487.50
20141114 -16487.50
20141117 -16487.50
20141118 -16487.50
20141119 -16487.50
20141120 -16487.50
20141121 -16487.50
20141124 -16487.50
20141125 -16487.50
20141126 -16487.50
20141128 -16487.50
20141201 -16487.50
20141202 -16662.50
20141203 -17350.00
20141204 -17337.50
20141205 -17125.00
20141208 -16925.00
20141209 -17537.50
20141210 -17737.50
20141211 -16950.00
20141212 -16500.00
20141215 -15875.00
20141216 -15662.50
20141217 -14400.00
20141218 -14062.50
20141219 -15212.50
20141222 -15537.50
20141223 -15050.00
20141224 -16250.00
20141226 -16287.50
20141229 -16050.00
20141230 -16725.00
20141231 -17337.50
20150102 -17762.50
20150105 -17375.00
20150106 -17237.50
20150107 -17850.00
20150108 -18475.00
20150109 -18637.50
20150112 -19050.00
20150113 -19475.00
20150114 -19475.00
20150115 -19475.00
20150116 -19475.00
20150120 -19475.00
20150121 -19475.00
20150122 -19475.00
20150123 -19475.00
20150126 -19475.00
20150127 -19475.00
20150128 -19475.00
20150129 -19475.00
20150130 -19475.00
20150202 -19475.00
20150203 -19475.00
20150204 -19475.00
20150205 -19475.00
20150206 -19475.00
20150209 -19475.00
20150210 -19475.00
20150211 -19475.00
20150212 -19475.00
20150213 -19475.00
20150217 -19475.00
20150218 -19475.00
20150219 -19475.00
20150220 -19475.00
20150223 -19475.00
20150224 -19475.00
20150225 -19475.00
20150226 -19475.00
20150227 -19475.00
20150302 -19475.00
20150303 -19475.00
20150304 -19475.00
20150305 -19475.00
20150306 -19475.00
20150309 -19475.00
20150310 -19475.00
20150311 -19475.00
20150312 -19475.00
20150313 -19475.00
20150316 -19475.00
20150317 -19475.00
20150318 -19662.50
20150319 -19600.00
20150320 -20175.00
20150323 -20437.50
20150324 -20587.50
20150325 -20675.00
20150326 -20487.50
20150327 -20475.00
20150330 -20650.00
20150331 -19737.50
20150401 -20012.50
20150402 -20250.00
20150406 -20175.00
20150407 -20075.00
20150408 -19887.50
20150409 -19825.00
20150410 -19775.00
20150413 -19450.00
20150414 -19600.00
20150415 -19725.00
20150416 -19737.50
20150417 -19912.50
20150420 -19825.00
20150421 -19575.00
20150422 -19550.00
20150423 -19462.50
20150424 -19150.00
20150427 -18962.50
20150428 -18950.00
20150429 -19112.50
20150430 -19037.50
20150501 -18875.00
20150504 -18787.50
20150505 -18550.00
20150506 -19387.50
20150507 -18800.00
20150508 -19312.50
20150511 -19162.50
20150512 -19162.50
20150513 -19275.00
20150514 -21250.00
20150515 -21125.00
20150518 -21250.00
20150519 -20950.00
20150520 -20850.00
20150521 -20962.50
20150522 -20000.00
20150526 -19662.50
20150527 -19612.50
20150528 -19762.50
20150529 -20062.50
20150601 -19700.00
20150602 -20775.00
20150603 -20500.00
20150604 -21287.50
20150605 -20700.00
20150608 -21262.50
20150609 -21612.50
20150610 -21125.00
20150611 -20612.50
20150612 -20437.50
20150615 -20087.50
20150616 -21362.50
20150617 -22250.00
20150618 -22187.50
20150619 -21950.00
20150622 -22287.50
20150623 -22662.50
20150624 -22612.50
20150625 -23162.50
20150626 -23162.50
20150629 -22687.50
20150630 -18212.50
20150701 -19937.50
20150702 -19500.00
20150706 -20125.00
20150707 -22250.00
20150708 -22450.00
20150709 -20837.50
20150710 -20312.50
20150713 -19712.50
20150714 -20750.00
20150715 -21350.00
20150716 -21800.00
20150717 -22912.50
20150720 -25100.00
20150721 -25162.50
20150722 -26262.50
20150723 -26987.50
20150724 -28300.00
20150727 -30962.50
20150728 -30962.50
20150729 -30962.50
20150730 -30962.50
20150731 -30962.50
20150803 -30962.50
20150804 -30962.50
20150805 -30962.50
20150806 -30962.50
20150807 -30962.50
20150810 -30962.50
20150811 -30962.50
20150812 -30962.50
20150813 -30962.50
20150814 -30962.50
20150817 -30962.50
20150818 -30962.50
20150819 -30962.50
20150820 -30962.50
20150821 -30962.50
20150824 -30962.50
20150825 -30962.50
20150826 -30962.50
20150827 -31662.50
20150828 -31987.50
20150831 -32087.50
20150901 -31412.50
20150902 -31412.50
20150903 -31187.50
20150904 -31037.50
20150908 -31675.00
20150909 -31325.00
20150910 -31412.50
20150911 -31425.00
20150914 -31925.00
20150915 -32162.50
20150916 -32075.00
20150917 -31937.50
20150918 -31075.00
20150921 -31425.00
20150922 -30800.00
20150923 -30900.00
20150924 -31112.50
20150925 -32175.00
20150928 -31550.00
20150929 -31925.00
20150930 -32312.50
20151001 -31575.00
20151002 -31425.00
20151005 -31925.00
20151006 -32112.50
20151007 -32262.50
20151008 -31775.00
20151009 -32000.00
20151012 -32087.50
20151013 -33412.50
20151014 -33237.50
20151015 -32975.00
20151016 -32625.00
20151019 -32262.50
20151020 -32512.50
20151021 -32975.00
20151022 -32650.00
20151023 -32487.50
20151026 -31962.50
20151027 -32275.00
20151028 -31875.00
20151029 -31750.00
20151030 -32025.00
20151102 -31675.00
20151103 -31687.50
20151104 -31937.50
20151105 -30937.50
20151106 -31100.00
20151109 -31050.00
20151110 -30512.50
20151111 -30937.50
20151112 -31037.50
20151113 -30462.50
20151116 -30762.50
20151117 -31087.50
20151118 -30762.50
20151119 -31000.00
20151120 -30825.00
20151123 -31362.50
20151124 -31187.50
20151125 -31800.00
20151127 -31450.00
20151130 -32100.00
20151201 -32437.50
20151202 -32050.00
20151203 -32962.50
20151204 -33475.00
20151207 -32962.50
20151208 -32925.00
20151209 -33350.00
20151210 -33912.50
20151211 -33462.50
20151214 -33800.00
20151215 -33750.00
20151216 -32837.50
20151217 -33087.50
20151218 -33237.50
20151221 -32725.00
20151222 -32075.00
20151223 -31925.00
20151224 -31775.00
20151228 -31550.00
20151229 -32087.50
20151230 -31612.50
20151231 -31612.50
20160104 -30662.50
20160105 -30887.50
20160106 -30975.00
20160107 -31250.00
20160108 -31950.00
20160111 -31212.50
20160112 -32075.00
20160113 -31975.00
20160114 -31512.50
20160115 -32025.00
20160119 -32287.50
20160120 -32187.50
20160121 -32275.00
20160122 -32462.50
20160125 -32737.50
20160126 -32875.00
20160127 -32462.50
20160128 -32062.50
20160129 -32737.50
20160201 -32500.00
20160202 -32562.50
20160203 -32725.00
20160204 -32237.50
20160205 -31800.00
20160208 -31212.50
20160209 -31100.00
20160210 -31250.00
20160211 -31100.00
20160212 -30987.50
20160216 -31537.50
20160217 -31962.50
20160218 -31562.50
20160219 -31537.50
20160222 -31475.00
20160223 -30675.00
20160224 -30300.00
20160225 -30237.50
20160226 -30100.00
20160229 -30025.00
20160301 -29600.00
20160302 -29837.50
20160303 -30325.00
20160304 -30462.50
20160307 -30600.00
20160308 -30800.00
20160309 -30900.00
20160310 -31500.00
20160311 -31550.00
20160314 -31887.50
20160315 -31800.00
20160316 -31462.50
20160317 -31062.50
20160318 -31012.50
20160321 -31362.50
20160322 -30962.50
20160323 -31025.00
20160324 -30762.50
20160328 -31237.50
20160329 -31225.00
20160330 -31575.00
20160331 -31487.50
20160401 -31237.50
20160404 -31500.00
20160405 -32050.00
20160406 -31950.00
20160407 -32300.00
20160408 -31725.00
20160411 -30875.00
20160412 -31037.50
20160413 -31100.00
20160414 -31400.00
20160415 -31000.00
20160418 -31787.50
20160419 -30050.00
20160420 -28325.00
20160421 -28812.50
20160422 -32525.00
20160425 -31625.00
20160426 -30462.50
20160427 -30525.00
20160428 -30250.00
20160429 -30112.50
20160502 -29412.50
20160503 -30700.00
20160504 -30650.00
20160505 -31937.50
20160506 -30812.50
20160509 -31225.00
20160510 -28350.00
20160511 -28637.50
20160512 -28950.00
20160513 -29300.00
20160516 -29325.00
20160517 -28387.50
20160518 -28512.50
20160519 -29175.00
20160520 -28812.50
20160523 -29437.50
20160524 -29637.50
20160525 -27737.50
20160526 -27850.00
20160527 -27287.50
20160531 -28087.50
20160601 -26575.00
20160602 -24275.00
20160603 -24737.50
20160606 -23462.50
20160607 -23212.50
20160608 -20687.50
20160609 -21475.00
20160610 -22300.00
20160613 -22600.00
20160614 -22562.50
20160615 -23987.50
20160616 -25550.00
20160617 -23675.00
20160620 -25300.00
20160621 -27062.50
20160622 -27012.50
20160623 -28000.00
20160624 -29075.00
20160627 -27575.00
20160628 -26750.00
20160629 -26500.00
20160630 -24512.50
20160701 -24537.50
20160705 -27712.50
20160706 -27662.50
20160707 -29950.00
20160708 -29437.50
20160711 -29012.50
20160712 -28012.50
20160713 -27650.00
20160714 -29300.00
20160715 -28812.50
20160718 -28837.50
20160719 -29475.00
20160720 -29012.50
20160721 -29087.50
20160722 -29500.00
20160725 -29675.00
20160726 -28862.50
20160727 -29012.50
20160728 -28562.50
20160729 -28600.00
20160801 -28075.00
20160802 -27762.50
20160803 -28250.00
20160804 -27687.50
20160805 -28500.00
20160808 -28600.00
20160809 -28450.00
20160810 -28700.00
20160811 -28350.00
20160812 -28725.00
20160815 -28912.50
20160816 -29037.50
20160817 -29300.00
20160818 -29437.50
20160819 -29550.00
20160822 -28912.50
20160823 -28300.00
20160824 -28062.50
20160825 -27725.00
20160826 -26475.00
20160829 -25737.50
20160830 -25250.00
20160831 -25037.50
20160901 -25775.00
20160902 -26237.50
20160906 -26200.00
20160907 -26650.00
20160908 -27075.00
20160909 -27075.00
20160912 -27287.50
20160913 -26400.00
20160914 -26587.50
20160915 -26325.00
20160916 -26862.50
20160919 -26912.50
20160920 -27175.00
20160921 -27237.50
20160922 -26962.50
20160923 -26912.50
20160926 -26100.00
20160927 -26637.50
20160928 -26475.00
20160929 -26262.50
20160930 -26787.50
20161003 -26925.00
20161004 -27037.50
20161005 -27487.50
20161006 -26662.50
20161007 -26575.00
20161010 -27200.00
20161011 -27487.50
20161012 -26537.50
20161013 -28175.00
20161014 -28425.00
20161017 -28562.50
20161018 -28375.00
20161019 -28387.50
20161020 -28225.00
20161021 -28100.00
20161024 -27500.00
20161025 -27587.50
20161026 -27950.00
20161027 -28100.00
20161028 -27800.00
20161031 -28187.50
20161101 -28087.50
20161102 -28262.50
20161103 -27975.00
20161104 -28087.50
20161107 -27875.00
20161108 -28137.50
20161109 -27712.50
20161110 -27612.50
20161111 -27525.00
20161114 -27075.00
20161115 -27325.00
20161116 -27225.00
20161117 -27525.00
20161118 -27775.00
20161121 -27887.50
20161122 -27737.50
20161123 -27237.50
20161125 -26362.50
20161128 -25712.50
20161129 -26000.00
20161130 -26212.50
20161201 -25975.00
20161202 -26525.00
20161205 -25925.00
20161206 -25637.50
20161207 -25287.50
20161208 -26750.00
20161209 -26625.00
20161212 -27000.00
20161213 -27162.50
20161214 -27400.00
20161215 -26700.00
20161216 -26312.50
20161219 -26862.50
20161220 -27587.50
20161221 -27325.00
20161222 -27862.50
20161223 -27687.50
20161227 -28487.50
20161228 -28087.50
20161229 -28250.00
20161230 -28412.50
20170103 -28337.50
20170104 -28937.50
20170105 -29375.00
20170106 -29375.00
20170109 -29375.00
20170110 -29375.00
20170111 -29375.00
20170112 -29375.00
20170113 -29375.00
20170117 -29375.00
20170118 -29087.50
20170119 -29325.00
20170120 -29462.50
20170123 -29962.50
20170124 -30237.50
20170125 -30250.00
20170126 -30662.50
20170127 -30737.50
20170130 -32300.00
20170131 -32112.50
20170201 -31075.00
20170202 -31087.50
20170203 -31712.50
20170206 -31337.50
20170207 -30762.50
20170208 -29850.00
20170209 -30325.00
20170210 -29650.00
20170213 -29837.50
20170214 -30500.00
20170215 -29200.00
20170216 -30687.50
20170217 -31850.00
20170221 -32412.50
20170222 -32062.50
20170223 -32500.00
20170224 -32862.50
20170227 -33500.00
20170228 -33225.00
20170301 -32812.50
20170302 -32937.50
20170303 -32875.00
20170306 -32987.50
20170307 -33112.50
20170308 -33300.00
20170309 -33612.50
20170310 -33612.50
20170313 -33612.50
20170314 -33612.50
20170315 -33612.50
20170316 -33787.50
20170317 -33712.50
20170320 -33687.50
20170321 -33787.50
20170322 -33700.00
20170323 -33262.50
20170324 -32500.00
20170327 -32287.50
20170328 -32312.50
20170329 -32162.50
20170330 -31862.50
20170331 -31012.50
20170403 -30625.00
20170404 -30600.00
20170405 -30925.00
20170406 -30787.50
20170407 -30812.50
20170410 -30800.00
20170411 -30675.00
20170412 -31100.00
20170413 -31487.50
20170417 -31375.00
20170418 -31012.50
20170419 -31225.00
20170420 -31050.00
20170421 -31200.00
20170424 -31587.50
20170425 -31562.50
20170426 -31112.50
20170427 -31387.50
20170428 -31387.50
20170501 -33325.00
20170502 -33250.00
20170503 -33575.00
20170504 -33525.00
20170505 -33462.50
20170508 -33050.00
20170509 -33512.50
20170510 -33325.00
20170511 -33125.00
20170512 -32962.50
20170515 -33075.00
20170516 -33625.00
20170517 -33600.00
20170518 -32050.00
20170519 -32462.50
20170522 -32637.50
20170523 -32225.00
20170524 -32225.00
20170525 -31787.50
20170526 -31137.50
20170530 -30450.00
20170531 -30612.50
20170601 -30425.00
20170602 -30875.00
20170605 -30912.50
20170606 -30987.50
20170607 -31350.00
20170608 -31712.50
20170609 -31887.50
20170612 -31900.00
20170613 -31775.00
20170614 -31937.50
20170615 -31962.50
20170616 -31950.00
20170619 -32325.00
20170620 -32137.50
20170621 -32087.50
20170622 -31512.50
20170623 -31612.50
20170626 -32275.00
20170627 -32350.00
20170628 -32287.50
20170629 -31450.00
20170630 -32075.00
20170703 -31975.00
20170705 -31725.00
20170706 -32850.00
20170707 -32950.00
20170710 -31725.00
20170711 -31387.50
20170712 -33462.50
20170713 -37887.50
20170714 -37237.50
20170717 -37675.00
20170718 -37575.00
20170719 -37075.00
20170720 -36212.50
20170721 -36775.00
20170724 -37912.50
20170725 -39512.50
20170726 -38950.00
20170727 -38487.50
20170728 -38150.00
20170731 -38762.50
20170801 -41250.00
20170802 -41087.50
20170803 -41912.50
20170804 -42062.50
20170807 -42350.00
20170808 -42225.00
20170809 -42350.00
20170810 -41600.00
20170811 -41775.00
20170814 -41875.00
20170815 -41500.00
20170816 -41362.50
20170817 -41262.50
20170818 -41337.50
20170821 -41187.50
20170822 -41037.50
20170823 -40837.50
20170824 -40837.50
20170825 -40675.00
20170828 -40537.50
20170829 -40425.00
20170830 -40262.50
20170831 -40875.00
20170901 -40750.00
20170905 -40912.50
20170906 -41037.50
20170907 -40750.00
20170908 -40825.00
20170911 -40862.50
20170912 -40562.50
20170913 -40562.50
20170914 -40700.00
20170915 -40725.00
20170918 -40562.50
20170919 -40400.00
20170920 -40487.50
20170921 -40500.00
20170922 -40662.50
20170925 -40675.00
20170926 -40600.00
20170927 -40687.50
20170928 -40612.50
20170929 -40750.00
20171002 -40562.50
20171003 -40462.50
20171004 -40400.00
20171005 -40462.50
20171006 -40487.50
20171009 -40462.50
20171010 -40450.00
20171011 -40287.50
20171012 -40437.50
20171013 -40625.00
20171016 -40512.50
20171017 -40487.50
20171018 -40412.50
20171019 -40437.50
20171020 -40212.50
20171023 -40550.00
20171024 -40625.00
20171025 -40537.50
20171026 -40512.50
20171027 -40425.00
20171030 -40425.00
20171031 -40275.00
20171101 -40400.00
20171102 -40512.50
20171103 -40400.00
20171106 -40387.50
20171107 -40375.00
20171108 -40400.00
20171109 -40062.50
20171110 -40162.50
20171113 -40100.00
20171114 -39862.50
20171115 -39900.00
20171116 -39812.50
20171117 -40137.50
20171120 -40237.50
20171121 -40237.50
20171122 -40250.00
20171124 -40100.00
20171127 -39925.00
20171128 -39825.00
20171129 -40012.50
20171130 -40125.00
20171201 -40275.00
20171204 -40012.50
20171205 -40025.00
20171206 -39975.00
20171207 -39725.00
20171208 -39662.50
20171211 -39200.00
20171212 -39000.00
20171213 -39362.50
20171214 -39412.50
20171215 -39362.50
20171218 -39450.00
20171219 -39425.00
20171220 -39712.50
20171221 -39725.00
20171222 -39687.50
20171226 -40087.50
20171227 -40275.00
20171228 -39637.50
20171229 -39787.50
20180102 -40387.50
20180103 -40700.00
20180104 -40450.00
20180105 -40450.00
20180108 -39900.00
20180109 -40062.50
20180110 -39725.00
20180111 -39412.50
20180112 -39175.00
20180116 -39450.00
20180117 -39975.00
20180118 -40300.00
20180119 -40437.50
20180122 -40912.50
20180123 -40762.50
20180124 -42000.00
20180125 -42075.00
20180126 -42450.00
20180129 -42450.00
20180130 -42450.00
20180131 -42450.00
20180201 -42450.00
20180202 -42450.00
20180205 -42450.00
20180206 -42450.00
20180207 -42450.00
20180208 -42450.00
20180209 -42450.00
20180212 -42450.00
20180213 -42625.00
20180214 -42850.00
20180215 -42525.00
20180216 -42875.00
20180220 -43150.00
20180221 -42850.00
20180222 -42712.50
20180223 -42475.00
20180226 -41987.50
20180227 -41500.00
20180228 -40162.50
20180301 -38300.00
20180302 -38975.00
20180305 -38087.50
20180306 -38287.50
20180307 -39300.00
20180308 -38950.00
20180309 -40837.50
20180312 -40662.50
20180313 -40437.50
20180314 -41300.00
20180315 -41475.00
20180316 -41787.50
20180319 -44425.00
20180320 -44162.50
20180321 -44062.50
20180322 -44012.50
20180323 -44025.00
20180326 -44325.00
20180327 -44625.00
20180328 -44725.00
20180329 -42675.00
20180402 -43162.50
20180403 -42975.00
20180404 -44487.50
20180405 -43262.50
20180406 -43187.50
20180409 -42412.50
20180410 -42337.50
20180411 -42562.50
20180412 -41825.00
20180413 -42275.00
20180416 -43075.00
20180417 -42987.50
20180418 -43062.50
20180419 -43337.50
20180420 -44037.50
20180423 -44337.50
20180424 -44125.00
20180425 -43600.00
20180426 -43612.50
20180427 -42612.50
20180430 -42887.50
20180501 -42400.00
20180502 -43075.00
20180503 -41850.00
20180504 -43400.00
20180507 -44412.50
20180508 -44137.50
20180509 -44362.50
20180510 -44600.00
20180511 -45262.50
20180514 -45637.50
20180515 -45237.50
20180516 -45350.00
20180517 -45387.50
20180518 -43987.50
20180521 -44525.00
20180522 -43712.50
20180523 -43050.00
20180524 -43300.00
20180525 -42575.00
20180529 -43200.00
20180530 -44300.00
20180531 -44087.50
20180601 -44237.50
20180604 -45137.50
20180605 -44900.00
20180606 -44412.50
20180607 -42962.50
20180608 -43125.00
20180611 -42100.00
20180612 -41625.00
20180613 -41550.00
20180614 -41212.50
20180615 -40187.50
20180618 -40075.00
20180619 -38987.50
20180620 -39037.50
20180621 -38725.00
20180622 -39437.50
20180625 -38100.00
20180626 -37837.50
20180627 -37937.50
20180628 -37287.50
20180629 -37375.00
20180702 -36225.00
20180703 -36212.50
20180705 -35800.00
20180706 -38137.50
20180709 -36700.00
20180710 -36362.50
20180711 -34812.50
20180712 -35150.00
20180713 -34175.00
20180716 -34775.00
20180717 -35475.00
20180718 -35650.00
20180719 -36037.50
20180720 -36400.00
20180723 -36400.00
20180724 -36662.50
20180725 -37150.00
20180726 -37275.00
20180727 -37762.50
20180730 -38312.50
20180731 -39962.50
20180801 -38737.50
20180802 -38500.00
20180803 -39100.00
20180806 -37812.50
20180807 -38725.00
20180808 -38900.00
20180809 -38750.00
20180810 -36950.00
20180813 -37900.00
20180814 -38325.00
20180815 -38225.00
20180816 -39312.50
20180817 -38137.50
20180820 -38962.50
20180821 -39237.50
20180822 -38150.00
20180823 -37300.00
20180824 -37450.00
20180827 -37012.50
20180828 -35975.00
20180829 -36125.00
20180830 -35900.00
20180831 -36925.00
20180904 -37125.00
20180905 -36662.50
20180906 -36775.00
20180907 -37050.00
20180910 -37125.00
20180911 -36425.00
20180912 -36125.00
20180913 -35687.50
20180914 -35612.50
20180917 -35075.00
20180918 -34362.50
20180919 -35287.50
20180920 -36637.50
20180921 -36725.00
20180924 -36575.00
20180925 -36975.00
20180926 -37150.00
20180927 -37487.50
20180928 -36587.50
20181001 -37675.00
20181002 -38175.00
20181003 -37812.50
20181004 -37837.50
20181005 -38412.50
20181008 -38325.00
20181009 -38225.00
20181010 -38137.50
20181011 -38512.50
20181012 -38512.50
20181015 -38512.50
20181016 -38512.50
20181017 -38512.50
20181018 -38512.50
20181019 -38512.50
20181022 -38512.50
20181023 -38512.50
20181024 -38512.50
20181025 -38512.50
20181026 -38512.50
20181029 -38512.50
20181030 -38512.50
20181031 -38512.50
20181101 -38512.50
20181102 -38512.50
20181105 -38512.50
20181106 -38512.50
20181107 -38512.50
20181108 -38512.50
20181109 -38512.50
20181112 -38512.50
20181113 -38512.50
20181114 -38512.50
20181115 -38512.50
20181116 -38512.50
20181119 -38512.50
20181120 -38512.50
20181121 -38512.50
20181123 -38512.50
20181126 -38512.50
20181127 -38512.50
20181128 -38512.50
20181129 -38512.50
20181130 -38512.50
20181203 -38512.50
20181204 -38512.50
20181205 -38425.00
20181206 -38625.00
20181207 -38262.50
20181210 -38612.50
20181211 -38350.00
20181212 -38100.00
20181213 -38750.00
20181214 -39075.00
20181217 -38862.50
20181218 -38712.50
20181219 -39100.00
20181220 -39425.00
20181221 -39862.50
20181224 -39900.00
20181226 -40650.00
20181227 -40650.00
20181228 -40650.00
20181231 -40650.00
20190102 -40650.00
20190103 -40650.00
20190104 -40650.00
20190107 -40650.00
20190108 -40650.00
20190109 -40650.00
20190110 -40650.00
20190111 -40650.00
20190114 -40650.00
20190115 -40650.00
20190116 -40650.00
20190117 -40650.00
20190118 -40650.00
20190122 -40650.00
20190123 -40650.00
20190124 -40650.00
20190125 -40650.00
20190128 -40650.00
20190129 -40650.00
20190130 -40650.00
20190131 -40650.00
20190201 -40650.00
20190204 -40650.00
20190205 -40650.00
20190206 -40650.00
20190207 -40650.00
20190208 -40650.00
20190211 -40650.00
20190212 -40650.00
20190213 -40650.00
20190214 -40650.00
20190215 -40650.00
20190219 -40650.00
20190220 -40250.00
20190221 -40775.00
20190222 -40775.00
20190225 -39537.50
20190226 -39112.50
20190227 -38925.00
20190228 -38412.50
20190301 -38412.50
20190304 -38412.50
20190305 -38825.00
20190306 -38025.00
20190307 -37075.00
20190308 -37087.50
20190311 -36425.00
20190312 -38187.50
20190313 -38137.50
20190314 -38475.00
20190315 -39637.50
20190318 -39100.00
20190319 -38987.50
20190320 -39512.50
20190321 -40062.50
20190322 -39800.00
20190325 -40187.50
20190326 -39762.50
20190327 -38937.50
20190328 -38800.00
20190329 -37325.00
20190401 -38400.00
20190402 -38675.00
20190403 -39025.00
20190404 -39525.00
20190405 -38862.50
20190408 -38600.00
20190409 -38312.50
20190410 -38487.50
20190411 -38187.50
20190412 -38437.50
20190415 -38450.00
20190416 -37000.00
20190417 -36612.50
20190418 -36562.50
20190422 -35775.00
20190423 -35000.00
20190424 -34112.50
20190425 -34475.00
20190426 -34437.50
20190429 -33787.50
20190430 -33162.50
20190501 -33712.50
20190502 -33787.50
20190503 -33450.00
20190506 -32487.50
20190507 -32737.50
20190508 -32425.00
20190509 -30675.00
20190510 -30187.50
20190513 -30700.00
20190514 -33337.50
20190515 -33587.50
20190516 -35187.50
20190517 -34450.00
20190520 -35662.50
20190521 -35175.00
20190522 -35500.00
20190523 -35150.00
20190524 -35562.50
20190528 -36875.00
20190529 -37750.00
20190530 -37725.00
20190531 -37625.00
20190603 -37825.00
20190604 -37912.50
20190605 -37837.50
20190606 -37500.00
20190607 -37112.50
20190610 -37225.00
20190611 -36662.50
20190612 -37075.00
20190613 -36562.50
20190614 -35862.50
20190617 -35725.00
20190618 -36375.00
20190619 -37275.00
20190620 -36612.50
20190621 -37025.00
20190624 -36200.00
20190625 -36275.00
20190626 -36125.00
20190627 -36300.00
20190628 -38325.00
20190701 -39562.50
20190702 -39812.50
20190703 -38387.50
20190705 -38237.50
20190708 -38400.00
20190709 -39162.50
20190710 -38937.50
20190711 -37637.50
20190712 -37062.50
20190715 -38487.50
20190716 -38787.50
20190717 -38850.00
20190718 -40025.00
20190719 -39262.50
20190722 -40500.00
20190723 -40337.50
20190724 -40412.50
20190725 -40687.50
20190726 -40887.50
20190729 -40762.50
20190730 -41050.00
20190731 -41650.00
20190801 -41650.00
20190802 -41650.00
20190805 -41650.00
20190806 -41650.00
20190807 -41650.00
20190808 -41650.00
20190809 -41650.00
20190812 -41650.00
20190813 -41650.00
20190814 -41650.00
20190815 -41650.00
20190816 -41650.00
20190819 -41650.00
20190820 -41650.00
20190821 -41650.00
20190822 -41650.00
20190823 -41650.00
20190826 -41650.00
20190827 -41650.00
20190828 -41650.00
20190829 -41650.00
20190830 -41650.00
20190903 -41650.00
20190904 -41650.00
20190905 -41650.00
20190906 -41650.00
20190909 -41650.00
20190910 -41650.00
20190911 -41650.00
20190912 -41650.00
20190913 -41650.00
20190916 -41650.00
20190917 -41650.00
20190918 -41650.00
20190919 -41650.00
20190920 -41650.00
20190923 -41650.00
20190924 -41650.00
20190925 -41650.00
20190926 -41650.00
20190927 -41650.00
20190930 -41650.00
20191001 -41650.00
20191002 -41650.00
20191003 -41650.00
20191004 -41650.00
20191007 -41650.00
20191008 -41650.00
20191009 -41650.00
20191010 -41650.00
20191011 -41650.00
20191014 -41650.00
20191015 -41975.00
20191016 -42275.00
20191017 -42100.00
20191018 -41975.00
20191021 -42450.00
20191022 -42687.50
20191023 -42562.50
20191024 -42825.00
20191025 -43387.50
20191028 -43662.50
20191029 -43775.00
20191030 -44037.50
20191031 -43975.00
20191101 -43387.50
20191104 -43637.50
20191105 -43550.00
20191106 -43812.50
20191107 -43575.00
20191108 -43962.50
20191111 -44887.50
20191112 -44325.00
20191113 -44812.50
20191114 -44800.00
20191115 -44975.00
20191118 -45200.00
20191119 -44962.50
20191120 -44787.50
20191121 -45112.50
20191122 -44800.00
20191125 -44012.50
20191126 -44050.00
20191127 -44262.50
20191129 -43512.50
20191202 -43837.50
20191203 -44337.50
20191204 -44225.00
20191205 -44412.50
20191206 -44375.00
20191209 -44462.50
20191210 -44412.50
20191211 -44637.50
20191212 -44087.50
20191213 -43975.00
20191216 -43112.50
20191217 -42787.50
20191218 -43187.50
20191219 -43337.50
20191220 -43487.50
20191223 -43625.00
20191224 -43550.00
20191226 -43150.00
20191227 -42787.50
20191230 -42800.00
20191231 -42662.50
20200102 -42587.50
20200103 -42875.00
20200106 -43100.00
20200107 -43087.50
20200108 -42962.50
20200109 -42487.50
20200110 -42375.00
20200113 -42487.50
20200114 -42175.00
20200115 -41937.50
20200116 -42337.50
20200117 -42075.00
20200121 -41525.00
20200122 -41712.50
20200123 -41575.00
20200124 -41925.00
20200127 -41987.50
20200128 -42112.50
20200129 -42487.50
20200130 -42575.00
20200131 -42725.00
20200203 -42862.50
20200204 -42900.00
20200205 -42687.50
20200206 -43025.00
20200207 -42950.00
20200210 -43400.00
20200211 -43925.00
20200212 -44037.50
20200213 -44387.50
20200214 -44337.50
20200218 -43062.50
20200219 -43387.50
20200220 -43425.00
20200221 -43762.50
20200224 -43737.50
20200225 -43975.00
20200226 -44162.50
20200227 -43987.50
20200228 -43887.50
20200302 -44662.50
20200303 -45075.00
20200304 -45450.00
20200305 -44775.00
20200306 -44200.00
20200309 -42975.00
20200310 -43525.00
20200311 -43225.00
20200312 -42100.00
20200313 -41562.50
20200316 -39662.50
20200317 -39312.50
20200318 -39387.50
20200319 -42125.00
20200320 -43212.50
20200323 -45487.50
20200324 -45812.50
20200325 -45612.50
20200326 -45562.50
20200327 -45487.50
20200330 -45287.50
20200331 -45450.00
20200401 -43987.50
20200402 -43725.00
20200403 -43362.50
20200406 -43275.00
20200407 -43425.00
20200408 -43337.50
20200409 -43875.00
20200413 -43400.00
20200414 -42762.50
20200415 -42175.00
20200416 -41937.50
20200417 -41850.00
20200420 -41150.00
20200421 -41112.50
20200422 -41725.00
20200423 -42037.50
20200424 -41512.50
20200427 -40837.50
20200428 -40550.00
20200429 -40950.00
20200430 -42112.50
20200501 -41750.00
20200504 -40950.00
20200505 -41175.00
20200506 -40687.50
20200507 -41462.50
20200508 -41837.50
20200511 -42025.00
20200512 -42062.50
20200513 -41237.50
20200514 -41075.00
20200515 -41237.50
20200518 -41637.50
20200519 -41537.50
20200520 -41662.50
20200521 -40987.50
20200522 -40912.50
20200526 -41650.00
20200527 -41800.00
20200528 -42075.00
20200529 -41675.00
20200601 -41537.50
20200602 -42087.50
20200603 -42425.00
20200604 -43237.50
20200605 -43350.00
20200608 -43475.00
20200609 -43162.50
20200610 -43100.00
20200611 -43275.00
20200612 -43287.50
20200615 -43250.00
20200616 -43237.50
20200617 -43300.00
20200618 -43337.50
20200619 -43412.50
20200622 -43200.00
20200623 -43037.50
20200624 -43000.00
20200625 -42650.00
20200626 -42587.50
20200629 -43062.50
20200630 -43750.00
20200701 -43750.00
20200702 -43862.50
20200706 -43387.50
20200707 -43575.00
20200708 -43837.50
20200709 -43625.00
20200710 -44162.50
20200713 -44937.50
20200714 -44825.00
20200715 -44562.50
20200716 -44150.00
20200717 -43950.00
20200720 -43700.00
20200721 -44050.00
20200722 -43925.00
20200723 -43700.00
20200724 -43737.50
20200727 -43712.50
20200728 -44325.00
20200729 -44437.50
20200730 -44287.50
20200731 -44075.00
20200803 -43887.50
20200804 -44612.50
20200805 -44900.00
20200806 -44950.00
20200807 -45300.00
20200810 -45150.00
20200811 -45187.50
20200812 -44862.50
20200813 -44575.00
20200814 -44575.00
20200817 -44125.00
20200818 -44200.00
20200819 -44187.50
20200820 -44625.00
20200821 -44650.00
20200824 -44600.00
20200825 -43875.00
20200826 -43675.00
20200827 -42787.50
20200828 -42362.50
20200831 -42212.50
20200901 -42150.00
20200902 -42075.00
20200903 -42125.00
20200904 -42175.00
20200908 -42225.00
20200909 -41962.50
20200910 -41800.00
20200911 -41187.50
20200914 -40775.00
20200915 -41725.00
20200916 -40262.50
20200917 -38512.50
20200918 -36662.50
20200921 -39162.50
20200922 -39162.50
20200923 -39912.50
20200924 -40850.00
20200925 -40912.50
20200928 -40850.00
20200929 -41150.00
20200930 -37487.50
20201001 -37687.50
20201002 -37825.00
20201005 -37250.00
20201006 -35425.00
20201007 -34150.00
20201008 -34900.00
20201009 -33800.00
20201012 -35662.50
20201013 -35050.00
20201014 -34037.50
20201015 -32300.00
20201016 -32650.00
20201019 -32187.50
20201020 -31275.00
20201021 -30737.50
20201022 -30875.00
20201023 -29725.00
20201026 -30237.50
20201027 -30812.50
20201028 -32975.00
20201029 -33587.50
20201030 -33562.50
20201102 -33362.50
20201103 -32562.50
20201104 -31350.00
20201105 -30112.50
20201106 -30712.50
20201109 -30450.00
20201110 -27350.00
20201111 -27837.50
20201112 -29125.00
20201113 -28625.00
20201116 -27837.50
20201117 -26962.50
20201118 -26262.50
20201119 -26637.50
20201120 -26350.00
20201123 -25387.50
20201124 -24812.50
20201125 -26475.00
20201127 -25300.00
20201130 -27900.00
20201201 -28925.00
20201202 -29225.00
20201203 -28325.00
20201204 -28887.50
20201207 -28937.50
20201208 -29787.50
20201209 -28950.00
20201210 -29362.50
20201211 -28862.50
20201214 -28387.50
20201215 -27612.50
20201216 -27512.50
20201217 -26375.00
20201218 -25187.50
20201221 -23900.00
20201222 -23525.00
20201223 -22762.50
20201224 -22337.50
20201228 -22475.00
20201229 -20062.50
20201230 -19412.50
20201231 -18412.50
20210104 -18325.00
20210105 -16225.00
20210106 -15662.50
20210107 -16287.50
20210108 -15375.00
20210111 -15887.50
20210112 -10837.50
20210113 -11300.00
20210114 -9125.00
20210115 -9675.00
20210119 -11662.50
20210120 -12900.00
20210121 -13100.00
20210122 -18525.00
20210125 -15687.50
20210126 -12475.00
20210127 -12512.50
20210128 -14125.00
20210129 -11862.50
20210201 -12587.50
20210202 -13737.50
20210203 -12287.50
20210204 -12862.50
20210205 -13037.50
20210208 -10500.00
20210209 -10487.50
20210210 -14662.50
20210211 -13762.50
20210212 -13487.50
20210216 -11137.50
20210217 -11825.00
20210218 -11475.00
20210219 -12325.00
20210222 -10925.00
20210223 -9587.50
20210224 -7737.50
20210225 -9500.00
20210226 -10550.00
20210301 -12162.50
20210302 -9962.50
20210303 -11212.50
20210304 -11450.00
20210305 -9725.00
20210308 -9787.50
20210309 -9037.50
20210310 -11337.50
20210311 -11425.00
20210312 -11612.50
20210315 -10450.00
20210316 -9925.00
20210317 -10362.50
20210318 -12737.50
20210319 -10975.00
20210322 -11350.00
20210323 -10950.00
20210324 -10375.00
20210325 -11637.50
20210326 -12025.00
20210329 -12687.50
20210330 -14375.00
20210331 -9625.00
20210401 -11587.50
20210405 -11375.00
20210406 -11025.00
20210407 -11212.50
20210408 -9925.00
20210409 -10662.50
20210412 -12125.00
20210413 -11200.00
20210414 -9475.00
20210415 -9262.50
20210416 -8737.50
20210419 -7587.50
20210420 -5750.00
20210421 -3537.50
20210422  -487.50
20210423     0.00
20210426     0.00
20210427  -500.00
20210428 -1812.50
20210429 -1862.50
20210430     0.00
20210503 -1037.50
20210504     0.00
20210505     0.00
20210506     0.00
20210507     0.00
20210510 -2700.00
20210511  -250.00
20210512     0.00
20210513 -6337.50
20210514 -7487.50
20210517 -7362.50
20210518 -7825.00
20210519 -10562.50
20210520 -10700.00
20210521 -11350.00
20210524 -12287.50
20210525 -14687.50
20210526 -14887.50
20210527 -11212.50
20210528 -11925.00
20210601 -9425.00
20210602 -9412.50
20210603 -10725.00
20210604 -7962.50
20210607 -9312.50
20210608 -8287.50
20210609 -8625.00
20210610 -9137.50
20210611 -11637.50
20210614 -14712.50
20210615 -14625.00
20210616 -15262.50
20210617 -17262.50
20210618 -16150.00
20210621 -15950.00
20210622 -15925.00
20210623 -15700.00
20210624 -16250.00
20210625 -17087.50
20210628 -15687.50
20210629 -15637.50
20210630 -13637.50
20210701 -13512.50
20210702 -14000.00
20210706 -16000.00
20210707 -16462.50
20210708 -16762.50
20210709 -17125.00
20210712 -16337.50
20210713 -16037.50
20210714 -15187.50
20210715 -15387.50
20210716 -15800.00
20210719 -15800.00
20210720 -15012.50
20210721 -15012.50
20210722 -15375.00
20210723 -16237.50
20210726 -16112.50
20210727 -16162.50
20210728 -16137.50
20210729 -15700.00
20210730 -16250.00
20210802 -15662.50
20210803 -16075.00
20210804 -16362.50
20210805 -16362.50
20210806 -16362.50
20210809 -16362.50
20210810 -16362.50
20210811 -16362.50
20210812 -16362.50
20210813 -16362.50
20210816 -16362.50
20210817 -16362.50
20210818 -16362.50
20210819 -16362.50
20210820 -16362.50
20210823 -16362.50
20210824 -16362.50
20210825 -16362.50
20210826 -16362.50
20210827 -16362.50
20210830 -16362.50
20210831 -16362.50
20210901 -16362.50
20210902 -16362.50
20210903 -16362.50
20210907 -16362.50
20210908 -16337.50
20210909 -16325.00
20210910 -16700.00
20210913 -16487.50
20210914 -16837.50
20210915 -17500.00
20210916 -17300.00
20210917 -17187.50
20210920 -16912.50
20210921 -16675.00
20210922 -17100.00
20210923 -17287.50
20210924 -17162.50
20210927 -17800.00
20210928 -17450.00
20210929 -17775.00
20210930 -17662.50
20211001 -17900.00
20211004 -17862.50
20211005 -18437.50
20211006 -17750.00
20211007 -18100.00
20211008 -17712.50
20211011 -17100.00
20211012 -15075.00
20211013 -14412.50
20211014 -15187.50
20211015 -16212.50
20211018 -16750.00
20211019 -16950.00
20211020 -18275.00
20211021 -16850.00
20211022 -16962.50
20211025 -17800.00
20211026 -18162.50
20211027 -18275.00
20211028 -18087.50
20211029 -18262.50
20211101 -18212.50
20211102 -19187.50
20211103 -19562.50
20211104 -19087.50
20211105 -18900.00
20211108 -18050.00
20211109 -18537.50
20211110 -16825.00
20211111 -16575.00
20211112 -17100.00
20211115 -17325.00
20211116 -18100.00
20211117 -18575.00
20211118 -18212.50
20211119 -18075.00
20211122 -17187.50
20211123 -16425.00
20211124 -17100.00
20211126 -16600.00
20211129 -17412.50
20211130 -18687.50
20211201 -18875.00
20211202 -18187.50
20211203 -19537.50
20211206 -19150.00
20211207 -18350.00
20211208 -19525.00
20211209 -20362.50
20211210 -20237.50
20211213 -20312.50
20211214 -20137.50
20211215 -21962.50
20211216 -21687.50
20211217 -21587.50
20211220 -21700.00
20211221 -21337.50
20211222 -21125.00
20211223 -20800.00
20211227 -18825.00
20211228 -19487.50
20211229 -19412.50
20211230 -21400.00
20211231 -21500.00
20220103 -20887.50
20220104 -18162.50
20220105 -18275.00
20220106 -18575.00
20220107 -17275.00
20220110 -18900.00
20220111 -18750.00
20220112 -18212.50
20220113 -19887.50
20220114 -19825.00
20220118 -20087.50
20220119 -18037.50
20220120 -16287.50
20220121 -16600.00
20220124 -16925.00
20220125 -16762.50
20220126 -14775.00
20220127 -14450.00
20220128 -12825.00
20220131 -12300.00
20220201 -9962.50
20220202 -9737.50
20220203 -10075.00
20220204 -9425.00
20220207 -7275.00
20220208 -8062.50
20220209 -6050.00
20220210 -7325.00
20220211 -6425.00
20220214 -6837.50
20220215 -8662.50
20220216 -6400.00
20220217 -6025.00
20220218 -5337.50
20220222 -2637.50
20220223  -187.50
20220224     0.00
20220225 -8950.00
20220228  -875.00
20220301     0.00
20220302     0.00
20220303     0.00
20220304     0.00
20220307     0.00
20220308     0.00
20220309 -6150.00
20220310 -10012.50
20220311 -9212.50
20220314 -10712.50
20220315 -7912.50
20220316 -14037.50
20220317 -10412.50
20220318 -12787.50
20220321 -8137.50
20220322 -8075.00
20220323 -7350.00
20220324 -9725.00
20220325 -8137.50
20220328 -12975.00
20220329 -17287.50
20220330 -15000.00
20220331 -17812.50
