Date,C_,S_,W_,
20100104,0,0,0,500000
20100105,0,0,0,500000
20100106,0,0,0,500000
20100107,0,0,0,500000
20100108,0,0,0,500000
20100111,0,0,0,500000
20100112,0,0,0,500000
20100113,0,0,0,500000
20100114,0,0,0,500000
20100115,0,0,0,500000
20100119,0,0,0,500000
20100120,0,0,0,500000
20100121,0,0,0,500000
20100122,0,0,0,500000
20100125,0,0,0,500000
20100126,0,0,0,500000
20100127,0,0,0,500000
20100128,1,0,0,499862.0
20100129,1,0,0,500125.0
20100201,1,1,1,500338.0
20100202,1,1,1,498625.0
20100203,1,1,1,501012.0
20100204,1,1,1,500325.0
20100205,1,1,1,500600.0
20100208,1,1,1,499038.0
20100209,1,1,1,499250.0
20100210,1,1,1,497712.0
20100211,1,1,1,497525.0
20100212,1,1,1,497862.0
20100216,1,1,1,495625.0
20100217,1,1,1,497200.0
20100218,1,1,1,498000.0
20100219,1,1,1,497775.0
20100222,1,1,1,495800.0
20100223,1,1,1,496912.0
20100224,1,1,1,495962.0
20100225,1,1,1,497338.0
20100226,1,1,1,495725.0
20100301,1,1,1,496750.0
20100302,1,1,1,496712.0
20100303,1,1,1,495888.0
20100304,1,1,1,497825.0
20100305,1,1,1,498600.0
20100308,1,1,1,498288.0
20100309,1,1,1,498888.0
20100310,1,1,1,498938.0
20100311,1,1,1,500462.0
20100312,1,1,1,500438.0
20100315,1,1,1,500562.0
20100316,1,1,1,499250.0
20100317,1,1,1,497738.0
20100318,1,1,1,497950.0
20100319,1,1,1,498188.0
20100322,1,1,1,497900.0
20100323,1,1,1,498812.0
20100324,1,1,1,499138.0
20100325,1,1,1,500988.0
20100326,1,1,1,500538.0
20100329,1,1,1,499725.0
20100330,1,1,1,499162.0
20100331,1,1,1,502362.0
20100401,1,1,1,502125.0
20100405,1,1,1,502425.0
20100406,1,1,1,501462.0
20100407,1,1,1,499975.0
20100408,1,1,1,500988.0
20100409,1,1,1,501000.0
20100412,1,1,1,500388.0
20100413,1,1,1,499362.0
20100414,1,1,1,499100.0
20100415,1,1,1,497812.0
20100416,1,0,1,497212.0
20100419,0,0,0,497162.0
20100420,0,0,0,497162.0
20100421,0,0,0,497162.0
20100422,0,0,0,497162.0
20100423,0,0,0,497162.0
20100426,0,0,0,497162.0
20100427,0,0,0,497162.0
20100428,0,0,0,497162.0
20100429,0,0,0,497162.0
20100430,0,0,0,497162.0
20100503,0,0,0,497162.0
20100504,0,0,0,497162.0
20100505,0,0,0,497162.0
20100506,0,0,0,497162.0
20100507,0,0,0,497162.0
20100510,0,0,0,497162.0
20100511,0,0,0,497162.0
20100512,0,0,0,497162.0
20100513,0,0,0,497162.0
20100514,0,0,0,497162.0
20100517,0,0,0,497162.0
20100518,0,0,0,497162.0
20100519,0,0,0,497162.0
20100520,0,0,0,497162.0
20100521,0,0,0,497162.0
20100524,0,0,0,497162.0
20100525,0,0,0,497162.0
20100526,0,0,0,497162.0
20100527,0,0,0,497162.0
20100528,0,0,0,497162.0
20100601,0,0,0,497162.0
20100602,0,0,1,497538.0
20100603,0,0,1,497575.0
20100604,0,0,1,497875.0
20100607,1,0,1,498300.0
20100608,1,0,1,498225.0
20100609,1,0,1,498388.0
20100610,1,0,1,497875.0
20100611,1,0,1,497188.0
20100614,1,0,1,496438.0
20100615,1,0,1,496425.0
20100616,1,0,1,495825.0
20100617,1,0,1,495688.0
20100618,1,0,1,495575.0
20100621,1,0,1,495850.0
20100622,1,0,1,496088.0
20100623,1,0,1,496262.0
20100624,1,0,1,496312.0
20100625,1,0,1,496862.0
20100628,1,0,1,497538.0
20100629,1,0,1,498350.0
20100630,1,0,1,495712.0
20100701,1,0,1,494212.0
20100702,0,0,0,494150.0
20100706,0,0,0,494150.0
20100707,0,0,0,494150.0
20100708,0,0,0,494150.0
20100709,0,0,1,493738.0
20100712,0,1,1,493962.0
20100713,0,1,1,494500.0
20100714,0,1,1,495112.0
20100715,0,1,1,498050.0
20100716,0,1,1,497625.0
20100719,1,1,1,496562.0
20100720,1,1,1,496112.0
20100721,1,1,1,497138.0
20100722,1,1,1,497425.0
20100723,1,1,1,497200.0
20100726,1,1,1,495562.0
20100727,0,1,1,495700.0
20100728,0,1,1,497350.0
20100729,0,1,1,498762.0
20100730,0,1,1,501425.0
20100802,0,1,1,503375.0
20100803,0,1,1,502888.0
20100804,0,1,1,505500.0
20100805,1,1,1,509012.0
20100806,1,1,1,506300.0
20100809,1,1,1,505312.0
20100810,1,1,1,503288.0
20100811,1,1,1,503150.0
20100812,1,1,1,505075.0
20100813,1,1,1,505700.0
20100816,1,1,1,503062.0
20100817,1,1,1,503362.0
20100818,1,1,1,503300.0
20100819,1,1,1,503425.0
20100820,1,1,1,503288.0
20100823,1,1,1,503638.0
20100824,1,1,1,501788.0
20100825,1,1,1,500438.0
20100826,1,1,1,502112.0
20100827,1,1,1,503088.0
20100830,1,1,1,503550.0
20100831,1,1,1,501875.0
20100901,1,1,1,503175.0
20100902,1,1,1,503638.0
20100903,1,1,1,507162.0
20100907,1,1,1,507800.0
20100908,1,1,1,506238.0
20100909,1,1,1,507862.0
20100910,1,1,1,507425.0
20100913,1,1,1,508275.0
20100914,1,1,1,508450.0
20100915,1,1,1,508350.0
20100916,1,1,1,507700.0
20100917,1,1,1,511200.0
20100920,1,1,1,511350.0
20100921,1,1,1,510288.0
20100922,1,1,1,510788.0
20100923,1,1,1,509625.0
20100924,1,1,1,513512.0
20100927,1,1,1,512512.0
20100928,1,1,1,509862.0
20100929,1,1,1,509500.0
20100930,1,1,1,508950.0
20101001,1,1,1,504012.0
20101004,1,1,1,503762.0
20101005,0,0,0,503462.0
20101006,0,0,0,503462.0
20101007,0,0,0,503462.0
20101008,0,0,0,503462.0
20101011,0,0,0,503462.0
20101012,0,0,0,503462.0
20101013,0,0,0,503462.0
20101014,0,0,0,503462.0
20101015,0,0,0,503462.0
20101018,0,0,0,503462.0
20101019,0,0,0,503462.0
20101020,0,0,0,503462.0
20101021,0,0,0,503462.0
20101022,0,0,0,503462.0
20101025,0,0,0,503462.0
20101026,0,0,0,503462.0
20101027,0,0,0,503462.0
20101028,0,0,0,503462.0
20101029,0,0,0,503462.0
20101101,0,1,0,503212.0
20101102,0,1,0,503162.0
20101103,0,1,0,503338.0
20101104,0,1,0,505200.0
20101105,0,1,0,505662.0
20101108,0,1,0,505200.0
20101109,0,1,0,507912.0
20101110,0,1,0,507438.0
20101111,0,1,0,508412.0
20101112,0,1,0,504912.0
20101115,0,1,0,505788.0
20101116,0,1,0,502450.0
20101117,0,1,1,501462.0
20101118,0,1,1,502675.0
20101119,0,1,1,500688.0
20101122,0,1,1,501638.0
20101123,0,1,1,502688.0
20101124,0,1,1,503212.0
20101126,0,1,1,502350.0
20101129,0,1,1,500062.0
20101130,0,1,1,502475.0
20101201,0,1,1,502000.0
20101202,0,1,0,501625.0
20101203,0,1,0,502650.0
20101206,0,1,0,502062.0
20101207,0,1,0,501912.0
20101208,0,1,0,502438.0
20101209,0,1,0,501712.0
20101210,0,1,0,501288.0
20101213,0,1,0,502762.0
20101214,0,1,0,502438.0
20101215,0,1,0,502462.0
20101216,0,1,0,502088.0
20101217,0,1,0,502575.0
20101220,0,1,0,503400.0
20101221,0,1,0,503950.0
20101222,0,1,0,504075.0
20101223,0,1,0,505112.0
20101227,0,1,0,506288.0
20101228,0,1,0,506425.0
20101229,0,1,0,505938.0
20101230,0,1,0,505938.0
20101231,0,1,0,507288.0
20110103,0,1,0,506088.0
20110104,0,1,0,505612.0
20110105,0,1,0,506812.0
20110106,0,1,0,506038.0
20110107,0,1,0,505388.0
20110110,0,1,0,506162.0
20110111,0,1,0,504988.0
20110112,0,1,0,507888.0
20110113,0,1,0,507938.0
20110114,0,1,0,508262.0
20110118,1,1,0,508412.0
20110119,1,1,0,507412.0
20110120,1,1,0,508188.0
20110121,1,1,0,508250.0
20110124,1,1,0,507762.0
20110125,1,1,1,505850.0
20110126,1,1,1,508000.0
20110127,1,1,1,507838.0
20110128,1,1,1,506400.0
20110131,1,1,1,508675.0
20110201,1,1,1,510000.0
20110202,1,1,1,511825.0
20110203,1,1,1,510862.0
20110204,1,1,1,511300.0
20110207,1,1,1,510912.0
20110208,1,1,1,512125.0
20110209,1,1,1,514762.0
20110210,1,1,1,512725.0
20110211,1,1,1,512488.0
20110214,1,1,1,511538.0
20110215,1,1,1,507950.0
20110216,1,1,1,507688.0
20110217,1,1,1,511412.0
20110218,1,1,1,508012.0
20110222,1,1,1,500012.0
20110223,0,0,0,499125.0
20110224,0,0,0,499125.0
20110225,0,0,0,499125.0
20110228,0,0,0,499125.0
20110301,0,0,0,499125.0
20110302,0,0,0,499125.0
20110303,0,0,0,499125.0
20110304,0,0,0,499125.0
20110307,0,0,0,499125.0
20110308,0,0,0,499125.0
20110309,0,0,0,499125.0
20110310,0,0,0,499125.0
20110311,0,0,0,499125.0
20110314,0,0,0,499125.0
20110315,0,0,0,499125.0
20110316,0,0,1,499438.0
20110317,0,0,1,497025.0
20110318,0,0,1,496388.0
20110321,0,0,1,496488.0
20110322,0,0,1,496425.0
20110323,0,0,1,496825.0
20110324,0,0,1,495562.0
20110325,0,0,1,495875.0
20110328,0,0,1,496275.0
20110329,0,0,1,495675.0
20110330,0,0,1,496175.0
20110331,0,0,1,494375.0
20110401,0,0,1,494562.0
20110404,0,0,1,493038.0
20110405,1,0,1,493650.0
20110406,1,0,1,493662.0
20110407,1,0,1,493912.0
20110408,1,0,1,493150.0
20110411,1,0,1,493512.0
20110412,1,0,1,494275.0
20110413,1,0,1,494762.0
20110414,1,0,1,495312.0
20110415,1,0,1,494512.0
20110418,1,0,1,493462.0
20110419,1,0,1,492788.0
20110420,1,0,1,492012.0
20110421,1,0,1,491512.0
20110425,1,0,1,491450.0
20110426,1,0,0,491488.0
20110427,1,0,0,490788.0
20110428,1,0,0,489325.0
20110429,0,0,0,489238.0
20110502,0,0,0,489238.0
20110503,0,0,0,489238.0
20110504,0,0,0,489238.0
20110505,0,0,0,489238.0
20110506,0,0,0,489238.0
20110509,0,0,0,489238.0
20110510,0,0,0,489238.0
20110511,0,0,0,489238.0
20110512,0,0,0,489238.0
20110513,0,0,0,489238.0
20110516,0,0,0,489238.0
20110517,0,0,0,489238.0
20110518,0,0,0,489238.0
20110519,0,0,0,489238.0
20110520,0,0,0,489238.0
20110523,0,0,0,489238.0
20110524,0,0,0,489238.0
20110525,0,0,0,489238.0
20110526,0,0,0,489238.0
20110527,0,0,0,489238.0
20110531,0,0,0,489238.0
20110601,0,0,0,489238.0
20110602,0,0,0,489238.0
20110603,0,0,0,489238.0
20110606,0,0,0,489238.0
20110607,0,0,0,489238.0
20110608,0,0,0,489238.0
20110609,0,0,0,489238.0
20110610,0,0,0,489238.0
20110613,0,0,0,489238.0
20110614,0,0,0,489238.0
20110615,0,0,0,489238.0
20110616,0,0,1,491012.0
20110617,0,0,1,491062.0
20110620,0,0,1,491712.0
20110621,0,0,1,490962.0
20110622,0,0,1,492762.0
20110623,0,0,1,492225.0
20110624,0,0,1,492888.0
20110627,0,0,1,493538.0
20110628,0,0,1,492662.0
20110629,0,0,1,492612.0
20110630,0,0,1,495612.0
20110701,0,0,1,495712.0
20110705,1,0,1,494050.0
20110706,1,0,1,494812.0
20110707,1,0,1,494125.0
20110708,1,0,1,492425.0
20110711,1,0,1,492988.0
20110712,1,0,1,490300.0
20110713,0,0,0,490100.0
20110714,0,0,0,490100.0
20110715,0,0,0,490100.0
20110718,0,0,0,490100.0
20110719,0,0,0,490100.0
20110720,0,0,0,490100.0
20110721,0,0,0,490100.0
20110722,0,0,0,490100.0
20110725,0,0,0,490100.0
20110726,0,0,0,490100.0
20110727,0,0,0,490100.0
20110728,0,0,0,490100.0
20110729,0,0,0,490100.0
20110801,0,0,0,490100.0
20110802,0,0,0,490100.0
20110803,0,0,0,490100.0
20110804,0,0,0,490100.0
20110805,0,0,0,490100.0
20110808,0,0,0,490100.0
20110809,0,0,0,490100.0
20110810,0,1,0,490212.0
20110811,0,1,0,488700.0
20110812,0,1,0,488550.0
20110815,0,1,0,487725.0
20110816,0,1,0,487812.0
20110817,0,1,0,486950.0
20110818,0,0,0,486850.0
20110819,0,0,0,486850.0
20110822,0,0,0,486850.0
20110823,0,0,0,486850.0
20110824,0,0,0,486850.0
20110825,0,0,0,486850.0
20110826,0,0,0,486850.0
20110829,0,1,0,488125.0
20110830,0,1,0,488625.0
20110831,0,1,0,488650.0
20110901,0,1,0,487500.0
20110902,0,1,0,488062.0
20110906,0,1,0,486900.0
20110907,0,1,0,486812.0
20110908,0,1,0,486688.0
20110909,0,1,0,487112.0
20110912,0,1,0,485575.0
20110913,0,1,0,485362.0
20110914,0,1,0,484912.0
20110915,0,1,0,483712.0
20110916,0,0,0,483612.0
20110919,0,0,0,483612.0
20110920,0,0,0,483612.0
20110921,0,0,0,483612.0
20110922,0,0,0,483612.0
20110923,0,0,0,483612.0
20110926,0,0,0,483612.0
20110927,0,0,0,483612.0
20110928,0,0,0,483612.0
20110929,0,0,0,483612.0
20110930,0,0,0,483612.0
20111003,1,1,1,482912.0
20111004,1,1,1,484800.0
20111005,1,1,1,482662.0
20111006,1,1,1,483125.0
20111007,1,1,1,484100.0
20111010,1,1,1,482688.0
20111011,1,1,1,475325.0
20111012,0,0,0,475075.0
20111013,0,0,0,475075.0
20111014,0,0,0,475075.0
20111017,0,0,0,475075.0
20111018,0,0,0,475075.0
20111019,0,0,0,475075.0
20111020,0,0,0,475075.0
20111021,0,0,0,475075.0
20111024,0,0,0,475075.0
20111025,0,0,0,475075.0
20111026,0,0,0,475075.0
20111027,0,0,0,475075.0
20111028,0,0,0,475075.0
20111031,0,0,0,475075.0
20111101,0,0,0,475075.0
20111102,0,0,0,475075.0
20111103,0,0,0,475075.0
20111104,0,0,0,475075.0
20111107,0,0,0,475075.0
20111108,0,0,0,475075.0
20111109,0,0,0,475075.0
20111110,0,0,0,475075.0
20111111,0,0,0,475075.0
20111114,0,0,0,475075.0
20111115,0,0,0,475075.0
20111116,0,0,0,475075.0
20111117,0,0,0,475075.0
20111118,0,0,0,475075.0
20111121,0,0,0,475075.0
20111122,0,0,0,475075.0
20111123,0,0,0,475075.0
20111125,0,0,0,475075.0
20111128,0,0,0,475075.0
20111129,0,0,0,475075.0
20111130,0,0,0,475075.0
20111201,0,0,0,475075.0
20111202,0,0,0,475075.0
20111205,0,0,0,475075.0
20111206,0,0,0,475075.0
20111207,0,0,0,475075.0
20111208,0,0,0,475075.0
20111209,0,0,0,475075.0
20111212,0,0,0,475075.0
20111213,0,0,0,475075.0
20111214,0,0,0,475075.0
20111215,0,0,0,475075.0
20111216,0,0,0,475075.0
20111219,0,0,0,475075.0
20111220,0,0,0,475075.0
20111221,0,0,0,475075.0
20111222,0,0,0,475075.0
20111223,0,0,0,475075.0
20111227,0,0,0,475075.0
20111228,0,0,0,475075.0
20111229,0,0,0,475075.0
20111230,0,0,0,475075.0
20120103,0,0,0,475075.0
20120104,0,0,0,475075.0
20120105,0,0,0,475075.0
20120106,0,0,0,475075.0
20120109,0,0,0,475075.0
20120110,0,0,0,475075.0
20120111,0,0,0,475075.0
20120112,0,0,0,475075.0
20120113,0,0,0,475075.0
20120117,0,0,0,475075.0
20120118,0,0,0,475075.0
20120119,0,0,0,475075.0
20120120,0,0,0,475075.0
20120123,0,0,0,475075.0
20120124,0,0,0,475075.0
20120125,0,0,0,475075.0
20120126,0,0,0,475075.0
20120127,0,0,0,475075.0
20120130,0,0,0,475075.0
20120131,0,0,0,475075.0
20120201,0,0,0,475075.0
20120202,0,0,0,475075.0
20120203,0,0,0,475075.0
20120206,0,0,0,475075.0
20120207,0,0,0,475075.0
20120208,0,0,0,475075.0
20120209,0,0,0,475075.0
20120210,0,0,0,475075.0
20120213,0,0,0,475075.0
20120214,0,0,0,475075.0
20120215,0,0,0,475075.0
20120216,0,0,0,475075.0
20120217,0,0,0,475075.0
20120221,0,0,0,475075.0
20120222,0,0,0,475075.0
20120223,0,0,0,475075.0
20120224,0,0,0,475075.0
20120227,0,0,0,475075.0
20120228,0,1,0,475762.0
20120229,0,1,0,476138.0
20120301,0,1,0,476262.0
20120302,0,1,0,476788.0
20120305,0,1,0,476388.0
20120306,0,1,0,476900.0
20120307,0,1,0,476475.0
20120308,0,1,0,477062.0
20120309,0,1,0,477025.0
20120312,0,1,0,476862.0
20120313,0,1,0,477575.0
20120314,0,1,0,477650.0
20120315,0,1,0,478588.0
20120316,0,1,0,478838.0
20120319,0,1,0,478462.0
20120320,0,1,0,477388.0
20120321,0,1,0,477888.0
20120322,0,1,0,477612.0
20120323,0,1,0,478425.0
20120326,0,1,0,479112.0
20120327,0,1,0,478625.0
20120328,0,1,0,478512.0
20120329,0,1,0,477912.0
20120330,0,1,0,480288.0
20120402,0,1,0,481188.0
20120403,0,1,0,480975.0
20120404,0,1,0,481112.0
20120405,0,1,0,481838.0
20120409,0,1,0,481688.0
20120410,0,1,0,481438.0
20120411,0,1,0,481238.0
20120412,0,1,0,482188.0
20120413,0,1,0,481975.0
20120416,0,1,0,481138.0
20120417,0,1,0,481425.0
20120418,0,1,0,480525.0
20120419,1,1,0,480062.0
20120420,1,1,0,482038.0
20120423,1,1,0,481062.0
20120424,1,1,0,482475.0
20120425,1,1,0,483450.0
20120426,1,1,0,483188.0
20120427,1,1,0,482512.0
20120430,0,1,0,483038.0
20120501,0,1,0,482938.0
20120502,0,1,0,482012.0
20120503,0,1,0,481438.0
20120504,0,1,0,481675.0
20120507,0,1,0,481050.0
20120508,0,1,0,479675.0
20120509,0,1,0,479275.0
20120510,0,1,1,480462.0
20120511,0,1,1,478212.0
20120514,1,1,1,477150.0
20120515,0,0,0,476825.0
20120516,0,0,0,476825.0
20120517,0,0,0,476825.0
20120518,0,0,0,476825.0
20120521,0,0,0,476825.0
20120522,0,0,0,476825.0
20120523,0,0,0,476825.0
20120524,0,0,0,476825.0
20120525,0,0,0,476825.0
20120529,0,0,0,476825.0
20120530,0,0,0,476825.0
20120531,0,0,0,476825.0
20120601,1,0,0,477138.0
20120604,1,0,0,476312.0
20120605,1,0,0,476338.0
20120606,1,0,0,475400.0
20120607,1,0,0,475012.0
20120608,1,0,0,474812.0
20120611,1,0,0,475112.0
20120612,1,0,0,475512.0
20120613,1,0,0,475088.0
20120614,1,0,0,474638.0
20120615,1,0,0,475738.0
20120618,1,0,0,474738.0
20120619,1,0,0,474088.0
20120620,0,0,0,474088.0
20120621,0,0,0,474088.0
20120622,0,0,0,474088.0
20120625,0,0,0,474088.0
20120626,0,0,1,474375.0
20120627,0,0,1,474525.0
20120628,0,0,1,474225.0
20120629,0,0,1,474788.0
20120702,1,0,1,476038.0
20120703,1,1,1,479638.0
20120705,1,1,1,485988.0
20120706,1,1,1,482938.0
20120709,1,1,1,487850.0
20120710,1,1,1,486012.0
20120711,1,1,1,484588.0
20120712,1,1,1,487025.0
20120713,1,1,1,488650.0
20120716,1,1,1,494250.0
20120717,1,1,1,494675.0
20120718,1,1,1,498588.0
20120719,1,1,1,503325.0
20120720,1,1,1,505762.0
20120723,1,1,1,500762.0
20120724,1,1,1,495400.0
20120725,1,1,1,499100.0
20120726,1,1,1,495550.0
20120727,1,1,1,498825.0
20120730,1,1,1,502812.0
20120731,1,1,1,500700.0
20120801,1,1,1,499362.0
20120802,1,1,1,497688.0
20120803,1,1,1,500412.0
20120806,1,1,1,497938.0
20120807,1,1,1,496450.0
20120808,1,1,1,498475.0
20120809,1,1,1,502038.0
20120810,1,1,1,500362.0
20120813,1,1,1,495925.0
20120814,1,1,1,494788.0
20120815,0,0,0,494512.0
20120816,0,0,0,494512.0
20120817,0,0,0,494512.0
20120820,0,0,0,494512.0
20120821,0,0,0,494512.0
20120822,0,0,0,494512.0
20120823,0,0,0,494512.0
20120824,0,0,0,494512.0
20120827,0,0,0,494512.0
20120828,0,0,0,494512.0
20120829,0,0,0,494512.0
20120830,0,0,0,494512.0
20120831,0,0,0,494512.0
20120904,0,0,0,494512.0
20120905,0,0,0,494512.0
20120906,0,0,0,494512.0
20120907,0,0,0,494512.0
20120910,0,0,0,494512.0
20120911,0,0,0,494512.0
20120912,0,0,0,494512.0
20120913,0,0,0,494512.0
20120914,0,0,0,494512.0
20120917,0,0,0,494512.0
20120918,0,0,0,494512.0
20120919,0,0,0,494512.0
20120920,0,0,0,494512.0
20120921,0,0,0,494512.0
20120924,0,0,0,494512.0
20120925,0,0,0,494512.0
20120926,0,0,0,494512.0
20120927,0,0,0,494512.0
20120928,0,0,0,494512.0
20121001,0,0,0,494512.0
20121002,0,0,0,494512.0
20121003,0,0,0,494512.0
20121004,0,0,0,494512.0
20121005,0,0,0,494512.0
20121008,0,0,0,494512.0
20121009,0,0,0,494512.0
20121010,0,0,0,494512.0
20121011,0,0,0,494512.0
20121012,0,0,0,494512.0
20121015,0,0,0,494512.0
20121016,0,0,0,494512.0
20121017,0,0,0,494512.0
20121018,0,0,0,494512.0
20121019,0,0,0,494512.0
20121022,0,0,0,494512.0
20121023,0,0,0,494512.0
20121024,0,0,0,494512.0
20121025,0,0,0,494512.0
20121026,0,0,0,494512.0
20121029,0,0,0,494512.0
20121030,0,0,0,494512.0
20121031,0,0,0,494512.0
20121101,0,0,0,494512.0
20121102,0,0,0,494512.0
20121105,0,0,0,494512.0
20121106,0,0,0,494512.0
20121107,0,0,0,494512.0
20121108,0,0,0,494512.0
20121109,0,0,0,494512.0
20121112,0,0,0,494512.0
20121113,0,1,0,494462.0
20121114,0,1,0,493912.0
20121115,0,1,0,494762.0
20121116,0,1,0,495700.0
20121119,0,1,1,494812.0
20121120,0,1,1,493750.0
20121121,0,1,1,493962.0
20121123,0,1,1,493312.0
20121126,0,1,1,492950.0
20121127,0,1,1,490488.0
20121128,0,1,1,490500.0
20121129,0,1,1,490700.0
20121130,0,1,1,492262.0
20121203,0,1,1,491650.0
20121204,0,1,1,491775.0
20121205,0,1,1,490412.0
20121206,0,1,1,489712.0
20121207,0,1,1,490712.0
20121210,0,1,1,491200.0
20121211,0,1,1,492700.0
20121212,0,1,1,493100.0
20121213,0,1,1,493125.0
20121214,0,1,1,491875.0
20121217,0,1,1,492162.0
20121218,0,1,1,493512.0
20121219,0,1,1,495238.0
20121220,1,1,1,497788.0
20121221,1,1,1,496338.0
20121224,1,1,1,495688.0
20121226,1,1,1,497962.0
20121227,1,1,1,498388.0
20121228,1,1,1,497738.0
20121231,1,1,1,497988.0
20130102,1,1,1,500362.0
20130103,1,1,1,500712.0
20130104,1,1,1,502538.0
20130107,1,1,1,501012.0
20130108,1,1,1,500988.0
20130109,1,1,1,501012.0
20130110,1,1,1,501125.0
20130111,1,1,1,500438.0
20130114,1,1,1,496825.0
20130115,1,1,1,495938.0
20130116,1,1,1,494638.0
20130117,1,1,1,495475.0
20130118,1,1,1,494875.0
20130122,1,1,1,494300.0
20130123,1,1,1,495650.0
20130124,1,1,1,495875.0
20130125,1,1,1,495362.0
20130128,1,1,1,494462.0
20130129,1,1,1,494362.0
20130130,1,1,1,491975.0
20130131,0,0,0,491812.0
20130201,0,0,0,491812.0
20130204,0,0,0,491812.0
20130205,0,0,0,491812.0
20130206,0,0,0,491812.0
20130207,0,0,0,491812.0
20130208,0,0,0,491812.0
20130211,0,0,0,491812.0
20130212,0,0,0,491812.0
20130213,0,0,0,491812.0
20130214,0,0,0,491812.0
20130215,0,0,0,491812.0
20130219,0,0,0,491812.0
20130220,0,0,0,491812.0
20130221,0,0,0,491812.0
20130222,0,0,0,491812.0
20130225,0,0,0,491812.0
20130226,0,0,0,491812.0
20130227,0,0,0,491812.0
20130228,0,0,0,491812.0
20130301,0,0,0,491812.0
20130304,0,0,0,491812.0
20130305,0,0,0,491812.0
20130306,0,0,0,491812.0
20130307,0,0,0,491812.0
20130308,0,0,0,491812.0
20130311,0,0,0,491812.0
20130312,0,0,0,491812.0
20130313,0,0,0,491812.0
20130314,0,0,0,491812.0
20130315,0,0,0,491812.0
20130318,0,0,0,491812.0
20130319,0,0,0,491812.0
20130320,0,0,0,491812.0
20130321,0,0,0,491812.0
20130322,0,0,0,491812.0
20130325,0,0,0,491812.0
20130326,0,0,0,491812.0
20130327,0,0,0,491812.0
20130328,0,0,0,491812.0
20130329,0,0,0,491812.0
20130401,0,0,0,491812.0
20130402,1,0,1,491962.0
20130403,1,0,1,490625.0
20130404,1,0,1,491325.0
20130405,1,0,1,491125.0
20130408,1,0,1,490225.0
20130409,1,0,1,489875.0
20130410,1,0,1,490238.0
20130411,1,0,1,490075.0
20130412,1,0,1,488862.0
20130415,1,0,1,490500.0
20130416,1,0,1,489188.0
20130417,1,0,1,489312.0
20130418,1,0,1,490162.0
20130419,1,0,1,489475.0
20130422,1,0,1,490125.0
20130423,1,0,1,490725.0
20130424,1,0,1,490962.0
20130425,1,0,1,490200.0
20130426,1,0,1,491000.0
20130429,1,0,1,487800.0
20130430,1,0,1,487562.0
20130501,1,0,1,488225.0
20130502,1,0,1,487088.0
20130503,1,0,1,487500.0
20130506,1,0,1,489650.0
20130507,1,0,1,489162.0
20130508,1,0,1,489662.0
20130509,1,0,1,488000.0
20130510,1,0,1,489588.0
20130513,1,0,1,488350.0
20130514,1,0,1,488450.0
20130515,1,0,1,489388.0
20130516,1,0,1,490150.0
20130517,1,0,1,489812.0
20130520,1,1,1,490788.0
20130521,1,1,1,492188.0
20130522,1,1,1,491662.0
20130523,1,1,1,491012.0
20130524,1,1,1,490375.0
20130528,1,1,1,491750.0
20130529,0,1,1,490850.0
20130530,0,1,1,490750.0
20130531,0,1,1,491125.0
20130603,0,1,1,492088.0
20130604,0,1,1,491888.0
20130605,0,1,1,492425.0
20130606,0,1,1,492375.0
20130607,0,1,1,492500.0
20130610,0,1,1,492000.0
20130611,0,1,1,493088.0
20130612,0,1,1,493788.0
20130613,0,1,1,492138.0
20130614,0,1,1,492688.0
20130617,0,1,1,492500.0
20130618,0,1,1,492062.0
20130619,0,1,1,491700.0
20130620,0,1,0,490412.0
20130621,0,1,0,490200.0
20130624,0,1,0,491138.0
20130625,0,1,0,491800.0
20130626,0,1,0,491675.0
20130627,0,1,1,491800.0
20130628,0,1,1,491438.0
20130701,0,1,1,491138.0
20130702,0,1,1,490938.0
20130703,0,1,1,491012.0
20130705,0,1,1,490138.0
20130708,0,1,1,491188.0
20130709,0,1,1,491662.0
20130710,0,1,1,492012.0
20130711,0,1,1,492112.0
20130712,0,1,1,490538.0
20130715,0,1,1,491438.0
20130716,0,1,1,492562.0
20130717,0,1,1,492650.0
20130718,0,1,1,491988.0
20130719,0,1,1,492200.0
20130722,0,1,1,493162.0
20130723,0,1,1,492050.0
20130724,0,1,1,491900.0
20130725,1,1,1,491088.0
20130726,1,1,1,491462.0
20130729,1,1,1,491112.0
20130730,1,1,1,489762.0
20130731,1,0,1,488988.0
20130801,1,0,1,489875.0
20130802,1,0,1,490325.0
20130805,1,0,1,491425.0
20130806,1,0,1,491012.0
20130807,1,0,1,491562.0
20130808,1,0,1,491412.0
20130809,1,0,1,492188.0
20130812,1,0,1,491800.0
20130813,1,0,1,492975.0
20130814,1,0,1,492388.0
20130815,1,0,1,491200.0
20130816,1,0,1,491912.0
20130819,1,0,1,490412.0
20130820,1,0,1,491250.0
20130821,1,0,1,490312.0
20130822,1,0,1,491250.0
20130823,1,0,1,490650.0
20130826,1,0,1,488625.0
20130827,1,1,1,488800.0
20130828,1,1,1,489400.0
20130829,1,1,1,489412.0
20130830,1,1,1,488850.0
20130903,1,1,1,490988.0
20130904,1,1,1,489612.0
20130905,1,1,1,491088.0
20130906,1,1,1,490362.0
20130909,1,1,1,490362.0
20130910,1,1,1,489750.0
20130911,1,1,1,489662.0
20130912,1,1,1,491612.0
20130913,1,1,1,491825.0
20130916,1,1,1,490300.0
20130917,1,1,1,490050.0
20130918,1,1,1,490025.0
20130919,1,1,1,488925.0
20130920,1,1,1,488675.0
20130923,1,1,1,487825.0
20130924,1,1,1,488050.0
20130925,1,1,1,487600.0
20130926,1,1,1,486862.0
20130927,1,1,0,487062.0
20130930,1,1,0,485838.0
20131001,1,0,0,485650.0
20131002,1,0,0,485650.0
20131003,1,0,0,485638.0
20131004,1,0,0,485438.0
20131007,1,0,0,485138.0
20131008,1,0,0,485512.0
20131009,1,0,0,485425.0
20131010,1,0,0,485688.0
20131011,1,0,0,485938.0
20131014,1,0,0,485750.0
20131015,1,0,0,485425.0
20131016,1,0,0,485462.0
20131017,1,0,0,485450.0
20131018,1,0,0,485525.0
20131021,1,0,1,485062.0
20131022,1,0,1,485400.0
20131023,1,0,1,485225.0
20131024,1,0,1,485088.0
20131025,1,0,1,484812.0
20131028,1,0,1,484788.0
20131029,1,0,1,484738.0
20131030,1,0,1,484512.0
20131031,1,0,1,484238.0
20131101,1,0,0,484188.0
20131104,1,0,0,484238.0
20131105,1,0,0,484300.0
20131106,1,0,0,484488.0
20131107,1,0,0,484525.0
20131108,1,0,0,484212.0
20131111,1,0,0,483812.0
20131112,1,0,0,483938.0
20131113,1,0,0,484062.0
20131114,1,0,0,484225.0
20131115,1,0,0,484450.0
20131118,1,0,0,484950.0
20131119,1,0,0,484662.0
20131120,1,0,0,484700.0
20131121,1,0,0,484400.0
20131122,1,0,0,484438.0
20131125,1,0,0,484312.0
20131126,1,0,0,484625.0
20131127,1,0,0,484538.0
20131129,1,0,0,484638.0
20131202,1,0,0,484638.0
20131203,1,0,0,484300.0
20131204,1,0,0,484038.0
20131205,1,0,0,484188.0
20131206,1,0,0,484150.0
20131209,1,0,0,483962.0
20131210,1,0,0,484062.0
20131211,1,0,0,483900.0
20131212,1,0,0,484150.0
20131213,1,0,0,484588.0
20131216,1,0,1,485050.0
20131217,1,0,1,484975.0
20131218,1,0,1,485412.0
20131219,1,0,1,485238.0
20131220,1,0,1,484962.0
20131223,1,0,1,485112.0
20131224,1,0,1,485262.0
20131226,1,0,1,485688.0
20131227,1,0,1,485475.0
20131230,1,0,1,486100.0
20131231,1,0,1,485938.0
20140102,1,0,1,486425.0
20140103,1,0,1,485838.0
20140106,1,0,1,485625.0
20140107,1,0,1,485875.0
20140108,1,0,1,487012.0
20140109,1,0,1,487488.0
20140110,1,0,1,487212.0
20140113,1,0,1,486900.0
20140114,1,0,1,486762.0
20140115,1,0,1,487625.0
20140116,1,0,1,487262.0
20140117,1,0,1,487925.0
20140121,1,0,1,487938.0
20140122,1,0,1,487925.0
20140123,1,0,1,487350.0
20140124,1,0,1,487562.0
20140127,1,0,1,487538.0
20140128,1,0,1,487400.0
20140129,1,0,1,488350.0
20140130,1,0,1,487950.0
20140131,0,0,1,487788.0
20140203,0,0,1,487388.0
20140204,0,0,1,486350.0
20140205,0,0,1,486200.0
20140206,0,0,1,486538.0
20140207,0,0,1,486700.0
20140210,0,0,1,486338.0
20140211,0,0,1,486062.0
20140212,0,0,1,486225.0
20140213,0,0,1,485800.0
20140214,0,0,1,485650.0
20140218,0,0,1,484975.0
20140219,1,1,1,484512.0
20140220,1,1,1,485012.0
20140221,1,1,1,485825.0
20140224,1,1,1,486138.0
20140225,1,1,1,487112.0
20140226,1,1,1,488212.0
20140227,1,1,1,488350.0
20140228,1,1,1,489350.0
20140303,1,1,1,488000.0
20140304,1,1,0,489250.0
20140305,1,1,0,489012.0
20140306,1,1,0,490338.0
20140307,1,1,0,491225.0
20140310,1,1,0,488738.0
20140311,1,1,0,488700.0
20140312,1,1,0,487662.0
20140313,1,1,0,487950.0
20140314,1,1,0,487612.0
20140317,1,1,0,487425.0
20140318,1,1,0,489112.0
20140319,1,1,1,491025.0
20140320,1,1,1,490088.0
20140321,1,1,1,488338.0
20140324,1,1,1,490788.0
20140325,1,1,1,490425.0
20140326,1,1,1,490350.0
20140327,1,1,1,491238.0
20140328,1,1,1,490488.0
20140331,1,1,1,492450.0
20140401,1,1,1,493150.0
20140402,1,1,1,490650.0
20140403,1,1,1,491850.0
20140404,1,1,1,491550.0
20140407,1,1,1,491275.0
20140408,1,1,1,492812.0
20140409,1,1,1,492612.0
20140410,1,1,1,491575.0
20140411,1,1,1,490375.0
20140414,1,1,1,492188.0
20140415,1,1,1,494625.0
20140416,1,1,1,494500.0
20140417,1,1,1,494288.0
20140421,1,1,1,492062.0
20140422,1,1,1,491738.0
20140423,1,1,1,491712.0
20140424,1,1,1,492400.0
20140425,1,1,1,494550.0
20140428,1,1,1,494900.0
20140429,1,1,1,496550.0
20140430,1,1,1,496450.0
20140501,1,1,1,492550.0
20140502,1,1,1,493100.0
20140505,1,1,1,493800.0
20140506,1,1,1,494588.0
20140507,1,1,1,493688.0
20140508,1,1,1,494850.0
20140509,1,1,1,494638.0
20140512,1,1,1,492775.0
20140513,1,1,1,493575.0
20140514,1,1,1,492412.0
20140515,1,1,1,490425.0
20140516,0,0,0,490112.0
20140519,0,0,0,490112.0
20140520,0,0,0,490112.0
20140521,0,0,0,490112.0
20140522,0,0,0,490112.0
20140523,0,0,0,490112.0
20140527,0,0,0,490112.0
20140528,0,0,0,490112.0
20140529,0,0,0,490112.0
20140530,0,0,0,490112.0
20140602,0,0,0,490112.0
20140603,0,0,0,490112.0
20140604,0,0,0,490112.0
20140605,0,0,0,490112.0
20140606,1,0,0,489612.0
20140609,1,0,0,490012.0
20140610,1,0,0,490288.0
20140611,1,0,0,490512.0
20140612,1,0,1,490500.0
20140613,1,0,1,490312.0
20140616,1,0,1,490862.0
20140617,1,0,1,490938.0
20140618,1,0,1,490538.0
20140619,1,0,1,489762.0
20140620,1,0,1,490038.0
20140623,1,0,1,490750.0
20140624,1,0,1,491262.0
20140625,1,0,1,491138.0
20140626,1,0,1,490950.0
20140627,1,0,1,490338.0
20140630,1,0,1,492325.0
20140701,1,1,1,492962.0
20140702,1,1,1,493300.0
20140703,1,1,1,493638.0
20140707,1,1,1,495625.0
20140708,1,1,1,496225.0
20140709,1,1,1,497450.0
20140710,1,1,1,498375.0
20140711,1,1,1,500800.0
20140714,1,1,1,499488.0
20140715,1,1,1,499862.0
20140716,1,1,1,498850.0
20140717,1,1,1,498550.0
20140718,1,1,1,500325.0
20140721,1,1,1,501488.0
20140722,1,1,1,502638.0
20140723,1,1,1,501275.0
20140724,1,1,1,501012.0
20140725,1,1,1,500538.0
20140728,1,1,1,499250.0
20140729,1,1,1,500938.0
20140730,1,1,1,501250.0
20140731,1,1,1,501300.0
20140801,1,1,1,502500.0
20140804,1,1,1,500650.0
20140805,1,1,1,501038.0
20140806,1,1,1,499200.0
20140807,1,1,1,499812.0
20140808,1,1,1,500475.0
20140811,1,1,1,500938.0
20140812,1,1,1,501962.0
20140813,1,1,1,503125.0
20140814,1,1,1,502000.0
20140815,1,1,1,501312.0
20140818,1,1,1,501712.0
20140819,1,1,1,501700.0
20140820,1,1,1,502912.0
20140821,1,1,1,502425.0
20140822,1,1,1,501788.0
20140825,1,1,1,503175.0
20140826,1,1,1,503488.0
20140827,1,1,1,503012.0
20140828,1,1,1,502088.0
20140829,1,1,1,503338.0
20140902,1,1,1,503038.0
20140903,1,1,1,505200.0
20140904,1,1,1,506588.0
20140905,1,1,1,505325.0
20140908,1,1,1,506100.0
20140909,1,1,1,507412.0
20140910,1,1,1,507675.0
20140911,1,1,1,509025.0
20140912,1,1,1,509288.0
20140915,1,1,1,508900.0
20140916,1,1,1,509500.0
20140917,1,1,1,509375.0
20140918,1,1,1,510650.0
20140919,1,1,1,512400.0
20140922,1,1,1,513325.0
20140923,1,1,1,513700.0
20140924,1,1,1,513212.0
20140925,1,1,1,514388.0
20140926,1,1,1,515162.0
20140929,1,1,1,514000.0
20140930,1,1,1,514975.0
20141001,1,1,1,514700.0
20141002,1,1,1,514038.0
20141003,1,1,1,514488.0
20141006,1,1,1,512238.0
20141007,1,1,1,511162.0
20141008,1,1,1,511238.0
20141009,1,1,1,511562.0
20141010,1,1,1,512812.0
20141013,1,1,1,510738.0
20141014,1,1,1,508988.0
20141015,0,0,0,508788.0
20141016,0,0,0,508788.0
20141017,0,0,0,508788.0
20141020,0,0,0,508788.0
20141021,0,0,0,508788.0
20141022,0,0,0,508788.0
20141023,0,0,0,508788.0
20141024,0,0,0,508788.0
20141027,0,0,0,508788.0
20141028,0,0,0,508788.0
20141029,0,0,0,508788.0
20141030,0,0,0,508788.0
20141031,0,0,0,508788.0
20141103,0,0,0,508788.0
20141104,0,0,0,508788.0
20141105,0,0,0,508788.0
20141106,0,0,0,508788.0
20141107,0,0,0,508788.0
20141110,0,0,0,508788.0
20141111,0,0,0,508788.0
20141112,0,0,0,508788.0
20141113,0,0,0,508788.0
20141114,0,0,0,508788.0
20141117,0,0,0,508788.0
20141118,0,0,0,508788.0
20141119,0,0,0,508788.0
20141120,0,0,0,508788.0
20141121,0,0,0,508788.0
20141124,0,0,0,508788.0
20141125,0,0,0,508788.0
20141126,0,0,0,508788.0
20141128,0,0,0,508788.0
20141201,0,0,0,508788.0
20141202,0,0,1,508612.0
20141203,0,0,1,507925.0
20141204,0,0,1,507938.0
20141205,0,0,1,508150.0
20141208,0,0,1,508350.0
20141209,0,0,1,507738.0
20141210,0,0,1,507538.0
20141211,0,0,1,508325.0
20141212,0,0,1,508775.0
20141215,0,0,1,509400.0
20141216,0,0,1,509612.0
20141217,0,0,1,510875.0
20141218,0,0,1,511212.0
20141219,0,0,1,510062.0
20141222,0,0,1,509738.0
20141223,0,0,1,510225.0
20141224,0,0,1,509025.0
20141226,0,0,1,508988.0
20141229,0,0,1,509225.0
20141230,0,0,1,508550.0
20141231,0,0,1,507938.0
20150102,0,0,1,507512.0
20150105,0,0,1,507900.0
20150106,0,0,1,508038.0
20150107,0,0,1,507425.0
20150108,0,0,1,506800.0
20150109,0,0,1,506638.0
20150112,0,0,1,506225.0
20150113,0,0,1,505850.0
20150114,0,0,0,505750.0
20150115,0,0,0,505750.0
20150116,0,0,0,505750.0
20150120,0,0,0,505750.0
20150121,0,0,0,505750.0
20150122,0,0,0,505750.0
20150123,0,0,0,505750.0
20150126,0,0,0,505750.0
20150127,0,0,0,505750.0
20150128,0,0,0,505750.0
20150129,0,0,0,505750.0
20150130,0,0,0,505750.0
20150202,0,0,0,505750.0
20150203,0,0,0,505750.0
20150204,0,0,0,505750.0
20150205,0,0,0,505750.0
20150206,0,0,0,505750.0
20150209,0,0,0,505750.0
20150210,0,0,0,505750.0
20150211,0,0,0,505750.0
20150212,0,0,0,505750.0
20150213,0,0,0,505750.0
20150217,0,0,0,505750.0
20150218,0,0,0,505750.0
20150219,0,0,0,505750.0
20150220,0,0,0,505750.0
20150223,0,0,0,505750.0
20150224,0,0,0,505750.0
20150225,0,0,0,505750.0
20150226,0,0,0,505750.0
20150227,0,0,0,505750.0
20150302,0,0,0,505750.0
20150303,0,0,0,505750.0
20150304,0,0,0,505750.0
20150305,0,0,0,505750.0
20150306,0,0,0,505750.0
20150309,0,0,0,505750.0
20150310,0,0,0,505750.0
20150311,0,0,0,505750.0
20150312,0,0,0,505750.0
20150313,0,0,0,505750.0
20150316,0,0,0,505750.0
20150317,0,0,0,505750.0
20150318,1,0,0,505588.0
20150319,1,0,0,505650.0
20150320,1,0,0,505075.0
20150323,1,0,0,504812.0
20150324,1,0,0,504662.0
20150325,1,0,0,504575.0
20150326,1,0,0,504762.0
20150327,1,0,0,504775.0
20150330,1,0,0,504600.0
20150331,1,0,0,505512.0
20150401,1,0,0,505238.0
20150402,1,0,0,505000.0
20150406,1,0,0,505075.0
20150407,1,0,0,505175.0
20150408,1,0,0,505362.0
20150409,1,0,0,505425.0
20150410,1,0,0,505475.0
20150413,1,0,0,505800.0
20150414,1,0,0,505650.0
20150415,1,0,0,505525.0
20150416,1,0,0,505512.0
20150417,1,0,0,505338.0
20150420,1,0,0,505425.0
20150421,1,0,0,505675.0
20150422,1,0,0,505700.0
20150423,1,0,0,505788.0
20150424,1,0,0,506100.0
20150427,1,0,0,506288.0
20150428,1,0,0,506300.0
20150429,1,0,0,506138.0
20150430,1,0,0,506212.0
20150501,1,0,0,506375.0
20150504,1,0,0,506462.0
20150505,1,0,1,506625.0
20150506,1,0,1,505788.0
20150507,1,0,1,506375.0
20150508,1,0,1,505862.0
20150511,1,0,1,506012.0
20150512,1,0,1,506012.0
20150513,1,0,1,505900.0
20150514,1,0,1,503975.0
20150515,1,0,0,503962.0
20150518,1,0,0,503838.0
20150519,1,0,0,504138.0
20150520,1,0,0,504238.0
20150521,1,1,0,504125.0
20150522,1,1,0,505088.0
20150526,1,1,0,505425.0
20150527,1,1,0,505475.0
20150528,1,1,0,505325.0
20150529,1,1,0,505025.0
20150601,1,1,0,505388.0
20150602,1,1,0,504312.0
20150603,1,1,0,504588.0
20150604,1,1,0,503800.0
20150605,1,1,0,504388.0
20150608,1,1,0,503825.0
20150609,1,1,0,503475.0
20150610,1,1,0,503962.0
20150611,1,1,0,504475.0
20150612,1,1,0,504650.0
20150615,1,1,0,505000.0
20150616,1,1,0,503725.0
20150617,1,1,0,502888.0
20150618,1,0,0,502950.0
20150619,1,0,0,503188.0
20150622,1,0,0,502850.0
20150623,1,0,0,502475.0
20150624,1,0,0,502525.0
20150625,1,0,0,502025.0
20150626,0,0,0,501950.0
20150629,0,1,1,502838.0
20150630,0,1,1,507312.0
20150701,1,1,1,505688.0
20150702,1,1,1,506125.0
20150706,1,1,1,505500.0
20150707,1,1,1,503375.0
20150708,1,1,1,503175.0
20150709,1,1,1,504788.0
20150710,1,1,1,505312.0
20150713,1,1,1,505912.0
20150714,1,1,1,504875.0
20150715,1,1,1,504275.0
20150716,1,1,1,503825.0
20150717,1,1,1,502712.0
20150720,1,1,1,500525.0
20150721,0,0,0,500512.0
20150722,0,0,0,500512.0
20150723,0,0,0,500512.0
20150724,0,0,0,500512.0
20150727,0,0,0,500512.0
20150728,0,0,0,500512.0
20150729,0,0,0,500512.0
20150730,0,0,0,500512.0
20150731,0,0,0,500512.0
20150803,0,0,0,500512.0
20150804,0,0,0,500512.0
20150805,0,0,0,500512.0
20150806,0,0,0,500512.0
20150807,0,0,0,500512.0
20150810,0,0,0,500512.0
20150811,0,0,0,500512.0
20150812,0,0,0,500512.0
20150813,0,0,0,500512.0
20150814,0,0,0,500512.0
20150817,0,0,0,500512.0
20150818,0,0,0,500512.0
20150819,0,0,0,500512.0
20150820,0,0,0,500512.0
20150821,0,0,0,500512.0
20150824,0,0,0,500512.0
20150825,0,0,0,500512.0
20150826,0,0,0,500512.0
20150827,0,1,0,499862.0
20150828,0,1,0,499538.0
20150831,0,1,0,499438.0
20150901,0,1,0,500112.0
20150902,0,1,0,500112.0
20150903,0,1,0,500338.0
20150904,0,1,0,500488.0
20150908,0,1,0,499850.0
20150909,0,1,0,500200.0
20150910,0,1,0,500112.0
20150911,0,1,0,500100.0
20150914,0,1,0,499600.0
20150915,0,1,0,499362.0
20150916,0,1,0,499450.0
20150917,0,1,0,499588.0
20150918,0,1,0,500450.0
20150921,0,1,0,500100.0
20150922,0,1,0,500725.0
20150923,0,1,0,500625.0
20150924,0,1,0,500412.0
20150925,0,1,0,499350.0
20150928,0,1,0,499975.0
20150929,0,1,0,499600.0
20150930,0,1,0,499212.0
20151001,0,1,0,499950.0
20151002,0,1,0,500100.0
20151005,0,1,0,499600.0
20151006,0,1,0,499412.0
20151007,0,1,0,499262.0
20151008,0,1,0,499750.0
20151009,0,1,0,499525.0
20151012,0,1,0,499438.0
20151013,0,1,0,498112.0
20151014,0,1,0,498288.0
20151015,0,1,0,498550.0
20151016,0,1,0,498900.0
20151019,0,1,0,499262.0
20151020,0,1,0,499012.0
20151021,0,1,0,498550.0
20151022,0,1,0,498875.0
20151023,0,1,0,499038.0
20151026,0,1,0,499562.0
20151027,0,1,0,499250.0
20151028,0,1,0,499650.0
20151029,0,1,0,499775.0
20151030,0,1,0,499500.0
20151102,0,1,0,499850.0
20151103,0,1,0,499838.0
20151104,0,1,0,499588.0
20151105,0,1,0,500588.0
20151106,0,1,0,500425.0
20151109,0,1,0,500475.0
20151110,0,1,0,501012.0
20151111,1,1,0,500662.0
20151112,1,1,0,500562.0
20151113,1,1,0,501138.0
20151116,1,1,0,500838.0
20151117,1,1,0,500512.0
20151118,1,1,0,500838.0
20151119,1,1,0,500600.0
20151120,1,1,0,500775.0
20151123,1,1,0,500238.0
20151124,1,1,0,500412.0
20151125,1,1,0,499800.0
20151127,1,1,0,500150.0
20151130,1,1,0,499500.0
20151201,1,1,1,499138.0
20151202,1,0,1,499438.0
20151203,1,0,1,498525.0
20151204,1,0,1,498012.0
20151207,1,0,1,498525.0
20151208,1,0,1,498562.0
20151209,1,0,1,498138.0
20151210,1,0,1,497575.0
20151211,1,0,1,498025.0
20151214,1,0,1,497688.0
20151215,1,0,1,497738.0
20151216,1,0,1,498650.0
20151217,1,0,1,498400.0
20151218,1,0,1,498250.0
20151221,1,0,1,498762.0
20151222,1,0,1,499412.0
20151223,1,0,1,499562.0
20151224,1,0,1,499712.0
20151228,1,0,1,499938.0
20151229,1,0,1,499400.0
20151230,1,0,1,499875.0
20151231,1,0,1,499875.0
20160104,1,0,1,500825.0
20160105,1,0,1,500600.0
20160106,1,0,1,500512.0
20160107,1,0,1,500238.0
20160108,1,0,1,499538.0
20160111,1,0,1,500275.0
20160112,1,0,1,499412.0
20160113,1,0,1,499512.0
20160114,1,0,1,499975.0
20160115,1,0,1,499462.0
20160119,1,0,1,499200.0
20160120,1,0,1,499300.0
20160121,1,0,1,499212.0
20160122,1,0,1,499025.0
20160125,1,0,1,498750.0
20160126,1,0,1,498612.0
20160127,1,0,1,499025.0
20160128,1,0,1,499425.0
20160129,1,0,1,498750.0
20160201,1,0,1,498988.0
20160202,1,0,1,498925.0
20160203,1,0,1,498762.0
20160204,1,0,1,499250.0
20160205,1,0,1,499688.0
20160208,1,0,1,500275.0
20160209,1,0,1,500388.0
20160210,1,0,1,500238.0
20160211,1,0,1,500388.0
20160212,1,0,1,500500.0
20160216,1,0,1,499950.0
20160217,1,0,1,499525.0
20160218,1,0,1,499925.0
20160219,1,0,1,499950.0
20160222,1,0,1,500012.0
20160223,1,0,1,500812.0
20160224,1,0,1,501188.0
20160225,1,0,1,501250.0
20160226,1,0,1,501388.0
20160229,1,0,1,501462.0
20160301,1,0,1,501888.0
20160302,1,0,1,501650.0
20160303,1,0,1,501162.0
20160304,1,0,1,501025.0
20160307,1,0,1,500888.0
20160308,1,0,1,500688.0
20160309,1,0,1,500588.0
20160310,1,0,1,499988.0
20160311,1,0,1,499938.0
20160314,1,0,1,499600.0
20160315,1,0,1,499688.0
20160316,1,0,1,500025.0
20160317,1,0,1,500425.0
20160318,1,0,1,500475.0
20160321,1,0,1,500175.0
20160322,0,1,1,500525.0
20160323,0,1,1,500462.0
20160324,0,1,1,500725.0
20160328,0,1,1,500250.0
20160329,0,1,1,500312.0
20160330,0,1,0,499900.0
20160331,0,1,0,499988.0
20160401,1,1,0,500250.0
20160404,1,1,0,499988.0
20160405,1,1,0,499438.0
20160406,1,1,0,499538.0
20160407,1,1,0,499188.0
20160408,1,1,0,499762.0
20160411,1,1,0,500612.0
20160412,1,1,1,500488.0
20160413,1,1,1,500475.0
20160414,0,1,1,500100.0
20160415,0,1,1,500500.0
20160418,0,1,1,499762.0
20160419,1,1,0,501438.0
20160420,1,1,0,503162.0
20160421,1,1,1,502738.0
20160422,1,1,1,499075.0
20160425,1,1,0,499862.0
20160426,1,1,0,501025.0
20160427,1,1,0,500962.0
20160428,1,1,0,501238.0
20160429,1,1,0,501375.0
20160502,1,1,0,502075.0
20160503,1,1,0,500788.0
20160504,1,1,0,500838.0
20160505,1,1,0,499600.0
20160506,0,1,0,500625.0
20160509,0,1,0,500212.0
20160510,0,1,0,503088.0
20160511,0,1,0,502800.0
20160512,0,1,0,502488.0
20160513,0,1,0,502138.0
20160516,0,1,0,502112.0
20160517,1,1,0,503125.0
20160518,1,1,0,503000.0
20160519,1,1,0,502338.0
20160520,1,1,0,502700.0
20160523,1,1,0,502075.0
20160524,1,1,0,501875.0
20160525,1,1,0,503775.0
20160526,1,1,0,503662.0
20160527,1,1,0,504225.0
20160531,1,1,0,503425.0
20160601,1,1,0,504938.0
20160602,1,1,0,507238.0
20160603,1,1,0,506775.0
20160606,1,1,1,508112.0
20160607,1,1,1,508362.0
20160608,1,1,1,510888.0
20160609,1,1,1,510100.0
20160610,1,1,1,509275.0
20160613,1,1,1,508975.0
20160614,1,1,1,509012.0
20160615,1,1,1,507588.0
20160616,1,1,1,506075.0
20160617,1,1,0,507912.0
20160620,1,1,0,506288.0
20160621,1,1,0,504525.0
20160622,1,1,0,504575.0
20160623,1,1,0,503638.0
20160624,0,1,0,502475.0
20160627,0,1,0,503975.0
20160628,0,1,1,504788.0
20160629,0,1,1,505038.0
20160630,0,1,1,507025.0
20160701,0,1,1,507000.0
20160705,0,1,1,503825.0
20160706,0,1,1,503875.0
20160707,1,1,1,501650.0
20160708,0,0,0,501288.0
20160711,0,0,0,501288.0
20160712,0,0,0,501288.0
20160713,0,0,0,501288.0
20160714,0,0,0,501288.0
20160715,0,0,0,501288.0
20160718,0,0,0,501288.0
20160719,0,0,0,501288.0
20160720,0,0,0,501288.0
20160721,0,0,0,501288.0
20160722,0,0,0,501288.0
20160725,0,0,0,501288.0
20160726,0,0,0,501288.0
20160727,0,0,0,501288.0
20160728,0,0,0,501288.0
20160729,0,0,0,501288.0
20160801,0,0,1,501375.0
20160802,0,0,1,501612.0
20160803,0,0,1,501162.0
20160804,0,0,1,501512.0
20160805,0,0,1,500875.0
20160808,0,0,1,500825.0
20160809,0,0,1,500825.0
20160810,0,0,1,500588.0
20160811,0,0,1,500862.0
20160812,0,0,1,500550.0
20160815,0,0,1,500575.0
20160816,0,0,1,500500.0
20160817,0,0,1,500375.0
20160818,0,0,1,500325.0
20160819,0,0,1,500325.0
20160822,0,0,1,500912.0
20160823,0,0,1,501288.0
20160824,0,0,1,501475.0
20160825,0,0,1,501612.0
20160826,0,0,1,502500.0
20160829,0,0,1,503025.0
20160830,0,0,1,503262.0
20160831,0,0,1,503462.0
20160901,0,0,1,503138.0
20160902,0,0,1,502912.0
20160906,0,0,1,502950.0
20160907,0,0,1,502738.0
20160908,0,0,1,502575.0
20160909,0,0,1,502700.0
20160912,0,0,1,502412.0
20160913,0,0,1,502825.0
20160914,0,0,1,502725.0
20160915,0,0,1,502900.0
20160916,0,0,1,502712.0
20160919,0,0,1,502675.0
20160920,0,0,1,502575.0
20160921,0,0,1,502488.0
20160922,0,0,1,502600.0
20160923,0,0,1,502638.0
20160926,0,0,1,503075.0
20160927,0,0,1,502675.0
20160928,0,0,1,502712.0
20160929,0,0,1,502925.0
20160930,0,0,1,502775.0
20161003,0,0,1,503100.0
20161004,0,0,1,503100.0
20161005,0,0,1,502625.0
20161006,0,0,1,503088.0
20161007,0,0,1,503138.0
20161010,0,0,1,502688.0
20161011,0,0,1,502512.0
20161012,0,0,1,503038.0
20161013,0,0,1,502075.0
20161014,0,0,1,501825.0
20161017,0,0,1,501688.0
20161018,0,0,1,501875.0
20161019,0,0,1,501862.0
20161020,0,0,1,502025.0
20161021,0,0,1,502150.0
20161024,0,0,1,502750.0
20161025,0,0,1,502662.0
20161026,0,0,1,502300.0
20161027,0,0,1,502150.0
20161028,0,0,1,502450.0
20161031,0,0,1,502062.0
20161101,0,0,1,502162.0
20161102,0,0,1,501988.0
20161103,0,0,1,502275.0
20161104,0,0,1,502162.0
20161107,0,0,1,502375.0
20161108,0,0,1,502112.0
20161109,0,0,1,502538.0
20161110,0,0,1,502638.0
20161111,0,0,1,502725.0
20161114,0,0,1,503175.0
20161115,0,0,1,502925.0
20161116,0,0,1,503025.0
20161117,0,0,1,502725.0
20161118,0,0,1,502475.0
20161121,0,0,1,502362.0
20161122,0,0,1,502512.0
20161123,0,1,1,503000.0
20161125,0,1,1,503875.0
20161128,0,1,1,504525.0
20161129,0,1,1,504238.0
20161130,0,1,1,504025.0
20161201,0,1,1,504262.0
20161202,0,1,1,503712.0
20161205,0,1,1,504312.0
20161206,0,1,1,504600.0
20161207,0,1,1,504950.0
20161208,0,1,1,503488.0
20161209,0,1,1,503612.0
20161212,0,1,1,503238.0
20161213,0,1,1,503075.0
20161214,0,1,1,502838.0
20161215,0,1,1,503538.0
20161216,0,1,1,503925.0
20161219,0,1,1,503375.0
20161220,0,1,1,502650.0
20161221,0,1,1,502912.0
20161222,0,1,1,502425.0
20161223,0,0,1,502488.0
20161227,0,0,1,501688.0
20161228,0,0,1,502088.0
20161229,0,0,1,501925.0
20161230,0,0,1,501762.0
20170103,0,0,1,501838.0
20170104,0,0,1,501238.0
20170105,0,0,1,500850.0
20170106,0,0,0,500775.0
20170109,0,0,0,500775.0
20170110,0,0,0,500775.0
20170111,0,0,0,500775.0
20170112,0,0,0,500775.0
20170113,0,0,0,500775.0
20170117,0,0,0,500775.0
20170118,0,1,0,501125.0
20170119,0,1,0,500888.0
20170120,0,1,0,500750.0
20170123,1,1,0,500262.0
20170124,1,1,0,499988.0
20170125,1,1,0,499975.0
20170126,1,1,0,499562.0
20170127,1,1,0,499488.0
20170130,1,1,0,497925.0
20170131,1,1,0,498112.0
20170201,1,1,0,499150.0
20170202,1,1,0,499138.0
20170203,1,1,0,498512.0
20170206,1,1,0,498888.0
20170207,1,1,0,499462.0
20170208,1,1,0,500375.0
20170209,1,1,0,499900.0
20170210,1,1,0,500575.0
20170213,1,1,0,500388.0
20170214,1,1,1,499812.0
20170215,1,1,1,501112.0
20170216,1,1,1,499625.0
20170217,1,1,1,498462.0
20170221,1,1,1,497950.0
20170222,1,0,1,498250.0
20170223,1,0,1,497812.0
20170224,1,0,1,497450.0
20170227,1,0,1,496862.0
20170228,1,0,0,497100.0
20170301,1,0,0,497512.0
20170302,1,0,0,497388.0
20170303,1,0,0,497450.0
20170306,1,0,0,497338.0
20170307,1,0,0,497212.0
20170308,1,0,0,497025.0
20170309,1,0,0,496762.0
20170310,0,0,0,496675.0
20170313,0,0,0,496675.0
20170314,0,0,0,496675.0
20170315,0,0,0,496675.0
20170316,0,1,0,496600.0
20170317,0,1,0,496675.0
20170320,0,1,0,496700.0
20170321,0,1,0,496600.0
20170322,0,1,0,496688.0
20170323,0,1,0,497125.0
20170324,0,1,0,497888.0
20170327,0,1,0,498100.0
20170328,0,1,0,498075.0
20170329,0,1,0,498225.0
20170330,0,1,0,498525.0
20170331,0,1,0,499375.0
20170403,0,1,0,499762.0
20170404,0,1,0,499788.0
20170405,0,1,0,499462.0
20170406,0,1,0,499600.0
20170407,0,1,0,499575.0
20170410,0,1,0,499588.0
20170411,0,1,0,499712.0
20170412,0,1,0,499288.0
20170413,0,1,0,498900.0
20170417,0,1,0,499012.0
20170418,0,1,0,499375.0
20170419,0,1,0,499162.0
20170420,0,1,0,499338.0
20170421,0,1,1,499175.0
20170424,0,1,1,498788.0
20170425,0,1,1,498812.0
20170426,0,1,1,499262.0
20170427,0,1,1,498988.0
20170428,0,1,1,498988.0
20170501,0,1,1,497100.0
20170502,0,1,0,497000.0
20170503,0,1,0,496675.0
20170504,0,1,0,496725.0
20170505,0,1,0,496788.0
20170508,0,1,0,497200.0
20170509,0,1,0,496738.0
20170510,0,1,0,496925.0
20170511,0,1,0,497125.0
20170512,0,1,0,497288.0
20170515,0,1,0,497175.0
20170516,0,1,0,496625.0
20170517,0,1,0,496650.0
20170518,0,1,0,498200.0
20170519,0,1,0,497788.0
20170522,0,1,0,497612.0
20170523,0,1,0,498025.0
20170524,0,1,0,498025.0
20170525,0,1,0,498462.0
20170526,0,1,0,499112.0
20170530,0,1,0,499800.0
20170531,0,1,0,499638.0
20170601,0,1,0,499825.0
20170602,0,1,0,499375.0
20170605,0,1,0,499338.0
20170606,0,1,0,499262.0
20170607,0,1,0,498900.0
20170608,0,1,0,498538.0
20170609,0,1,0,498362.0
20170612,1,1,0,498438.0
20170613,1,1,0,498562.0
20170614,1,1,0,498400.0
20170615,1,1,0,498375.0
20170616,1,1,0,498388.0
20170619,1,1,0,498012.0
20170620,1,1,0,498250.0
20170621,0,1,1,498125.0
20170622,0,1,1,498700.0
20170623,0,1,1,498600.0
20170626,1,1,1,497975.0
20170627,1,1,1,497900.0
20170628,1,1,1,497962.0
20170629,1,1,1,498800.0
20170630,1,1,1,498225.0
20170703,0,1,1,498125.0
20170705,0,0,1,497788.0
20170706,1,0,1,496750.0
20170707,1,0,1,496650.0
20170710,1,0,1,497875.0
20170711,1,1,1,498125.0
20170712,1,1,1,496050.0
20170713,1,1,1,491675.0
20170714,0,0,0,491450.0
20170717,0,0,0,491450.0
20170718,0,0,0,491450.0
20170719,0,0,0,491450.0
20170720,0,0,0,491450.0
20170721,0,0,0,491450.0
20170724,0,0,0,491450.0
20170725,0,0,0,491450.0
20170726,0,0,0,491450.0
20170727,0,0,0,491450.0
20170728,0,0,0,491450.0
20170731,0,0,0,491450.0
20170801,0,0,0,491450.0
20170802,1,0,0,491425.0
20170803,1,0,0,491500.0
20170804,1,0,0,491350.0
20170807,1,0,0,491062.0
20170808,1,0,0,491188.0
20170809,1,0,0,491062.0
20170810,1,0,0,491812.0
20170811,1,0,0,491638.0
20170814,1,0,0,491538.0
20170815,1,0,0,491912.0
20170816,1,0,0,492050.0
20170817,1,0,0,492150.0
20170818,1,0,0,492075.0
20170821,1,0,0,492225.0
20170822,1,0,0,492375.0
20170823,1,0,0,492575.0
20170824,1,0,0,492575.0
20170825,1,0,0,492738.0
20170828,1,0,0,492875.0
20170829,1,0,0,492988.0
20170830,1,0,0,493150.0
20170831,1,0,0,492538.0
20170901,1,0,0,492662.0
20170905,1,0,0,492500.0
20170906,1,0,0,492375.0
20170907,1,0,0,492662.0
20170908,1,0,0,492588.0
20170911,1,0,0,492550.0
20170912,1,0,0,492850.0
20170913,1,0,0,492850.0
20170914,1,0,0,492712.0
20170915,1,0,0,492688.0
20170918,1,0,0,492850.0
20170919,1,0,0,493012.0
20170920,1,0,0,492925.0
20170921,1,0,0,492912.0
20170922,1,0,0,492750.0
20170925,1,0,0,492738.0
20170926,1,0,0,492812.0
20170927,1,0,0,492725.0
20170928,1,0,0,492800.0
20170929,1,0,0,492662.0
20171002,1,0,0,492850.0
20171003,1,0,0,492950.0
20171004,1,0,0,493012.0
20171005,1,0,0,492950.0
20171006,1,0,0,492925.0
20171009,1,0,0,492950.0
20171010,1,0,0,492962.0
20171011,1,0,0,493125.0
20171012,1,0,0,492975.0
20171013,1,0,0,492788.0
20171016,1,0,0,492900.0
20171017,1,0,0,492925.0
20171018,1,0,0,493000.0
20171019,1,0,0,492975.0
20171020,1,0,0,493200.0
20171023,1,0,0,492862.0
20171024,1,0,0,492788.0
20171025,1,0,0,492875.0
20171026,1,0,0,492900.0
20171027,1,0,0,492988.0
20171030,1,0,0,492988.0
20171031,1,0,0,493138.0
20171101,1,0,0,493012.0
20171102,1,0,0,492900.0
20171103,1,0,0,493012.0
20171106,1,0,0,493025.0
20171107,1,0,0,493038.0
20171108,1,0,0,493012.0
20171109,1,0,0,493350.0
20171110,1,0,0,493250.0
20171113,1,0,0,493312.0
20171114,1,0,0,493550.0
20171115,1,0,0,493512.0
20171116,1,0,0,493600.0
20171117,1,0,0,493275.0
20171120,1,0,0,493175.0
20171121,1,0,0,493175.0
20171122,1,0,0,493162.0
20171124,1,0,0,493312.0
20171127,1,0,0,493488.0
20171128,1,0,0,493588.0
20171129,1,0,0,493400.0
20171130,1,0,0,493288.0
20171201,1,0,0,493138.0
20171204,1,0,0,493400.0
20171205,1,0,0,493388.0
20171206,1,0,0,493438.0
20171207,1,0,1,493688.0
20171208,1,0,1,493750.0
20171211,1,0,1,494212.0
20171212,1,0,1,494412.0
20171213,1,0,1,494050.0
20171214,1,0,1,494000.0
20171215,1,0,1,494050.0
20171218,1,0,1,493962.0
20171219,1,0,1,493988.0
20171220,1,0,1,493700.0
20171221,1,1,1,493662.0
20171222,1,1,1,493700.0
20171226,1,1,1,493300.0
20171227,1,1,1,493112.0
20171228,1,1,1,493750.0
20171229,1,1,1,493600.0
20180102,1,1,1,493000.0
20180103,1,1,1,492688.0
20180104,1,1,1,492938.0
20180105,1,1,1,492938.0
20180108,1,1,1,493488.0
20180109,1,1,1,493325.0
20180110,1,1,1,493662.0
20180111,1,1,1,493975.0
20180112,1,1,1,494212.0
20180116,1,1,1,493938.0
20180117,1,1,1,493412.0
20180118,1,1,1,493088.0
20180119,1,1,1,492950.0
20180122,1,1,1,492475.0
20180123,1,1,1,492625.0
20180124,1,1,1,491488.0
20180125,0,0,1,491250.0
20180126,0,0,1,490925.0
20180129,0,0,0,490725.0
20180130,0,0,0,490725.0
20180131,0,0,0,490725.0
20180201,0,0,0,490725.0
20180202,0,0,0,490725.0
20180205,0,0,0,490725.0
20180206,0,0,0,490725.0
20180207,0,0,0,490725.0
20180208,0,0,0,490725.0
20180209,0,0,0,490725.0
20180212,0,0,0,490725.0
20180213,1,0,1,490525.0
20180214,1,0,1,490300.0
20180215,1,0,1,490625.0
20180216,1,1,1,490312.0
20180220,1,1,1,490038.0
20180221,1,1,1,490338.0
20180222,1,1,1,490475.0
20180223,1,1,1,490712.0
20180226,1,1,1,491200.0
20180227,1,1,1,491688.0
20180228,1,1,1,493025.0
20180301,1,1,1,494888.0
20180302,1,1,1,494212.0
20180305,1,1,1,495100.0
20180306,1,1,1,494900.0
20180307,1,1,1,493888.0
20180308,1,1,1,494238.0
20180309,1,1,1,492350.0
20180312,1,1,1,492525.0
20180313,1,1,1,492750.0
20180314,1,1,1,491888.0
20180315,1,1,1,491712.0
20180316,1,1,1,491400.0
20180319,1,1,1,488812.0
20180320,1,1,0,489062.0
20180321,1,1,0,489162.0
20180322,1,1,0,489212.0
20180323,1,1,0,489200.0
20180326,1,1,0,488900.0
20180327,1,1,0,488600.0
20180328,1,1,0,488500.0
20180329,1,1,0,490550.0
20180402,1,1,0,490062.0
20180403,1,1,0,490250.0
20180404,1,1,0,488738.0
20180405,1,1,0,489962.0
20180406,1,1,0,490038.0
20180409,1,1,0,490812.0
20180410,1,1,0,490888.0
20180411,1,1,0,490662.0
20180412,1,1,0,491400.0
20180413,1,1,0,490950.0
20180416,1,1,0,490150.0
20180417,1,1,0,490238.0
20180418,1,1,0,490162.0
20180419,1,1,0,489888.0
20180420,1,1,0,489188.0
20180423,1,1,0,488888.0
20180424,1,1,0,489100.0
20180425,1,1,0,489625.0
20180426,1,1,0,489612.0
20180427,1,1,0,490612.0
20180430,1,1,0,490338.0
20180501,1,1,0,490825.0
20180502,1,1,1,490162.0
20180503,1,1,1,491388.0
20180504,1,1,1,489888.0
20180507,1,0,1,488675.0
20180508,1,0,1,488950.0
20180509,1,0,1,488725.0
20180510,1,0,1,488488.0
20180511,1,0,1,487825.0
20180514,1,0,1,487450.0
20180515,1,0,1,487850.0
20180516,1,0,1,487738.0
20180517,1,0,1,487700.0
20180518,1,0,1,489100.0
20180521,1,0,1,488562.0
20180522,1,0,1,489375.0
20180523,1,0,1,490038.0
20180524,1,0,1,489788.0
20180525,1,0,1,490512.0
20180529,1,0,1,489888.0
20180530,1,0,1,488838.0
20180531,0,0,1,488950.0
20180601,0,0,1,488800.0
20180604,0,0,1,487900.0
20180605,0,0,1,488138.0
20180606,0,0,1,488625.0
20180607,1,1,1,490150.0
20180608,1,1,1,489988.0
20180611,1,1,1,491012.0
20180612,1,1,1,491488.0
20180613,1,1,1,491562.0
20180614,1,1,1,491900.0
20180615,1,1,1,492975.0
20180618,1,1,0,492788.0
20180619,1,1,0,493875.0
20180620,1,1,0,493825.0
20180621,1,1,0,494138.0
20180622,1,1,0,493425.0
20180625,1,1,0,494762.0
20180626,1,1,0,495025.0
20180627,1,1,0,494925.0
20180628,1,1,0,495575.0
20180629,1,1,0,495488.0
20180702,1,1,0,496638.0
20180703,1,1,0,496650.0
20180705,1,1,0,497062.0
20180706,1,1,0,494725.0
20180709,1,1,0,496162.0
20180710,1,1,0,496500.0
20180711,1,1,0,498050.0
20180712,1,1,0,497712.0
20180713,1,1,0,498688.0
20180716,1,1,0,498088.0
20180717,1,1,0,497388.0
20180718,1,1,0,497212.0
20180719,1,1,0,496825.0
20180720,1,1,0,496462.0
20180723,1,1,0,496462.0
20180724,1,1,0,496200.0
20180725,1,1,0,495712.0
20180726,1,1,0,495588.0
20180727,1,1,0,495100.0
20180730,1,1,0,494550.0
20180731,1,1,0,492900.0
20180801,1,1,0,494125.0
20180802,1,1,1,494300.0
20180803,1,1,1,493700.0
20180806,1,1,1,494988.0
20180807,1,1,1,494075.0
20180808,1,1,1,493900.0
20180809,1,1,1,494050.0
20180810,1,1,1,495850.0
20180813,1,1,1,494900.0
20180814,1,1,1,494475.0
20180815,1,1,1,494575.0
20180816,1,1,1,493488.0
20180817,1,1,1,494662.0
20180820,1,1,1,493838.0
20180821,1,1,1,493562.0
20180822,1,1,1,494650.0
20180823,1,1,1,495550.0
20180824,1,1,0,495300.0
20180827,1,1,0,495738.0
20180828,1,1,0,496775.0
20180829,1,1,0,496625.0
20180830,1,1,0,496850.0
20180831,1,1,0,495825.0
20180904,1,1,0,495625.0
20180905,1,1,0,496088.0
20180906,1,1,0,495975.0
20180907,1,1,0,495700.0
20180910,1,1,0,495625.0
20180911,1,1,0,496325.0
20180912,1,1,0,496625.0
20180913,1,1,0,497062.0
20180914,1,1,0,497138.0
20180917,1,1,0,497675.0
20180918,1,1,0,498388.0
20180919,1,1,0,497462.0
20180920,1,1,0,496112.0
20180921,1,1,0,496025.0
20180924,1,1,0,496175.0
20180925,1,1,0,495775.0
20180926,1,1,0,495600.0
20180927,1,1,0,495262.0
20180928,1,1,0,496162.0
20181001,1,1,0,495075.0
20181002,1,1,0,494575.0
20181003,1,1,0,494938.0
20181004,1,1,0,494912.0
20181005,1,1,0,494388.0
20181008,1,0,0,494325.0
20181009,1,0,0,494425.0
20181010,1,0,0,494512.0
20181011,1,0,0,494188.0
20181012,0,0,0,494100.0
20181015,0,0,0,494100.0
20181016,0,0,0,494100.0
20181017,0,0,0,494100.0
20181018,0,0,0,494100.0
20181019,0,0,0,494100.0
20181022,0,0,0,494100.0
20181023,0,0,0,494100.0
20181024,0,0,0,494100.0
20181025,0,0,0,494100.0
20181026,0,0,0,494100.0
20181029,0,0,0,494100.0
20181030,0,0,0,494100.0
20181031,0,0,0,494100.0
20181101,0,0,0,494100.0
20181102,0,0,0,494100.0
20181105,0,0,0,494100.0
20181106,0,0,0,494100.0
20181107,0,0,0,494100.0
20181108,0,0,0,494100.0
20181109,0,0,0,494100.0
20181112,0,0,0,494100.0
20181113,0,0,0,494100.0
20181114,0,0,0,494100.0
20181115,0,0,0,494100.0
20181116,0,0,0,494100.0
20181119,0,0,0,494100.0
20181120,0,0,0,494100.0
20181121,0,0,0,494100.0
20181123,0,0,0,494100.0
20181126,0,0,0,494100.0
20181127,0,0,0,494100.0
20181128,0,0,0,494100.0
20181129,0,0,0,494100.0
20181130,0,0,0,494100.0
20181203,0,0,0,494100.0
20181204,0,0,0,494100.0
20181205,0,1,0,494275.0
20181206,0,1,0,494075.0
20181207,0,1,0,494438.0
20181210,0,1,0,494088.0
20181211,0,1,0,494350.0
20181212,0,1,0,494600.0
20181213,0,1,0,493950.0
20181214,0,1,0,493625.0
20181217,0,1,0,493838.0
20181218,0,1,0,493988.0
20181219,0,1,0,493600.0
20181220,0,1,0,493275.0
20181221,0,1,0,492838.0
20181224,0,1,0,492800.0
20181226,0,1,0,492100.0
20181227,0,0,0,492038.0
20181228,0,0,0,492038.0
20181231,0,0,0,492038.0
20190102,0,0,0,492038.0
20190103,0,0,0,492038.0
20190104,0,0,0,492038.0
20190107,0,0,0,492038.0
20190108,0,0,0,492038.0
20190109,0,0,0,492038.0
20190110,0,0,0,492038.0
20190111,0,0,0,492038.0
20190114,0,0,0,492038.0
20190115,0,0,0,492038.0
20190116,0,0,0,492038.0
20190117,0,0,0,492038.0
20190118,0,0,0,492038.0
20190122,0,0,0,492038.0
20190123,0,0,0,492038.0
20190124,0,0,0,492038.0
20190125,0,0,0,492038.0
20190128,0,0,0,492038.0
20190129,0,0,0,492038.0
20190130,0,0,0,492038.0
20190131,0,0,0,492038.0
20190201,0,0,0,492038.0
20190204,0,0,0,492038.0
20190205,0,0,0,492038.0
20190206,0,0,0,492038.0
20190207,0,0,0,492038.0
20190208,0,0,0,492038.0
20190211,0,0,0,492038.0
20190212,0,0,0,492038.0
20190213,0,0,0,492038.0
20190214,0,0,0,492038.0
20190215,0,0,0,492038.0
20190219,0,0,0,492038.0
20190220,1,0,1,492538.0
20190221,1,0,1,492012.0
20190222,1,0,1,492012.0
20190225,1,0,1,493250.0
20190226,1,0,1,493675.0
20190227,1,0,1,493862.0
20190228,1,0,1,494375.0
20190301,1,0,1,494375.0
20190304,1,0,1,494375.0
20190305,1,0,1,493962.0
20190306,1,0,1,494762.0
20190307,1,0,1,495712.0
20190308,1,0,1,495700.0
20190311,1,0,1,496362.0
20190312,1,1,1,494600.0
20190313,1,1,1,494650.0
20190314,1,1,1,494312.0
20190315,1,1,1,493150.0
20190318,1,1,1,493688.0
20190319,1,1,1,493800.0
20190320,1,1,1,493275.0
20190321,1,1,1,492725.0
20190322,1,1,1,492988.0
20190325,1,1,1,492600.0
20190326,1,1,1,493025.0
20190327,1,1,1,493850.0
20190328,1,1,1,493988.0
20190329,1,1,1,495462.0
20190401,1,1,1,494388.0
20190402,1,1,1,494112.0
20190403,1,1,1,493762.0
20190404,1,1,1,493262.0
20190405,1,1,1,493925.0
20190408,1,1,1,494188.0
20190409,1,1,1,494475.0
20190410,1,1,1,494300.0
20190411,1,1,1,494600.0
20190412,1,1,1,494350.0
20190415,1,1,1,494338.0
20190416,1,1,1,495788.0
20190417,1,1,1,496175.0
20190418,1,1,1,496225.0
20190422,1,1,1,497012.0
20190423,1,1,1,497788.0
20190424,1,1,1,498675.0
20190425,1,1,1,498312.0
20190426,1,1,1,498350.0
20190429,1,1,1,499000.0
20190430,1,1,1,499625.0
20190501,1,1,1,499075.0
20190502,1,1,1,499000.0
20190503,1,1,1,499338.0
20190506,1,1,1,500300.0
20190507,1,1,1,500050.0
20190508,1,1,1,500362.0
20190509,1,1,1,502112.0
20190510,1,1,1,502600.0
20190513,1,1,1,502088.0
20190514,1,1,1,499450.0
20190515,1,1,1,499200.0
20190516,1,1,1,497600.0
20190517,1,1,1,498388.0
20190520,0,1,1,496988.0
20190521,0,1,0,496975.0
20190522,0,1,0,496650.0
20190523,0,1,0,497000.0
20190524,0,1,0,496588.0
20190528,0,1,0,495275.0
20190529,1,1,0,493950.0
20190530,0,0,0,493662.0
20190531,0,0,0,493662.0
20190603,1,0,0,493562.0
20190604,1,0,0,493612.0
20190605,1,0,0,493088.0
20190606,1,0,0,493375.0
20190607,1,0,0,493138.0
20190610,1,0,0,493138.0
20190611,1,0,0,493738.0
20190612,1,0,1,494162.0
20190613,1,0,1,495225.0
20190614,1,0,1,495925.0
20190617,1,0,1,496062.0
20190618,1,0,1,495412.0
20190619,1,0,1,494512.0
20190620,1,0,1,495175.0
20190621,1,0,1,494762.0
20190624,1,0,1,495588.0
20190625,1,0,1,495512.0
20190626,1,0,1,495662.0
20190627,1,0,1,495488.0
20190628,1,0,1,493462.0
20190701,1,0,1,492225.0
20190702,1,0,1,491975.0
20190703,1,0,1,493400.0
20190705,1,0,1,493550.0
20190708,1,0,1,493388.0
20190709,1,0,1,492625.0
20190710,1,0,1,492850.0
20190711,1,0,1,494150.0
20190712,1,0,1,494725.0
20190715,1,0,1,493300.0
20190716,1,0,1,493000.0
20190717,1,0,1,492938.0
20190718,1,0,1,491762.0
20190719,1,0,1,492525.0
20190722,1,0,1,491338.0
20190723,1,0,0,491425.0
20190724,1,0,0,491350.0
20190725,1,0,0,491075.0
20190726,1,0,0,490875.0
20190729,1,0,0,491000.0
20190730,1,0,0,490712.0
20190731,1,0,0,490162.0
20190801,0,0,0,490138.0
20190802,0,0,0,490138.0
20190805,0,0,0,490138.0
20190806,0,0,0,490138.0
20190807,0,0,0,490138.0
20190808,0,0,0,490138.0
20190809,0,0,0,490138.0
20190812,0,0,0,490138.0
20190813,0,0,0,490138.0
20190814,0,0,0,490138.0
20190815,0,0,0,490138.0
20190816,0,0,0,490138.0
20190819,0,0,0,490138.0
20190820,0,0,0,490138.0
20190821,0,0,0,490138.0
20190822,0,0,0,490138.0
20190823,0,0,0,490138.0
20190826,0,0,0,490138.0
20190827,0,0,0,490138.0
20190828,0,0,0,490138.0
20190829,0,0,0,490138.0
20190830,0,0,0,490138.0
20190903,0,0,0,490138.0
20190904,0,0,0,490138.0
20190905,0,0,0,490138.0
20190906,0,0,0,490138.0
20190909,0,0,0,490138.0
20190910,0,0,0,490138.0
20190911,0,0,0,490138.0
20190912,0,0,0,490138.0
20190913,0,0,0,490138.0
20190916,0,0,0,490138.0
20190917,0,0,0,490138.0
20190918,0,0,0,490138.0
20190919,0,0,0,490138.0
20190920,0,0,0,490138.0
20190923,0,0,0,490138.0
20190924,0,0,0,490138.0
20190925,0,0,0,490138.0
20190926,0,0,0,490138.0
20190927,0,0,0,490138.0
20190930,0,0,0,490138.0
20191001,0,0,0,490138.0
20191002,0,0,0,490138.0
20191003,0,0,0,490138.0
20191004,0,0,0,490138.0
20191007,0,0,0,490138.0
20191008,0,0,0,490138.0
20191009,0,0,0,490138.0
20191010,0,0,0,490138.0
20191011,0,0,0,490138.0
20191014,0,0,0,490138.0
20191015,0,1,0,489900.0
20191016,0,1,0,489600.0
20191017,0,1,0,489775.0
20191018,0,1,0,489900.0
20191021,0,1,1,489438.0
20191022,0,1,1,489200.0
20191023,0,1,1,489325.0
20191024,0,1,1,489062.0
20191025,0,1,1,488500.0
20191028,0,1,1,488225.0
20191029,0,1,1,488112.0
20191030,0,1,1,487850.0
20191031,0,1,1,487912.0
20191101,0,1,1,488500.0
20191104,0,1,1,488250.0
20191105,0,1,1,488338.0
20191106,0,1,1,488075.0
20191107,0,1,1,488312.0
20191108,0,1,1,487925.0
20191111,0,1,1,487000.0
20191112,0,1,1,487562.0
20191113,0,1,1,487075.0
20191114,0,1,1,487088.0
20191115,0,1,1,486912.0
20191118,0,1,1,486738.0
20191119,0,0,1,486888.0
20191120,0,0,1,487062.0
20191121,0,0,1,486738.0
20191122,0,0,1,487050.0
20191125,0,0,1,487838.0
20191126,0,0,1,487800.0
20191127,0,0,1,487588.0
20191129,0,0,1,488338.0
20191202,0,0,1,488012.0
20191203,0,0,1,487512.0
20191204,0,0,1,487625.0
20191205,0,0,1,487438.0
20191206,0,0,1,487475.0
20191209,0,0,1,487388.0
20191210,0,0,1,487438.0
20191211,0,0,1,487212.0
20191212,0,0,1,487762.0
20191213,0,0,1,487875.0
20191216,0,0,1,488738.0
20191217,0,0,1,489062.0
20191218,0,0,1,488662.0
20191219,0,0,1,488512.0
20191220,0,0,1,488362.0
20191223,0,0,1,488225.0
20191224,0,0,1,488300.0
20191226,0,0,1,488700.0
20191227,0,0,1,489062.0
20191230,0,0,1,489050.0
20191231,0,0,1,489188.0
20200102,0,0,1,489262.0
20200103,0,0,1,488975.0
20200106,0,0,1,488750.0
20200107,0,0,1,488762.0
20200108,0,0,1,488888.0
20200109,0,0,1,489362.0
20200110,0,0,1,489475.0
20200113,0,0,1,489362.0
20200114,0,0,1,489675.0
20200115,0,0,1,489912.0
20200116,0,0,1,489512.0
20200117,0,0,1,489775.0
20200121,0,0,1,490325.0
20200122,0,0,1,490138.0
20200123,0,0,1,490275.0
20200124,0,0,1,489925.0
20200127,0,0,1,489862.0
20200128,0,0,1,489738.0
20200129,0,0,1,489362.0
20200130,0,0,1,489275.0
20200131,0,1,1,489312.0
20200203,0,1,1,489175.0
20200204,0,1,1,489138.0
20200205,0,1,1,489350.0
20200206,0,1,1,489012.0
20200207,0,1,1,489088.0
20200210,0,1,1,488638.0
20200211,0,1,1,488112.0
20200212,0,1,1,488000.0
20200213,0,1,1,487650.0
20200214,0,1,1,487700.0
20200218,0,1,1,488975.0
20200219,0,1,1,488650.0
20200220,0,1,1,488612.0
20200221,0,1,1,488275.0
20200224,0,1,1,488350.0
20200225,0,1,0,488150.0
20200226,0,1,0,487962.0
20200227,1,1,0,488100.0
20200228,1,1,0,488200.0
20200302,1,1,0,487425.0
20200303,1,1,0,487012.0
20200304,1,1,0,486638.0
20200305,1,1,0,487312.0
20200306,1,1,0,487888.0
20200309,1,1,0,489112.0
20200310,1,1,0,488562.0
20200311,1,1,0,488862.0
20200312,1,1,0,489988.0
20200313,1,1,0,490525.0
20200316,1,1,0,492425.0
20200317,1,1,1,492688.0
20200318,1,1,1,492612.0
20200319,1,1,1,489875.0
20200320,1,1,1,488788.0
20200323,1,1,1,486562.0
20200324,1,1,0,486238.0
20200325,1,1,0,486438.0
20200326,1,1,0,486488.0
20200327,1,1,0,486562.0
20200330,1,1,0,486762.0
20200331,1,1,0,486600.0
20200401,1,1,0,488062.0
20200402,1,1,0,488325.0
20200403,1,1,0,488688.0
20200406,1,1,0,488775.0
20200407,1,1,0,488625.0
20200408,1,1,0,488712.0
20200409,1,1,0,488175.0
20200413,1,1,0,488650.0
20200414,1,1,0,489288.0
20200415,1,1,0,489875.0
20200416,1,1,0,490112.0
20200417,1,1,0,490200.0
20200420,1,1,0,490900.0
20200421,1,1,0,490938.0
20200422,1,1,0,490325.0
20200423,1,1,0,490012.0
20200424,1,1,0,490538.0
20200427,1,1,0,491212.0
20200428,1,1,0,491500.0
20200429,1,1,0,491100.0
20200430,1,1,0,489938.0
20200501,1,1,0,490300.0
20200504,1,1,0,491100.0
20200505,1,1,0,490875.0
20200506,1,1,0,491362.0
20200507,1,1,0,490588.0
20200508,1,1,0,490212.0
20200511,1,1,0,490025.0
20200512,1,1,0,489988.0
20200513,1,1,0,490812.0
20200514,1,1,0,490975.0
20200515,1,1,0,490812.0
20200518,1,1,0,490412.0
20200519,1,1,0,490512.0
20200520,1,1,0,490388.0
20200521,1,1,0,491062.0
20200522,1,1,0,491138.0
20200526,1,1,0,490400.0
20200527,1,1,0,490250.0
20200528,1,1,0,489975.0
20200529,1,1,0,490375.0
20200601,1,1,0,490512.0
20200602,1,1,0,489962.0
20200603,1,1,0,489625.0
20200604,1,1,0,488862.0
20200605,1,0,0,488638.0
20200608,1,0,0,488512.0
20200609,1,0,0,488825.0
20200610,1,0,0,488888.0
20200611,1,0,0,488712.0
20200612,1,0,0,488700.0
20200615,1,0,0,488738.0
20200616,1,0,0,488750.0
20200617,1,0,0,488688.0
20200618,1,0,0,488650.0
20200619,1,0,0,488575.0
20200622,1,0,0,488788.0
20200623,1,0,0,488950.0
20200624,1,0,0,488988.0
20200625,1,0,0,489338.0
20200626,1,0,0,489400.0
20200629,1,0,0,488925.0
20200630,1,0,0,488288.0
20200701,0,0,0,488225.0
20200702,0,1,0,488150.0
20200706,0,1,0,488625.0
20200707,0,1,0,488438.0
20200708,0,1,0,488175.0
20200709,0,1,0,488388.0
20200710,0,1,0,487850.0
20200713,0,1,0,487075.0
20200714,0,1,0,487188.0
20200715,0,1,0,487450.0
20200716,0,1,0,487862.0
20200717,0,1,0,488062.0
20200720,0,1,0,488312.0
20200721,0,1,0,487962.0
20200722,0,1,0,488088.0
20200723,0,1,0,488312.0
20200724,0,1,0,488275.0
20200727,0,1,0,488300.0
20200728,0,1,0,487688.0
20200729,0,1,0,487575.0
20200730,0,1,0,487725.0
20200731,0,1,0,487938.0
20200803,0,1,0,488125.0
20200804,0,1,0,487400.0
20200805,1,1,0,487150.0
20200806,1,1,0,487100.0
20200807,1,1,0,486750.0
20200810,1,1,0,486900.0
20200811,1,1,0,486862.0
20200812,1,1,0,487188.0
20200813,1,1,0,487475.0
20200814,1,1,0,487475.0
20200817,1,1,0,487975.0
20200818,0,1,0,487850.0
20200819,0,1,0,487862.0
20200820,0,1,0,487425.0
20200821,0,1,0,487400.0
20200824,0,1,0,487450.0
20200825,0,1,0,488175.0
20200826,0,1,0,488375.0
20200827,0,1,0,489262.0
20200828,0,1,0,489688.0
20200831,0,1,0,489838.0
20200901,0,1,0,489900.0
20200902,0,1,1,489925.0
20200903,0,1,1,489875.0
20200904,0,1,1,489825.0
20200908,0,1,1,489775.0
20200909,0,1,1,490038.0
20200910,0,1,1,490200.0
20200911,0,1,1,490812.0
20200914,1,1,1,491225.0
20200915,1,1,1,490275.0
20200916,1,1,1,491738.0
20200917,1,1,1,493488.0
20200918,1,1,1,495338.0
20200921,1,1,1,492838.0
20200922,1,1,1,492838.0
20200923,1,1,1,492088.0
20200924,1,1,1,491150.0
20200925,1,1,1,491088.0
20200928,1,1,1,491150.0
20200929,1,1,1,490850.0
20200930,1,1,1,494512.0
20201001,1,1,1,494312.0
20201002,1,1,1,494175.0
20201005,1,1,1,494750.0
20201006,1,1,1,496575.0
20201007,1,1,1,497850.0
20201008,1,1,1,497100.0
20201009,1,1,1,498200.0
20201012,1,1,1,496338.0
20201013,1,1,1,496950.0
20201014,1,1,1,497962.0
20201015,1,1,1,499700.0
20201016,1,1,1,499350.0
20201019,1,1,1,499812.0
20201020,1,1,1,500725.0
20201021,1,1,1,501262.0
20201022,1,1,1,501125.0
20201023,1,1,1,502275.0
20201026,1,1,1,501762.0
20201027,1,1,1,501188.0
20201028,1,1,1,499025.0
20201029,1,1,1,498412.0
20201030,1,1,1,498438.0
20201102,1,1,1,498638.0
20201103,1,1,1,499438.0
20201104,1,1,1,500650.0
20201105,1,1,1,501888.0
20201106,1,1,1,501288.0
20201109,1,1,1,501550.0
20201110,1,1,1,504650.0
20201111,1,1,1,504162.0
20201112,1,1,1,502875.0
20201113,1,1,1,503375.0
20201116,1,1,1,504162.0
20201117,1,1,1,505038.0
20201118,1,1,1,505738.0
20201119,1,1,1,505362.0
20201120,1,1,1,505650.0
20201123,1,1,1,506612.0
20201124,1,1,1,507188.0
20201125,1,1,1,505525.0
20201127,1,1,1,506700.0
20201130,1,1,1,504100.0
20201201,1,1,1,503125.0
20201202,1,1,0,502775.0
20201203,1,1,0,503675.0
20201204,1,1,0,503112.0
20201207,1,1,0,503062.0
20201208,1,1,0,502212.0
20201209,1,1,0,503050.0
20201210,1,1,0,502638.0
20201211,1,1,0,503138.0
20201214,1,1,0,503612.0
20201215,1,1,0,504388.0
20201216,1,1,0,504488.0
20201217,1,1,0,505625.0
20201218,1,1,0,506812.0
20201221,1,1,0,508100.0
20201222,1,1,0,508475.0
20201223,1,1,0,509238.0
20201224,1,1,0,509662.0
20201228,1,1,0,509525.0
20201229,1,1,0,511938.0
20201230,1,1,0,512588.0
20201231,1,1,0,513588.0
20210104,1,1,0,513675.0
20210105,1,1,0,515775.0
20210106,1,1,1,516338.0
20210107,1,1,1,515712.0
20210108,1,1,1,516625.0
20210111,1,1,1,516112.0
20210112,1,1,1,521162.0
20210113,1,1,1,520700.0
20210114,1,1,1,522875.0
20210115,1,1,1,522325.0
20210119,1,1,1,520338.0
20210120,1,1,1,519100.0
20210121,1,1,1,518900.0
20210122,1,1,1,513475.0
20210125,1,1,1,516312.0
20210126,1,1,1,519525.0
20210127,1,1,1,519488.0
20210128,1,1,1,517875.0
20210129,1,1,1,520138.0
20210201,1,1,1,519412.0
20210202,1,1,1,518262.0
20210203,1,1,1,519712.0
20210204,1,1,1,519138.0
20210205,1,1,1,518962.0
20210208,1,1,1,521500.0
20210209,1,1,1,521512.0
20210210,1,1,1,517338.0
20210211,1,1,1,518238.0
20210212,1,1,1,518512.0
20210216,1,1,1,520862.0
20210217,1,1,1,520175.0
20210218,1,1,1,520525.0
20210219,1,1,1,519675.0
20210222,1,1,1,521075.0
20210223,1,1,1,522412.0
20210224,1,1,1,524262.0
20210225,1,1,1,522500.0
20210226,1,1,1,521450.0
20210301,1,1,1,519838.0
20210302,1,1,1,522038.0
20210303,1,1,1,520788.0
20210304,1,1,1,520550.0
20210305,1,1,1,522275.0
20210308,1,1,1,522212.0
20210309,1,1,1,522962.0
20210310,1,1,1,520662.0
20210311,1,1,1,520575.0
20210312,1,1,1,520388.0
20210315,1,1,1,521550.0
20210316,1,1,1,522075.0
20210317,1,1,1,521638.0
20210318,1,1,1,519312.0
20210319,1,1,0,520900.0
20210322,1,1,0,520525.0
20210323,1,1,0,520925.0
20210324,1,1,0,521500.0
20210325,1,1,0,520238.0
20210326,1,1,0,519850.0
20210329,1,1,0,519188.0
20210330,1,1,0,517500.0
20210331,1,1,0,522250.0
20210401,1,1,0,520288.0
20210405,1,1,0,520500.0
20210406,1,1,0,520850.0
20210407,1,1,0,520662.0
20210408,1,1,0,521950.0
20210409,1,1,0,521212.0
20210412,1,1,0,519750.0
20210413,1,1,0,520675.0
20210414,1,1,0,522400.0
20210415,1,1,0,522612.0
20210416,1,1,0,523138.0
20210419,1,1,0,524288.0
20210420,1,1,0,526125.0
20210421,1,1,0,528338.0
20210422,1,1,0,531388.0
20210423,1,1,1,531988.0
20210426,1,1,1,536162.0
20210427,1,1,1,535662.0
20210428,1,1,1,534350.0
20210429,1,1,1,534300.0
20210430,1,1,1,537438.0
20210503,1,1,1,536400.0
20210504,1,1,1,538412.0
20210505,1,1,1,540088.0
20210506,1,1,1,542400.0
20210507,1,1,1,544512.0
20210510,1,1,1,541812.0
20210511,1,1,1,544262.0
20210512,1,1,1,544675.0
20210513,1,1,1,538338.0
20210514,1,1,1,537188.0
20210517,1,1,1,537312.0
20210518,1,1,1,536850.0
20210519,1,1,1,534112.0
20210520,1,1,1,533975.0
20210521,1,1,1,533325.0
20210524,1,1,1,532438.0
20210525,1,1,0,529988.0
20210526,0,0,0,529862.0
20210527,0,0,0,529862.0
20210528,0,0,0,529862.0
20210601,0,0,0,529862.0
20210602,0,0,0,529862.0
20210603,0,0,0,529862.0
20210604,0,0,0,529862.0
20210607,0,0,0,529862.0
20210608,0,0,0,529862.0
20210609,0,0,0,529862.0
20210610,0,0,0,529862.0
20210611,0,0,0,529862.0
20210614,0,0,0,529862.0
20210615,0,0,0,529862.0
20210616,0,0,0,529862.0
20210617,0,0,0,529862.0
20210618,0,0,0,529862.0
20210621,0,0,0,529862.0
20210622,0,0,0,529862.0
20210623,0,0,0,529862.0
20210624,0,0,0,529862.0
20210625,0,0,0,529862.0
20210628,0,0,0,529862.0
20210629,0,0,0,529862.0
20210630,0,0,0,529862.0
20210701,0,0,0,529862.0
20210702,0,0,0,529862.0
20210706,0,0,0,529862.0
20210707,0,0,0,529862.0
20210708,0,0,0,529862.0
20210709,0,0,0,529862.0
20210712,0,0,0,529862.0
20210713,0,0,0,529862.0
20210714,0,0,0,529862.0
20210715,0,0,0,529862.0
20210716,0,0,0,529862.0
20210719,0,0,0,529862.0
20210720,0,0,0,529862.0
20210721,0,0,0,529862.0
20210722,0,0,0,529862.0
20210723,0,0,0,529862.0
20210726,0,0,0,529862.0
20210727,0,0,0,529862.0
20210728,0,0,0,529862.0
20210729,0,0,0,529862.0
20210730,0,0,0,529862.0
20210802,0,0,0,529862.0
20210803,0,0,0,529862.0
20210804,0,0,0,529862.0
20210805,0,0,0,529862.0
20210806,0,0,0,529862.0
20210809,0,0,0,529862.0
20210810,0,0,0,529862.0
20210811,0,0,0,529862.0
20210812,0,0,0,529862.0
20210813,0,0,0,529862.0
20210816,0,0,0,529862.0
20210817,0,0,0,529862.0
20210818,0,0,0,529862.0
20210819,0,0,0,529862.0
20210820,0,0,0,529862.0
20210823,0,0,0,529862.0
20210824,0,0,0,529862.0
20210825,0,0,0,529862.0
20210826,0,0,0,529862.0
20210827,0,0,0,529862.0
20210830,0,0,0,529862.0
20210831,0,0,0,529862.0
20210901,0,0,0,529862.0
20210902,0,0,0,529862.0
20210903,0,0,0,529862.0
20210907,0,0,0,529862.0
20210908,1,0,0,529888.0
20210909,1,0,0,529900.0
20210910,1,0,0,529525.0
20210913,1,0,0,529738.0
20210914,1,0,0,529388.0
20210915,1,0,0,528725.0
20210916,1,0,0,528925.0
20210917,1,0,0,529038.0
20210920,1,0,0,529312.0
20210921,1,0,0,529550.0
20210922,1,0,0,529125.0
20210923,1,0,0,528938.0
20210924,1,0,0,529062.0
20210927,1,0,0,528425.0
20210928,1,0,0,528775.0
20210929,1,0,0,528450.0
20210930,1,0,0,528562.0
20211001,1,0,0,528325.0
20211004,1,0,0,528362.0
20211005,1,1,0,527712.0
20211006,1,1,0,528400.0
20211007,1,1,0,528050.0
20211008,1,1,0,528438.0
20211011,1,1,0,529050.0
20211012,1,1,0,531075.0
20211013,1,1,0,531738.0
20211014,1,1,0,530962.0
20211015,1,1,0,529938.0
20211018,1,1,0,529400.0
20211019,1,1,0,529200.0
20211020,1,1,0,527875.0
20211021,1,1,0,529300.0
20211022,1,1,0,529188.0
20211025,1,1,0,528350.0
20211026,1,1,0,528038.0
20211027,0,1,0,527875.0
20211028,0,1,0,528062.0
20211029,0,1,0,527888.0
20211101,0,1,0,527938.0
20211102,1,1,1,526938.0
20211103,1,1,1,526562.0
20211104,1,1,1,527038.0
20211105,1,1,1,527225.0
20211108,1,1,1,528075.0
20211109,1,1,1,527588.0
20211110,1,1,1,529300.0
20211111,1,1,1,529550.0
20211112,1,1,1,529025.0
20211115,1,1,1,528800.0
20211116,1,1,1,528025.0
20211117,1,1,1,527550.0
20211118,1,1,1,527912.0
20211119,1,1,1,528050.0
20211122,1,1,1,528938.0
20211123,1,1,1,529700.0
20211124,1,1,1,529025.0
20211126,1,1,1,529525.0
20211129,1,1,1,528712.0
20211130,1,1,1,527438.0
20211201,1,1,1,527250.0
20211202,1,1,1,527938.0
20211203,1,1,1,526588.0
20211206,1,1,1,526975.0
20211207,1,1,1,527775.0
20211208,1,1,1,526600.0
20211209,1,1,1,525762.0
20211210,1,1,1,525938.0
20211213,1,0,1,525600.0
20211214,1,0,1,525775.0
20211215,1,0,1,524000.0
20211216,1,0,0,524250.0
20211217,1,0,0,524350.0
20211220,1,0,0,524238.0
20211221,1,0,0,524600.0
20211222,1,0,0,524812.0
20211223,1,1,0,525275.0
20211227,1,1,0,527250.0
20211228,1,1,0,526588.0
20211229,1,1,0,526662.0
20211230,1,1,0,524675.0
20211231,1,1,0,524575.0
20220103,1,1,0,525188.0
20220104,1,1,0,527912.0
20220105,1,1,0,527800.0
20220106,1,1,0,527500.0
20220107,1,1,0,528800.0
20220110,1,1,0,527175.0
20220111,1,1,0,527325.0
20220112,1,1,0,527862.0
20220113,1,1,0,526188.0
20220114,1,1,0,526250.0
20220118,1,1,0,525988.0
20220119,1,1,0,528038.0
20220120,1,1,0,529788.0
20220121,1,1,0,529475.0
20220124,1,1,0,529150.0
20220125,1,1,0,529312.0
20220126,1,1,0,531300.0
20220127,1,1,0,531625.0
20220128,1,1,0,533250.0
20220131,1,1,0,533775.0
20220201,1,1,0,536112.0
20220202,1,1,0,536338.0
20220203,1,1,0,536000.0
20220204,1,1,0,536650.0
20220207,1,1,0,538800.0
20220208,1,1,0,538012.0
20220209,1,1,0,540025.0
20220210,1,1,0,538750.0
20220211,1,1,0,539650.0
20220214,1,1,0,539238.0
20220215,1,1,0,537412.0
20220216,1,1,0,539675.0
20220217,1,1,0,540050.0
20220218,1,1,0,540738.0
20220222,1,1,0,543438.0
20220223,1,1,0,545888.0
20220224,1,1,1,547650.0
20220225,1,1,1,538700.0
20220228,1,1,1,546775.0
20220301,1,1,1,553688.0
20220302,1,1,1,556050.0
20220303,1,1,1,561175.0
20220304,1,1,1,564888.0
20220307,1,1,1,568912.0
20220308,1,1,1,570162.0
20220309,1,1,1,564012.0
20220310,1,1,1,560150.0
20220311,1,1,1,560950.0
20220314,1,1,1,559450.0
20220315,1,1,1,562250.0
20220316,1,1,1,556125.0
20220317,1,1,1,559750.0
20220318,1,1,1,557375.0
20220321,1,1,1,562025.0
20220322,1,1,1,562088.0
20220323,1,1,1,562812.0
20220324,1,1,1,560438.0
20220325,1,1,1,562025.0
20220328,1,1,1,557188.0
20220329,1,1,1,552875.0
20220330,1,1,1,555162.0
20220331,1,1,1,552350.0
