20100104     0.00
20100105     0.00
20100106     0.00
20100107 -1687.50
20100108 -2350.00
20100111 -1337.50
20100112 -3625.00
20100113 -2362.50
20100114 -2675.00
20100115 -3212.50
20100119 -1187.50
20100120 -3487.50
20100121 -4987.50
20100122 -3687.50
20100125 -2537.50
20100126 -3875.00
20100127 -6650.00
20100128 -6690.00
20100129 -6580.00
20100201 -8930.00
20100202 -9725.00
20100203 -9725.00
20100204 -6005.00
20100205 -5537.50
20100208 -6925.00
20100209 -7812.50
20100210 -7812.50
20100211 -7812.50
20100212 -7812.50
20100216 -7812.50
20100217 -7812.50
20100218 -7812.50
20100219 -7812.50
20100222 -7812.50
20100223 -7812.50
20100224 -7812.50
20100225 -7812.50
20100226 -7812.50
20100301 -7812.50
20100302 -7812.50
20100303 -7812.50
20100304 -7812.50
20100305 -7812.50
20100308 -7812.50
20100309 -7812.50
20100310 -7812.50
20100311 -7812.50
20100312 -7812.50
20100315 -7812.50
20100316 -7812.50
20100317 -7812.50
20100318 -7812.50
20100319 -7812.50
20100322 -7812.50
20100323 -7812.50
20100324 -7812.50
20100325 -7812.50
20100326 -7812.50
20100329 -7812.50
20100330 -8037.50
20100331 -8287.50
20100401 -7525.00
20100405 -6337.50
20100406 -6700.00
20100407 -7127.50
20100408 -7412.50
20100409 -6425.00
20100412 -7032.50
20100413 -7012.50
20100414 -6142.50
20100415 -6322.50
20100416 -10812.50
20100419 -12535.00
20100420 -12195.00
20100421 -11235.00
20100422 -11825.00
20100423 -10745.00
20100426 -10715.00
20100427 -9895.00
20100428 -8935.00
20100429 -9235.00
20100430 -8045.00
20100503 -7785.00
20100504 -9195.00
20100505 -11890.00
20100506 -9250.00
20100507 -9250.00
20100510 -9250.00
20100511 -8785.00
20100512 -6940.00
20100513 -7760.00
20100514 -9130.00
20100517 -9810.00
20100518 -12185.00
20100519 -11862.50
20100520 -11487.50
20100521 -15387.50
20100524 -15387.50
20100525 -15387.50
20100526 -15387.50
20100527 -15387.50
20100528 -15387.50
20100601 -15387.50
20100602 -15387.50
20100603 -15675.00
20100604 -12500.00
20100607 -10437.50
20100608 -10437.50
20100609 -10437.50
20100610 -10437.50
20100611 -10437.50
20100614 -10437.50
20100615 -10437.50
20100616 -10437.50
20100617 -10437.50
20100618 -10437.50
20100621 -13917.50
20100622 -13942.50
20100623 -13942.50
20100624 -13942.50
20100625 -13942.50
20100628 -13942.50
20100629 -13942.50
20100630 -13942.50
20100701 -13942.50
20100702 -13942.50
20100706 -13942.50
20100707 -13942.50
20100708 -13942.50
20100709 -13942.50
20100712 -13942.50
20100713 -13942.50
20100714 -13942.50
20100715 -13942.50
20100716 -13942.50
20100719 -13942.50
20100720 -13942.50
20100721 -13942.50
20100722 -13942.50
20100723 -13942.50
20100726 -13942.50
20100727 -13942.50
20100728 -14537.50
20100729 -15237.50
20100730 -17017.50
20100802 -17017.50
20100803 -17017.50
20100804 -17017.50
20100805 -17017.50
20100806 -17017.50
20100809 -17017.50
20100810 -17017.50
20100811 -17017.50
20100812 -17017.50
20100813 -17017.50
20100816 -17017.50
20100817 -17017.50
20100818 -17017.50
20100819 -17017.50
20100820 -17017.50
20100823 -17017.50
20100824 -17017.50
20100825 -17017.50
20100826 -17017.50
20100827 -18352.50
20100830 -18357.50
20100831 -16567.50
20100901 -16550.00
20100902 -14705.00
20100903 -13207.50
20100907 -14120.00
20100908 -12895.00
20100909 -15090.00
20100910 -16065.00
20100913 -12722.50
20100914 -11840.00
20100915 -12190.00
20100916 -11005.00
20100917 -9922.50
20100920 -10030.00
20100921 -11267.50
20100922 -7387.50
20100923 -6330.00
20100924 -5462.50
20100927 -5937.50
20100928 -3967.50
20100929 -3005.00
20100930 -3075.00
20101001 -2145.00
20101004 -2145.00
20101005 -2145.00
20101006 -2145.00
20101007 -2145.00
20101008 -2145.00
20101011 -2145.00
20101012 -2145.00
20101013 -2145.00
20101014 -2145.00
20101015 -2145.00
20101018 -2145.00
20101019 -2145.00
20101020 -2145.00
20101021 -2145.00
20101022 -2145.00
20101025 -2145.00
20101026 -2145.00
20101027 -2145.00
20101028 -2145.00
20101029 -2145.00
20101101 -2145.00
20101102 -2145.00
20101103 -2145.00
20101104 -2145.00
20101105 -2145.00
20101108 -2145.00
20101109 -2145.00
20101110 -2145.00
20101111 -2145.00
20101112 -2145.00
20101115 -2145.00
20101116 -2145.00
20101117 -2145.00
20101118 -2145.00
20101119 -2145.00
20101122 -2145.00
20101123 -2145.00
20101124 -2145.00
20101126 -2145.00
20101129 -2145.00
20101130 -2145.00
20101201 -2145.00
20101202 -2145.00
20101203 -2145.00
20101206 -2145.00
20101207 -2145.00
20101208 -2145.00
20101209 -2145.00
20101210 -2145.00
20101213 -2145.00
20101214 -2145.00
20101215 -2145.00
20101216 -2145.00
20101217 -2145.00
20101220 -2145.00
20101221 -2145.00
20101222 -2145.00
20101223 -2145.00
20101227 -2145.00
20101228 -2145.00
20101229 -2145.00
20101230 -2145.00
20101231 -2145.00
20110103 -2145.00
20110104 -2145.00
20110105 -2145.00
20110106 -2145.00
20110107 -2145.00
20110110 -2145.00
20110111 -2145.00
20110112 -2145.00
20110113 -2145.00
20110114 -2145.00
20110118 -2145.00
20110119 -2145.00
20110120 -2145.00
20110121 -2145.00
20110124 -2145.00
20110125 -2145.00
20110126 -2145.00
20110127 -2055.00
20110128 -4285.00
20110131 -3565.00
20110201 -4145.00
20110202 -3325.00
20110203 -5205.00
20110204 -5205.00
20110207 -5205.00
20110208 -5205.00
20110209 -5205.00
20110210 -5205.00
20110211 -5205.00
20110214 -5205.00
20110215 -5205.00
20110216 -5205.00
20110217 -5205.00
20110218 -3410.00
20110222  -230.00
20110223  -230.00
20110224  -230.00
20110225  -230.00
20110228  -230.00
20110301     0.00
20110302     0.00
20110303 -2130.00
20110304  -910.00
20110307  -320.00
20110308 -1050.00
20110309  -810.00
20110310 -2520.00
20110311 -1590.00
20110314 -1280.00
20110315 -4060.00
20110316 -4060.00
20110317 -4060.00
20110318 -4060.00
20110321 -4060.00
20110322 -4060.00
20110323 -4060.00
20110324 -5180.00
20110325 -6050.00
20110328 -7110.00
20110329 -7110.00
20110330 -7110.00
20110331 -7110.00
20110401 -7110.00
20110404 -7110.00
20110405 -7340.00
20110406 -6740.00
20110407 -6660.00
20110408 -5180.00
20110411 -5780.00
20110412 -7230.00
20110413 -7030.00
20110414 -5350.00
20110415 -3990.00
20110418 -3300.00
20110419 -3080.00
20110420 -2160.00
20110421 -2160.00
20110425 -2160.00
20110426 -2160.00
20110427 -2160.00
20110428 -2160.00
20110429 -2660.00
20110502 -3085.00
20110503 -4510.00
20110504 -1535.00
20110505     0.00
20110506     0.00
20110509     0.00
20110510     0.00
20110511     0.00
20110512     0.00
20110513     0.00
20110516     0.00
20110517     0.00
20110518     0.00
20110519     0.00
20110520     0.00
20110523     0.00
20110524     0.00
20110525     0.00
20110526     0.00
20110527     0.00
20110531     0.00
20110601     0.00
20110602     0.00
20110603     0.00
20110606     0.00
20110607     0.00
20110608     0.00
20110609     0.00
20110610     0.00
20110613     0.00
20110614     0.00
20110615     0.00
20110616     0.00
20110617     0.00
20110620     0.00
20110621     0.00
20110622     0.00
20110623     0.00
20110624     0.00
20110627     0.00
20110628     0.00
20110629     0.00
20110630     0.00
20110701     0.00
20110705     0.00
20110706     0.00
20110707     0.00
20110708     0.00
20110711     0.00
20110712     0.00
20110713     0.00
20110714     0.00
20110715     0.00
20110718     0.00
20110719  -130.00
20110720  -550.00
20110721 -1540.00
20110722   -90.00
20110725     0.00
20110726     0.00
20110727  -170.00
20110728  -340.00
20110729     0.00
20110801     0.00
20110802     0.00
20110803     0.00
20110804     0.00
20110805     0.00
20110808     0.00
20110809 -1550.00
20110810 -3225.00
20110811 -6262.50
20110812 -7225.00
20110815 -7225.00
20110816 -7225.00
20110817 -7225.00
20110818 -7225.00
20110819 -7225.00
20110822 -8985.00
20110823 -10300.00
20110824 -10300.00
20110825 -10300.00
20110826 -10300.00
20110829 -10300.00
20110830 -10300.00
20110831 -10300.00
20110901 -10300.00
20110902 -9145.00
20110906 -13375.00
20110907 -13375.00
20110908 -13375.00
20110909 -13375.00
20110912 -13375.00
20110913 -13375.00
20110914 -13375.00
20110915 -13375.00
20110916 -13375.00
20110919 -11750.00
20110920 -10325.00
20110921 -11287.50
20110922 -8425.00
20110923     0.00
20110926 -3795.00
20110927 -3795.00
20110928 -3795.00
20110929 -3795.00
20110930 -3795.00
20111003 -3795.00
20111004 -3795.00
20111005 -3795.00
20111006 -3795.00
20111007 -3795.00
20111010 -3795.00
20111011 -3795.00
20111012 -3795.00
20111013 -3795.00
20111014 -3795.00
20111017 -3795.00
20111018 -3795.00
20111019 -3795.00
20111020 -3795.00
20111021 -3795.00
20111024 -3795.00
20111025 -3795.00
20111026 -3795.00
20111027 -3795.00
20111028 -3795.00
20111031 -3795.00
20111101 -3795.00
20111102 -3795.00
20111103 -3795.00
20111104 -3795.00
20111107 -3795.00
20111108 -3795.00
20111109 -3795.00
20111110 -3795.00
20111111 -3795.00
20111114 -3795.00
20111115 -3795.00
20111116 -3795.00
20111117 -3795.00
20111118 -3795.00
20111121 -3795.00
20111122 -3795.00
20111123 -3795.00
20111125 -3795.00
20111128 -3795.00
20111129 -3795.00
20111130 -3795.00
20111201 -3795.00
20111202 -3795.00
20111205 -3795.00
20111206 -3795.00
20111207 -3795.00
20111208 -3795.00
20111209 -3795.00
20111212 -3795.00
20111213 -3795.00
20111214 -3375.00
20111215 -2405.00
20111216 -4475.00
20111219 -4355.00
20111220 -6445.00
20111221 -6845.00
20111222 -6845.00
20111223 -6845.00
20111227 -6845.00
20111228 -7435.00
20111229 -5115.00
20111230 -7705.00
20120103 -9905.00
20120104 -9905.00
20120105 -9905.00
20120106 -9905.00
20120109 -9905.00
20120110 -9905.00
20120111 -9905.00
20120112 -9905.00
20120113 -9905.00
20120117 -9442.50
20120118 -8867.50
20120119 -7667.50
20120120 -9055.00
20120123 -7717.50
20120124 -7492.50
20120125 -6942.50
20120126 -5142.50
20120127 -4955.00
20120130 -4955.00
20120131 -4955.00
20120201 -4955.00
20120202 -4955.00
20120203 -4955.00
20120206 -4955.00
20120207 -4955.00
20120208 -4955.00
20120209 -4955.00
20120210 -4955.00
20120213 -4955.00
20120214 -4955.00
20120215 -4955.00
20120216 -4955.00
20120217 -4955.00
20120221 -4955.00
20120222 -4955.00
20120223 -4955.00
20120224 -4955.00
20120227 -4955.00
20120228 -1555.00
20120229 -8030.00
20120301 -8030.00
20120302 -8030.00
20120305 -8030.00
20120306 -8030.00
20120307 -8030.00
20120308 -8030.00
20120309 -8030.00
20120312 -8030.00
20120313 -8030.00
20120314 -8030.00
20120315 -8030.00
20120316 -8030.00
20120319 -8030.00
20120320 -8030.00
20120321 -8030.00
20120322 -8030.00
20120323 -8030.00
20120326 -8030.00
20120327 -8030.00
20120328 -8030.00
20120329 -8030.00
20120330 -8030.00
20120402 -8030.00
20120403 -8030.00
20120404 -8030.00
20120405 -8030.00
20120409 -8030.00
20120410 -8030.00
20120411 -8030.00
20120412 -8030.00
20120413 -8030.00
20120416 -8030.00
20120417 -8030.00
20120418 -8030.00
20120419 -8030.00
20120420 -8030.00
20120423 -8030.00
20120424 -8030.00
20120425 -8030.00
20120426 -8030.00
20120427 -8030.00
20120430 -8030.00
20120501 -8030.00
20120502 -8030.00
20120503 -8030.00
20120504 -8030.00
20120507 -8030.00
20120508 -8040.00
20120509 -6632.50
20120510 -7222.50
20120511 -1865.00
20120514     0.00
20120515     0.00
20120516     0.00
20120517   -25.00
20120518     0.00
20120521  -837.50
20120522  -462.50
20120523     0.00
20120524     0.00
20120525     0.00
20120529     0.00
20120530     0.00
20120531     0.00
20120601     0.00
20120604     0.00
20120605     0.00
20120606     0.00
20120607     0.00
20120608     0.00
20120611     0.00
20120612     0.00
20120613     0.00
20120614     0.00
20120615     0.00
20120618     0.00
20120619     0.00
20120620     0.00
20120621     0.00
20120622     0.00
20120625     0.00
20120626     0.00
20120627     0.00
20120628     0.00
20120629     0.00
20120702     0.00
20120703     0.00
20120705     0.00
20120706     0.00
20120709     0.00
20120710     0.00
20120711     0.00
20120712     0.00
20120713     0.00
20120716     0.00
20120717     0.00
20120718     0.00
20120719     0.00
20120720     0.00
20120723     0.00
20120724     0.00
20120725     0.00
20120726     0.00
20120727     0.00
20120730     0.00
20120731     0.00
20120801     0.00
20120802     0.00
20120803     0.00
20120806     0.00
20120807     0.00
20120808     0.00
20120809     0.00
20120810     0.00
20120813     0.00
20120814     0.00
20120815     0.00
20120816     0.00
20120817     0.00
20120820     0.00
20120821     0.00
20120822 -1680.00
20120823     0.00
20120824     0.00
20120827     0.00
20120828  -590.00
20120829 -1260.00
20120830 -1850.00
20120831     0.00
20120903     0.00
20120904     0.00
20120905  -200.00
20120906     0.00
20120907     0.00
20120910     0.00
20120911     0.00
20120912  -112.50
20120913     0.00
20120914     0.00
20120917     0.00
20120918     0.00
20120919     0.00
20120920     0.00
20120921     0.00
20120924     0.00
20120925     0.00
20120926     0.00
20120927     0.00
20120928     0.00
20121001     0.00
20121002     0.00
20121003     0.00
20121004     0.00
20121005     0.00
20121008     0.00
20121009     0.00
20121010     0.00
20121011     0.00
20121012     0.00
20121015     0.00
20121016     0.00
20121017     0.00
20121018     0.00
20121019     0.00
20121022     0.00
20121023     0.00
20121024     0.00
20121025     0.00
20121026     0.00
20121029     0.00
20121030     0.00
20121031     0.00
20121101     0.00
20121102     0.00
20121105     0.00
20121106     0.00
20121107     0.00
20121108     0.00
20121109     0.00
20121112     0.00
20121113     0.00
20121114     0.00
20121115     0.00
20121116     0.00
20121119     0.00
20121120     0.00
20121121     0.00
20121123     0.00
20121126     0.00
20121127     0.00
20121128     0.00
20121129     0.00
20121130     0.00
20121203     0.00
20121204     0.00
20121205     0.00
20121206     0.00
20121207     0.00
20121210     0.00
20121211     0.00
20121212     0.00
20121213     0.00
20121214     0.00
20121217     0.00
20121218  -440.00
20121219  -140.00
20121220     0.00
20121221 -2600.00
20121224 -2540.00
20121226 -2660.00
20121227 -2960.00
20121228 -2180.00
20121231 -4170.00
20130102 -5470.00
20130103 -4050.00
20130104 -1480.00
20130107 -1220.00
20130108 -2810.00
20130109 -2140.00
20130110 -4390.00
20130111 -2650.00
20130114 -3530.00
20130115 -4980.00
20130116 -4910.00
20130117 -6280.00
20130118 -6280.00
20130122 -6280.00
20130123 -6280.00
20130124 -6280.00
20130125 -6280.00
20130128 -6280.00
20130129 -6280.00
20130130 -6280.00
20130131 -6280.00
20130201 -6280.00
20130204 -6280.00
20130205 -6280.00
20130206 -6280.00
20130207 -6280.00
20130208 -6280.00
20130211 -6280.00
20130212 -6280.00
20130213 -6280.00
20130214 -6250.00
20130215 -3650.00
20130219 -2810.00
20130220     0.00
20130221     0.00
20130222     0.00
20130225     0.00
20130226     0.00
20130227     0.00
20130228     0.00
20130301     0.00
20130304     0.00
20130305     0.00
20130306     0.00
20130307     0.00
20130308     0.00
20130311     0.00
20130312     0.00
20130313     0.00
20130314     0.00
20130315     0.00
20130318     0.00
20130319     0.00
20130320 -1025.00
20130321  -737.50
20130322 -1512.50
20130325  -987.50
20130326  -925.00
20130327  -950.00
20130328     0.00
20130329     0.00
20130401     0.00
20130402  -100.00
20130403     0.00
20130404  -462.50
20130405  -275.00
20130408  -950.00
20130409 -2712.50
20130410 -2125.00
20130411 -2512.50
20130412  -425.00
20130415     0.00
20130416     0.00
20130417     0.00
20130418     0.00
20130419     0.00
20130422     0.00
20130423     0.00
20130424     0.00
20130425     0.00
20130426     0.00
20130429     0.00
20130430     0.00
20130501     0.00
20130502     0.00
20130503     0.00
20130506     0.00
20130507     0.00
20130508     0.00
20130509     0.00
20130510     0.00
20130513     0.00
20130514     0.00
20130515     0.00
20130516     0.00
20130517     0.00
20130520     0.00
20130521     0.00
20130522     0.00
20130523     0.00
20130524     0.00
20130528     0.00
20130529     0.00
20130530     0.00
20130531     0.00
20130603     0.00
20130604     0.00
20130605     0.00
20130606     0.00
20130607     0.00
20130610     0.00
20130611     0.00
20130612     0.00
20130613     0.00
20130614     0.00
20130617     0.00
20130618     0.00
20130619     0.00
20130620     0.00
20130621     0.00
20130624     0.00
20130625     0.00
20130626     0.00
20130627     0.00
20130628     0.00
20130701     0.00
20130702     0.00
20130703     0.00
20130705     0.00
20130708     0.00
20130709     0.00
20130710     0.00
20130711     0.00
20130712     0.00
20130715     0.00
20130716     0.00
20130717     0.00
20130718     0.00
20130719     0.00
20130722     0.00
20130723     0.00
20130724     0.00
20130725     0.00
20130726     0.00
20130729     0.00
20130730     0.00
20130731     0.00
20130801     0.00
20130802     0.00
20130805     0.00
20130806     0.00
20130807     0.00
20130808     0.00
20130809     0.00
20130812     0.00
20130813     0.00
20130814     0.00
20130815     0.00
20130816     0.00
20130819     0.00
20130820     0.00
20130821     0.00
20130822     0.00
20130823     0.00
20130826     0.00
20130827     0.00
20130828 -1305.00
20130829 -3195.00
20130830 -3195.00
20130903 -3195.00
20130904 -3195.00
20130905 -3195.00
20130906 -3195.00
20130909 -3195.00
20130910 -3195.00
20130911 -3195.00
20130912 -3195.00
20130913 -3195.00
20130916 -3195.00
20130917 -3195.00
20130918 -3195.00
20130919 -3195.00
20130920 -3195.00
20130923 -3195.00
20130924 -3195.00
20130925 -3195.00
20130926 -3195.00
20130927 -3195.00
20130930 -3195.00
20131001 -3195.00
20131002 -3195.00
20131003 -3195.00
20131004 -3195.00
20131007 -3195.00
20131008 -3195.00
20131009 -3195.00
20131010 -3195.00
20131011 -3195.00
20131014 -3195.00
20131015 -3195.00
20131016 -3195.00
20131017 -3195.00
20131018 -3195.00
20131021 -3195.00
20131022 -3195.00
20131023 -3195.00
20131024 -3195.00
20131025 -3195.00
20131028 -3195.00
20131029 -3195.00
20131030 -3195.00
20131031 -3195.00
20131101 -3195.00
20131104 -3195.00
20131105 -3195.00
20131106 -3195.00
20131107 -3195.00
20131108 -3195.00
20131111 -3195.00
20131112 -4065.00
20131113 -3785.00
20131114 -6707.50
20131115 -6970.00
20131118 -6432.50
20131119 -6632.50
20131120 -7252.50
20131121 -6612.50
20131122 -7225.00
20131125 -8197.50
20131126 -8217.50
20131127 -7857.50
20131129 -9107.50
20131202 -4847.50
20131203 -3242.50
20131204 -11745.00
20131205 -8427.50
20131206 -8377.50
20131209 -10025.00
20131210 -15777.50
20131211 -15387.50
20131212 -12157.50
20131213 -13127.50
20131216 -14107.50
20131217 -12677.50
20131218 -13167.50
20131219 -9947.50
20131220 -9947.50
20131223 -9947.50
20131224 -9685.00
20131226 -9072.50
20131227 -9410.00
20131230 -9472.50
20131231 -12317.50
20140102 -13092.50
20140103 -13755.00
20140106 -13642.50
20140107 -13642.50
20140108 -14067.50
20140109 -15155.00
20140110 -14092.50
20140113 -13967.50
20140114 -14230.00
20140115 -13680.00
20140116 -14067.50
20140117 -14017.50
20140121 -13855.00
20140122 -14205.00
20140123 -15530.00
20140124 -15530.00
20140127 -15530.00
20140128 -15530.00
20140129 -15530.00
20140130 -15530.00
20140131 -15530.00
20140203 -15530.00
20140204 -15530.00
20140205 -15530.00
20140206 -15530.00
20140207 -15530.00
20140210 -15530.00
20140211 -15530.00
20140212 -15530.00
20140213 -15530.00
20140214 -15530.00
20140218 -15530.00
20140219 -15530.00
20140220 -15530.00
20140221 -15530.00
20140224 -15475.00
20140225 -15445.00
20140226 -19275.00
20140227 -18895.00
20140228 -19915.00
20140303 -17045.00
20140304 -18285.00
20140305 -18045.00
20140306 -16895.00
20140307 -17642.50
20140310 -16037.50
20140311 -13530.00
20140312 -11400.00
20140313 -10235.00
20140314 -11637.50
20140317 -12845.00
20140318 -12832.50
20140319 -11757.50
20140320 -11757.50
20140321 -11757.50
20140324 -11757.50
20140325 -11757.50
20140326 -11757.50
20140327 -11757.50
20140328 -11757.50
20140331 -11757.50
20140401 -11757.50
20140402 -11757.50
20140403 -11757.50
20140404 -11757.50
20140407 -11757.50
20140408 -11757.50
20140409 -11757.50
20140410 -11757.50
20140411 -11757.50
20140414 -11757.50
20140415 -11757.50
20140416 -11757.50
20140417 -11757.50
20140421 -11757.50
20140422 -11757.50
20140423 -11757.50
20140424 -11757.50
20140425 -11757.50
20140428 -11757.50
20140429 -11757.50
20140430 -11757.50
20140501 -13217.50
20140502 -14832.50
20140505 -14832.50
20140506 -14832.50
20140507 -14832.50
20140508 -14832.50
20140509 -14832.50
20140512 -14832.50
20140513 -14832.50
20140514 -14832.50
20140515 -14832.50
20140516 -14832.50
20140519 -14832.50
20140520 -14832.50
20140521 -14832.50
20140522 -14832.50
20140523 -14832.50
20140527 -14832.50
20140528 -14832.50
20140529 -14832.50
20140530 -14382.50
20140602 -14182.50
20140603 -14232.50
20140604 -14212.50
20140605 -15112.50
20140606 -15032.50
20140609 -15172.50
20140610 -15792.50
20140611 -15902.50
20140612 -17182.50
20140613 -17192.50
20140616 -17882.50
20140617 -17882.50
20140618 -17882.50
20140619 -17882.50
20140620 -17882.50
20140623 -17882.50
20140624 -17882.50
20140625 -17882.50
20140626 -17882.50
20140627 -17882.50
20140630 -17882.50
20140701 -18120.00
20140702 -16595.00
20140703 -16232.50
20140707 -16695.00
20140708 -16795.00
20140709 -17020.00
20140710 -15585.00
20140711 -15770.00
20140714 -19005.00
20140715 -20057.50
20140716 -20932.50
20140717 -20782.50
20140718 -21682.50
20140721 -21320.00
20140722 -21095.00
20140723 -21120.00
20140724 -19632.50
20140725 -20282.50
20140728 -20207.50
20140729 -20820.00
20140730 -20257.50
20140731 -20520.00
20140801 -20932.50
20140804 -20195.00
20140805 -21182.50
20140806 -22145.00
20140807 -21895.00
20140808 -21957.50
20140811 -21932.50
20140812 -22432.50
20140813 -22695.00
20140814 -22695.00
20140815 -22695.00
20140818 -22695.00
20140819 -22695.00
20140820 -22695.00
20140821 -22695.00
20140822 -22695.00
20140825 -22695.00
20140826 -22695.00
20140827 -22695.00
20140828 -22695.00
20140829 -22695.00
20140902 -22695.00
20140903 -22695.00
20140904 -22695.00
20140905 -22695.00
20140908 -22695.00
20140909 -22695.00
20140910 -22695.00
20140911 -22385.00
20140912 -21635.00
20140915 -21995.00
20140916 -22155.00
20140917 -22075.00
20140918 -21175.00
20140919 -18360.00
20140922 -18115.00
20140923 -18462.50
20140924 -18290.00
20140925 -16622.50
20140926 -16605.00
20140929 -17620.00
20140930 -13895.00
20141001 -14997.50
20141002 -14020.00
20141003 -11770.00
20141006 -12695.00
20141007 -12782.50
20141008 -11895.00
20141009 -12557.50
20141010 -12682.50
20141013 -12820.00
20141014 -14057.50
20141015 -12032.50
20141016 -11345.00
20141017 -11895.00
20141020 -11507.50
20141021 -12507.50
20141022 -12245.00
20141023 -12807.50
20141024 -12832.50
20141027 -13407.50
20141028 -14132.50
20141029 -14420.00
20141030 -13370.00
20141031 -12982.50
20141103 -13432.50
20141104 -12270.00
20141105 -11995.00
20141106 -12245.00
20141107 -12770.00
20141110 -12307.50
20141111 -12632.50
20141112 -12432.50
20141113 -11670.00
20141114 -12970.00
20141117 -12795.00
20141118 -11857.50
20141119 -12932.50
20141120 -12295.00
20141121 -12595.00
20141124 -11807.50
20141125 -10732.50
20141126 -10207.50
20141128 -7845.00
20141201 -7845.00
20141202 -7845.00
20141203 -7845.00
20141204 -7845.00
20141205 -7845.00
20141208 -7845.00
20141209 -7845.00
20141210 -7845.00
20141211 -7845.00
20141212 -7845.00
20141215 -7845.00
20141216 -7845.00
20141217 -7845.00
20141218 -7845.00
20141219 -7845.00
20141222 -7845.00
20141223 -7845.00
20141224 -7845.00
20141226 -7845.00
20141229 -7845.00
20141230 -7845.00
20141231 -7845.00
20150102 -7845.00
20150105 -7845.00
20150106 -7845.00
20150107 -7845.00
20150108 -7845.00
20150109 -7845.00
20150112 -7845.00
20150113 -7845.00
20150114 -7845.00
20150115 -6845.00
20150116 -5635.00
20150120 -3955.00
20150121 -1750.00
20150122  -915.00
20150123 -1215.00
20150126 -2800.00
20150127 -2295.00
20150128 -2275.00
20150129 -5960.00
20150130 -5960.00
20150202 -5960.00
20150203 -5960.00
20150204 -5960.00
20150205 -5960.00
20150206 -5960.00
20150209 -5960.00
20150210 -5960.00
20150211 -5960.00
20150212 -5960.00
20150213 -5960.00
20150217 -5960.00
20150218 -5960.00
20150219 -5960.00
20150220 -5960.00
20150223 -5960.00
20150224 -5960.00
20150225 -5960.00
20150226 -5960.00
20150227 -5960.00
20150302 -5960.00
20150303 -5960.00
20150304 -5960.00
20150305 -5960.00
20150306 -5960.00
20150309 -5960.00
20150310 -5960.00
20150311 -5960.00
20150312 -5960.00
20150313 -5960.00
20150316 -5960.00
20150317 -6590.00
20150318 -9010.00
20150319 -9010.00
20150320 -9010.00
20150323 -9010.00
20150324 -9010.00
20150325 -9010.00
20150326 -9010.00
20150327 -9010.00
20150330 -9010.00
20150331 -9010.00
20150401 -9010.00
20150402 -9010.00
20150406 -9010.00
20150407 -9010.00
20150408 -9010.00
20150409 -9010.00
20150410 -9010.00
20150413 -9010.00
20150414 -9010.00
20150415 -9010.00
20150416 -9010.00
20150417 -9010.00
20150420 -9010.00
20150421 -9010.00
20150422 -9010.00
20150423 -9010.00
20150424 -9010.00
20150427 -9010.00
20150428 -9010.00
20150429 -9010.00
20150430 -8297.50
20150501 -7222.50
20150504 -7447.50
20150505 -7085.00
20150506 -7310.00
20150507 -7510.00
20150508 -7447.50
20150511 -7885.00
20150512 -7172.50
20150513 -7235.00
20150514 -7372.50
20150515 -7347.50
20150518 -7797.50
20150519 -9522.50
20150520 -9735.00
20150521 -9247.50
20150522 -10185.00
20150526 -11010.00
20150527 -11247.50
20150528 -11272.50
20150529 -12060.00
20150601 -12060.00
20150602 -12060.00
20150603 -12060.00
20150604 -12060.00
20150605 -12060.00
20150608 -12060.00
20150609 -12060.00
20150610 -12060.00
20150611 -12060.00
20150612 -12060.00
20150615 -12060.00
20150616 -12060.00
20150617 -12060.00
20150618 -12060.00
20150619 -12185.00
20150622 -12135.00
20150623 -13285.00
20150624 -13572.50
20150625 -13535.00
20150626 -13935.00
20150629 -13885.00
20150630 -13422.50
20150701 -13810.00
20150702 -13822.50
20150706 -11497.50
20150707 -7295.00
20150708 -10617.50
20150709 -12540.00
20150710 -12660.00
20150713 -12465.00
20150714 -11327.50
20150715 -9045.00
20150716 -8412.50
20150717 -5787.50
20150720 -2395.00
20150721 -2355.00
20150722  -917.50
20150723     0.00
20150724     0.00
20150727  -585.00
20150728  -770.00
20150729 -1275.00
20150730 -1040.00
20150731 -1285.00
20150803  -135.00
20150804  -345.00
20150805  -325.00
20150806  -945.00
20150807 -1665.00
20150810 -4020.00
20150811 -3980.00
20150812 -4940.00
20150813 -4555.00
20150814 -3625.00
20150817 -4050.00
20150818 -1510.00
20150819 -3455.00
20150820 -5145.00
20150821 -4065.00
20150824 -1370.00
20150825  -610.00
20150826     0.00
20150827     0.00
20150828     0.00
20150831     0.00
20150901     0.00
20150902     0.00
20150903     0.00
20150904     0.00
20150908     0.00
20150909     0.00
20150910     0.00
20150911     0.00
20150914     0.00
20150915     0.00
20150916     0.00
20150917     0.00
20150918     0.00
20150921     0.00
20150922     0.00
20150923     0.00
20150924     0.00
20150925     0.00
20150928     0.00
20150929     0.00
20150930     0.00
20151001     0.00
20151002     0.00
20151005     0.00
20151006     0.00
20151007     0.00
20151008     0.00
20151009     0.00
20151012     0.00
20151013     0.00
20151014  -370.00
20151015     0.00
20151016  -690.00
20151019 -3085.00
20151020 -2235.00
20151021 -4310.00
20151022 -3775.00
20151023 -4155.00
20151026 -3425.00
20151027 -3675.00
20151028 -2615.00
20151029 -6330.00
20151030 -6245.00
20151102 -6760.00
20151103 -6760.00
20151104 -6760.00
20151105 -6760.00
20151106 -6860.00
20151109 -6560.00
20151110 -6247.50
20151111 -6260.00
20151112 -5122.50
20151113 -5010.00
20151116 -3697.50
20151117 -3320.00
20151118 -2680.00
20151119 -3562.50
20151120 -2477.50
20151123 -1527.50
20151124 -2227.50
20151125 -1887.50
20151127  -497.50
20151130 -1407.50
20151201 -1227.50
20151202  -257.50
20151203  -997.50
20151204 -3287.50
20151207 -2397.50
20151208 -2407.50
20151209 -2527.50
20151210 -2077.50
20151211 -2447.50
20151214 -1217.50
20151215 -1037.50
20151216 -2557.50
20151217     0.00
20151218 -1540.00
20151221 -3100.00
20151222 -2450.00
20151223 -1870.00
20151224 -2630.00
20151228 -1870.00
20151229 -1840.00
20151230 -1020.00
20151231 -1060.00
20160104 -2560.00
20160105 -2880.00
20160106 -4230.00
20160107 -5010.00
20160108 -5010.00
20160111 -5010.00
20160112 -5010.00
20160113 -5010.00
20160114 -5010.00
20160115 -5010.00
20160119 -5010.00
20160120 -5010.00
20160121 -5010.00
20160122 -5010.00
20160125 -5010.00
20160126 -5010.00
20160127 -5010.00
20160128 -5010.00
20160129 -5010.00
20160201 -5010.00
20160202 -5010.00
20160203 -5010.00
20160204 -5010.00
20160205 -5010.00
20160208 -3050.00
20160209 -2980.00
20160210 -3380.00
20160211  -385.00
20160212  -405.00
20160216 -3110.00
20160217 -3110.00
20160218 -3110.00
20160219 -3110.00
20160222 -3110.00
20160223 -3110.00
20160224 -3110.00
20160225 -3110.00
20160226 -3110.00
20160229 -3110.00
20160301 -3110.00
20160302 -3110.00
20160303 -3372.50
20160304  -772.50
20160307  -852.50
20160308 -3605.00
20160309 -3462.50
20160310 -2860.00
20160311 -2055.00
20160314 -2512.50
20160315 -3962.50
20160316 -4160.00
20160317     0.00
20160318 -1360.00
20160321  -930.00
20160322  -815.00
20160323 -5230.00
20160324 -5757.50
20160328 -5377.50
20160329 -5962.50
20160330 -6672.50
20160331 -5582.50
20160401 -8957.50
20160404 -9520.00
20160405 -9582.50
20160406 -9445.00
20160407 -10145.00
20160408 -10145.00
20160411 -10145.00
20160412 -9905.00
20160413 -9390.00
20160414 -10150.00
20160415 -9450.00
20160418 -9750.00
20160419 -6155.00
20160420 -5195.00
20160421 -5195.00
20160422 -5195.00
20160425 -5195.00
20160426 -5195.00
20160427 -5195.00
20160428 -5195.00
20160429 -5195.00
20160502 -5195.00
20160503 -5195.00
20160504 -5195.00
20160505 -5195.00
20160506 -5195.00
20160509 -5195.00
20160510 -5195.00
20160511 -5195.00
20160512 -5195.00
20160513 -5195.00
20160516 -5195.00
20160517 -5195.00
20160518 -5195.00
20160519 -5195.00
20160520 -5195.00
20160523 -5195.00
20160524 -5195.00
20160525 -5195.00
20160526 -5195.00
20160527 -5195.00
20160531 -5195.00
20160601 -5195.00
20160602 -5195.00
20160603 -5195.00
20160606 -5195.00
20160607 -5195.00
20160608 -5195.00
20160609 -5195.00
20160610 -5195.00
20160613 -5195.00
20160614 -5195.00
20160615 -5895.00
20160616 -4885.00
20160617 -5245.00
20160620 -5515.00
20160621 -7475.00
20160622 -8255.00
20160623 -8255.00
20160624 -14780.00
20160627 -14765.00
20160628 -14930.00
20160629 -11440.00
20160630 -10990.00
20160701 -6390.00
20160705 -4420.00
20160706 -3110.00
20160707 -3110.00
20160708 -3110.00
20160711 -3110.00
20160712 -3110.00
20160713 -3110.00
20160714 -3110.00
20160715 -3110.00
20160718 -3110.00
20160719 -3110.00
20160720 -3110.00
20160721 -3110.00
20160722 -3110.00
20160725 -3110.00
20160726 -3110.00
20160727 -3110.00
20160728 -3110.00
20160729 -3110.00
20160801 -3110.00
20160802 -3110.00
20160803 -3110.00
20160804 -3110.00
20160805 -3110.00
20160808 -3110.00
20160809 -3110.00
20160810 -3110.00
20160811 -3110.00
20160812 -3110.00
20160815 -3110.00
20160816 -3110.00
20160817 -3110.00
20160818 -3110.00
20160819 -3110.00
20160822 -3110.00
20160823 -3110.00
20160824 -3110.00
20160825 -3110.00
20160826 -3110.00
20160829 -3110.00
20160830 -3110.00
20160831 -3110.00
20160901 -3110.00
20160902 -3110.00
20160906 -3110.00
20160907 -3110.00
20160908 -3110.00
20160909 -3110.00
20160912 -3110.00
20160913 -3110.00
20160914 -3110.00
20160915 -3110.00
20160916 -3110.00
20160919 -3110.00
20160920 -3110.00
20160921 -3110.00
20160922 -3110.00
20160923 -3110.00
20160926 -3110.00
20160927 -3110.00
20160928 -3110.00
20160929 -3110.00
20160930 -3110.00
20161003 -3110.00
20161004 -1260.00
20161005 -1150.00
20161006     0.00
20161007   -65.00
20161010 -2310.00
20161011 -1110.00
20161012  -880.00
20161013 -1025.00
20161014  -730.00
20161017 -1005.00
20161018 -2455.00
20161019 -3280.00
20161020 -2470.00
20161021 -2210.00
20161024 -2365.00
20161025 -4235.00
20161026 -2765.00
20161027 -3120.00
20161028 -4635.00
20161031 -4265.00
20161101 -7295.00
20161102 -9315.00
20161103 -8825.00
20161104 -8945.00
20161107 -5485.00
20161108 -3232.50
20161109 -5365.00
20161110 -5102.50
20161111 -3242.50
20161114 -2777.50
20161115 -3807.50
20161116 -3167.50
20161117 -1692.50
20161118  -132.50
20161121     0.00
20161122  -695.00
20161123     0.00
20161125  -395.00
20161128 -1000.00
20161129 -1325.00
20161130   -35.00
20161201  -155.00
20161202 -1785.00
20161205 -2120.00
20161206 -1675.00
20161207 -4000.00
20161208 -3105.00
20161209 -2460.00
20161212 -3560.00
20161213 -2510.00
20161214 -3730.00
20161215     0.00
20161216     0.00
20161219     0.00
20161220     0.00
20161221     0.00
20161222     0.00
20161223     0.00
20161227     0.00
20161228     0.00
20161229     0.00
20161230     0.00
20170103     0.00
20170104     0.00
20170105     0.00
20170106     0.00
20170109     0.00
20170110     0.00
20170111     0.00
20170112     0.00
20170113     0.00
20170117     0.00
20170118     0.00
20170119     0.00
20170120     0.00
20170123     0.00
20170124     0.00
20170125     0.00
20170126     0.00
20170127     0.00
20170130     0.00
20170131     0.00
20170201     0.00
20170202     0.00
20170203     0.00
20170206     0.00
20170207     0.00
20170208     0.00
20170209     0.00
20170210     0.00
20170213     0.00
20170214     0.00
20170215     0.00
20170216     0.00
20170217     0.00
20170221     0.00
20170222     0.00
20170223     0.00
20170224     0.00
20170227     0.00
20170228     0.00
20170301     0.00
20170302     0.00
20170303     0.00
20170306     0.00
20170307     0.00
20170308     0.00
20170309     0.00
20170310     0.00
20170313     0.00
20170314     0.00
20170315     0.00
20170316     0.00
20170317     0.00
20170320     0.00
20170321     0.00
20170322     0.00
20170323     0.00
20170324     0.00
20170327     0.00
20170328     0.00
20170329     0.00
20170330     0.00
20170331     0.00
20170403     0.00
20170404     0.00
20170405     0.00
20170406     0.00
20170407     0.00
20170410     0.00
20170411     0.00
20170412     0.00
20170413     0.00
20170417   -90.00
20170418     0.00
20170419 -1882.50
20170420 -2030.00
20170421 -1387.50
20170424 -2922.50
20170425 -4602.50
20170426 -5340.00
20170427 -5152.50
20170428 -5515.00
20170501 -6252.50
20170502 -6252.50
20170503 -5762.50
20170504 -3747.50
20170505 -4027.50
20170508 -3072.50
20170509 -2230.00
20170510 -2842.50
20170511 -3470.00
20170512 -4555.00
20170515 -5935.00
20170516 -6942.50
20170517 -7637.50
20170518 -6082.50
20170519 -7962.50
20170522 -10287.50
20170523 -10715.00
20170524 -10402.50
20170525 -10752.50
20170526 -9965.00
20170530 -9915.00
20170531 -10315.00
20170601 -10502.50
20170602 -10177.50
20170605 -9752.50
20170606 -9330.00
20170607 -9872.50
20170608 -12692.50
20170609 -13840.00
20170612 -14440.00
20170613 -14440.00
20170614 -14440.00
20170615 -14440.00
20170616 -14440.00
20170619 -14440.00
20170620 -14440.00
20170621 -14440.00
20170622 -14440.00
20170623 -14440.00
20170626 -14440.00
20170627 -14440.00
20170628 -14440.00
20170629 -14440.00
20170630 -14440.00
20170703 -14440.00
20170705 -14285.00
20170706 -14720.00
20170707 -11380.00
20170710 -12750.00
20170711 -13480.00
20170712 -14630.00
20170713 -13470.00
20170714 -15700.00
20170717 -17100.00
20170718 -18602.50
20170719 -19257.50
20170720 -19740.00
20170721 -20137.50
20170724 -20212.50
20170725 -17462.50
20170726 -16825.00
20170727 -16687.50
20170728 -16750.00
20170731 -16337.50
20170801 -16600.00
20170802 -16512.50
20170803 -16675.00
20170804 -16500.00
20170807 -15612.50
20170808 -15612.50
20170809 -15612.50
20170810 -15612.50
20170811 -15612.50
20170814 -15612.50
20170815 -15612.50
20170816 -15612.50
20170817 -15612.50
20170818 -16662.50
20170821 -16152.50
20170822 -16722.50
20170823 -16352.50
20170824 -16622.50
20170825 -16032.50
20170828 -14292.50
20170829 -13932.50
20170830 -14412.50
20170831 -13602.50
20170901 -12782.50
20170905 -11227.50
20170906 -11972.50
20170907 -9672.50
20170908 -9637.50
20170911 -10742.50
20170912 -10802.50
20170913 -10917.50
20170914 -11307.50
20170915 -11747.50
20170918 -13727.50
20170919 -13727.50
20170920 -13727.50
20170921 -13727.50
20170922 -13727.50
20170925 -13727.50
20170926 -13727.50
20170927 -13727.50
20170928 -13727.50
20170929 -13727.50
20171002 -13727.50
20171003 -13727.50
20171004 -13727.50
20171005 -13727.50
20171006 -13727.50
20171009 -13727.50
20171010 -13727.50
20171011 -13727.50
20171012 -13727.50
20171013 -13727.50
20171016 -13727.50
20171017 -13727.50
20171018 -13727.50
20171019 -13727.50
20171020 -13727.50
20171023 -13727.50
20171024 -13727.50
20171025 -13727.50
20171026 -13727.50
20171027 -13727.50
20171030 -13727.50
20171031 -13727.50
20171101 -13727.50
20171102 -13727.50
20171103 -13727.50
20171106 -13727.50
20171107 -13727.50
20171108 -13727.50
20171109 -13727.50
20171110 -13727.50
20171113 -13727.50
20171114 -13727.50
20171115 -13727.50
20171116 -13727.50
20171117 -13727.50
20171120 -13727.50
20171121 -13727.50
20171122 -13727.50
20171124 -13727.50
20171127 -13727.50
20171128 -13727.50
20171129 -13727.50
20171130 -13627.50
20171201 -13197.50
20171204 -13122.50
20171205 -11597.50
20171206 -11032.50
20171207 -10027.50
20171208 -9662.50
20171211 -9322.50
20171212 -8217.50
20171213 -9912.50
20171214 -11087.50
20171215 -11772.50
20171218 -13282.50
20171219 -12892.50
20171220 -14042.50
20171221 -13962.50
20171222 -15807.50
20171226 -16890.00
20171227 -17562.50
20171228 -17785.00
20171229 -18215.00
20180102 -18777.50
20180103 -19290.00
20180104 -19152.50
20180105 -19990.00
20180108 -20127.50
20180109 -20327.50
20180110 -20460.00
20180111 -20202.50
20180112 -19325.00
20180116 -19080.00
20180117 -19632.50
20180118 -20582.50
20180119 -20280.00
20180122 -20125.00
20180123 -21095.00
20180124 -19135.00
20180125 -18475.00
20180126 -19555.00
20180129 -20765.00
20180130 -21275.00
20180131 -20965.00
20180201 -20485.00
20180202 -21545.00
20180205 -21625.00
20180206 -22325.00
20180207 -23815.00
20180208 -23375.00
20180209 -23705.00
20180212 -22635.00
20180213 -22235.00
20180214 -19475.00
20180215 -19745.00
20180216 -19655.00
20180220 -22155.00
20180221 -22065.00
20180222 -22005.00
20180223 -22245.00
20180226 -21995.00
20180227 -23415.00
20180228 -23485.00
20180301 -24425.00
20180302 -24425.00
20180305 -24425.00
20180306 -24425.00
20180307 -24425.00
20180308 -24425.00
20180309 -24425.00
20180312 -24425.00
20180313 -24425.00
20180314 -24425.00
20180315 -24425.00
20180316 -24425.00
20180319 -24425.00
20180320 -24425.00
20180321 -24425.00
20180322 -24850.00
20180323 -24175.00
20180326 -23600.00
20180327 -24362.50
20180328 -24400.00
20180329 -24987.50
20180402 -25600.00
20180403 -25937.50
20180404 -24612.50
20180405 -26212.50
20180406 -25812.50
20180409 -26275.00
20180410 -27487.50
20180411 -27487.50
20180412 -27487.50
20180413 -27487.50
20180416 -27487.50
20180417 -27487.50
20180418 -27487.50
20180419 -27487.50
20180420 -27487.50
20180423 -27487.50
20180424 -27487.50
20180425 -27487.50
20180426 -27487.50
20180427 -27487.50
20180430 -28217.50
20180501 -26977.50
20180502 -26857.50
20180503 -27567.50
20180504 -27767.50
20180507 -27707.50
20180508 -27667.50
20180509 -27597.50
20180510 -28527.50
20180511 -28367.50
20180514 -28117.50
20180515 -25327.50
20180516 -25447.50
20180517 -25237.50
20180518 -25427.50
20180521 -25387.50
20180522 -25497.50
20180523 -25257.50
20180524 -26737.50
20180525 -27197.50
20180529 -26177.50
20180530 -26417.50
20180531 -26237.50
20180601 -25697.50
20180604 -25497.50
20180605 -25987.50
20180606 -25782.50
20180607 -25617.50
20180608 -24962.50
20180611 -26087.50
20180612 -25895.00
20180613 -26137.50
20180614 -26282.50
20180615 -28842.50
20180618 -29002.50
20180619 -28852.50
20180620 -28442.50
20180621 -27762.50
20180622 -27762.50
20180625 -27875.00
20180626 -28000.00
20180627 -28085.00
20180628 -26205.00
20180629 -26852.50
20180702 -24487.50
20180703 -24852.50
20180705 -22847.50
20180706 -22245.00
20180709 -22595.00
20180710 -22335.00
20180711 -20985.00
20180712 -21785.00
20180713 -20975.00
20180716 -20960.00
20180717 -19985.00
20180718 -19770.00
20180719 -18910.00
20180720 -19645.00
20180723 -19025.00
20180724 -19500.00
20180725 -19845.00
20180726 -19375.00
20180727 -19365.00
20180730 -19585.00
20180731 -19695.00
20180801 -19160.00
20180802 -18825.00
20180803 -19210.00
20180806 -18640.00
20180807 -18765.00
20180808 -19060.00
20180809 -19210.00
20180810 -18375.00
20180813 -17850.00
20180814 -17850.00
20180815 -17850.00
20180816 -17850.00
20180817 -17850.00
20180820 -17850.00
20180821 -17850.00
20180822 -17850.00
20180823 -17850.00
20180824 -17850.00
20180827 -17850.00
20180828 -17850.00
20180829 -17850.00
20180830 -17850.00
20180831 -17850.00
20180904 -17850.00
20180905 -17850.00
20180906 -17850.00
20180907 -17850.00
20180910 -17850.00
20180911 -17850.00
20180912 -17850.00
20180913 -17850.00
20180914 -17850.00
20180917 -17850.00
20180918 -17850.00
20180919 -17850.00
20180920 -17850.00
20180921 -17850.00
20180924 -17850.00
20180925 -17850.00
20180926 -17850.00
20180927 -17850.00
20180928 -17850.00
20181001 -17850.00
20181002 -17850.00
20181003 -17850.00
20181004 -17850.00
20181005 -17850.00
20181008 -17850.00
20181009 -17850.00
20181010 -17850.00
20181011 -17850.00
20181012 -17850.00
20181015 -17850.00
20181016 -17850.00
20181017 -17850.00
20181018 -17850.00
20181019 -17850.00
20181022 -17850.00
20181023 -17850.00
20181024 -17850.00
20181025 -17850.00
20181026 -17850.00
20181029 -17850.00
20181030 -17850.00
20181031 -17850.00
20181101 -17850.00
20181102 -17850.00
20181105 -17850.00
20181106 -17850.00
20181107 -17850.00
20181108 -17850.00
20181109 -17850.00
20181112 -17850.00
20181113 -17850.00
20181114 -17850.00
20181115 -17850.00
20181116 -17850.00
20181119 -17850.00
20181120 -17850.00
20181121 -17850.00
20181123 -17850.00
20181126 -17850.00
20181127 -17850.00
20181128 -17850.00
20181129 -17850.00
20181130 -17850.00
20181203 -17850.00
20181204 -17930.00
20181205 -18330.00
20181206 -18230.00
20181207 -17330.00
20181210 -17650.00
20181211 -17870.00
20181212 -17590.00
20181213 -17850.00
20181214 -18450.00
20181217 -17410.00
20181218 -17230.00
20181219 -16950.00
20181220 -15800.00
20181221 -16780.00
20181224 -15410.00
20181226 -14685.00
20181227 -12940.00
20181228 -12120.00
20181231 -11470.00
20190102 -10445.00
20190103 -7260.00
20190104 -9092.50
20190107 -8980.00
20190108 -9670.00
20190109 -9585.00
20190110 -9557.50
20190111 -10105.00
20190114 -9280.00
20190115 -9597.50
20190116 -10482.50
20190117 -11155.00
20190118 -12815.00
20190122 -11697.50
20190123 -11297.50
20190124 -11447.50
20190125 -11565.00
20190128 -10010.00
20190129 -10765.00
20190130 -10262.50
20190131 -10262.50
20190201 -10262.50
20190204 -10262.50
20190205 -10262.50
20190206 -10262.50
20190207 -10262.50
20190208 -10262.50
20190211 -10262.50
20190212 -10262.50
20190213 -10262.50
20190214 -10262.50
20190215 -10262.50
20190219 -9825.00
20190220 -8687.50
20190221 -9262.50
20190222 -7900.00
20190225 -8062.50
20190226 -8025.00
20190227 -7725.00
20190228 -8087.50
20190301 -8487.50
20190304 -9062.50
20190305 -8450.00
20190306 -8825.00
20190307 -9025.00
20190308 -9450.00
20190311 -9262.50
20190312 -8575.00
20190313 -8400.00
20190314 -9500.00
20190315 -9137.50
20190318 -9062.50
20190319 -8712.50
20190320 -8762.50
20190321 -9137.50
20190322 -10725.00
20190325 -10375.00
20190326 -10437.50
20190327 -10212.50
20190328 -9975.00
20190329 -8387.50
20190401 -8675.00
20190402 -9150.00
20190403 -8075.00
20190404 -9037.50
20190405 -9425.00
20190408 -8487.50
20190409 -8437.50
20190410 -8650.00
20190411 -9612.50
20190412 -8137.50
20190415 -8412.50
20190416 -8525.00
20190417 -7740.00
20190418 -8847.50
20190422 -9470.00
20190423 -9235.00
20190424 -10067.50
20190425 -11125.00
20190426 -12012.50
20190429 -10432.50
20190430 -10932.50
20190501 -10957.50
20190502 -9177.50
20190503 -11912.50
20190506 -11907.50
20190507 -12082.50
20190508 -11342.50
20190509 -11277.50
20190510 -11582.50
20190513 -12957.50
20190514 -12582.50
20190515 -12732.50
20190516 -10207.50
20190517 -8402.50
20190520 -8847.50
20190521 -8287.50
20190522 -7657.50
20190523 -9660.00
20190524 -9665.00
20190528 -7752.50
20190529 -7787.50
20190530 -8547.50
20190531 -10017.50
20190603 -11132.50
20190604 -11752.50
20190605 -11922.50
20190606 -12270.00
20190607 -11985.00
20190610 -12555.00
20190611 -13120.00
20190612 -12187.50
20190613 -12255.00
20190614 -12520.00
20190617 -13105.00
20190618 -13737.50
20190619 -13365.00
20190620 -9512.50
20190621 -9325.00
20190624 -9350.00
20190625 -10100.00
20190626 -9612.50
20190627 -9637.50
20190628 -9562.50
20190701 -8925.00
20190702 -8325.00
20190703 -8800.00
20190705 -8250.00
20190708 -8200.00
20190709 -7350.00
20190710 -9075.00
20190711 -8912.50
20190712 -9075.00
20190715 -9500.00
20190716 -9080.00
20190717 -8015.00
20190718 -6730.00
20190719 -8245.00
20190722 -7165.00
20190723 -6840.00
20190724 -6025.00
20190725 -6025.00
20190726 -6025.00
20190729 -6025.00
20190730 -6025.00
20190731 -6025.00
20190801 -6025.00
20190802 -6025.00
20190805 -5950.00
20190806 -6287.50
20190807 -6625.00
20190808 -7537.50
20190809 -7075.00
20190812 -6975.00
20190813 -8100.00
20190814 -7150.00
20190815 -7225.00
20190816 -7225.00
20190819 -7387.50
20190820 -6800.00
20190821 -6987.50
20190822 -6287.50
20190823 -5600.00
20190826 -5937.50
20190827 -6037.50
20190828 -6325.00
20190829 -6650.00
20190830 -6000.00
20190903 -5412.50
20190904 -7087.50
20190905 -8262.50
20190906 -8062.50
20190909 -7900.00
20190910 -7912.50
20190911 -7575.00
20190912 -8612.50
20190913 -8612.50
20190916 -8612.50
20190917 -8612.50
20190918 -8612.50
20190919 -8612.50
20190920 -8612.50
20190923 -8612.50
20190924 -8612.50
20190925 -8612.50
20190926 -8612.50
20190927 -8612.50
20190930 -8612.50
20191001 -9450.00
20191002 -9700.00
20191003 -9275.00
20191004 -9500.00
20191007 -9862.50
20191008 -9650.00
20191009 -9637.50
20191010 -10775.00
20191011 -11362.50
20191014 -11362.50
20191015 -11362.50
20191016 -11362.50
20191017 -11362.50
20191018 -11362.50
20191021 -11362.50
20191022 -11362.50
20191023 -11362.50
20191024 -11362.50
20191025 -11362.50
20191028 -11362.50
20191029 -11362.50
20191030 -11362.50
20191031 -11362.50
20191101 -11362.50
20191104 -11362.50
20191105 -11362.50
20191106 -11362.50
20191107 -11362.50
20191108 -11362.50
20191111 -11362.50
20191112 -11362.50
20191113 -11362.50
20191114 -11362.50
20191115 -11362.50
20191118 -11362.50
20191119 -11362.50
20191120 -11362.50
20191121 -11362.50
20191122 -11362.50
20191125 -11522.50
20191126 -11862.50
20191127 -11202.50
20191129 -12392.50
20191202 -12042.50
20191203 -13562.50
20191204 -13142.50
20191205 -13432.50
20191206 -11615.00
20191209 -10987.50
20191210 -11432.50
20191211 -12257.50
20191212 -12312.50
20191213 -13905.00
20191216 -13577.50
20191217 -13332.50
20191218 -13052.50
20191219 -13797.50
20191220 -14300.00
20191223 -15017.50
20191224 -14962.50
20191226 -14425.00
20191227 -14912.50
20191230 -14812.50
20191231 -15725.00
20200102 -15025.00
20200103 -14605.00
20200106 -10950.00
20200107 -10862.50
20200108 -12575.00
20200109 -13725.00
20200110 -13437.50
20200113 -12250.00
20200114 -11937.50
20200115 -12125.00
20200116 -12600.00
20200117 -12637.50
20200121 -13937.50
20200122 -14650.00
20200123 -15962.50
20200124 -15962.50
20200127 -15962.50
20200128 -15962.50
20200129 -15962.50
20200130 -15312.50
20200131 -15137.50
20200203 -14887.50
20200204 -15762.50
20200205 -16575.00
20200206 -17037.50
20200207 -16037.50
20200210 -15975.00
20200211 -16787.50
20200212 -17212.50
20200213 -17537.50
20200214 -17200.00
20200218 -17312.50
20200219 -17362.50
20200220 -16912.50
20200221 -17472.50
20200224 -14967.50
20200225 -19737.50
20200226 -19525.00
20200227 -19475.00
20200228 -17727.50
20200302 -20512.50
20200303 -22587.50
20200304 -22912.50
20200305 -22587.50
20200306 -22275.00
20200309 -23475.00
20200310 -24375.00
20200311 -23887.50
20200312 -20405.00
20200313 -17987.50
20200316 -15275.00
20200317 -15275.00
20200318 -15275.00
20200319 -15275.00
20200320 -15275.00
20200323 -15275.00
20200324 -16615.00
20200325 -18325.00
20200326 -18325.00
20200327 -18325.00
20200330 -18325.00
20200331 -18325.00
20200401 -18325.00
20200402 -18325.00
20200403 -18325.00
20200406 -18475.00
20200407 -19495.00
20200408 -19435.00
20200409 -13375.00
20200413 -13375.00
20200414 -13375.00
20200415 -13375.00
20200416 -13375.00
20200417 -13375.00
20200420 -13375.00
20200421 -13375.00
20200422 -13375.00
20200423 -13375.00
20200424 -13375.00
20200427 -13375.00
20200428 -13375.00
20200429 -13375.00
20200430 -13375.00
20200501 -13375.00
20200504 -13375.00
20200505 -13375.00
20200506 -13375.00
20200507 -13375.00
20200508 -13375.00
20200511 -13375.00
20200512 -13375.00
20200513 -13375.00
20200514 -13375.00
20200515 -13375.00
20200518 -13375.00
20200519 -13375.00
20200520 -13375.00
20200521 -13375.00
20200522 -13375.00
20200526 -13375.00
20200527 -13375.00
20200528 -13375.00
20200529 -13375.00
20200601 -13375.00
20200602 -13375.00
20200603 -13375.00
20200604 -13375.00
20200605 -13375.00
20200608 -13375.00
20200609 -13375.00
20200610 -13637.50
20200611 -15387.50
20200612 -15050.00
20200615 -16437.50
20200616 -16437.50
20200617 -16437.50
20200618 -16437.50
20200619 -16437.50
20200622 -16437.50
20200623 -16825.00
20200624 -17025.00
20200625 -16712.50
20200626 -16687.50
20200629 -16350.00
20200630 -15450.00
20200701 -15312.50
20200702 -14950.00
20200706 -14300.00
20200707 -13737.50
20200708 -13062.50
20200709 -12700.00
20200710 -11475.00
20200713 -11475.00
20200714 -11475.00
20200715 -11475.00
20200716 -11475.00
20200717 -11475.00
20200720 -11120.00
20200721 -5375.00
20200722 -3255.00
20200723 -1565.00
20200724 -1565.00
20200727 -1565.00
20200728 -1565.00
20200729 -1565.00
20200730 -1565.00
20200731 -1565.00
20200803 -1565.00
20200804 -1565.00
20200805 -1565.00
20200806 -1565.00
20200807 -1565.00
20200810 -1565.00
20200811 -1565.00
20200812 -1565.00
20200813 -1565.00
20200814 -1565.00
20200817 -1565.00
20200818 -1565.00
20200819 -1565.00
20200820 -1565.00
20200821 -1565.00
20200824 -1565.00
20200825 -1565.00
20200826 -1565.00
20200827 -1565.00
20200828 -1565.00
20200831 -1565.00
20200901 -1565.00
20200902 -1565.00
20200903 -1565.00
20200904 -1565.00
20200908 -1565.00
20200909 -1565.00
20200910 -1565.00
20200911 -1565.00
20200914 -1565.00
20200915 -1565.00
20200916 -1565.00
20200917 -1565.00
20200918 -1565.00
20200921 -1565.00
20200922 -1565.00
20200923 -1565.00
20200924 -1565.00
20200925 -1565.00
20200928 -1565.00
20200929 -1565.00
20200930 -1565.00
20201001 -1565.00
20201002 -1565.00
20201005 -1565.00
20201006 -1565.00
20201007 -1565.00
20201008 -1565.00
20201009 -1565.00
20201012 -1565.00
20201013 -1565.00
20201014 -1565.00
20201015 -1565.00
20201016 -1565.00
20201019 -1565.00
20201020 -1440.00
20201021  -177.50
20201022 -1302.50
20201023 -1915.00
20201026 -2902.50
20201027 -2802.50
20201028 -3540.00
20201029 -3727.50
20201030 -3952.50
20201102 -3215.00
20201103 -2827.50
20201104 -2465.00
20201105 -2390.00
20201106 -1290.00
20201109 -1240.00
20201110 -1252.50
20201111 -1790.00
20201112 -1515.00
20201113  -690.00
20201116     0.00
20201117  -600.00
20201118  -600.00
20201119  -500.00
20201120     0.00
20201123 -1025.00
20201124     0.00
20201125     0.00
20201127     0.00
20201130 -2385.00
20201201 -3075.00
20201202 -3075.00
20201203 -3075.00
20201204 -3075.00
20201207 -3075.00
20201208 -3075.00
20201209 -3075.00
20201210 -3075.00
20201211 -3075.00
20201214 -3075.00
20201215 -3075.00
20201216 -3075.00
20201217 -3075.00
20201218 -3075.00
20201221 -3075.00
20201222 -3075.00
20201223 -3075.00
20201224 -3075.00
20201228 -3075.00
20201229 -3075.00
20201230 -3075.00
20201231 -3075.00
20210104 -2335.00
20210105  -955.00
20210106 -3945.00
20210107 -2850.00
20210108 -6150.00
20210111 -6150.00
20210112 -6150.00
20210113 -6150.00
20210114 -6150.00
20210115 -6150.00
20210119 -9390.00
20210120 -9410.00
20210121 -9410.00
20210122 -9410.00
20210125 -9410.00
20210126 -9410.00
20210127 -9410.00
20210128 -19710.00
20210129 -19995.00
20210201 -12490.00
20210202 -12490.00
20210203 -12490.00
20210204 -11330.00
20210205 -13510.00
20210208 -15550.00
20210209 -15550.00
20210210 -15550.00
20210211 -15550.00
20210212 -15550.00
20210216 -16130.00
20210217 -13510.00
20210218 -13730.00
20210219 -13970.00
20210222 -17070.00
20210223 -16820.00
20210224 -16020.00
20210225 -13770.00
20210226 -10590.00
20210301 -10590.00
20210302 -10590.00
20210303 -10590.00
20210304 -10590.00
20210305 -10590.00
20210308 -10590.00
20210309 -10590.00
20210310 -10590.00
20210311 -10590.00
20210312 -10590.00
20210315 -10590.00
20210316 -10590.00
20210317 -10590.00
20210318 -10590.00
20210319 -10590.00
20210322 -10590.00
20210323 -10590.00
20210324 -10590.00
20210325 -10590.00
20210326 -10590.00
20210329 -10590.00
20210330 -11875.00
20210331 -13665.00
20210401 -13665.00
20210405 -13665.00
20210406 -13665.00
20210407 -13665.00
20210408 -13665.00
20210409 -13665.00
20210412 -13665.00
20210413 -13665.00
20210414 -13665.00
20210415 -13665.00
20210416 -13665.00
20210419 -13665.00
20210420 -13665.00
20210421 -13665.00
20210422 -13665.00
20210423 -13665.00
20210426 -13665.00
20210427 -13665.00
20210428 -13665.00
20210429 -13665.00
20210430 -13665.00
20210503 -13665.00
20210504 -13665.00
20210505 -13665.00
20210506 -13665.00
20210507 -13665.00
20210510 -13665.00
20210511 -13665.00
20210512 -13665.00
20210513 -13665.00
20210514 -13665.00
20210517 -13670.00
20210518 -14125.00
20210519 -16140.00
20210520 -16100.00
20210521 -16620.00
20210524 -15840.00
20210525 -14490.00
20210526 -14160.00
20210527 -14690.00
20210528 -14010.00
20210601 -16605.00
20210602 -16700.00
20210603 -20360.00
20210604 -18490.00
20210607 -17810.00
20210608 -18250.00
20210609 -18140.00
20210610 -18050.00
20210611 -19730.00
20210614 -22940.00
20210615 -22940.00
20210616 -22940.00
20210617 -22940.00
20210618 -22940.00
20210621 -22940.00
20210622 -22940.00
20210623 -22940.00
20210624 -22940.00
20210625 -22940.00
20210628 -22940.00
20210629 -22940.00
20210630 -22940.00
20210701 -22940.00
20210702 -22940.00
20210706 -22940.00
20210707 -22940.00
20210708 -22940.00
20210709 -22940.00
20210712 -22940.00
20210713 -22940.00
20210714 -22940.00
20210715 -22940.00
20210716 -22940.00
20210719 -22940.00
20210720 -22940.00
20210721 -22940.00
20210722 -22940.00
20210723 -22940.00
20210726 -22940.00
20210727 -23465.00
20210728 -24605.00
20210729 -26015.00
20210730 -26015.00
20210802 -26015.00
20210803 -26015.00
20210804 -26015.00
20210805 -26015.00
20210806 -24775.00
20210809 -20130.00
20210810 -20650.00
20210811 -22810.00
20210812 -22660.00
20210813 -24090.00
20210816 -24090.00
20210817 -24090.00
20210818 -24002.50
20210819 -22027.50
20210820 -24427.50
20210823 -27152.50
20210824 -27152.50
20210825 -27152.50
20210826 -27152.50
20210827 -27152.50
20210830 -27152.50
20210831 -27152.50
20210901 -27152.50
20210902 -27152.50
20210903 -27152.50
20210907 -27152.50
20210908 -27152.50
20210909 -27152.50
20210910 -27152.50
20210913 -27152.50
20210914 -27152.50
20210915 -27152.50
20210916 -27152.50
20210917 -27152.50
20210920 -27490.00
20210921 -27777.50
20210922 -30202.50
20210923 -30202.50
20210924 -30202.50
20210927 -30202.50
20210928 -30202.50
20210929 -29792.50
20210930 -32900.00
20211001 -35387.50
20211004 -36325.00
20211005 -36325.00
20211006 -36325.00
20211007 -36325.00
20211008 -36325.00
20211011 -36325.00
20211012 -36325.00
20211013 -35975.00
20211014 -33087.50
20211015 -31362.50
20211018 -31362.50
20211019 -31362.50
20211020 -31362.50
20211021 -31362.50
20211022 -31362.50
20211025 -31362.50
20211026 -31362.50
20211027 -31362.50
20211028 -31362.50
20211029 -31362.50
20211101 -31362.50
20211102 -31362.50
20211103 -31362.50
20211104 -31362.50
20211105 -31362.50
20211108 -31362.50
20211109 -31362.50
20211110 -30472.50
20211111 -28912.50
20211112 -28452.50
20211115 -28642.50
20211116 -29892.50
20211117 -28282.50
20211118 -29162.50
20211119 -30142.50
20211122 -34412.50
20211123 -34412.50
20211124 -34412.50
20211126 -34412.50
20211129 -34412.50
20211130 -34412.50
20211201 -34412.50
20211202 -34412.50
20211203 -34412.50
20211206 -34412.50
20211207 -34412.50
20211208 -34412.50
20211209 -34412.50
20211210 -34412.50
20211213 -34412.50
20211214 -34412.50
20211215 -34137.50
20211216 -37487.50
20211217 -37487.50
20211220 -37487.50
20211221 -37487.50
20211222 -37487.50
20211223 -37487.50
20211227 -37487.50
20211228 -37487.50
20211229 -37487.50
20211230 -37487.50
20211231 -37487.50
20220103 -37487.50
20220104 -37487.50
20220105 -37487.50
20220106 -37487.50
20220107 -37487.50
20220110 -37487.50
20220111 -37487.50
20220112 -37487.50
20220113 -37487.50
20220114 -37487.50
20220118 -37487.50
20220119 -37487.50
20220120 -37487.50
20220121 -37487.50
20220124 -37487.50
20220125 -37487.50
20220126 -37487.50
20220127 -37487.50
20220128 -37487.50
20220131 -37487.50
20220201 -37487.50
20220202 -37487.50
20220203 -37487.50
20220204 -37487.50
20220207 -37487.50
20220208 -37487.50
20220209 -38312.50
20220210 -36887.50
20220211 -42807.50
20220214 -40077.50
20220215 -41397.50
20220216 -41142.50
20220217 -39867.50
20220218 -40087.50
20220222 -38627.50
20220223 -38627.50
20220224 -41127.50
20220225 -43077.50
20220228 -43077.50
20220301 -41760.00
20220302 -41790.00
20220303 -38780.00
20220304 -35457.50
20220307 -33177.50
20220308 -33177.50
20220309 -33177.50
20220310 -33177.50
20220311 -33177.50
20220314 -33177.50
20220315 -33177.50
20220316 -33177.50
20220317 -33177.50
20220318 -33177.50
20220321 -33177.50
20220322 -33177.50
20220323 -33177.50
20220324 -33177.50
20220325 -33177.50
20220328 -33177.50
20220329 -33177.50
20220330 -33177.50
20220331 -33177.50
