-----------------------------------------
Sys Name : TF-Covel_1R
Mkt Symb : CL Mkt Name : Crude
20100111   TF-Covel-B  1 129.43000       0.00       0.00
20100115         Lxit  1 123.23000   -6200.00   -6200.00
20100401   TF-Covel-B  1 129.44000       0.00       0.00
20100419         Lxit  1 126.21000   -3230.00   -9430.00
20100514   TF-Covel-S  1 114.64000       0.00       0.00
20100610         Sxit  1 115.46000    -820.00  -10250.00
20101103   TF-Covel-B  1 121.26000       0.00       0.00
20101117         Lxit  1 116.49000   -4770.00  -15020.00
20101203   TF-Covel-B  1 124.58000       0.00       0.00
20110107         Lxit  1 122.36000   -2220.00  -17240.00
20110222   TF-Covel-B  1 127.23000       0.00       0.00
20110505         Lxit  1 134.86000    7630.00   -9610.00
20110627   TF-Covel-S  1 117.69000       0.00       0.00
20110706         Sxit  1 125.50000   -7810.00  -17420.00
20110804   TF-Covel-S  1 117.61000       0.00       0.00
20110830         Sxit  1 116.70000     910.00  -16510.00
20111004   TF-Covel-S  1 103.39000       0.00       0.00
20111011         Sxit  1 113.44000  -10050.00  -26560.00
20111116   TF-Covel-B  1 128.32000       0.00       0.00
20111214         Lxit  1 122.12000   -6200.00  -32760.00
20120104   TF-Covel-B  1 130.52000       0.00       0.00
20120113         Lxit  1 125.21000   -5310.00  -38070.00
20120217   TF-Covel-B  1 130.67000       0.00       0.00
20120315         Lxit  1 130.73000      60.00  -38010.00
20120507   TF-Covel-S  1 122.18000       0.00       0.00
20120703         Sxit  1 110.71000   11470.00  -26540.00
20120914   TF-Covel-B  1 123.12000       0.00       0.00
20120919         Lxit  1 118.23000   -4890.00  -31430.00
20121107   TF-Covel-S  1 107.73000       0.00       0.00
20121119         Sxit  1 112.63000   -4900.00  -36330.00
20130129   TF-Covel-B  1 118.98000       0.00       0.00
20130220         Lxit  1 117.01000   -1970.00  -38300.00
20130416   TF-Covel-S  1 108.17000       0.00       0.00
20130503         Sxit  1 115.54000   -7370.00  -45670.00
20130702   TF-Covel-B  1 119.50000       0.00       0.00
20130729         Lxit  1 124.30000    4800.00  -40870.00
20130827   TF-Covel-B  1 129.35000       0.00       0.00
20130923         Lxit  1 125.48000   -3870.00  -44740.00
20131101   TF-Covel-S  1 115.62000       0.00       0.00
20131203         Sxit  1 115.94000    -320.00  -45060.00
20140109   TF-Covel-S  1 112.06000       0.00       0.00
20140123         Sxit  1 116.77000   -4710.00  -49770.00
20140303   TF-Covel-B  1 123.66000       0.00       0.00
20140311         Lxit  1 120.32000   -3340.00  -53110.00
20140411   TF-Covel-B  1 125.43000       0.00       0.00
20140430         Lxit  1 122.27000   -3160.00  -56270.00
20140521   TF-Covel-B  1 126.02000       0.00       0.00
20140702         Lxit  1 127.40000    1380.00  -54890.00
20140814   TF-Covel-S  1 120.53000       0.00       0.00
20140829         Sxit  1 121.94000   -1410.00  -56300.00
20140908   TF-Covel-S  1 118.51000       0.00       0.00
20140929         Sxit  1 121.22000   -2710.00  -59010.00
20141002   TF-Covel-S  1 116.44000       0.00       0.00
20150203         Sxit  1  78.92000   37520.00  -21490.00
20150316   TF-Covel-S  1  70.73000       0.00       0.00
20150407         Sxit  1  76.98000   -6250.00  -27740.00
20150506   TF-Covel-B  1  84.24000       0.00       0.00
20150519         Lxit  1  81.22000   -3020.00  -30760.00
20150727   TF-Covel-S  1  69.11000       0.00       0.00
20150828         Sxit  1  66.75000    2360.00  -28400.00
20151204   TF-Covel-S  1  58.60000       0.00       0.00
20160226         Sxit  1  48.75000    9850.00  -18550.00
20160426   TF-Covel-B  1  56.32000       0.00       0.00
20160615         Lxit  1  58.85000    2530.00  -16020.00
20161212   TF-Covel-B  1  60.34000       0.00       0.00
20170109         Lxit  1  58.58000   -1760.00  -17780.00
20170502   TF-Covel-S  1  51.85000       0.00       0.00
20170519         Sxit  1  54.06000   -2210.00  -19990.00
20170616   TF-Covel-S  1  48.14000       0.00       0.00
20170703         Sxit  1  50.55000   -2410.00  -22400.00
20171027   TF-Covel-B  1  55.79000       0.00       0.00
20180207         Lxit  1  65.28000    9490.00  -12910.00
20180411   TF-Covel-B  1  69.18000       0.00       0.00
20180525         Lxit  1  70.25000    1070.00  -11840.00
20180627   TF-Covel-B  1  75.46000       0.00       0.00
20180716         Lxit  1  70.47000   -4990.00  -16830.00
20180928   TF-Covel-B  1  78.04000       0.00       0.00
20181011         Lxit  1  75.62000   -2420.00  -19250.00
20181101   TF-Covel-S  1  68.10000       0.00       0.00
20190108         Sxit  1  53.99000   14110.00   -5140.00
20190329   TF-Covel-B  1  63.55000       0.00       0.00
20190426         Lxit  1  66.13000    2580.00   -2560.00
20190603   TF-Covel-S  1  55.06000       0.00       0.00
20190620         Sxit  1  57.70000   -2640.00   -5200.00
20190807   TF-Covel-S  1  53.44000       0.00       0.00
20190905         Sxit  1  59.66000   -6220.00  -11420.00
20200103   TF-Covel-B  1  65.91000       0.00       0.00
20200108         Lxit  1  62.63000   -3280.00  -14700.00
20200131   TF-Covel-S  1  53.74000       0.00       0.00
20200219         Sxit  1  55.98000   -2240.00  -16940.00
20200226   TF-Covel-S  1  51.91000       0.00       0.00
20200507         Sxit  1  22.39000   29520.00   12580.00
20200721   TF-Covel-B  1  37.37000       0.00       0.00
20200730         Lxit  1  34.79000   -2580.00   10000.00
20200805   TF-Covel-B  1  38.09000       0.00       0.00
20200902         Lxit  1  36.74000   -1350.00    8650.00
20201029   TF-Covel-S  1  31.41000       0.00       0.00
20201110         Sxit  1  36.10000   -4690.00    3960.00
20201124   TF-Covel-B  1  39.10000       0.00       0.00
20210318         Lxit  1  53.49000   14390.00   18350.00
20210601   TF-Covel-B  1  62.25000       0.00       0.00
20210716         Lxit  1  65.18000    2930.00   21280.00
20210928   TF-Covel-B  1  71.42000       0.00       0.00
20211103         Lxit  1  76.31000    4890.00   26170.00
20220114   TF-Covel-B  1  81.16000       0.00       0.00
20220331   Lx-EOFData  1 100.93000   19770.00   45940.00
-----------------------------------------
Sys Name : TF-Covel_1R
Mkt Symb : NG Mkt Name : Nat.Gas
20100311   TF-Covel-S  1  11.77500       0.00       0.00
20100428         Sxit  1  11.60500    1700.00    1700.00
20100430   TF-Covel-S  1  11.09100       0.00       0.00
20100518         Sxit  1  11.60800   -5170.00   -3470.00
20100825   TF-Covel-S  1  11.04700       0.00       0.00
20100915         Sxit  1  11.11500    -680.00   -4150.00
20100930   TF-Covel-S  1  10.78600       0.00       0.00
20101101         Sxit  1  10.74400     420.00   -3730.00
20110124   TF-Covel-B  1  11.23900       0.00       0.00
20110127         Lxit  1  10.72700   -5120.00   -8850.00
20110217   TF-Covel-S  1  10.22000       0.00       0.00
20110317         Sxit  1  10.45000   -2300.00  -11150.00
20110608   TF-Covel-B  1  11.01300       0.00       0.00
20110617         Lxit  1  10.56000   -4530.00  -15680.00
20110804   TF-Covel-S  1  10.19500       0.00       0.00
20110901         Sxit  1  10.25700    -620.00  -16300.00
20110919   TF-Covel-S  1   9.96400       0.00       0.00
20111031         Sxit  1   9.90300     610.00  -15690.00
20111110   TF-Covel-S  1   9.57000       0.00       0.00
20120217         Sxit  1   8.40100   11690.00   -4000.00
20120305   TF-Covel-S  1   7.97200       0.00       0.00
20120426         Sxit  1   7.60500    3670.00    -330.00
20120706   TF-Covel-B  1   8.26700       0.00       0.00
20120810         Lxit  1   8.10900   -1580.00   -1910.00
20121002   TF-Covel-B  1   8.58700       0.00       0.00
20121030         Lxit  1   8.43800   -1490.00   -3400.00
20121214   TF-Covel-S  1   7.89800       0.00       0.00
20130117         Sxit  1   8.06500   -1670.00   -5070.00
20130405   TF-Covel-B  1   8.59700       0.00       0.00
20130502         Lxit  1   8.52700    -700.00   -5770.00
20130729   TF-Covel-S  1   7.89500       0.00       0.00
20130819         Sxit  1   7.84000     550.00   -5220.00
20131205   TF-Covel-B  1   8.14800       0.00       0.00
20131231         Lxit  1   8.28300    1350.00   -3870.00
20140122   TF-Covel-B  1   8.64500       0.00       0.00
20140313         Lxit  1   9.49700    8520.00    4650.00
20140707   TF-Covel-S  1   9.27400       0.00       0.00
20140807         Sxit  1   8.96000    3140.00    7790.00
20140908   TF-Covel-S  1   8.73300       0.00       0.00
20140929         Sxit  1   9.00800   -2750.00    5040.00
20141014   TF-Covel-S  1   8.72700       0.00       0.00
20141103         Sxit  1   8.84400   -1170.00    3870.00
20141203   TF-Covel-S  1   8.45600       0.00       0.00
20150114         Sxit  1   7.90200    5540.00    9410.00
20150122   TF-Covel-S  1   7.42600       0.00       0.00
20150220         Sxit  1   7.57200   -1460.00    7950.00
20150401   TF-Covel-S  1   7.24100       0.00       0.00
20150430         Sxit  1   7.33100    -900.00    7050.00
20150921   TF-Covel-S  1   7.12200       0.00       0.00
20151116         Sxit  1   6.61400    5080.00   12130.00
20151120   TF-Covel-S  1   6.35200       0.00       0.00
20151228         Sxit  1   6.16300    1890.00   14020.00
20160225   TF-Covel-S  1   5.72700       0.00       0.00
20160315         Sxit  1   5.81000    -830.00   13190.00
20160609   TF-Covel-B  1   6.17000       0.00       0.00
20160720         Lxit  1   6.22000     500.00   13690.00
20160920   TF-Covel-B  1   6.55100       0.00       0.00
20161003         Lxit  1   6.38100   -1700.00   11990.00
20161007   TF-Covel-B  1   6.64700       0.00       0.00
20161024         Lxit  1   6.41100   -2360.00    9630.00
20161026   TF-Covel-S  1   6.10900       0.00       0.00
20161121         Sxit  1   6.01300     960.00   10590.00
20161228   TF-Covel-B  1   6.85700       0.00       0.00
20170104         Lxit  1   6.23100   -6260.00    4330.00
20170221   TF-Covel-S  1   5.66000       0.00       0.00
20170310         Sxit  1   5.84200   -1820.00    2510.00
20170622   TF-Covel-S  1   5.46700       0.00       0.00
20170628         Sxit  1   5.68000   -2130.00     380.00
20170705   TF-Covel-S  1   5.44600       0.00       0.00
20170720         Sxit  1   5.67400   -2280.00   -1900.00
20170731   TF-Covel-S  1   5.40100       0.00       0.00
20170810         Sxit  1   5.57800   -1770.00   -3670.00
20171009   TF-Covel-S  1   5.33900       0.00       0.00
20171108         Sxit  1   5.51000   -1710.00   -5380.00
20171124   TF-Covel-S  1   5.17700       0.00       0.00
20171228         Sxit  1   5.08100     960.00   -4420.00
20180123   TF-Covel-B  1   5.72100       0.00       0.00
20180207         Lxit  1   5.36400   -3570.00   -7990.00
20180615   TF-Covel-B  1   5.52100       0.00       0.00
20180702         Lxit  1   5.40600   -1150.00   -9140.00
20180924   TF-Covel-B  1   5.57400       0.00       0.00
20181026         Lxit  1   5.65000     760.00   -8380.00
20181105   TF-Covel-B  1   5.95000       0.00       0.00
20181214         Lxit  1   6.48100    5310.00   -3070.00
20190201   TF-Covel-S  1   5.35300       0.00       0.00
20190225         Sxit  1   5.32200     310.00   -2760.00
20190416   TF-Covel-S  1   5.11900       0.00       0.00
20190510         Sxit  1   5.11900      -0.00   -2760.00
20190531   TF-Covel-S  1   4.96800       0.00       0.00
20190705         Sxit  1   4.89800     700.00   -2060.00
20190729   TF-Covel-S  1   4.63700       0.00       0.00
20190829         Sxit  1   4.78200   -1450.00   -3510.00
20190916   TF-Covel-B  1   5.19800       0.00       0.00
20190926         Lxit  1   4.95300   -2450.00   -5960.00
20191105   TF-Covel-B  1   5.22100       0.00       0.00
20191118         Lxit  1   4.90200   -3190.00   -9150.00
20191209   TF-Covel-S  1   4.48800       0.00       0.00
20200218         Sxit  1   4.22300    2650.00   -6500.00
20200227   TF-Covel-S  1   4.03800       0.00       0.00
20200311         Sxit  1   4.23000   -1920.00   -8420.00
20200318   TF-Covel-S  1   3.88300       0.00       0.00
20200407         Sxit  1   3.98100    -980.00   -9400.00
20200513   TF-Covel-S  1   3.71800       0.00       0.00
20200706         Sxit  1   3.66000     580.00   -8820.00
20200818   TF-Covel-B  1   4.23400       0.00       0.00
20200908         Lxit  1   4.09500   -1390.00  -10210.00
20201119   TF-Covel-S  1   3.41600       0.00       0.00
20201222         Sxit  1   3.46900    -530.00  -10740.00
20201228   TF-Covel-S  1   3.04200       0.00       0.00
20210111         Sxit  1   3.50700   -4650.00  -15390.00
20210625   TF-Covel-B  1   4.02100       0.00       0.00
20210816         Lxit  1   4.41400    3930.00  -11460.00
20210826   TF-Covel-B  1   4.78400       0.00       0.00
20211018         Lxit  1   5.65800    8740.00   -2720.00
20211202   TF-Covel-S  1   4.31100       0.00       0.00
20211228         Sxit  1   4.32400    -130.00   -2850.00
20220325   TF-Covel-B  1   6.06400       0.00       0.00
20220331   Lx-EOFData  1   6.14200     780.00   -2070.00
-----------------------------------------
Sys Name : TF-Covel_1R
Mkt Symb : HO Mkt Name : H.Oil
20100111   TF-Covel-B  1   2.08540       0.00       0.00
20100115         Lxit  1   1.92530   -6724.20   -6724.20
20100405   TF-Covel-B  1   2.10000       0.00       0.00
20100506         Lxit  1   1.98130   -4985.40  -11709.60
20100520   TF-Covel-S  1   1.68990       0.00       0.00
20100614         Sxit  1   1.86230   -7240.80  -18950.40
20100930   TF-Covel-B  1   1.97690       0.00       0.00
20101019         Lxit  1   1.92590   -2142.00  -21092.40
20101104   TF-Covel-B  1   2.05520       0.00       0.00
20101123         Lxit  1   1.94180   -4762.80  -25855.20
20101203   TF-Covel-B  1   2.16080       0.00       0.00
20110504         Lxit  1   2.76230   25263.00    -592.20
20110627   TF-Covel-S  1   2.34740       0.00       0.00
20110707         Sxit  1   2.63220  -11961.60  -12553.80
20110809   TF-Covel-S  1   2.33200       0.00       0.00
20110826         Sxit  1   2.58960  -10819.20  -23373.00
20111004   TF-Covel-S  1   2.29140       0.00       0.00
20111012         Sxit  1   2.49810   -8681.40  -32054.40
20120207   TF-Covel-B  1   2.76890       0.00       0.00
20120322         Lxit  1   2.73830   -1285.20  -33339.60
20120514   TF-Covel-S  1   2.48200       0.00       0.00
20120629         Sxit  1   2.21990   11008.20  -22331.40
20120904   TF-Covel-B  1   2.74280       0.00       0.00
20120917         Lxit  1   2.63710   -4439.40  -26770.80
20121011   TF-Covel-B  1   2.79890       0.00       0.00
20121023         Lxit  1   2.60620   -8093.40  -34864.20
20121210   TF-Covel-S  1   2.44990       0.00       0.00
20121227         Sxit  1   2.62660   -7421.40  -42285.60
20130208   TF-Covel-B  1   2.80670       0.00       0.00
20130221         Lxit  1   2.69820   -4557.00  -46842.60
20130319   TF-Covel-S  1   2.44830       0.00       0.00
20130401         Sxit  1   2.56170   -4762.80  -51605.40
20130404   TF-Covel-S  1   2.43660       0.00       0.00
20130503         Sxit  1   2.39790    1625.40  -49980.00
20130718   TF-Covel-B  1   2.58760       0.00       0.00
20130731         Lxit  1   2.49740   -3788.40  -53768.40
20130827   TF-Covel-B  1   2.64060       0.00       0.00
20130910         Lxit  1   2.56420   -3208.80  -56977.20
20131107   TF-Covel-S  1   2.36520       0.00       0.00
20131121         Sxit  1   2.46670   -4263.00  -61240.20
20140124   TF-Covel-B  1   2.65270       0.00       0.00
20140310         Lxit  1   2.75760    4405.80  -56834.40
20140715   TF-Covel-S  1   2.64790       0.00       0.00
20140725         Sxit  1   2.71210   -2696.40  -59530.80
20140805   TF-Covel-S  1   2.62730       0.00       0.00
20141110         Sxit  1   2.34350   11919.60  -47611.20
20141113   TF-Covel-S  1   2.20970       0.00       0.00
20150130         Sxit  1   1.61250   25082.40  -22528.80
20150707   TF-Covel-S  1   1.74950       0.00       0.00
20150831         Sxit  1   1.66800    3423.00  -19105.80
20151027   TF-Covel-S  1   1.43920       0.00       0.00
20151103         Sxit  1   1.53450   -4002.60  -23108.40
20151112   TF-Covel-S  1   1.43110       0.00       0.00
20160128         Sxit  1   1.03510   16632.00   -6476.40
20160420   TF-Covel-B  1   1.23340       0.00       0.00
20160510         Lxit  1   1.18870   -1877.40   -8353.80
20160516   TF-Covel-B  1   1.32400       0.00       0.00
20160615         Lxit  1   1.36600    1764.00   -6589.80
20161201   TF-Covel-B  1   1.46650       0.00       0.00
20170109         Lxit  1   1.43190   -1453.20   -8043.00
20170501   TF-Covel-S  1   1.23970       0.00       0.00
20170517         Sxit  1   1.29660   -2389.80  -10432.80
20170621   TF-Covel-S  1   1.13070       0.00       0.00
20170629         Sxit  1   1.20990   -3326.40  -13759.20
20170830   TF-Covel-B  1   1.42230       0.00       0.00
20171003         Lxit  1   1.50600    3515.40  -10243.80
20171027   TF-Covel-B  1   1.61150       0.00       0.00
20171205         Lxit  1   1.64020    1205.40   -9038.40
20171212   TF-Covel-B  1   1.71690       0.00       0.00
20180119         Lxit  1   1.79000    3070.20   -5968.20
20180124   TF-Covel-B  1   1.86100       0.00       0.00
20180205         Lxit  1   1.78880   -3032.40   -9000.60
20180423   TF-Covel-B  1   1.89580       0.00       0.00
20180529         Lxit  1   1.94900    2234.40   -6766.20
20180925   TF-Covel-B  1   2.06830       0.00       0.00
20181017         Lxit  1   2.04970    -781.20   -7547.40
20181113   TF-Covel-S  1   1.81010       0.00       0.00
20190108         Sxit  1   1.58790    9332.40    1785.00
20190408   TF-Covel-B  1   1.81420       0.00       0.00
20190426         Lxit  1   1.80330    -457.80    1327.20
20190516   TF-Covel-B  1   1.88930       0.00       0.00
20190523         Lxit  1   1.78340   -4447.80   -3120.60
20190531   TF-Covel-S  1   1.59470       0.00       0.00
20190620         Sxit  1   1.61780    -970.20   -4090.80
20190807   TF-Covel-S  1   1.50140       0.00       0.00
20190905         Sxit  1   1.62500   -5191.20   -9282.00
20200103   TF-Covel-B  1   1.83780       0.00       0.00
20200108         Lxit  1   1.75770   -3364.20  -12646.20
20200122   TF-Covel-S  1   1.56580       0.00       0.00
20200219         Sxit  1   1.45270    4750.20   -7896.00
20200225   TF-Covel-S  1   1.31880       0.00       0.00
20200515         Sxit  1   0.57990   31033.80   23137.80
20200805   TF-Covel-B  1   0.90000       0.00       0.00
20200821         Lxit  1   0.81890   -3406.20   19731.60
20201029   TF-Covel-S  1   0.64650       0.00       0.00
20201109         Sxit  1   0.75360   -4498.20   15233.40
20201124   TF-Covel-B  1   0.90710       0.00       0.00
20210318         Lxit  1   1.36740   19332.60   34566.00
20210504   TF-Covel-B  1   1.56620       0.00       0.00
20210521         Lxit  1   1.52830   -1591.80   32974.20
20210601   TF-Covel-B  1   1.65760       0.00       0.00
20210719         Lxit  1   1.62670   -1297.80   31676.40
20210915   TF-Covel-B  1   1.78600       0.00       0.00
20211028         Lxit  1   2.05330   11226.60   42903.00
20220112   TF-Covel-B  1   2.18720       0.00       0.00
20220331   Lx-EOFData  1   3.38090   50135.40   93038.40
