-----------------------------------------
Sys Name : TF-Covel_1R
Mkt Symb : EC Mkt Name : EuroCur
Profit/Loss : 10393.75
Num Trades : 53
Percent Wins : 0.396
Avg Win  : 3373.81
Avg Loss : -1889.26
Avg Trade: 196.11
Max DrawDown: 27293.75
Avg DrawDown: 8034.38
AVG Monthly Return: 70.70578
Monthly StdDev: 2597.28951
-----------------------------------------
20100129       4456       4456
20100226       2825       7281
20100331      -2350       4931
20100430      -1856       3075
20100528      12838      15912
20100630      -1781      14131
20100730          0      14131
20100831          0      14131
20100930       3719      17850
20101029       3912      21762
20101130      -2669      19094
20101231          0      19094      19094
20110131          0      19094
20110228          0      19094
20110331       1269      20362
20110429       8525      28887
20110531      -7231      21656
20110630          0      21656
20110729          0      21656
20110831          0      21656
20110930       4944      26600
20111031      -3444      23156
20111130          0      23156
20111230       2331      25487       6394
20120131      -1256      24231
20120229          0      24231
20120330          0      24231
20120430          0      24231
20120531       3481      27712
20120629      -4650      23062
20120731       -513      22550
20120831          0      22550
20120928      -1919      20631
20121031       -444      20187
20121130          0      20187
20121231        144      20331      -5156
20130131       1231      21562
20130228      -2781      18781
20130329          0      18781
20130430      -4213      14569
20130531          0      14569
20130628          0      14569
20130731          0      14569
20130830      -2725      11844
20130930        831      12675
20131031      -1350      11325
20131129      -1469       9856
20131231       -556       9300     -11031
20140131      -2044       7256
20140228          0       7256
20140331      -1800       5456
20140430          0       5456
20140530      -2488       2969
20140630          0       2969
20140731       1394       4362
20140829       3212       7575
20140930       6388      13962
20141031      -2338      11625
20141128       1175      12800
20141231        612      13412       4112
20150130      10138      23550
20150227       1262      24812
20150331       1994      26806
20150430          0      26806
20150529          0      26806
20150630          0      26806
20150731          0      26806
20150831      -3094      23712
20150930       -975      22737
20151030         56      22794
20151130       3231      26025
20151231      -3069      22956       9544
20160129          0      22956
20160229          0      22956
20160331        -81      22875
20160429      -1994      20881
20160531      -2438      18444
20160630          0      18444
20160729          0      18444
20160831          0      18444
20160930          0      18444
20161031         12      18456
20161130       2112      20569
20161230      -2713      17856      -5100
20170131      -1500      16356
20170228          0      16356
20170331          0      16356
20170428       -356      16000
20170531       4187      20187
20170630       -131      20056
20170731       4919      24975
20170831      -2344      22631
20170929       -938      21694
20171031          0      21694
20171130          0      21694
20171229          0      21694       3837
20180131       2719      24412
20180228      -6713      17700
20180329          0      17700
20180430          0      17700
20180531       3462      21162
20180629      -3444      17719
20180731       -731      16987
20180831      -1012      15975
20180928          0      15975
20181031        669      16644
20181130        419      17062
20181231      -1581      15481      -6213
20190131      -1838      13644
20190228        806      14450
20190329      -2038      12412
20190430         44      12456
20190531        994      13450
20190628      -1113      12337
20190731       1006      13344
20190830       1725      15069
20190930       1275      16344
20191031      -1631      14712
20191129          0      14712
20191231          0      14712       -769
20200131          0      14712
20200228        -38      14675
20200331      -6850       7825
20200430       1094       8919
20200529       -569       8350
20200630          0       8350
20200731       4144      12494
20200831       1750      14244
20200930      -2269      11975
20201030          0      11975
20201130          0      11975
20201231       2219      14194       -519
20210129      -1106      13087
20210226          0      13087
20210331       1100      14187
20210430      -2519      11669
20210528          0      11669
20210630          0      11669
20210730          0      11669
20210831       -769      10900
20210930       1119      12019
20211029       -706      11312
20211130       2631      13944
20211231       -438      13506       -688
20220131       -463      13044
20220228      -3794       9250
20220331       1144      10394      -3113
-----------------------------------------
-----------------------------------------
Sys Name : TF-Covel_1R
Mkt Symb : JY Mkt Name : J.Yen
Profit/Loss : -6093.75
Num Trades : 56
Percent Wins : 0.25
Avg Win  : 5053.57
Avg Loss : -1989.94
Avg Trade: -108.82
Max DrawDown: 29581.25
Avg DrawDown: 9331.25
AVG Monthly Return: -41.45408
Monthly StdDev: 2479.74684
-----------------------------------------
20100129      -3806      -3806
20100226          0      -3806
20100331       -231      -4038
20100430      -1944      -5981
20100528     -14394     -20375
20100630       3950     -16425
20100730       3100     -13325
20100831       3887      -9438
20100930      -3006     -12444
20101029       4606      -7838
20101130      -3056     -10894
20101231          0     -10894     -10894
20110131          0     -10894
20110228          0     -10894
20110331      -5088     -15981
20110429      -3750     -19731
20110531          0     -19731
20110630          0     -19731
20110729       2769     -16963
20110831      -6200     -23163
20110930      -2169     -25331
20111031      -3625     -28956
20111130          0     -28956
20111230          0     -28956     -18063
20120131          0     -28956
20120229       3419     -25538
20120330       1531     -24006
20120430          0     -24006
20120531          0     -24006
20120629          0     -24006
20120731          0     -24006
20120831          0     -24006
20120928      -3113     -27119
20121031          0     -27119
20121130        794     -26325
20121231       7488     -18838      10119
20130131       7562     -11275
20130228        981     -10294
20130329       -419     -10713
20130430        262     -10450
20130531       3881      -6569
20130628          0      -6569
20130731          0      -6569
20130830          0      -6569
20130930          0      -6569
20131031          0      -6569
20131129       2031      -4538
20131231       3275      -1263      17575
20140131      -1731      -2994
20140228          0      -2994
20140331          0      -2994
20140430          0      -2994
20140530          0      -2994
20140630       -581      -3575
20140731       -769      -4344
20140829       1081      -3263
20140930       6175       2912
20141031        450       3362
20141128       6050       9412
20141231      -1344       8069       9331
20150130          0       8069
20150227          0       8069
20150331      -2088       5981
20150430          0       5981
20150529       1781       7762
20150630      -1294       6469
20150731          0       6469
20150831      -2469       4000
20150930        906       4906
20151030       -525       4381
20151130          0       4381
20151231      -3437        944      -7125
20160129       -956        -13
20160229       2944       2931
20160331        150       3081
20160429       2019       5100
20160531      -3169       1931
20160630       2419       4350
20160729      -3094       1256
20160831          0       1256
20160930          0       1256
20161031          0       1256
20161130       7612       8869
20161230       2419      11287      10344
20170131       -600      10687
20170228          0      10687
20170331          0      10687
20170428      -1606       9081
20170531          0       9081
20170630          0       9081
20170731          0       9081
20170831      -1625       7456
20170929       -725       6731
20171031       -187       6544
20171130       -725       5819
20171229          0       5819      -5469
20180131       -187       5631
20180228       2463       8094
20180329        -19       8075
20180430       -638       7437
20180531      -2250       5187
20180629          0       5187
20180731       1006       6194
20180831      -1294       4900
20180928        912       5812
20181031      -1194       4619
20181130      -1731       2887
20181231          0       2887      -2931
20190131       -731       2156
20190228          0       2156
20190329          0       2156
20190430          0       2156
20190531          0       2156
20190628       -213       1944
20190731       -887       1056
20190830        -19       1037
20190930       -488        550
20191031       -606        -56
20191129        256        200
20191231       -563       -363      -3250
20200131      -1156      -1519
20200228       -637      -2156
20200331      -1700      -3856
20200430          0      -3856
20200529          0      -3856
20200630          0      -3856
20200731         50      -3806
20200831      -1225      -5031
20200930      -1581      -6613
20201030       -356      -6969
20201130      -1813      -8781
20201231       -281      -9063      -8700
20210129       -675      -9738
20210226        831      -8906
20210331       4400      -4506
20210430      -2069      -6575
20210528          0      -6575
20210630        213      -6363
20210730      -1431      -7794
20210831          0      -7794
20210930       -181      -7975
20211029       2513      -5463
20211130      -2519      -7981
20211231          0      -7981       1081
20220131      -1125      -9106
20220228      -1731     -10838
20220331       4744      -6094       1888
-----------------------------------------
-----------------------------------------
Sys Name : TF-Covel_1R
Mkt Symb : BP Mkt Name : B.Pound
Profit/Loss : -14631.25
Num Trades : 60
Percent Wins : 0.367
Avg Win  : 1707.67
Avg Loss : -1415.88
Avg Trade: -243.85
Max DrawDown: 20762.5
Avg DrawDown: 5653.65
AVG Monthly Return: -99.53231
Monthly StdDev: 1332.2734
-----------------------------------------
20100129          0          0
20100226       2931       2931
20100331       -550       2381
20100430          0       2381
20100528       2081       4462
20100630      -2069       2394
20100730       1081       3475
20100831       -969       2506
20100930          0       2506
20101029      -1938        569
20101130      -1669      -1100
20101231          0      -1100      -1100
20110131          0      -1100
20110228       -144      -1244
20110331      -3694      -4938
20110429       1925      -3013
20110531      -2706      -5719
20110630       -856      -6575
20110729       -719      -7294
20110831          0      -7294
20110930       1162      -6131
20111031       -831      -6962
20111130          0      -6962
20111230          0      -6962      -5862
20120131          0      -6962
20120229          0      -6962
20120330        169      -6794
20120430       1362      -5431
20120531       -363      -5794
20120629      -1944      -7737
20120731          0      -7737
20120831          0      -7737
20120928        -63      -7800
20121031       -200      -8000
20121130          0      -8000
20121231       -381      -8381      -1419
20130131      -1325      -9706
20130228       4256      -5450
20130329       -175      -5625
20130430          0      -5625
20130531          0      -5625
20130628          0      -5625
20130731      -3019      -8644
20130830          0      -8644
20130930       2731      -5912
20131031      -1469      -7381
20131129        669      -6712
20131231       1275      -5437       2944
20140131      -2344      -7781
20140228       -212      -7994
20140331      -1106      -9100
20140430        419      -8681
20140530       -700      -9381
20140630        712      -8669
20140731       -425      -9094
20140829        412      -8681
20140930       2238      -6444
20141031       1287      -5156
20141128       2300      -2856
20141231        238      -2619       2819
20150130       3231        613
20150227      -1219       -606
20150331        713        106
20150430       -869       -762
20150529      -1787      -2550
20150630       -544      -3094
20150731      -1219      -4312
20150831          0      -4312
20150930        137      -4175
20151030      -1662      -5837
20151130        250      -5587
20151231         88      -5500      -2881
20160129       3075      -2425
20160229       -275      -2700
20160331      -2438      -5137
20160429          0      -5137
20160531          0      -5137
20160630      -1006      -6144
20160729          6      -6137
20160831        175      -5962
20160930          0      -5962
20161031       3575      -2387
20161130       -581      -2969
20161230          0      -2969       2531
20170131      -2406      -5375
20170228          0      -5375
20170331          0      -5375
20170428       1050      -4325
20170531       -675      -5000
20170630          0      -5000
20170731        756      -4244
20170831      -1556      -5800
20170929        712      -5087
20171031      -1187      -6275
20171130          0      -6275
20171229          0      -6275      -3306
20180131       2856      -3419
20180228      -2150      -5569
20180329          0      -5569
20180430          0      -5569
20180531       1288      -4281
20180629        756      -3525
20180731      -1169      -4694
20180831       1250      -3444
20180928          0      -3444
20181031       -419      -3862
20181130      -2144      -6006
20181231        -63      -6069        206
20190131      -2025      -8094
20190228        -75      -8169
20190329      -4131     -12300
20190430          0     -12300
20190531        762     -11537
20190628       -788     -12325
20190731       2294     -10031
20190830       -281     -10312
20190930      -1806     -12119
20191031        519     -11600
20191129       -925     -12525
20191231       -387     -12912      -6844
20200131          0     -12912
20200228        131     -12781
20200331         69     -12712
20200430       -319     -13031
20200529          0     -13031
20200630          0     -13031
20200731       1800     -11231
20200831       1694      -9537
20200930      -2025     -11562
20201030          0     -11562
20201130          0     -11562
20201231       -994     -12556        356
20210129        288     -12269
20210226       1506     -10762
20210331       -725     -11487
20210430          0     -11487
20210528          0     -11487
20210630      -1069     -12556
20210730      -1519     -14075
20210831          0     -14075
20210930        619     -13456
20211029      -1600     -15056
20211130        806     -14250
20211231       -569     -14819      -2262
20220131          0     -14819
20220228          0     -14819
20220331        187     -14631        187
-----------------------------------------
-----------------------------------------
Sys Name : TF-Covel_1R
Mkt Symb : TY Mkt Name : TenYr
Profit/Loss : 6565.07
Num Trades : 52
Percent Wins : 0.327
Avg Win  : 2246.37
Avg Loss : -1006.38
Avg Trade: 126.25
Max DrawDown: 19014.5
Avg DrawDown: 4419.15
AVG Monthly Return: 44.66037
Monthly StdDev: 1087.53798
-----------------------------------------
20100129          0          0
20100226          0          0
20100331          0          0
20100430        188        188
20100528       2781       2969
20100630       2672       5641
20100730       1266       6906
20100831       1250       8156
20100930        -31       8125
20101029          0       8125
20101130      -2672       5453
20101231       1172       6625       6625
20110131       -391       6235
20110228      -1656       4578
20110331          0       4578
20110429          0       4578
20110531       2156       6735
20110630       -172       6563
20110729        641       7203
20110831       4312      11516
20110930       1062      12578
20111031       -906      11672
20111130          0      11672
20111230        -94      11578       4953
20120131       -547      11032
20120229      -1703       9329
20120330      -1156       8172
20120430       -391       7782
20120531       2625      10407
20120629       -562       9844
20120731        953      10797
20120831          0      10797
20120928          0      10797
20121031          0      10797
20121130          0      10797
20121231      -1109       9688      -1890
20130131      -1500       8188
20130228       -656       7532
20130329          0       7532
20130430        453       7985
20130531       -609       7376
20130628       2016       9391
20130731       -531       8860
20130830      -1109       7751
20130930       -437       7313
20131031       -453       6860
20131129       -984       5876
20131231          0       5876      -3812
20140131          0       5876
20140228          0       5876
20140331          0       5876
20140430          0       5876
20140530       1078       6954
20140630      -1187       5767
20140731          0       5767
20140829        359       6126
20140930       -781       5345
20141031       -250       5095
20141128          0       5095
20141231          0       5095       -781
20150130        953       6048
20150227      -2156       3892
20150331          0       3892
20150430          0       3892
20150529          0       3892
20150630      -1375       2517
20150731          0       2517
20150831      -1703        814
20150930       -328        486
20151030      -1156       -671
20151130          0       -671
20151231          0       -671      -5765
20160129        156       -514
20160229       1297        783
20160331       -703         79
20160429          0         79
20160531          0         79
20160630      -1937      -1858
20160729      -2062      -3920
20160831          0      -3920
20160930          0      -3920
20161031         16      -3905
20161130       1750      -2155
20161230        234      -1920      -1250
20170131        -62      -1983
20170228          0      -1983
20170331          0      -1983
20170428        563      -1420
20170531       -578      -1998
20170630       -156      -2155
20170731          0      -2155
20170831        -16      -2170
20170929       -641      -2811
20171031       -422      -3233
20171130        656      -2576
20171229          0      -2576       -656
20180131       2469       -108
20180228        969        861
20180329       -687        174
20180430       -172          2
20180531       -109       -108
20180629          0       -108
20180731          0       -108
20180831          0       -108
20180928          0       -108
20181031       -141       -248
20181130          0       -248
20181231       1500       1252       3828
20190131       -641        611
20190228          0        611
20190329        625       1236
20190430       -969        268
20190531       1438       1705
20190628       1219       2924
20190731       -828       2096
20190830       2609       4705
20190930      -1203       3502
20191031          0       3502
20191129          0       3502
20191231       -391       3111       1860
20200131       -656       2455
20200228       2938       5393
20200331       -750       4643
20200430          0       4643
20200529          0       4643
20200630          0       4643
20200731        359       5002
20200831       -844       4158
20200930          0       4158
20201030        -16       4143
20201130      -1906       2237
20201231          0       2237       -875
20210129       -625       1612
20210226       2203       3815
20210331       1781       5596
20210430      -1266       4330
20210528          0       4330
20210630          0       4330
20210730       1234       5565
20210831       -609       4956
20210930          0       4956
20211029        125       5081
20211130      -2375       2706
20211231          0       2706        469
20220131        734       3440
20220228        531       3971
20220331       2594       6565       3859
-----------------------------------------
-----------------------------------------
Sys Name : TF-Covel_1R
Mkt Symb : FV Mkt Name : FiveYr
Profit/Loss : 7546.49
Num Trades : 56
Percent Wins : 0.304
Avg Win  : 1406.59
Avg Loss : -489.28
Avg Trade: 134.76
Max DrawDown: 11546.0
Avg DrawDown: 2207.53
AVG Monthly Return: 51.33666
Monthly StdDev: 647.68822
-----------------------------------------
20100129          0          0
20100226          0          0
20100331          0          0
20100430          0          0
20100528       1329       1329
20100630       1680       3008
20100730       1477       4485
20100831        352       4837
20100930        391       5228
20101029        313       5542
20101130      -1132       4410
20101231        376       4786       4786
20110131       -234       4552
20110228      -1124       3428
20110331          0       3428
20110429          0       3428
20110531       1477       4905
20110630         55       4961
20110729        477       5438
20110831       2031       7469
20110930       -218       7251
20111031          0       7251
20111130          0       7251
20111230       -467       6784       1998
20120131        641       7425
20120229       -742       6683
20120330       -398       6285
20120430       -249       6036
20120531        391       6427
20120629       -546       5881
20120731       -257       5624
20120831          1       5625
20120928       -796       4830
20121031       -312       4518
20121130         79       4596
20121231       -398       4199      -2585
20130131       -187       4012
20130228       -351       3661
20130329          0       3661
20130430        212       3872
20130531       -194       3678
20130628       1367       5045
20130731       -304       4741
20130830       -749       3992
20130930       -226       3766
20131031         16       3782
20131129       -421       3361
20131231          0       3361       -837
20140131          0       3361
20140228          0       3361
20140331       -889       2472
20140430          0       2472
20140530        149       2621
20140630       -601       2020
20140731          0       2020
20140829       -320       1700
20140930      -1038        662
20141031       -248        414
20141128          0        414
20141231          0        414      -2947
20150130        360        774
20150227      -1140       -366
20150331          0       -366
20150430       -819      -1185
20150529          0      -1185
20150630          0      -1185
20150731          0      -1185
20150831       -507      -1692
20150930        -85      -1777
20151030       -514      -2292
20151130          0      -2292
20151231          0      -2292      -2706
20160129          0      -2292
20160229        219      -2072
20160331       -242      -2314
20160429          0      -2314
20160531          0      -2314
20160630        196      -2118
20160729       -632      -2750
20160831          0      -2750
20160930          0      -2750
20161031       -187      -2937
20161130       1751      -1186
20161230        180      -1006       1286
20170131        -31      -1037
20170228          0      -1037
20170331          0      -1037
20170428        243       -794
20170531       -475      -1269
20170630       -202      -1472
20170731          0      -1472
20170831         -7      -1479
20170929       -359      -1837
20171031        -54      -1892
20171130        656      -1235
20171229        180      -1056        -50
20180131       1453        398
20180228       -538       -140
20180329       -367       -507
20180430         79       -428
20180531        -54       -482
20180629          0       -482
20180731          0       -482
20180831          0       -482
20180928       -195       -677
20181031         94       -582
20181130          0       -582
20181231       1094        512       1568
20190131       -484         28
20190228          0         28
20190329        282        310
20190430       -523       -213
20190531        712        499
20190628        789       1288
20190731       -617        671
20190830       1118       1789
20190930       -710       1079
20191031          0       1079
20191129          0       1079
20191231       -367        712        200
20200131       -249        463
20200228       1782       2245
20200331       2609       4854
20200430        125       4979
20200529        312       5292
20200630       -436       4855
20200731        383       5238
20200831       -429       4809
20200930          0       4809
20201030          0       4809
20201130       -693       4116
20201231          0       4116       3404
20210129       -546       3571
20210226       1008       4579
20210331        570       5150
20210430       -648       4502
20210528          0       4502
20210630          0       4502
20210730         94       4596
20210831       -374       4222
20210930          0       4222
20211029        626       4847
20211130      -1279       3568
20211231          0       3568       -548
20220131       1040       4608
20220228        712       5319
20220331       2227       7546       3978
-----------------------------------------
-----------------------------------------
Sys Name : TF-Covel_1R
Mkt Symb : US Mkt Name : 30YrBnd
Profit/Loss : 62152.0
Num Trades : 43
Percent Wins : 0.535
Avg Win  : 4249.9
Avg Loss : -1975.43
Avg Trade: 1445.4
Max DrawDown: 25531.55
Avg DrawDown: 7995.01
AVG Monthly Return: 422.80272
Monthly StdDev: 2530.89618
-----------------------------------------
20100129          0          0
20100226          0          0
20100331          0          0
20100430        656        656
20100528       4094       4750
20100630       4844       9594
20100730       1219      10812
20100831       7687      18500
20100930      -3656      14844
20101029          0      14844
20101130          0      14844
20101231       1812      16656      16656
20110131       1500      18156
20110228        -94      18062
20110331          0      18062
20110429          0      18062
20110531       2406      20468
20110630      -1156      19312
20110729       1062      20375
20110831       9156      29531
20110930       6594      36125
20111031      -2844      33281
20111130          0      33281
20111230          0      33281      16625
20120131          0      33281
20120229          0      33281
20120330        250      33531
20120430      -1438      32093
20120531       6219      38312
20120629      -1750      36562
20120731       2219      38781
20120831          0      38781
20120928          0      38781
20121031          0      38781
20121130          0      38781
20121231          0      38781       5500
20130131         31      38812
20130228       -781      38031
20130329      -3375      34655
20130430       -281      34374
20130531      -1656      32718
20130628       4188      36905
20130731       1781      38687
20130830        750      39437
20130930        -63      39374
20131031          0      39374
20131129          0      39374
20131231          0      39374        593
20140131          0      39374
20140228        250      39624
20140331      -3063      36561
20140430      -1094      35467
20140530       3281      38749
20140630      -2250      36499
20140731      -1844      34655
20140829       2406      37061
20140930      -2219      34842
20141031         62      34905
20141128          0      34905
20141231          0      34905      -4469
20150130       4656      39561
20150227      -3938      35623
20150331          0      35623
20150430          0      35623
20150529      -2188      33436
20150630      -1281      32154
20150731      -1375      30779
20150831          0      30779
20150930          0      30779
20151030          0      30779
20151130          0      30779
20151231          0      30779      -4125
20160129       1750      32529
20160229       4844      37373
20160331      -1969      35404
20160429          0      35404
20160531          0      35404
20160630       4219      39623
20160729      -1344      38279
20160831          0      38279
20160930          0      38279
20161031        906      39185
20161130      10094      49279
20161230       1094      50373      19593
20170131          0      50373
20170228          0      50373
20170331      -4125      46248
20170428        219      46466
20170531      -1344      45123
20170630       -563      44560
20170731       -156      44404
20170831         31      44435
20170929      -1438      42997
20171031          0      42997
20171130          0      42997
20171229          0      42997      -7375
20180131       1375      44372
20180228       3375      47747
20180329       -875      46872
20180430          0      46872
20180531      -2313      44560
20180629          0      44560
20180731      -1813      42747
20180831          0      42747
20180928          0      42747
20181031        500      43247
20181130          0      43247
20181231       1437      44684       1687
20190131      -1281      43403
20190228          0      43403
20190329       1406      44809
20190430      -2656      42153
20190531       3656      45809
20190628       1875      47684
20190731      -1156      46528
20190830       8937      55465
20190930      -3125      52340
20191031          0      52340
20191129          0      52340
20191231          0      52340       7656
20200131          0      52340
20200228       7062      59403
20200331      -2781      56622
20200430          0      56622
20200529          0      56622
20200630          0      56622
20200731        750      57371
20200831      -2375      54996
20200930          0      54996
20201030        750      55746
20201130      -6188      49559
20201231       1719      51278      -1063
20210129       2875      54152
20210226       6531      60684
20210331       4625      65309
20210430      -2688      62621
20210528          0      62621
20210630          0      62621
20210730       1625      64246
20210831      -1469      62777
20210930          0      62777
20211029          0      62777
20211130          0      62777
20211231      -3594      59183       7906
20220131       -125      59058
20220228       1156      60215
20220331       1937      62152       2969
-----------------------------------------
-----------------------------------------
Sys Name : TF-Covel_1R
Mkt Symb : ES Mkt Name : MiniES
Profit/Loss : 20350.0
Num Trades : 64
Percent Wins : 0.516
Avg Win  : 3249.62
Avg Loss : -2802.82
Avg Trade: 317.97
Max DrawDown: 29787.5
Avg DrawDown: 9855.21
AVG Monthly Return: 138.43537
Monthly StdDev: 3644.70644
-----------------------------------------
20100129       -950       -950
20100226          0       -950
20100331       1138        188
20100430        912       1100
20100528       -312        788
20100630        375       1162
20100730      -3475      -2312
20100831          0      -2312
20100930       -188      -2500
20101029       2150       -350
20101130       -325       -675
20101231       1650        975        975
20110131       1475       2450
20110228        738       3188
20110331          0       3188
20110429       1075       4262
20110531      -1738       2525
20110630          0       2525
20110729          0       2525
20110831       2250       4775
20110930          0       4775
20111031      -5075       -300
20111130          0       -300
20111230          0       -300      -1275
20120131        938        638
20120229       2812       3450
20120330       2225       5675
20120430      -1400       4275
20120531          0       4275
20120629      -2362       1912
20120731          0       1912
20120831        -88       1825
20120928        312       2138
20121031       -525       1612
20121130          0       1612
20121231          0       1612       1912
20130131       1562       3175
20130228         50       3225
20130328       1762       4988
20130430      -1538       3450
20130531       1838       5288
20130628       -150       5138
20130731         25       5162
20130830       -575       4588
20130930      -1475       3112
20131031       1350       4462
20131129       2650       7112
20131231        400       7512       5900
20140131      -1200       6312
20140228        538       6850
20140331        700       7550
20140430      -1538       6012
20140530       1450       7462
20140630       1912       9375
20140731       -188       9188
20140829        775       9962
20140930      -2662       7300
20141031      -3625       3675
20141128       2738       6412
20141231      -2488       3925      -3588
20150130      -3425        500
20150227        688       1188
20150331      -1038        150
20150430      -1575      -1425
20150529      -1438      -2862
20150630       -512      -3375
20150731      -1312      -4688
20150831       1162      -3525
20150930      -1100      -4625
20151030          0      -4625
20151130          0      -4625
20151231          0      -4625      -8550
20160129      -3825      -8450
20160229       -138      -8588
20160331          0      -8588
20160429       -862      -9450
20160531       -675     -10125
20160630      -1562     -11688
20160729       2862      -8825
20160831      -1362     -10188
20160930          0     -10188
20161031          0     -10188
20161130        675      -9512
20161230       2438      -7075      -2450
20170131         62      -7012
20170228       4412      -2600
20170331       -450      -3050
20170428          0      -3050
20170531      -1025      -4075
20170630        362      -3712
20170731        812      -2900
20170831       -562      -3462
20170929       1450      -2012
20171031       2838        825
20171130       2175       3000
20171229       1262       4262      11338
20180131       7488      11750
20180228     -14238      -2488
20180329          0      -2488
20180430          0      -2488
20180531          0      -2488
20180629          0      -2488
20180731        288      -2200
20180831       4250       2050
20180928        600       2650
20181031      -1988        662
20181130      -4488      -3825
20181231       5075       1250      -3012
20190131      -4350      -3100
20190228          0      -3100
20190329        550      -2550
20190430       5538       2988
20190531      -2688        300
20190628       -812       -512
20190731       1562       1050
20190830          0       1050
20190930          0       1050
20191031        125       1175
20191129       5400       6575
20191231        350       6925       5675
20200131         88       7012
20200228      -4250       2762
20200331      18500      21262
20200430      -3000      18262
20200529          0      18262
20200630          0      18262
20200731       2125      20388
20200831      11775      32162
20200930      -7400      24762
20201030          0      24762
20201130       -588      24175
20201231       6412      30588      23662
20210129       -375      30212
20210226      -2750      27462
20210331       1438      28900
20210430      10525      39425
20210528      -2975      36450
20210630      -1738      34712
20210730       -850      33862
20210831        962      34825
20210930      -3212      31612
20211029       3275      34888
20211130       1225      36112
20211231       1225      37338       6750
20220131     -21488      15850
20220228       6812      22662
20220331      -2312      20350     -16988
-----------------------------------------
-----------------------------------------
Sys Name : TF-Covel_1R
Mkt Symb : NQ Mkt Name : MiniNQ
Profit/Loss : 24460.0
Num Trades : 80
Percent Wins : 0.425
Avg Win  : 5407.94
Avg Loss : -3465.43
Avg Trade: 305.75
Max DrawDown: 59635.0
Avg DrawDown: 16200.0
AVG Monthly Return: 144.73373
Monthly StdDev: 5387.00465
-----------------------------------------
20100430        550        550
20100528       2930       3480
20100630      -1055       2425
20100730      -2765       -340
20100831          0       -340
20100930        360         20
20101029       2530       2550
20101130       -260       2290
20101231        385       2675       2675
20110131        890       3565
20110228      -1025       2540
20110331          0       2540
20110429         -5       2535
20110531       -750       1785
20110630      -1645        140
20110729      -1305      -1165
20110831      -1710      -2875
20110930          0      -2875
20111031          0      -2875
20111130          0      -2875
20111230          0      -2875      -5550
20120131       1180      -1695
20120229       3175       1480
20120330       2665       4145
20120430       -805       3340
20120531          0       3340
20120629          0       3340
20120731          0       3340
20120831        475       3815
20120928         80       3895
20121031          0       3895
20121130      -2985        910
20121231          0        910       3785
20130131          0        910
20130228      -1465       -555
20130329        570         15
20130430      -2415      -2400
20130531       2005       -395
20130628       -385       -780
20130731        695        -85
20130830       -335       -420
20130930       1350        930
20131031       1730       2660
20131129        770       3430
20131231        210       3640       2730
20140131      -3620         20
20140228       1195       1215
20140331      -1170         45
20140430      -3370      -3325
20140530       -870      -4195
20140630       2235      -1960
20140731        885      -1075
20140829       1190        115
20140930      -2655      -2540
20141031      -5590      -8130
20141128       3755      -4375
20141231      -2435      -6810     -10450
20150130          0      -6810
20150227       1980      -4830
20150331      -1335      -6165
20150430      -1380      -7545
20150529      -1340      -8885
20150630      -3260     -12145
20150731        590     -11555
20150831       -855     -12410
20150930      -1960     -14370
20151030       -690     -15060
20151130      -1015     -16075
20151231      -3025     -19100     -12290
20160129      -4575     -23675
20160229        575     -23100
20160331          0     -23100
20160429          0     -23100
20160531          0     -23100
20160630          0     -23100
20160729       3000     -20100
20160831        805     -19295
20160930      -1055     -20350
20161031      -3495     -23845
20161130       -850     -24695
20161230      -1340     -26035      -6935
20170131       2360     -23675
20170228       4390     -19285
20170331        -30     -19315
20170428       2840     -16475
20170531       1170     -15305
20170630      -2640     -17945
20170731       -505     -18450
20170831       -865     -19315
20170929      -1745     -21060
20171031       2535     -18525
20171130       2385     -16140
20171229        420     -15720      10315
20180131      11075      -4645
20180228      -4360      -9005
20180329      -6105     -15110
20180430          0     -15110
20180531          0     -15110
20180629      -2750     -17860
20180731      -3090     -20950
20180831       2620     -18330
20180928       -680     -19010
20181031      -4500     -23510
20181130     -12380     -35890
20181231        990     -34900     -19180
20190131      -5540     -40440
20190228          0     -40440
20190329       2335     -38105
20190430       7990     -30115
20190531      -2800     -32915
20190628          0     -32915
20190731      -1815     -34730
20190830          0     -34730
20190930          0     -34730
20191031        345     -34385
20191129       6545     -27840
20191231       1345     -26495       8405
20200131       4910     -21585
20200228       1500     -20085
20200331       4940     -15145
20200430      -4180     -19325
20200529          0     -19325
20200630       8190     -11135
20200731       4225      -6910
20200831      21105      14195
20200930     -17855      -3660
20201030          0      -3660
20201130          0      -3660
20201231       8675       5015      31510
20210129        515       5530
20210226       6380      11910
20210331          0      11910
20210430       -810      11100
20210528      -2995       8105
20210630       9905      18010
20210730      -2420      15590
20210831       5300      20890
20210930      -5320      15570
20211029       2770      18340
20211130       6240      24580
20211231      -3495      21085      16070
20220131     -10670      10415
20220228      13540      23955
20220331      -3265      20690
20220429       1805      22495
20220531       5155      27650
20220630       -165      27485
20220729     -13635      13850
20220831          0      13850
20220930       2160      16010
20221031     -13890       2120
20221130          0       2120
20221230          0       2120     -18965
20230131          0       2120
20230228      -4985      -2865
20230331       4460       1595
20230428      -7530      -5935
20230531      19030      13095
20230630      17140      30235
20230731      10410      40645
20230831      -7480      33165
20230929          0      33165
20231031       1910      35075
20231130     -18730      16345
20231229      16550      32895      30775
20240131      -7420      25475
20240229      16810      42285
20240328      -9385      32900
20240416      -8440      24460      -8435
-----------------------------------------
-----------------------------------------
Sys Name : TF-Covel_1R
Mkt Symb : EM Mkt Name : MiniDow
Profit/Loss : -708090.0
Num Trades : 56
Percent Wins : 0.393
Avg Win  : 73716.36
Avg Loss : -68525.0
Avg Trade: -12644.46
Max DrawDown: 1456710.0
Avg DrawDown: 305926.0
AVG Monthly Return: -5851.98347
Monthly StdDev: 71773.96978
-----------------------------------------
20140530     -24510     -24510
20140630          0     -24510
20140731          0     -24510
20140829     -58720     -83230
20140930     -10610     -93840
20141031     -90940    -184780
20141128      50100    -134680
20141231     -41320    -176000    -176000
20150130     -57610    -233610
20150227       7590    -226020
20150331     -27410    -253430
20150430          0    -253430
20150529     -18510    -271940
20150630      -5810    -277750
20150731     -87230    -364980
20150831     110600    -254380
20150930     -18010    -272390
20151030          0    -272390
20151130          0    -272390
20151231          0    -272390     -96390
20160129     -63810    -336200
20160229      -7010    -343210
20160331          0    -343210
20160429      -3710    -346920
20160531     -12510    -359430
20160630    -124930    -484360
20160729      33690    -450670
20160831     -24430    -475100
20160930          0    -475100
20161031          0    -475100
20161130    -151650    -626750
20161230      61790    -564960    -292570
20170131     -14110    -579070
20170228     101500    -477570
20170331      -2010    -479580
20170428          0    -479580
20170531          0    -479580
20170630       6780    -472800
20170731      34790    -438010
20170831      -9310    -447320
20170929      25090    -422230
20171031      97900    -324330
20171130      65180    -259150
20171229      44800    -214350     350610
20180131     140100     -74250
20180228     -45410    -119660
20180329          0    -119660
20180430          0    -119660
20180531          0    -119660
20180629          0    -119660
20180731      -2310    -121970
20180831       1880    -120090
20180928      46600     -73490
20181031     -21110     -94600
20181130          0     -94600
20181231      83290     -11310     203040
20190131     -69810     -81120
20190228          0     -81120
20190329          0     -81120
20190430      31090     -50030
20190531     -43610     -93640
20190628     -10210    -103850
20190731      44690     -59160
20190830          0     -59160
20190930          0     -59160
20191031          0     -59160
20191129      69290      10130
20191231     -23320     -13190      -1880
20200131     -75130     -88320
20200228      14370     -73950
20200331     347900     273950
20200430     -79410     194540
20200529          0     194540
20200630          0     194540
20200731          0     194540
20200831      92090     286630
20200930    -104000     182630
20201030          0     182630
20201130      56990     239620
20201231      12380     252000     265190
20210129      -4010     247990
20210226     -13820     234170
20210331      97790     331960
20210430      86900     418860
20210528     -15910     402950
20210630          0     402950
20210730    -103230     299720
20210831     -23010     276710
20210930          0     276710
20211029      27290     304000
20211130      -2110     301890
20211231     -13310     288580      36580
20220131    -240620      47960
20220228    -140220     -92260
20220331     -30310    -122570
20220429          0    -122570
20220531     -62720    -185290
20220630     -22110    -207400
20220729     -83310    -290710
20220831          0    -290710
20220930      93090    -197620
20221031    -171210    -368830
20221130      25990    -342840
20221230    -242130    -584970    -873550
20230131          0    -584970
20230228          0    -584970
20230331     -76920    -661890
20230428          0    -661890
20230531          0    -661890
20230630          0    -661890
20230731      80690    -581200
20230831     -57810    -639010
20230929          0    -639010
20231031    -102930    -741940
20231130    -109710    -851650
20231229     147990    -703660    -118690
20240131     -37520    -741180
20240229      76300    -664880
20240328      69600    -595280
20240430    -112810    -708090
20240503          0    -708090      -4430
-----------------------------------------
