Date,EC,JY,BP,TY,FV,US,
20100104,1,1,0,1,1,1,97591.0
20100105,1,1,1,1,1,1,94927.0
20100106,1,1,1,1,1,1,96150.0
20100107,1,1,1,1,1,1,99672.0
20100108,1,1,1,1,1,1,96167.0
20100111,1,1,1,1,1,1,93831.0
20100112,1,1,1,1,1,1,89420.0
20100113,1,1,1,1,1,1,90494.0
20100114,1,1,1,1,1,1,88489.0
20100115,1,1,1,0,0,1,88476.0
20100119,1,1,0,0,0,1,89694.0
20100120,1,1,0,0,0,1,91244.0
20100121,1,0,0,0,0,0,89769.0
20100122,1,0,0,0,0,0,89094.0
20100125,1,0,0,0,0,0,88881.0
20100126,1,0,0,0,0,0,89894.0
20100127,1,0,0,0,0,0,90494.0
20100128,1,0,0,0,0,0,91131.0
20100129,1,0,1,0,1,0,92399.0
20100201,1,0,1,0,1,0,91465.0
20100202,1,0,1,0,1,0,91049.0
20100203,1,0,1,0,1,0,92252.0
20100204,1,0,1,0,1,0,95709.0
20100205,1,0,1,1,1,0,97377.0
20100208,1,0,1,1,1,0,97660.0
20100209,1,0,1,1,1,0,94461.0
20100210,1,0,1,1,1,0,95436.0
20100211,1,0,1,0,1,0,94908.0
20100212,1,0,1,0,1,0,96117.0
20100216,1,0,1,0,1,0,93734.0
20100217,1,0,1,0,1,0,96140.0
20100218,1,0,1,0,0,0,97592.0
20100219,1,0,1,0,0,0,96848.0
20100222,1,0,1,0,0,0,96929.0
20100223,1,0,1,0,0,0,98423.0
20100224,1,0,1,0,0,0,98123.0
20100225,1,0,1,0,1,0,98882.0
20100226,1,0,1,1,1,0,98445.0
20100301,1,0,1,1,1,0,100749.0
20100302,1,0,1,1,1,0,100264.0
20100303,1,1,1,1,1,0,98319.0
20100304,1,1,1,1,1,0,99267.0
20100305,1,0,1,1,1,0,95139.0
20100308,1,0,1,1,1,0,95267.0
20100309,1,0,1,1,1,0,96349.0
20100310,1,0,1,1,1,0,95306.0
20100311,1,0,1,1,1,0,94292.0
20100312,1,0,1,1,1,0,92270.0
20100315,1,0,1,1,1,0,94442.0
20100316,1,0,1,1,1,0,93031.0
20100317,1,0,1,1,1,1,92589.0
20100318,1,0,1,1,1,1,94003.0
20100319,1,0,1,1,1,1,96335.0
20100322,1,0,1,1,1,1,95982.0
20100323,1,0,1,1,1,1,96828.0
20100324,1,0,1,0,0,0,97042.0
20100325,1,1,1,0,0,0,98217.0
20100326,1,1,1,0,0,0,95623.0
20100329,1,1,1,0,0,0,94098.0
20100330,1,1,1,0,0,0,94854.0
20100331,1,1,1,0,0,0,93917.0
20100401,1,1,1,0,1,0,92787.0
20100402,1,1,1,0,1,0,92787.0
20100405,1,1,1,1,1,1,95351.0
20100406,1,1,1,1,1,1,95518.0
20100407,1,1,1,1,1,1,93060.0
20100408,1,1,1,1,1,1,93130.0
20100409,1,1,1,1,1,1,90102.0
20100412,1,1,1,1,1,1,88079.0
20100413,1,1,1,0,1,0,86892.0
20100414,1,1,0,0,1,0,86093.0
20100415,1,1,0,0,1,0,86651.0
20100416,1,1,0,0,0,0,86067.0
20100419,1,1,0,0,0,0,86442.0
20100420,1,1,0,0,0,0,88417.0
20100421,1,1,0,0,0,0,88892.0
20100422,1,1,0,0,0,0,90504.0
20100423,1,1,0,0,0,0,89954.0
20100426,1,1,0,0,0,0,90142.0
20100427,1,1,0,1,0,1,91640.0
20100428,1,1,0,1,0,1,90627.0
20100429,1,1,0,1,0,1,91565.0
20100430,1,1,0,1,0,1,91940.0
20100503,1,1,0,1,0,1,93449.0
20100504,1,1,0,1,1,1,97828.0
20100505,1,1,0,1,1,1,100419.0
20100506,1,1,1,1,1,1,95417.0
20100507,1,0,1,1,1,1,92558.0
20100510,1,0,1,1,1,1,89822.0
20100511,1,0,1,1,1,1,90537.0
20100512,1,0,1,1,1,1,91426.0
20100513,1,0,1,1,1,1,94020.0
20100514,1,0,1,1,1,1,99647.0
20100517,1,0,1,1,1,1,98687.0
20100518,1,0,1,1,1,1,104323.0
20100519,1,0,1,1,1,1,100958.0
20100520,1,1,1,1,1,1,103347.0
20100521,1,1,1,1,1,1,102609.0
20100524,1,1,1,1,1,1,104037.0
20100525,1,1,1,1,1,1,106442.0
20100526,1,1,1,1,1,1,107114.0
20100527,1,1,1,1,1,1,98983.0
20100528,1,1,1,1,1,1,102119.0
20100601,1,1,1,1,1,1,101525.0
20100602,1,0,1,1,1,1,98451.0
20100603,1,0,1,1,1,1,99045.0
20100604,1,0,1,1,1,1,107203.0
20100607,1,0,1,1,1,1,107731.0
20100608,1,0,1,1,1,1,108309.0
20100609,1,0,1,1,1,1,106736.0
20100610,1,0,1,1,1,1,100414.0
20100611,1,0,1,1,1,1,104514.0
20100614,1,0,1,1,1,1,100370.0
20100615,1,0,1,1,1,1,97492.0
20100616,1,0,1,1,1,1,98959.0
20100617,1,0,1,1,1,1,99772.0
20100618,1,0,1,1,1,1,98841.0
20100621,1,0,0,1,1,1,98692.0
20100622,1,0,0,1,1,1,101330.0
20100623,1,1,0,1,1,1,102556.0
20100624,1,1,0,1,1,1,102392.0
20100625,1,1,0,1,1,1,102886.0
20100628,1,1,0,1,1,1,105919.0
20100629,1,1,0,1,1,1,109514.0
20100630,1,1,0,1,1,1,109651.0
20100701,1,1,0,1,1,1,108044.0
20100702,1,1,0,1,1,1,106133.0
20100706,1,1,0,1,1,1,107239.0
20100707,0,1,0,1,1,1,105501.0
20100708,0,1,0,1,1,1,103525.0
20100709,0,1,0,1,1,1,102192.0
20100712,0,1,0,1,1,1,102584.0
20100713,0,1,0,1,1,1,100714.0
20100714,0,1,1,1,1,1,103386.0
20100715,1,1,1,1,1,1,108739.0
20100716,1,1,1,1,1,1,109759.0
20100719,1,1,1,1,1,1,108644.0
20100720,1,1,1,1,1,1,107525.0
20100721,1,1,1,1,1,1,107439.0
20100722,1,1,1,1,1,1,108591.0
20100723,1,1,1,1,1,1,107320.0
20100726,1,1,1,1,1,1,109881.0
20100727,1,1,1,1,1,1,107305.0
20100728,1,1,1,1,1,1,109508.0
20100729,1,1,1,1,1,1,112291.0
20100730,1,1,1,1,1,1,115981.0
20100802,1,1,1,1,1,1,117086.0
20100803,1,1,1,1,1,1,121033.0
20100804,1,1,1,1,1,1,117867.0
20100805,1,1,1,1,1,1,119930.0
20100806,1,1,1,1,1,1,124055.0
20100809,1,1,1,1,1,1,121866.0
20100810,1,1,1,1,1,1,122984.0
20100811,1,1,1,1,1,1,120456.0
20100812,1,1,1,1,1,1,118006.0
20100813,1,1,1,1,1,1,117722.0
20100816,1,1,1,1,1,1,123386.0
20100817,1,1,1,1,1,1,121542.0
20100818,1,1,1,1,1,1,121669.0
20100819,1,1,1,1,1,1,122953.0
20100820,1,1,1,1,1,1,119783.0
20100823,1,1,1,1,1,1,120156.0
20100824,0,1,1,1,1,1,123901.0
20100825,0,1,1,1,1,1,121905.0
20100826,0,1,1,1,1,1,123753.0
20100827,0,1,1,1,1,1,118392.0
20100830,0,1,1,1,1,1,122350.0
20100831,0,1,1,1,1,1,123942.0
20100901,0,1,1,1,1,1,121141.0
20100902,0,1,1,1,1,1,120122.0
20100903,0,1,1,1,1,1,118583.0
20100907,0,1,0,1,1,1,121283.0
20100908,0,1,0,1,1,1,119814.0
20100909,0,1,0,1,1,1,116939.0
20100910,0,1,0,1,1,1,115516.0
20100913,0,1,0,1,1,1,117837.0
20100914,0,1,0,1,1,1,120817.0
20100915,0,1,0,1,1,1,114873.0
20100916,1,1,0,1,1,1,113801.0
20100917,1,1,1,1,1,1,113376.0
20100920,1,1,1,1,1,1,114131.0
20100921,1,1,1,1,1,1,121092.0
20100922,1,1,1,1,1,1,124897.0
20100923,1,1,1,1,1,1,124220.0
20100924,1,1,1,1,1,1,126070.0
20100927,1,1,1,1,1,1,128194.0
20100928,1,1,1,1,1,1,132045.0
20100929,1,1,1,1,1,1,131705.0
20100930,1,1,1,1,1,1,131680.0
20101001,1,1,1,1,1,1,134506.0
20101004,1,1,1,1,1,1,134147.0
20101005,1,1,1,1,1,1,136756.0
20101006,1,1,1,1,1,1,140181.0
20101007,1,1,1,1,1,1,140722.0
20101008,1,1,1,1,1,1,142053.0
20101011,1,1,1,1,1,1,141237.0
20101012,1,1,1,1,1,1,140853.0
20101013,1,1,1,1,1,1,141651.0
20101014,1,1,1,1,1,1,142672.0
20101015,1,1,1,1,1,0,139354.0
20101018,1,1,1,1,1,0,139562.0
20101019,1,1,1,1,1,0,135506.0
20101020,1,1,0,1,1,0,139170.0
20101021,1,1,0,1,1,0,137664.0
20101022,1,1,0,1,1,0,137675.0
20101025,1,1,0,1,1,0,138789.0
20101026,1,1,0,1,1,0,135193.0
20101027,1,1,0,0,1,0,132800.0
20101028,1,1,1,0,1,0,136406.0
20101029,1,1,1,0,1,0,138742.0
20101101,1,1,1,0,1,0,137890.0
20101102,1,1,1,0,1,0,139525.0
20101103,1,1,1,1,1,0,139898.0
20101104,1,1,1,1,1,0,144065.0
20101105,1,1,1,1,1,0,139712.0
20101108,1,1,1,1,1,0,138035.0
20101109,1,1,1,1,1,1,133254.0
20101110,1,1,1,1,0,1,132932.0
20101111,1,1,1,1,0,1,130941.0
20101112,1,1,1,0,0,1,131190.0
20101115,1,0,1,0,0,1,130340.0
20101116,0,0,1,0,0,1,126228.0
20101117,0,0,1,0,0,1,127015.0
20101118,0,0,1,1,1,1,127762.0
20101119,0,0,1,1,1,1,126736.0
20101122,0,0,1,1,1,1,124822.0
20101123,0,0,0,0,0,1,122121.0
20101124,0,0,0,1,0,1,124120.0
20101126,1,0,0,1,0,1,122707.0
20101129,1,1,0,1,1,1,125651.0
20101130,1,1,1,1,1,1,121926.0
20101201,1,1,1,1,1,1,124985.0
20101202,1,1,1,1,1,1,124502.0
20101203,1,0,1,1,1,1,118652.0
20101206,1,0,1,1,1,1,118015.0
20101207,1,0,0,1,1,1,123701.0
20101208,1,0,0,1,1,1,125438.0
20101209,1,0,0,1,1,1,125647.0
20101210,1,0,0,1,1,1,127110.0
20101213,1,1,0,1,1,1,122397.0
20101214,1,1,0,1,1,1,127421.0
20101215,1,1,1,1,1,1,131593.0
20101216,1,1,1,1,1,1,129108.0
20101217,1,1,1,1,1,1,127193.0
20101220,1,1,1,1,1,1,128405.0
20101221,1,1,1,1,1,1,128465.0
20101222,1,1,1,1,1,1,129519.0
20101223,1,1,1,1,1,1,128880.0
20101227,1,1,1,1,1,1,126782.0
20101228,1,0,1,1,1,1,130546.0
20101229,1,0,1,1,1,1,124363.0
20101230,1,0,1,1,1,1,124858.0
20101231,1,1,1,1,1,1,120524.0
20110103,1,1,1,1,1,1,121096.0
20110104,1,1,1,1,1,1,120593.0
20110105,1,0,1,1,1,1,125849.0
20110106,1,0,1,1,1,1,126457.0
20110107,1,0,1,1,1,1,124779.0
20110110,1,0,1,1,1,1,123513.0
20110111,1,0,1,1,1,1,123755.0
20110112,1,0,0,1,1,1,120971.0
20110113,1,0,0,1,1,1,116541.0
20110114,0,0,0,1,1,1,116311.0
20110118,0,0,1,1,1,1,116541.0
20110119,0,0,1,1,1,1,115883.0
20110120,0,0,1,1,1,1,118333.0
20110121,0,0,1,1,1,1,117836.0
20110124,0,0,1,1,1,1,117447.0
20110125,0,0,0,1,1,1,113516.0
20110126,0,0,0,1,1,1,116118.0
20110127,1,0,0,1,1,1,114694.0
20110128,1,0,0,1,0,1,111619.0
20110131,1,0,0,1,0,1,113791.0
20110201,1,1,1,1,0,1,117147.0
20110202,1,1,1,1,0,1,117591.0
20110203,1,1,1,1,0,1,115781.0
20110204,1,1,1,1,1,1,116323.0
20110207,1,1,1,1,1,1,115748.0
20110208,1,1,1,1,1,1,117881.0
20110209,1,1,1,1,1,1,117510.0
20110210,1,0,1,1,1,1,116541.0
20110211,1,0,1,1,1,1,113896.0
20110214,1,0,1,1,1,1,112590.0
20110215,1,0,1,1,1,1,112935.0
20110216,1,0,1,1,1,1,113963.0
20110217,1,0,1,1,1,1,113699.0
20110218,1,0,1,1,1,1,115254.0
20110222,1,0,1,1,1,0,110519.0
20110223,1,0,1,1,0,0,112349.0
20110224,1,0,1,0,0,0,112185.0
20110225,1,0,1,0,0,0,111129.0
20110228,1,0,1,0,0,0,112829.0
20110301,1,0,1,0,0,0,112529.0
20110302,1,0,1,0,0,0,114060.0
20110303,1,0,1,0,0,0,114916.0
20110304,1,0,1,0,0,0,115204.0
20110307,1,0,1,0,0,0,114522.0
20110308,1,0,1,0,0,0,113460.0
20110309,1,0,1,0,0,0,113710.0
20110310,1,0,1,0,0,0,111472.0
20110311,1,0,1,0,1,0,112626.0
20110314,1,1,1,1,1,0,114125.0
20110315,1,1,1,1,1,1,115166.0
20110316,1,1,1,1,1,1,117581.0
20110317,1,1,1,1,1,1,120583.0
20110318,1,1,1,1,1,1,118608.0
20110321,1,1,1,1,1,1,118787.0
20110322,1,1,1,1,1,1,118895.0
20110323,1,1,1,1,1,1,116894.0
20110324,1,1,1,1,1,1,115266.0
20110325,1,1,1,1,0,1,111167.0
20110328,1,1,0,0,0,1,110737.0
20110329,1,0,0,0,0,1,108962.0
20110330,1,0,0,0,0,1,109800.0
20110331,1,0,0,0,0,1,110275.0
20110401,1,1,0,0,0,1,111768.0
20110404,1,1,0,0,0,1,111531.0
20110405,1,1,0,0,0,1,112400.0
20110406,1,1,1,0,0,0,113945.0
20110407,1,1,1,0,0,0,112601.0
20110408,1,1,1,0,0,0,114345.0
20110411,1,1,1,0,0,0,113957.0
20110412,1,1,1,0,0,0,112470.0
20110413,1,1,1,0,0,0,112214.0
20110414,1,1,1,0,0,0,112620.0
20110415,1,1,1,0,0,0,111107.0
20110418,1,0,1,0,0,0,107014.0
20110419,1,0,1,0,0,0,108732.0
20110420,1,0,1,0,0,0,111514.0
20110421,1,0,1,0,0,0,112576.0
20110425,1,0,1,0,0,0,113007.0
20110426,1,0,1,1,1,1,114107.0
20110427,1,0,1,1,1,1,115020.0
20110428,1,0,1,1,1,1,118110.0
20110429,1,0,1,1,1,1,119271.0
20110502,1,0,1,1,1,1,119601.0
20110503,1,1,1,1,1,1,118418.0
20110504,1,1,1,1,1,1,120399.0
20110505,1,1,1,1,1,1,117612.0
20110506,1,1,1,1,1,1,115151.0
20110509,1,1,1,1,1,1,116037.0
20110510,1,1,1,1,1,1,114452.0
20110511,1,1,1,1,1,1,112751.0
20110512,0,1,0,1,1,1,110856.0
20110513,0,1,0,1,1,1,112126.0
20110516,0,1,0,1,1,1,113281.0
20110517,0,1,0,1,1,1,112709.0
20110518,0,1,0,1,1,1,111081.0
20110519,0,0,0,1,1,1,110338.0
20110520,0,0,0,1,1,1,110877.0
20110523,0,0,0,1,1,1,111370.0
20110524,0,0,0,1,1,1,111667.0
20110525,0,0,0,1,1,1,111635.0
20110526,0,0,0,1,1,1,113549.0
20110527,0,0,0,1,1,1,113604.0
20110531,0,0,1,1,1,1,113527.0
20110601,0,0,1,1,1,1,115162.0
20110602,0,0,1,1,1,1,113535.0
20110603,1,1,1,1,1,1,115098.0
20110606,1,1,1,1,1,1,114501.0
20110607,1,1,1,1,1,1,116198.0
20110608,1,1,1,1,1,1,116385.0
20110609,1,1,1,1,1,1,113368.0
20110610,0,1,0,1,1,1,111562.0
20110613,0,1,0,1,1,1,111277.0
20110614,0,1,0,1,1,1,107876.0
20110615,0,1,0,1,1,1,110423.0
20110616,0,1,0,1,1,1,112449.0
20110617,0,1,0,1,1,1,112870.0
20110620,0,1,0,1,1,1,112181.0
20110621,0,1,0,1,1,1,111901.0
20110622,0,1,0,1,1,1,111549.0
20110623,0,1,1,1,1,1,113527.0
20110624,0,1,1,1,1,1,114782.0
20110627,0,1,1,1,1,1,112174.0
20110628,0,1,1,1,1,1,108531.0
20110629,0,1,1,1,1,1,107215.0
20110630,0,1,1,1,1,0,106196.0
20110701,0,1,1,1,1,0,104965.0
20110705,0,1,1,1,1,0,105877.0
20110706,0,1,1,1,1,0,107121.0
20110707,0,0,1,1,1,0,105580.0
20110708,0,0,1,1,1,0,107275.0
20110711,1,0,1,1,1,1,110314.0
20110712,1,1,1,1,1,1,111053.0
20110713,1,1,1,1,1,1,109898.0
20110714,1,1,1,1,1,1,108107.0
20110715,1,1,1,1,1,1,109200.0
20110718,1,1,1,1,1,1,110089.0
20110719,1,1,1,1,1,1,109604.0
20110720,1,1,1,1,1,1,107807.0
20110721,0,1,0,1,1,1,104701.0
20110722,0,1,0,1,1,1,106009.0
20110725,0,1,0,1,1,1,105297.0
20110726,0,1,0,1,1,1,107529.0
20110727,0,1,0,1,1,1,106517.0
20110728,0,1,0,1,1,1,107884.0
20110729,0,1,0,1,1,1,114142.0
20110801,0,1,0,1,1,1,114917.0
20110802,0,1,0,1,1,1,117717.0
20110803,0,1,0,1,1,1,118847.0
20110804,0,0,0,1,1,1,115937.0
20110805,0,1,0,1,1,1,113559.0
20110808,0,1,1,1,1,1,119711.0
20110809,0,1,0,1,1,1,123723.0
20110810,0,1,0,1,1,1,125668.0
20110811,0,1,0,1,1,1,121387.0
20110812,0,1,0,1,1,1,124131.0
20110815,0,1,0,1,1,1,122926.0
20110816,0,1,0,1,1,1,124600.0
20110817,0,1,1,1,1,1,126803.0
20110818,0,1,1,1,1,1,128468.0
20110819,0,1,1,1,1,1,128984.0
20110822,0,1,1,1,1,1,128111.0
20110823,0,1,1,1,1,1,126812.0
20110824,0,1,1,1,1,1,122234.0
20110825,0,1,1,1,1,1,121893.0
20110826,0,1,0,1,1,1,124345.0
20110829,0,1,0,1,1,1,121770.0
20110830,0,1,0,1,1,1,124997.0
20110831,0,1,0,1,1,1,123179.0
20110901,0,1,0,1,1,1,124992.0
20110902,0,1,0,1,1,1,129029.0
20110906,0,1,1,1,1,1,127467.0
20110907,0,1,1,1,1,1,126086.0
20110908,1,1,1,1,1,1,127570.0
20110909,1,1,1,1,1,1,133140.0
20110912,1,1,1,1,1,1,134120.0
20110913,1,1,1,1,1,1,131922.0
20110914,1,1,1,1,1,1,131951.0
20110915,1,1,1,1,1,1,128151.0
20110916,1,1,1,1,1,1,129395.0
20110919,1,1,1,1,1,1,136095.0
20110920,1,1,1,1,1,1,135406.0
20110921,1,1,1,1,1,1,137918.0
20110922,1,1,1,1,1,1,146506.0
20110923,1,1,1,1,1,1,143014.0
20110926,1,1,1,1,1,1,140123.0
20110927,1,1,1,1,1,1,133245.0
20110928,1,1,1,1,1,1,135307.0
20110929,1,1,1,1,1,1,136668.0
20110930,1,1,1,1,1,1,138342.0
20111003,1,1,1,1,1,1,146453.0
20111004,1,1,1,1,1,1,146153.0
20111005,1,1,1,1,1,1,141597.0
20111006,1,1,1,1,1,1,139272.0
20111007,1,1,1,1,0,1,136319.0
20111010,1,1,1,0,0,1,129147.0
20111011,1,1,1,0,0,1,130972.0
20111012,1,0,1,0,0,1,126153.0
20111013,1,0,1,0,0,1,127072.0
20111014,1,0,1,0,0,1,124472.0
20111017,1,0,1,0,0,1,127897.0
20111018,1,0,1,0,0,1,127978.0
20111019,1,0,1,0,0,1,127497.0
20111020,1,0,1,0,0,1,126578.0
20111021,1,0,1,0,0,0,123535.0
20111024,0,0,0,0,0,0,122203.0
20111025,0,0,0,0,0,0,122203.0
20111026,0,0,0,0,0,0,122203.0
20111027,0,0,0,1,0,0,122187.0
20111028,0,0,0,1,0,0,121406.0
20111031,0,1,0,0,0,0,114988.0
20111101,0,1,0,0,0,0,115238.0
20111102,0,1,0,0,0,0,114750.0
20111103,0,1,0,0,0,0,114788.0
20111104,0,1,0,0,0,0,115000.0
20111107,0,1,0,0,0,0,114800.0
20111108,0,1,0,0,0,0,114050.0
20111109,0,1,0,0,0,0,114350.0
20111110,0,1,0,0,0,0,113950.0
20111111,0,1,0,0,0,0,112975.0
20111114,0,0,0,0,0,0,112288.0
20111115,0,0,0,0,0,0,112288.0
20111116,0,0,0,0,0,0,112288.0
20111117,0,0,0,0,0,0,112288.0
20111118,0,0,0,0,0,0,112288.0
20111121,0,0,0,0,0,0,112288.0
20111122,0,0,0,0,0,0,112288.0
20111123,1,0,1,0,0,1,112869.0
20111125,1,0,1,0,0,1,112938.0
20111128,1,1,1,0,0,1,111525.0
20111129,1,1,1,0,0,1,109631.0
20111130,1,1,0,0,0,0,104445.0
20111201,1,1,0,0,0,0,104695.0
20111202,1,1,0,0,0,0,105857.0
20111205,1,1,0,0,0,0,105320.0
20111206,1,1,0,0,0,0,105070.0
20111207,1,1,0,0,0,0,105157.0
20111208,1,1,0,0,1,0,105974.0
20111209,1,1,0,0,1,0,105044.0
20111212,1,1,0,0,1,0,108096.0
20111213,1,1,0,0,1,0,110104.0
20111214,1,1,0,0,1,0,111013.0
20111215,1,1,0,1,1,0,110066.0
20111216,1,1,0,1,1,1,110276.0
20111219,1,1,0,1,1,1,111533.0
20111220,1,1,0,1,1,1,107805.0
20111221,1,1,0,1,1,1,107372.0
20111222,1,1,0,1,1,1,107787.0
20111223,1,1,0,1,1,1,104908.0
20111227,1,1,0,1,1,1,105019.0
20111228,1,1,0,1,1,1,109968.0
20111229,1,1,1,1,1,1,109852.0
20111230,1,0,1,1,1,1,108768.0
20120103,1,0,1,1,1,1,104312.0
20120104,1,0,1,1,1,1,105201.0
20120105,1,0,1,1,1,1,107913.0
20120106,1,0,1,1,1,0,108666.0
20120109,1,0,1,1,1,0,108376.0
20120110,1,0,1,1,1,0,107454.0
20120111,1,0,1,1,1,0,110368.0
20120112,1,0,1,1,1,0,108257.0
20120113,1,0,1,1,1,0,111322.0
20120117,1,0,1,1,1,0,110586.0
20120118,1,0,1,1,1,0,108072.0
20120119,1,0,1,1,1,0,105818.0
20120120,1,0,1,1,1,0,104908.0
20120123,1,0,1,0,1,0,103144.0
20120124,1,0,1,0,1,0,102874.0
20120125,1,0,0,0,1,0,102255.0
20120126,1,0,0,0,1,0,102202.0
20120127,1,0,0,1,1,0,101100.0
20120130,1,1,0,1,1,0,102972.0
20120131,1,1,0,1,1,0,103869.0
20120201,0,1,0,1,1,0,101956.0
20120202,0,1,0,1,1,0,102291.0
20120203,0,1,0,1,1,0,100236.0
20120206,0,1,0,1,1,0,100703.0
20120207,0,1,1,1,1,0,99720.0
20120208,0,1,1,1,1,0,98550.0
20120209,0,0,1,1,1,0,97675.0
20120210,0,0,1,1,1,0,97975.0
20120213,0,0,1,1,1,0,97749.0
20120214,0,1,1,1,1,0,98283.0
20120215,0,1,1,1,1,0,98641.0
20120216,0,1,1,1,1,0,99256.0
20120217,0,1,1,0,0,0,100106.0
20120221,0,1,1,0,0,0,100243.0
20120222,0,1,1,0,0,0,100562.0
20120223,1,1,1,0,0,0,100025.0
20120224,1,1,1,0,0,0,104368.0
20120227,1,1,1,0,0,0,102187.0
20120228,1,1,1,0,0,0,103531.0
20120229,1,1,1,0,0,0,103325.0
20120301,1,1,1,0,0,0,103193.0
20120302,1,1,1,0,0,0,102431.0
20120305,1,1,1,0,0,0,102250.0
20120306,1,1,1,0,0,0,98418.0
20120307,1,1,1,0,0,0,100037.0
20120308,1,1,1,0,0,0,102906.0
20120309,1,1,1,0,0,0,101550.0
20120312,0,1,0,0,0,0,100493.0
20120313,0,1,0,0,1,1,101341.0
20120314,0,1,0,1,1,1,106991.0
20120315,0,1,0,1,1,1,106296.0
20120316,0,1,0,1,1,1,106688.0
20120319,0,1,1,1,1,1,108751.0
20120320,0,1,1,1,1,1,108940.0
20120321,0,1,1,1,1,1,106376.0
20120322,0,1,1,1,1,1,103935.0
20120323,0,1,1,1,1,1,102888.0
20120326,1,1,1,1,1,1,103791.0
20120327,1,1,1,1,1,1,102763.0
20120328,1,1,1,1,1,1,101697.0
20120329,1,1,1,1,1,1,99677.0
20120330,1,1,1,1,1,1,103424.0
20120402,1,1,1,1,1,1,101632.0
20120403,1,1,1,1,1,1,103132.0
20120404,0,1,1,1,1,1,100277.0
20120405,0,1,1,1,1,1,97624.0
20120406,0,1,1,0,0,1,93587.0
20120409,0,1,1,0,0,0,93731.0
20120410,0,1,1,0,0,0,91781.0
20120411,0,1,1,0,0,0,92312.0
20120412,0,1,1,0,0,0,92543.0
20120413,0,1,1,0,0,0,92399.0
20120416,0,1,1,1,0,0,91472.0
20120417,0,1,1,1,0,0,92075.0
20120418,0,1,1,1,0,0,93540.0
20120419,0,1,1,1,0,0,94343.0
20120420,0,1,1,1,0,0,94825.0
20120423,0,1,1,1,1,1,94306.0
20120424,0,1,1,1,1,1,93856.0
20120425,0,1,1,1,1,1,93829.0
20120426,0,0,1,1,1,1,93512.0
20120427,0,0,1,1,1,1,94696.0
20120430,0,0,1,1,1,1,94784.0
20120501,0,0,1,1,1,1,93506.0
20120502,0,0,1,1,1,1,94401.0
20120503,0,0,1,1,1,1,94331.0
20120504,0,0,1,1,1,1,95552.0
20120507,1,1,1,1,1,1,94510.0
20120508,1,1,1,1,1,1,96070.0
20120509,1,1,1,1,1,1,97193.0
20120510,1,1,1,1,1,1,96460.0
20120511,1,1,1,1,1,1,97548.0
20120514,1,1,1,1,1,1,100187.0
20120515,1,1,1,1,1,1,100273.0
20120516,1,1,0,1,1,1,100393.0
20120517,1,1,0,1,1,1,104404.0
20120518,1,1,1,1,1,1,104060.0
20120521,1,1,1,1,1,1,102235.0
20120522,1,1,1,1,1,1,100206.0
20120523,1,1,1,1,1,1,106073.0
20120524,1,1,1,1,1,1,105506.0
20120525,1,1,1,1,1,1,105960.0
20120529,1,1,1,1,1,1,106762.0
20120530,1,1,1,1,1,1,112970.0
20120531,1,1,1,1,1,1,116123.0
20120601,1,1,1,1,1,1,119524.0
20120604,1,1,1,1,1,1,116287.0
20120605,1,1,1,1,1,1,115393.0
20120606,1,1,1,1,1,1,109779.0
20120607,1,1,1,1,1,1,107404.0
20120608,1,1,1,1,1,1,109874.0
20120611,1,1,1,1,1,1,110681.0
20120612,1,1,1,1,1,1,108195.0
20120613,1,1,1,1,1,1,109443.0
20120614,1,1,1,1,1,1,109052.0
20120615,1,1,1,1,1,1,109802.0
20120618,1,1,1,1,1,1,109654.0
20120619,1,1,1,1,1,1,107037.0
20120620,1,1,1,1,1,1,105690.0
20120621,1,0,1,1,1,1,107171.0
20120622,1,0,1,1,1,1,105521.0
20120625,1,0,1,1,1,1,108482.0
20120626,1,0,1,1,1,1,107451.0
20120627,1,0,1,1,1,1,108738.0
20120628,1,0,1,1,1,1,110856.0
20120629,1,0,1,1,1,1,104173.0
20120702,1,0,1,1,1,1,107613.0
20120703,1,0,1,1,1,1,105616.0
20120705,1,0,1,1,1,1,110260.0
20120706,1,0,1,1,1,1,113587.0
20120709,1,0,1,1,1,1,113821.0
20120710,1,0,1,1,1,1,115141.0
20120711,1,0,1,1,1,1,115721.0
20120712,1,0,1,1,1,1,116956.0
20120713,1,0,1,1,1,1,114990.0
20120716,1,0,1,1,1,1,115218.0
20120717,1,0,1,1,1,1,113735.0
20120718,1,0,1,1,1,1,114773.0
20120719,1,0,0,1,1,1,112945.0
20120720,1,0,0,1,1,1,116229.0
20120723,1,1,1,1,1,1,116785.0
20120724,1,1,1,1,1,1,119090.0
20120725,1,1,1,1,1,1,117948.0
20120726,1,1,0,1,1,1,114499.0
20120727,1,1,0,1,1,1,109624.0
20120730,1,1,0,1,1,1,112745.0
20120731,1,1,0,1,1,1,112460.0
20120801,1,1,0,1,1,1,111251.0
20120802,1,1,0,1,1,1,114224.0
20120803,1,1,0,1,1,1,107962.0
20120806,1,1,0,1,1,1,109226.0
20120807,1,1,0,0,0,0,106840.0
20120808,1,1,0,0,0,0,107790.0
20120809,1,1,0,0,0,0,108390.0
20120810,1,1,0,0,0,0,109115.0
20120813,1,1,0,0,0,0,108353.0
20120814,1,1,0,0,0,0,107540.0
20120815,1,0,0,1,0,1,108258.0
20120816,1,0,0,1,0,1,108095.0
20120817,1,0,0,1,0,1,108198.0
20120820,1,0,0,1,0,1,107720.0
20120821,0,0,0,1,0,1,106620.0
20120822,0,0,1,1,0,1,104880.0
20120823,0,0,1,1,0,1,103580.0
20120824,0,0,1,0,0,1,103114.0
20120827,0,0,1,0,0,1,102539.0
20120828,0,0,1,0,0,0,102007.0
20120829,0,0,1,0,0,0,102101.0
20120830,0,0,1,0,0,0,101794.0
20120831,1,0,1,0,1,0,101865.0
20120903,1,0,1,0,1,0,102146.0
20120904,1,0,1,0,1,0,101620.0
20120905,1,0,1,0,1,0,102123.0
20120906,1,0,1,0,1,0,102598.0
20120907,1,0,1,0,0,0,104641.0
20120910,1,0,1,0,0,0,104254.0
20120911,1,1,1,0,0,0,105991.0
20120912,1,1,1,0,0,1,106673.0
20120913,1,1,1,0,0,1,109241.0
20120914,1,1,1,1,0,1,111710.0
20120917,1,0,1,1,0,1,109926.0
20120918,1,0,1,1,0,1,108479.0
20120919,1,0,1,1,0,1,108126.0
20120920,1,0,1,1,0,1,106576.0
20120921,1,0,1,1,0,1,106585.0
20120924,1,0,1,0,0,1,104807.0
20120925,1,1,1,0,0,1,103589.0
20120926,1,1,1,0,0,0,100944.0
20120927,1,1,1,0,0,0,102388.0
20120928,1,1,1,0,1,0,100149.0
20121001,1,1,1,0,1,0,100462.0
20121002,1,1,1,0,1,0,100726.0
20121003,1,0,1,0,1,0,99449.0
20121004,1,0,1,0,1,0,101521.0
20121005,1,0,1,0,1,0,101240.0
20121008,1,0,1,0,1,0,100010.0
20121009,1,0,1,0,1,0,98523.0
20121010,1,0,1,0,1,0,98687.0
20121011,1,0,1,0,1,0,99335.0
20121012,1,0,1,0,1,0,99876.0
20121015,1,0,1,0,1,0,99698.0
20121016,1,0,1,0,1,0,101035.0
20121017,1,0,1,0,0,1,102033.0
20121018,1,1,1,0,0,1,100858.0
20121019,1,1,1,0,0,1,98933.0
20121022,1,1,1,0,0,1,100808.0
20121023,1,1,0,0,0,1,98895.0
20121024,1,1,0,0,0,1,98952.0
20121025,1,1,1,0,1,1,100232.0
20121026,1,1,1,0,1,1,97107.0
20121029,1,1,1,0,1,0,96043.0
20121030,1,1,1,0,0,0,96458.0
20121031,1,1,1,0,0,0,97083.0
20121101,1,1,1,0,0,0,97577.0
20121102,1,1,1,0,0,0,95958.0
20121105,0,1,0,0,0,0,95283.0
20121106,0,1,0,0,0,0,95558.0
20121107,0,1,0,0,0,0,94571.0
20121108,0,1,0,1,0,1,93733.0
20121109,0,1,0,1,0,1,94317.0
20121112,0,1,1,1,0,1,94308.0
20121113,0,1,1,1,0,1,94814.0
20121114,0,1,1,1,0,1,96395.0
20121115,0,1,1,1,1,1,98397.0
20121116,0,1,1,1,1,1,98616.0
20121119,0,1,1,1,1,1,97570.0
20121120,0,1,1,1,1,1,96823.0
20121121,0,1,1,1,1,1,97280.0
20121123,0,1,0,1,1,1,96280.0
20121126,0,1,0,1,1,1,96783.0
20121127,0,1,0,1,1,1,97298.0
20121128,0,1,0,1,1,1,97734.0
20121129,0,1,0,1,1,1,98028.0
20121130,0,1,0,1,1,1,98880.0
20121203,0,1,0,1,1,1,97973.0
20121204,0,1,0,1,1,1,97800.0
20121205,1,1,0,1,1,1,98667.0
20121206,1,1,0,1,1,1,97631.0
20121207,0,1,0,1,1,1,95895.0
20121210,0,1,0,1,1,1,96069.0
20121211,0,1,0,1,1,1,95405.0
20121212,0,1,0,1,1,0,95251.0
20121213,0,1,0,0,0,0,95334.0
20121214,1,1,0,0,0,0,95728.0
20121217,1,1,1,0,0,0,96371.0
20121218,1,1,1,1,1,1,98004.0
20121219,1,1,1,1,1,1,97869.0
20121220,1,1,1,1,1,1,98064.0
20121221,1,1,1,1,1,1,94642.0
20121224,1,1,1,1,1,1,96151.0
20121226,1,1,1,1,1,1,97514.0
20121227,1,1,1,0,0,0,97002.0
20121228,1,1,1,0,0,0,97127.0
20121231,1,1,1,0,0,0,98352.0
20130102,1,1,1,0,0,1,99003.0
20130103,1,1,1,1,0,1,97955.0
20130104,1,1,0,1,1,1,99609.0
20130107,1,1,0,1,1,1,99356.0
20130108,1,1,0,1,1,1,97050.0
20130109,1,1,0,1,1,1,96951.0
20130110,1,1,0,1,1,1,101250.0
20130111,1,1,0,1,1,1,103253.0
20130114,1,1,0,1,1,1,103683.0
20130115,1,1,0,1,0,1,100836.0
20130116,1,1,0,1,0,1,100104.0
20130117,1,1,0,1,0,1,105057.0
20130118,1,1,1,1,0,1,103454.0
20130122,1,1,1,1,0,1,101204.0
20130123,1,1,1,1,0,1,101179.0
20130124,1,1,1,1,0,1,104373.0
20130125,1,1,1,1,1,1,109790.0
20130128,1,1,1,1,1,1,110673.0
20130129,1,1,1,1,1,1,110803.0
20130130,1,1,1,1,1,1,112689.0
20130131,1,1,1,1,1,1,112125.0
20130201,1,1,1,1,1,1,116837.0
20130204,1,1,1,1,1,1,113093.0
20130205,1,1,1,1,1,1,117123.0
20130206,1,1,1,1,1,1,115015.0
20130207,1,1,1,1,1,1,113014.0
20130208,1,1,1,1,1,1,111006.0
20130211,1,1,1,1,1,1,112957.0
20130212,1,1,1,1,1,1,114847.0
20130213,1,1,1,1,1,1,116597.0
20130214,1,1,1,1,1,1,113579.0
20130215,1,1,1,1,1,1,114157.0
20130219,1,1,1,1,1,1,115822.0
20130220,1,1,1,1,1,1,115975.0
20130221,0,1,1,1,1,1,113168.0
20130222,0,1,1,1,1,1,113278.0
20130225,1,1,1,0,0,1,109848.0
20130226,1,1,1,0,0,0,109291.0
20130227,1,1,1,0,0,0,108797.0
20130228,1,1,1,0,0,0,109985.0
20130301,1,1,1,0,0,0,112835.0
20130304,1,1,1,1,0,0,111572.0
20130305,1,1,1,1,0,0,111066.0
20130306,1,1,1,1,0,0,112850.0
20130307,1,1,1,0,0,0,112399.0
20130308,1,1,1,0,1,1,115951.0
20130311,1,1,1,0,1,1,116307.0
20130312,1,1,1,0,1,1,115420.0
20130313,1,1,1,0,1,1,116351.0
20130314,1,1,1,0,1,1,115201.0
20130315,1,1,1,0,0,1,112847.0
20130318,1,1,1,0,0,0,112577.0
20130319,1,1,1,0,0,0,113034.0
20130320,1,1,1,0,0,0,113134.0
20130321,1,1,1,0,0,0,111740.0
20130322,1,1,1,0,0,0,109996.0
20130325,1,1,1,0,0,0,111177.0
20130326,1,1,1,0,0,0,112077.0
20130327,1,1,1,1,1,0,113436.0
20130328,1,1,1,1,1,0,112025.0
20130329,1,1,1,1,1,0,112025.0
20130401,1,1,1,1,1,0,110449.0
20130402,1,1,1,1,1,0,111435.0
20130403,1,1,1,1,1,1,110910.0
20130404,1,1,1,1,1,1,115435.0
20130405,1,1,1,1,1,1,117934.0
20130408,1,1,1,1,1,1,119470.0
20130409,1,1,1,1,1,1,117512.0
20130410,1,1,1,1,1,1,117149.0
20130411,1,1,0,1,1,1,116645.0
20130412,1,1,0,1,1,1,117654.0
20130415,1,1,0,1,1,1,116543.0
20130416,0,1,0,1,1,1,114735.0
20130417,0,1,0,1,1,1,115731.0
20130418,0,1,0,1,1,1,116595.0
20130419,0,1,0,1,1,1,117953.0
20130422,0,1,0,1,1,1,117965.0
20130423,0,1,0,1,1,1,117864.0
20130424,0,1,0,1,1,1,118181.0
20130425,0,1,0,1,1,1,117656.0
20130426,0,1,0,1,1,1,117684.0
20130429,0,1,1,1,1,1,117049.0
20130430,0,1,1,1,1,1,116329.0
20130501,0,1,1,1,1,1,117651.0
20130502,0,1,1,1,1,1,118168.0
20130503,0,1,1,1,1,1,116490.0
20130506,0,1,1,1,1,1,115992.0
20130507,0,1,1,1,1,1,114771.0
20130508,0,1,1,1,1,1,115567.0
20130509,0,1,1,1,1,1,116785.0
20130510,0,1,1,0,0,0,114872.0
20130513,0,1,1,0,0,0,114954.0
20130514,0,1,0,0,0,0,114966.0
20130515,0,1,0,0,0,0,115054.0
20130516,0,1,0,0,0,0,114754.0
20130517,0,1,0,0,0,0,116091.0
20130520,0,1,0,0,0,0,114979.0
20130521,0,1,0,0,0,0,115341.0
20130522,0,1,0,1,1,1,116346.0
20130523,0,1,0,1,1,1,114579.0
20130524,0,1,0,1,1,1,113049.0
20130528,0,1,0,1,1,1,117930.0
20130529,0,1,1,1,1,1,115710.0
20130530,0,1,0,1,1,1,114818.0
20130531,0,1,0,1,1,1,115394.0
20130603,0,1,0,1,1,1,113315.0
20130604,0,1,0,1,1,1,114440.0
20130605,0,1,0,1,1,1,112524.0
20130606,1,0,1,1,1,1,111655.0
20130607,1,1,1,1,1,1,111326.0
20130610,1,0,1,1,1,1,112194.0
20130611,1,1,1,1,1,1,111927.0
20130612,1,1,1,1,1,1,113980.0
20130613,1,1,1,1,1,1,113837.0
20130614,1,1,1,1,1,1,112979.0
20130617,1,1,1,1,1,1,113346.0
20130618,1,1,1,1,1,1,113327.0
20130619,1,1,1,1,1,1,112702.0
20130620,1,1,1,1,1,1,113791.0
20130621,1,1,1,1,1,1,114582.0
20130624,1,0,0,1,1,1,113577.0
20130625,1,0,0,1,1,1,114160.0
20130626,0,0,0,1,1,1,112301.0
20130627,0,0,0,1,1,1,110863.0
20130628,0,0,0,1,1,1,110668.0
20130701,0,0,0,1,1,1,110832.0
20130702,0,0,0,1,1,1,110465.0
20130703,0,0,1,1,1,1,110412.0
20130705,1,0,1,1,1,1,118652.0
20130708,1,0,1,1,1,1,115854.0
20130709,1,0,1,1,1,1,117165.0
20130710,1,0,1,1,1,1,116543.0
20130711,0,0,1,1,1,1,109591.0
20130712,0,0,1,1,1,1,110837.0
20130715,0,0,1,1,1,1,109571.0
20130716,0,0,1,1,1,1,108697.0
20130717,0,0,1,1,1,1,107260.0
20130718,0,0,1,1,1,1,108219.0
20130719,0,0,1,1,1,1,106593.0
20130722,0,0,0,1,1,1,106140.0
20130723,0,0,0,1,1,1,106772.0
20130724,0,0,0,1,1,1,108530.0
20130725,0,0,0,1,1,1,108796.0
20130726,0,0,0,1,1,1,107390.0
20130729,0,0,0,1,1,1,108187.0
20130730,1,0,0,1,1,1,108129.0
20130731,1,0,0,1,1,1,108854.0
20130801,1,0,0,1,1,1,110933.0
20130802,1,0,0,1,1,1,108240.0
20130805,1,0,0,1,1,1,108832.0
20130806,1,0,0,1,1,1,109415.0
20130807,1,1,0,1,1,1,108704.0
20130808,1,1,1,1,1,1,108515.0
20130809,1,1,1,1,1,1,107802.0
20130812,1,1,1,1,1,1,107260.0
20130813,1,1,1,1,1,1,107324.0
20130814,1,1,1,1,1,1,107682.0
20130815,1,1,1,1,1,1,111677.0
20130816,1,1,1,1,1,1,113035.0
20130819,1,1,1,1,1,1,114421.0
20130820,1,1,1,1,1,1,114144.0
20130821,1,1,1,1,1,1,114365.0
20130822,1,0,1,1,1,1,113552.0
20130823,1,0,1,1,1,1,111824.0
20130826,1,0,1,1,1,1,111233.0
20130827,1,0,1,1,1,1,108918.0
20130828,1,0,1,1,1,1,109671.0
20130829,1,0,1,1,1,1,107266.0
20130830,0,0,1,1,1,1,106699.0
20130903,0,0,1,1,1,1,109818.0
20130904,0,0,1,1,1,1,111443.0
20130905,0,0,1,1,1,1,113618.0
20130906,0,0,1,1,1,1,112651.0
20130909,0,0,1,1,1,1,111694.0
20130910,0,0,1,1,1,1,113362.0
20130911,0,0,1,1,1,1,112635.0
20130912,0,0,1,1,1,1,112241.0
20130913,0,0,1,1,1,1,112379.0
20130916,0,0,1,0,0,1,110618.0
20130917,0,0,1,0,0,1,110199.0
20130918,1,0,1,0,0,0,111267.0
20130919,1,0,1,0,1,0,110689.0
20130920,1,0,1,0,1,0,110527.0
20130923,1,0,1,0,1,0,110447.0
20130924,1,0,1,0,1,0,110172.0
20130925,1,0,1,1,1,0,111560.0
20130926,1,0,1,1,1,0,110652.0
20130927,1,0,1,1,1,0,112029.0
20130930,1,0,1,1,1,0,112546.0
20131001,1,0,1,1,1,0,112252.0
20131002,1,0,1,1,1,0,113505.0
20131003,1,0,1,1,1,0,113908.0
20131004,1,0,1,1,1,0,111644.0
20131007,1,0,1,1,1,0,112447.0
20131008,1,0,1,1,1,0,112116.0
20131009,1,0,1,1,1,0,110855.0
20131010,1,0,1,1,1,0,110819.0
20131011,1,0,1,1,1,0,111194.0
20131014,1,0,1,1,1,0,111349.0
20131015,1,0,1,1,1,0,110652.0
20131016,1,0,1,1,1,0,111102.0
20131017,1,0,1,1,1,1,115462.0
20131018,1,0,1,1,1,1,115304.0
20131021,1,0,1,1,1,1,114604.0
20131022,1,0,1,1,1,1,118887.0
20131023,1,0,1,1,1,1,119060.0
20131024,1,0,1,1,1,1,118779.0
20131025,1,0,1,1,1,1,119246.0
20131028,1,0,1,1,1,1,118996.0
20131029,1,0,1,1,1,1,117829.0
20131030,1,0,1,1,1,1,116809.0
20131031,1,0,1,1,1,1,115035.0
20131101,1,0,1,1,1,1,111120.0
20131104,0,0,1,1,1,1,111545.0
20131105,0,0,1,1,1,1,110499.0
20131106,0,0,1,1,1,1,111431.0
20131107,1,0,1,1,1,1,110942.0
20131108,1,0,1,1,1,0,108202.0
20131111,1,0,1,1,1,0,107326.0
20131112,1,0,0,1,1,0,106394.0
20131113,0,0,0,1,1,0,106396.0
20131114,0,1,0,1,1,0,107096.0
20131115,0,1,0,1,1,0,107191.0
20131118,0,1,0,1,1,0,107398.0
20131119,0,1,0,1,1,0,107068.0
20131120,0,1,1,1,1,0,106024.0
20131121,0,1,1,1,1,0,107754.0
20131122,0,1,1,1,1,0,108549.0
20131125,0,1,1,1,1,0,108740.0
20131126,0,1,1,1,1,0,109265.0
20131127,0,1,1,1,1,0,110288.0
20131129,0,1,1,1,1,0,111055.0
20131202,0,1,1,0,1,0,110888.0
20131203,0,1,1,0,1,0,110494.0
20131204,0,1,1,0,1,1,109877.0
20131205,0,1,1,0,1,1,109116.0
20131206,0,1,1,1,0,1,110197.0
20131209,1,1,1,1,0,1,110747.0
20131210,1,1,1,1,0,1,109078.0
20131211,1,1,1,1,0,1,109932.0
20131212,1,1,1,1,0,1,110453.0
20131213,1,1,1,1,0,1,109507.0
20131216,1,1,1,1,0,1,110000.0
20131217,1,1,1,1,0,1,108657.0
20131218,1,1,1,1,1,1,111095.0
20131219,1,1,1,1,1,1,111398.0
20131220,1,1,1,1,1,1,110371.0
20131223,1,1,1,1,1,0,110001.0
20131224,1,1,1,1,1,1,111356.0
20131226,1,1,1,1,1,1,112575.0
20131227,1,1,1,1,1,1,114036.0
20131230,1,1,1,1,1,1,114354.0
20131231,1,1,1,1,1,1,115389.0
20140102,1,1,1,1,1,1,111561.0
20140103,0,1,1,1,1,1,111212.0
20140106,0,1,1,1,1,1,109709.0
20140107,0,1,1,1,1,1,109375.0
20140108,0,1,1,1,1,1,111575.0
20140109,0,1,1,1,1,1,110770.0
20140110,0,1,1,1,1,0,107055.0
20140113,0,1,1,1,1,0,104792.0
20140114,0,1,1,1,1,0,107237.0
20140115,0,1,1,1,1,0,107612.0
20140116,0,1,1,1,1,0,106780.0
20140117,0,1,1,1,1,0,106953.0
20140121,0,1,1,1,1,0,107373.0
20140122,0,1,1,1,1,0,108792.0
20140123,0,1,1,0,1,1,106498.0
20140124,0,0,1,0,0,1,104691.0
20140127,0,0,1,0,0,1,104616.0
20140128,0,0,1,0,0,1,104928.0
20140129,0,0,1,1,0,1,105763.0
20140130,0,0,1,1,0,1,104766.0
20140131,0,0,1,1,0,1,105100.0
20140203,0,1,0,1,1,1,106486.0
20140204,0,1,0,1,1,1,104424.0
20140205,0,1,0,1,1,1,103666.0
20140206,0,1,0,1,1,1,101928.0
20140207,0,1,0,1,1,1,102622.0
20140210,0,1,0,1,1,1,102594.0
20140211,0,1,0,1,1,1,101050.0
20140212,0,1,1,1,1,1,100303.0
20140213,0,1,1,1,1,1,102449.0
20140214,0,1,1,1,1,1,103210.0
20140218,0,1,1,1,1,1,103253.0
20140219,0,1,1,1,1,1,102589.0
20140220,0,1,1,1,1,1,101758.0
20140221,0,1,1,1,1,1,101967.0
20140224,0,1,1,1,1,1,101658.0
20140225,0,1,1,1,1,1,103475.0
20140226,0,1,1,1,1,1,103900.0
20140227,0,1,1,1,1,1,105388.0
20140228,1,1,1,1,1,1,105789.0
20140303,1,1,1,1,1,1,105749.0
20140304,1,1,1,1,1,1,102655.0
20140305,1,1,1,1,1,1,102724.0
20140306,1,0,1,1,1,1,102417.0
20140307,1,0,1,1,0,1,100913.0
20140310,1,0,1,1,0,1,100485.0
20140311,1,0,1,1,0,1,100822.0
20140312,1,0,1,1,0,1,102128.0
20140313,1,0,1,1,1,1,103348.0
20140314,1,1,1,1,1,1,104398.0
20140317,1,1,1,1,1,1,102795.0
20140318,1,1,1,1,1,1,103338.0
20140319,1,1,0,0,0,1,97711.0
20140320,1,1,0,0,0,1,97230.0
20140321,1,1,0,0,0,1,98274.0
20140324,1,1,0,0,1,1,99048.0
20140325,1,1,0,0,1,1,98756.0
20140326,1,1,0,0,1,1,98848.0
20140327,1,1,0,0,1,1,98806.0
20140328,1,0,0,0,1,1,97548.0
20140331,1,0,0,0,1,1,97473.0
20140401,1,0,0,0,1,1,97134.0
20140402,1,0,0,0,1,1,96401.0
20140403,0,0,0,0,1,1,95886.0
20140404,0,0,0,0,1,1,96214.0
20140407,0,0,0,0,0,1,96398.0
20140408,0,0,1,0,0,1,96598.0
20140409,0,0,1,0,0,1,96667.0
20140410,1,0,1,0,0,1,97805.0
20140411,1,0,1,0,0,1,97842.0
20140414,1,0,1,1,1,1,95786.0
20140415,1,0,1,1,1,1,95831.0
20140416,1,0,1,1,0,1,96116.0
20140417,1,0,1,0,0,1,94671.0
20140421,1,0,1,0,0,1,94208.0
20140422,1,0,1,0,0,1,94652.0
20140423,1,0,1,0,0,1,95090.0
20140424,1,0,1,0,0,1,95377.0
20140425,1,0,1,0,0,1,95933.0
20140428,1,0,1,0,0,1,96015.0
20140429,1,0,1,0,0,1,95252.0
20140430,1,0,1,0,0,1,96927.0
20140501,1,0,1,0,0,1,97640.0
20140502,1,0,1,0,0,1,98071.0
20140505,1,0,1,0,0,1,97677.0
20140506,1,0,1,0,0,1,99446.0
20140507,1,0,1,0,0,1,99015.0
20140508,1,0,1,1,0,1,98315.0
20140509,0,0,1,1,0,1,96449.0
20140512,0,0,1,1,0,1,95921.0
20140513,0,0,1,1,0,1,96512.0
20140514,0,0,1,1,1,1,98001.0
20140515,1,0,1,1,1,1,98523.0
20140516,1,0,1,1,1,1,98554.0
20140519,1,0,1,1,1,1,97899.0
20140520,1,0,1,1,1,1,98943.0
20140521,1,1,1,1,1,1,98207.0
20140522,1,1,1,1,1,1,97368.0
20140523,1,1,1,1,1,1,97918.0
20140527,1,1,1,1,1,1,98327.0
20140528,1,1,0,1,1,1,100576.0
20140529,1,1,0,1,1,1,100210.0
20140530,1,1,0,1,1,1,99477.0
20140602,1,0,0,1,1,1,97223.0
20140603,1,0,0,1,1,1,95185.0
20140604,1,0,0,1,1,1,95165.0
20140605,1,0,0,1,1,1,94974.0
20140606,1,0,0,1,1,1,94783.0
20140609,1,0,0,1,1,1,95065.0
20140610,1,0,0,1,0,1,94934.0
20140611,1,0,0,1,0,1,95184.0
20140612,1,0,1,1,0,1,95796.0
20140613,1,0,1,1,0,1,96609.0
20140616,1,0,1,1,0,1,96449.0
20140617,1,0,1,1,0,1,95265.0
20140618,1,0,1,0,0,1,95648.0
20140619,1,0,1,0,0,1,95167.0
20140620,1,0,1,0,0,0,94492.0
20140623,1,0,1,0,0,0,94417.0
20140624,1,0,1,0,0,0,94186.0
20140625,1,1,1,1,0,1,92490.0
20140626,1,1,1,1,0,1,94184.0
20140627,1,1,1,1,0,1,93818.0
20140630,1,1,1,1,0,1,94227.0
20140701,1,1,1,1,0,1,93262.0
20140702,1,1,1,1,0,0,91572.0
20140703,1,0,1,0,0,0,91735.0
20140707,1,0,1,0,0,0,91553.0
20140708,1,0,1,0,0,0,91510.0
20140709,1,0,1,0,0,0,91247.0
20140710,1,0,1,1,0,1,91262.0
20140711,1,0,1,1,0,1,91371.0
20140714,1,0,1,1,0,1,90302.0
20140715,1,0,1,1,0,1,91321.0
20140716,1,0,1,1,0,1,92012.0
20140717,1,0,1,1,0,1,93274.0
20140718,1,0,1,1,0,1,93033.0
20140721,1,0,1,1,0,1,93305.0
20140722,1,0,1,1,0,1,94196.0
20140723,1,0,1,1,0,1,94130.0
20140724,1,0,1,1,0,1,92718.0
20140725,1,0,1,1,0,1,94115.0
20140728,1,0,1,1,0,1,93552.0
20140729,1,0,0,1,0,1,94458.0
20140730,1,1,0,0,1,1,92619.0
20140731,1,1,0,0,1,1,92494.0
20140801,1,1,0,0,0,1,91824.0
20140804,1,1,0,0,0,1,92042.0
20140805,1,1,0,0,0,1,92936.0
20140806,1,0,0,0,0,1,92086.0
20140807,1,0,0,1,0,1,93153.0
20140808,1,0,1,1,1,1,92633.0
20140811,1,0,1,1,1,1,92865.0
20140812,1,0,1,1,1,1,92368.0
20140813,1,0,1,1,1,1,94144.0
20140814,1,0,1,1,1,1,94971.0
20140815,1,0,1,1,1,1,95949.0
20140818,1,0,1,1,1,1,94958.0
20140819,1,1,1,1,1,1,95699.0
20140820,1,1,1,1,1,1,96801.0
20140821,1,1,1,1,1,1,97263.0
20140822,1,1,1,1,1,1,98055.0
20140825,1,1,1,1,1,1,99015.0
20140826,1,1,1,1,1,1,99568.0
20140827,1,1,1,1,1,1,99763.0
20140828,1,1,1,1,1,1,100527.0
20140829,1,1,1,1,1,1,101590.0
20140902,1,1,1,1,1,1,101151.0
20140903,1,1,1,1,0,1,100737.0
20140904,1,1,1,1,0,1,103549.0
20140905,1,1,1,1,0,1,102940.0
20140908,1,1,1,1,0,1,105780.0
20140909,1,1,1,0,0,1,105743.0
20140910,1,1,1,0,0,1,105243.0
20140911,1,1,1,0,0,1,105261.0
20140912,1,1,1,0,0,0,104550.0
20140915,1,1,1,0,0,0,104769.0
20140916,1,1,1,0,0,0,104100.0
20140917,1,1,1,1,0,0,105265.0
20140918,1,1,1,1,1,0,105865.0
20140919,1,1,1,1,1,0,107101.0
20140922,1,1,1,1,1,0,106222.0
20140923,1,1,1,1,1,0,105385.0
20140924,1,1,1,1,1,0,107249.0
20140925,1,1,1,0,0,0,106609.0
20140926,1,1,1,0,0,0,108528.0
20140929,1,1,1,0,0,0,108472.0
20140930,1,1,1,0,0,0,109878.0
20141001,1,1,1,0,0,1,110065.0
20141002,1,1,1,0,0,1,107972.0
20141003,1,1,1,0,0,1,112934.0
20141006,1,1,1,0,0,1,110078.0
20141007,1,1,1,1,1,1,109794.0
20141008,1,1,1,1,1,1,109433.0
20141009,1,1,1,1,1,1,110067.0
20141010,1,1,1,1,1,1,112095.0
20141013,1,1,1,1,1,1,112816.0
20141014,1,1,1,1,1,1,114458.0
20141015,1,1,1,1,1,1,115231.0
20141016,1,1,1,1,1,1,112501.0
20141017,1,1,1,1,1,1,111983.0
20141020,1,1,1,1,1,1,111851.0
20141021,1,1,1,1,1,1,112600.0
20141022,1,1,1,1,1,1,113766.0
20141023,1,1,1,1,1,1,113606.0
20141024,1,1,1,1,1,1,113020.0
20141027,1,1,1,1,1,1,112166.0
20141028,1,1,1,1,1,1,111541.0
20141029,1,1,1,1,1,1,112950.0
20141030,1,1,1,1,1,1,114558.0
20141031,1,1,1,1,1,1,117822.0
20141103,1,1,1,1,1,1,119562.0
20141104,1,1,1,1,1,1,118603.0
20141105,1,1,1,1,1,1,120669.0
20141106,1,1,1,1,1,1,122156.0
20141107,1,1,1,1,1,1,122866.0
20141110,1,1,1,1,1,1,122226.0
20141111,1,1,1,1,1,1,121761.0
20141112,1,1,1,1,1,1,123389.0
20141113,1,1,1,1,1,1,123605.0
20141114,1,1,1,1,1,1,124622.0
20141117,1,1,1,1,1,1,125383.0
20141118,1,1,1,1,1,1,125356.0
20141119,1,1,1,1,1,1,125014.0
20141120,1,1,1,1,1,1,125520.0
20141121,1,1,1,1,1,1,128387.0
20141124,1,1,1,1,1,1,128162.0
20141125,1,1,1,1,1,1,128701.0
20141126,1,1,1,1,1,1,128258.0
20141128,1,1,1,1,1,1,132417.0
20141201,1,1,1,1,1,1,129975.0
20141202,1,1,1,1,1,1,130805.0
20141203,1,1,1,1,1,1,131919.0
20141204,1,1,1,1,1,1,132170.0
20141205,1,1,1,1,0,1,133602.0
20141208,1,1,1,0,0,1,132486.0
20141209,1,1,1,0,0,1,131573.0
20141210,1,1,1,1,0,1,130193.0
20141211,1,1,1,1,0,1,131775.0
20141212,1,1,1,1,1,1,132316.0
20141215,1,1,1,1,1,1,131344.0
20141216,1,1,1,1,1,1,131079.0
20141217,1,1,1,1,1,1,133141.0
20141218,1,1,1,1,0,1,131588.0
20141219,1,1,1,1,0,1,133863.0
20141222,1,1,1,1,0,1,134913.0
20141223,1,1,1,0,0,1,134309.0
20141224,1,1,1,0,0,1,133966.0
20141226,1,1,1,0,0,1,134253.0
20141229,1,1,1,0,0,1,135672.0
20141230,1,1,1,0,0,1,134741.0
20141231,1,1,1,0,0,1,135847.0
20150102,1,1,1,0,0,1,139909.0
20150105,1,1,1,1,0,1,142004.0
20150106,1,1,1,1,1,1,143796.0
20150107,1,1,1,1,1,1,145375.0
20150108,1,1,1,1,1,1,145372.0
20150109,1,1,1,1,1,1,144522.0
20150112,1,1,1,1,1,1,145900.0
20150113,1,1,1,1,1,1,147116.0
20150114,1,1,1,1,1,1,147629.0
20150115,1,0,1,1,1,1,150504.0
20150116,1,0,1,1,1,1,149629.0
20150120,1,0,1,1,1,1,150400.0
20150121,1,0,1,1,1,1,148700.0
20150122,1,0,1,1,1,1,150938.0
20150123,1,0,1,1,1,1,154750.0
20150126,1,0,1,1,1,1,153543.0
20150127,1,0,1,1,1,1,151599.0
20150128,1,0,1,1,1,1,155622.0
20150129,1,0,1,1,1,1,155061.0
20150130,1,0,1,1,1,1,157285.0
20150202,1,0,1,1,1,1,156358.0
20150203,1,0,1,1,1,1,150908.0
20150204,1,0,1,1,1,1,151443.0
20150205,1,0,1,1,1,1,149339.0
20150206,1,0,1,1,1,1,148691.0
20150209,1,0,1,1,1,1,148186.0
20150210,1,0,1,1,1,1,147261.0
20150211,1,0,1,1,0,1,147268.0
20150212,1,0,1,1,0,1,144843.0
20150213,1,0,0,1,0,0,143638.0
20150217,1,0,0,0,0,0,142968.0
20150218,1,0,0,0,0,0,143380.0
20150219,1,0,0,0,0,0,143580.0
20150220,1,0,0,0,0,0,143193.0
20150223,1,0,0,0,0,0,143980.0
20150224,1,0,0,0,0,0,143943.0
20150225,1,0,0,0,0,0,143655.0
20150226,1,0,0,0,0,0,145693.0
20150227,1,0,0,0,0,0,145743.0
20150302,1,0,0,0,0,0,145830.0
20150303,1,0,0,0,0,1,146056.0
20150304,1,0,0,0,0,1,147462.0
20150305,1,0,0,0,0,1,147956.0
20150306,1,1,1,1,0,1,153202.0
20150309,1,1,1,1,0,1,151668.0
20150310,1,1,1,1,0,1,151505.0
20150311,1,1,1,1,0,1,153886.0
20150312,1,1,1,0,0,1,152574.0
20150313,1,1,1,0,0,1,155018.0
20150316,1,1,1,0,0,1,152662.0
20150317,1,1,1,0,0,1,151512.0
20150318,1,1,1,0,1,0,147461.0
20150319,1,1,1,0,1,0,149567.0
20150320,1,1,1,0,1,0,145736.0
20150323,1,1,1,0,1,0,143895.0
20150324,1,1,1,0,1,0,144867.0
20150325,1,0,1,0,1,1,142254.0
20150326,1,0,1,0,1,0,141217.0
20150327,1,0,1,0,1,0,140842.0
20150330,1,0,1,0,1,0,142225.0
20150331,1,0,1,0,1,0,143240.0
20150401,1,0,1,0,1,1,142926.0
20150402,1,0,1,0,1,1,140015.0
20150403,1,0,1,1,1,1,139949.0
20150406,1,0,1,1,1,1,137408.0
20150407,1,0,1,1,1,1,140529.0
20150408,1,0,1,1,1,1,140882.0
20150409,1,0,1,1,1,0,141186.0
20150410,1,0,1,1,1,0,141806.0
20150413,1,0,1,1,1,0,142379.0
20150414,1,0,1,1,1,0,141119.0
20150415,1,0,1,1,1,0,140622.0
20150416,1,0,1,1,1,0,138937.0
20150417,1,0,1,1,1,0,139095.0
20150420,1,0,1,1,1,0,139759.0
20150421,1,0,1,1,1,0,139389.0
20150422,1,0,0,1,1,0,137669.0
20150423,1,0,0,1,1,0,137059.0
20150424,1,0,0,1,1,0,136967.0
20150427,1,0,0,1,1,0,136661.0
20150428,0,0,0,1,1,0,134792.0
20150429,0,0,1,0,1,1,133407.0
20150430,1,0,1,0,1,1,133218.0
20150501,1,0,1,0,1,1,132621.0
20150504,1,0,1,0,1,1,132779.0
20150505,1,0,1,0,0,1,134312.0
20150506,1,0,1,0,0,1,138444.0
20150507,1,0,1,1,0,1,135343.0
20150508,1,0,1,1,0,1,135068.0
20150511,1,0,1,1,0,1,139286.0
20150512,1,0,1,1,0,1,140074.0
20150513,1,0,1,1,0,1,143361.0
20150514,1,0,1,1,0,1,143068.0
20150515,1,0,1,1,0,1,140608.0
20150518,1,0,1,1,0,1,140783.0
20150519,1,0,1,1,0,1,138733.0
20150520,1,1,1,1,0,1,138349.0
20150521,1,1,1,1,0,1,137002.0
20150522,1,1,1,1,0,1,136221.0
20150526,0,1,1,1,0,1,132515.0
20150527,0,1,1,1,0,1,132568.0
20150528,0,1,1,1,0,1,132586.0
20150529,0,1,1,0,0,1,131429.0
20150601,0,1,1,0,0,1,133747.0
20150602,0,1,1,1,0,1,135668.0
20150603,1,1,1,1,1,1,138735.0
20150604,1,1,1,1,1,1,136685.0
20150605,1,1,1,1,1,1,138481.0
20150608,1,1,1,1,1,1,139249.0
20150609,1,1,1,1,1,1,140634.0
20150610,1,1,1,1,1,1,142520.0
20150611,1,1,1,1,1,1,139001.0
20150612,1,1,1,1,1,1,139160.0
20150615,1,1,1,1,1,1,139101.0
20150616,1,1,1,1,1,1,137481.0
20150617,1,1,1,1,1,1,139682.0
20150618,1,1,1,1,1,1,141876.0
20150619,1,1,1,1,0,1,138102.0
20150622,1,1,1,1,0,1,141121.0
20150623,1,1,1,1,0,1,140021.0
20150624,1,1,1,1,0,1,139015.0
20150625,1,1,1,1,0,1,139421.0
20150626,1,1,1,1,0,1,141633.0
20150629,0,1,1,1,0,1,133796.0
20150630,0,1,1,1,0,1,133777.0
20150701,0,1,1,1,0,1,136355.0
20150702,0,1,1,1,0,1,135537.0
20150706,0,1,1,0,0,1,131109.0
20150707,0,1,1,0,0,0,128033.0
20150708,0,0,0,0,0,0,126914.0
20150709,0,0,0,0,0,0,126914.0
20150710,0,0,0,0,0,1,127071.0
20150713,0,1,0,0,0,1,126946.0
20150714,0,1,0,0,0,1,126484.0
20150715,0,1,0,0,0,1,125478.0
20150716,0,1,0,0,0,1,125328.0
20150717,1,1,0,0,0,1,124640.0
20150720,1,1,0,0,0,0,124677.0
20150721,1,1,0,0,0,0,122995.0
20150722,1,1,0,0,0,0,123577.0
20150723,1,1,0,0,0,0,122164.0
20150724,1,1,0,0,0,0,122345.0
20150727,1,1,0,0,0,0,120477.0
20150728,1,1,0,0,0,0,121495.0
20150729,1,1,0,0,0,0,122114.0
20150730,1,1,0,0,0,0,123570.0
20150731,1,1,0,0,0,1,122850.0
20150803,1,1,0,1,1,1,124688.0
20150804,1,1,0,1,1,1,124010.0
20150805,1,1,0,1,0,1,122210.0
20150806,1,1,0,1,0,1,123094.0
20150807,1,1,0,1,0,1,124263.0
20150810,1,1,0,1,0,1,121851.0
20150811,1,1,0,1,1,1,124950.0
20150812,0,1,0,1,1,1,123364.0
20150813,0,1,0,1,1,1,122050.0
20150814,0,1,0,1,1,1,121877.0
20150817,0,1,0,1,1,1,123607.0
20150818,0,1,0,1,1,1,121807.0
20150819,0,1,0,1,1,1,123410.0
20150820,0,0,0,1,1,1,124832.0
20150821,1,1,0,1,1,1,125380.0
20150824,1,1,1,1,1,1,133064.0
20150825,1,1,1,1,1,1,124304.0
20150826,1,1,0,1,1,1,121124.0
20150827,1,1,0,1,1,1,119825.0
20150828,1,1,1,1,1,1,117321.0
20150831,1,1,1,1,1,1,117618.0
20150901,1,1,1,1,1,1,120160.0
20150902,1,1,1,1,1,1,118241.0
20150903,0,1,1,1,1,1,118149.0
20150904,0,1,1,1,1,1,121325.0
20150908,0,1,1,1,1,1,116516.0
20150909,0,1,1,1,1,0,115052.0
20150910,0,1,1,1,1,0,114010.0
20150911,0,1,1,1,1,0,114888.0
20150914,0,1,1,1,1,0,115343.0
20150915,0,1,1,1,0,0,114206.0
20150916,0,1,1,1,0,0,112856.0
20150917,1,1,0,1,0,0,113906.0
20150918,1,1,0,1,1,0,114370.0
20150921,1,1,0,1,1,0,110790.0
20150922,0,1,0,1,1,0,111468.0
20150923,0,1,1,1,1,0,111384.0
20150924,0,1,1,1,1,0,111853.0
20150925,0,1,1,1,1,0,111115.0
20150928,0,1,1,1,1,0,112840.0
20150929,0,1,1,1,1,1,113563.0
20150930,0,1,1,1,1,1,112860.0
20151001,0,1,1,1,1,1,113272.0
20151002,0,1,1,1,1,1,115027.0
20151005,0,1,1,1,1,1,112346.0
20151006,0,1,1,1,1,1,112935.0
20151007,0,1,1,1,1,1,112080.0
20151008,0,1,1,1,1,1,110064.0
20151009,0,1,1,1,1,1,110397.0
20151012,0,1,1,1,1,1,111896.0
20151013,0,1,1,1,1,1,112844.0
20151014,1,1,0,1,1,1,116014.0
20151015,1,1,0,1,1,1,113264.0
20151016,1,1,0,1,1,1,112696.0
20151019,1,1,0,1,1,1,111396.0
20151020,1,1,0,1,1,1,109386.0
20151021,1,1,0,1,1,1,110903.0
20151022,0,1,0,1,1,1,108847.0
20151023,0,0,0,1,1,1,106396.0
20151026,0,0,0,1,1,1,107521.0
20151027,0,0,0,1,1,1,108560.0
20151028,1,0,0,1,1,1,107955.0
20151029,1,0,0,0,0,0,104841.0
20151030,1,0,0,0,0,0,104491.0
20151102,1,0,0,0,0,0,104391.0
20151103,1,0,0,0,0,0,104979.0
20151104,1,0,0,0,1,0,106362.0
20151105,1,0,0,1,1,0,105950.0
20151106,1,1,1,1,1,1,110827.0
20151109,1,1,1,1,1,1,110330.0
20151110,1,1,1,1,1,1,110168.0
20151111,1,1,1,1,1,1,109998.0
20151112,1,1,1,1,1,1,107790.0
20151113,1,1,1,1,1,1,107409.0
20151116,1,1,1,1,1,1,108690.0
20151117,1,1,1,1,1,1,108463.0
20151118,1,1,1,1,1,1,108643.0
20151119,1,1,0,1,1,1,105376.0
20151120,1,1,0,1,1,1,106771.0
20151123,1,1,0,1,1,1,106448.0
20151124,1,1,1,1,1,0,104763.0
20151125,1,1,1,1,1,0,105274.0
20151127,1,1,1,1,1,0,105778.0
20151130,1,1,1,1,1,0,106369.0
20151201,1,1,1,1,1,0,104452.0
20151202,1,1,1,1,1,0,106272.0
20151203,1,1,1,1,1,0,101457.0
20151204,1,1,1,1,1,0,103217.0
20151207,1,1,1,1,1,0,103291.0
20151208,1,1,1,1,1,0,102985.0
20151209,0,0,1,1,1,0,97819.0
20151210,0,0,1,1,1,0,98458.0
20151211,0,0,1,0,0,0,96502.0
20151214,0,0,1,0,0,0,97058.0
20151215,0,0,1,1,1,0,97488.0
20151216,0,0,1,1,1,0,97946.0
20151217,0,0,1,1,1,0,98652.0
20151218,0,1,1,1,1,0,96394.0
20151221,0,0,1,1,1,0,96446.0
20151222,0,0,1,1,1,0,97505.0
20151223,0,0,1,1,1,0,97383.0
20151224,0,0,1,1,1,0,96801.0
20151228,0,0,1,1,1,0,96960.0
20151229,0,0,1,1,1,0,98269.0
20151230,0,0,1,1,1,0,98302.0
20151231,0,0,1,1,1,0,98477.0
20160104,0,1,1,1,1,0,98585.0
20160105,1,1,1,1,1,0,98944.0
20160106,1,1,1,0,0,0,98225.0
20160107,0,1,1,0,0,0,97306.0
20160108,0,1,1,0,0,0,97762.0
20160111,0,1,1,1,0,0,97353.0
20160112,0,1,1,1,1,1,98433.0
20160113,0,1,1,1,1,1,99523.0
20160114,0,1,1,1,1,1,98134.0
20160115,0,1,1,1,1,1,102692.0
20160119,0,1,1,1,1,1,102961.0
20160120,0,1,1,1,1,1,105520.0
20160121,0,1,1,1,1,1,103329.0
20160122,0,1,1,1,1,1,100754.0
20160125,0,1,1,1,1,1,101973.0
20160126,0,1,1,1,1,1,102294.0
20160127,0,1,1,1,1,1,102704.0
20160128,0,1,1,1,1,1,102258.0
20160129,0,0,1,1,1,1,103119.0
20160201,0,0,1,1,1,1,100690.0
20160202,0,0,1,1,1,1,104801.0
20160203,1,1,1,1,1,1,104445.0
20160204,1,1,1,1,1,1,107569.0
20160205,1,1,1,1,1,1,107773.0
20160208,1,1,1,1,1,1,114639.0
20160209,1,1,1,1,1,1,115875.0
20160210,1,1,1,1,1,1,117787.0
20160211,1,1,1,1,1,1,121961.0
20160212,1,1,1,1,1,1,116625.0
20160216,1,1,1,1,1,1,115090.0
20160217,1,1,1,1,1,1,113231.0
20160218,1,1,1,1,1,1,114962.0
20160219,1,1,1,1,1,1,116540.0
20160222,1,1,1,1,1,1,115545.0
20160223,1,1,1,1,1,1,117786.0
20160224,1,1,1,1,1,1,118919.0
20160225,1,1,1,1,1,1,119109.0
20160226,0,1,1,1,1,1,114726.0
20160229,0,1,1,1,1,1,115912.0
20160301,0,1,1,1,1,1,110859.0
20160302,0,1,1,1,1,1,110626.0
20160303,0,1,1,1,1,1,110925.0
20160304,0,1,1,1,1,1,108248.0
20160307,0,1,1,1,1,1,108426.0
20160308,0,1,1,1,1,1,111900.0
20160309,0,1,1,1,1,1,109345.0
20160310,1,1,1,1,0,1,108202.0
20160311,1,1,1,0,0,1,104955.0
20160314,1,1,1,0,0,1,104868.0
20160315,1,1,1,0,0,1,106849.0
20160316,1,1,1,0,0,1,107630.0
20160317,1,1,0,0,0,1,110549.0
20160318,1,1,0,0,0,1,110236.0
20160321,1,1,0,0,0,1,108286.0
20160322,1,1,0,0,0,1,107618.0
20160323,1,1,0,0,0,1,108624.0
20160324,1,1,0,0,0,1,107749.0
20160328,1,1,0,0,0,1,108036.0
20160329,1,1,0,0,0,1,110693.0
20160330,1,1,0,0,0,1,110393.0
20160331,1,1,0,0,1,1,111923.0
20160401,1,1,0,0,1,1,112590.0
20160404,1,1,0,0,1,1,113445.0
20160405,1,1,0,1,1,1,115927.0
20160406,1,1,0,1,1,1,115972.0
20160407,1,1,0,1,1,1,119608.0
20160408,1,1,0,1,1,1,118621.0
20160411,1,1,0,1,1,1,119155.0
20160412,1,1,0,1,1,1,116469.0
20160413,1,1,0,1,1,1,115210.0
20160414,1,1,0,1,1,1,114019.0
20160415,1,1,0,1,1,1,116089.0
20160418,1,1,0,1,1,1,115311.0
20160419,1,1,0,1,1,1,115152.0
20160420,1,1,0,0,0,0,110995.0
20160421,1,1,0,0,0,0,111183.0
20160422,1,1,0,0,0,0,108120.0
20160425,1,1,0,0,0,0,108902.0
20160426,1,1,1,0,0,0,109164.0
20160427,1,1,1,0,0,0,109458.0
20160428,1,1,1,0,0,0,113514.0
20160429,1,1,1,0,0,0,116252.0
20160502,1,1,1,0,0,0,117789.0
20160503,1,1,1,0,0,0,116852.0
20160504,1,1,1,0,0,0,115952.0
20160505,1,1,1,0,0,0,114158.0
20160506,1,1,1,0,1,0,113579.0
20160509,1,1,1,0,1,0,112120.0
20160510,1,1,1,0,1,0,111150.0
20160511,1,1,1,0,1,0,112845.0
20160512,1,1,1,0,1,0,111270.0
20160513,1,1,1,0,1,0,110572.0
20160516,1,1,1,0,1,0,110198.0
20160517,1,1,1,0,1,0,110329.0
20160518,0,1,1,0,0,0,109360.0
20160519,0,1,1,0,0,0,109554.0
20160520,0,0,1,0,0,0,108197.0
20160523,0,0,1,0,0,0,108079.0
20160524,0,0,1,0,0,0,108985.0
20160525,0,0,1,0,0,0,109547.0
20160526,0,0,1,0,0,0,109191.0
20160527,0,0,1,0,0,0,109016.0
20160531,1,0,1,0,0,0,107804.0
20160601,1,0,1,0,0,0,106716.0
20160602,1,0,1,0,0,0,107279.0
20160603,0,1,1,1,0,1,107989.0
20160606,0,1,0,1,0,1,105820.0
20160607,0,1,0,1,0,1,106354.0
20160608,0,1,0,1,0,1,107064.0
20160609,0,1,0,1,0,1,108032.0
20160610,0,1,0,1,1,1,109533.0
20160613,0,1,1,1,1,1,110466.0
20160614,0,1,1,1,1,1,111655.0
20160615,0,1,1,1,1,1,111916.0
20160616,1,1,1,1,1,1,113922.0
20160617,1,1,1,1,1,1,111033.0
20160620,0,1,1,1,1,1,106838.0
20160621,0,1,1,1,1,1,104935.0
20160622,0,1,1,1,1,1,105755.0
20160623,0,1,1,1,1,1,102503.0
20160624,1,1,1,1,1,1,113958.0
20160627,1,1,1,1,1,1,123244.0
20160628,1,1,1,1,1,1,120616.0
20160629,1,1,1,1,1,1,119210.0
20160630,1,1,1,1,1,1,119210.0
20160701,1,1,1,1,1,1,120511.0
20160705,1,1,1,1,1,1,127792.0
20160706,1,1,1,1,1,1,127478.0
20160707,1,1,1,1,1,1,129453.0
20160708,1,1,1,1,1,1,130431.0
20160711,1,1,1,1,1,1,124892.0
20160712,1,1,1,1,1,1,117975.0
20160713,1,1,1,1,1,1,120261.0
20160714,1,1,1,1,1,1,115161.0
20160715,1,1,1,1,1,1,114485.0
20160718,1,1,1,1,1,1,113542.0
20160719,1,0,1,1,1,1,115727.0
20160720,1,0,1,1,1,1,114353.0
20160721,1,0,1,1,1,1,114356.0
20160722,1,0,1,1,1,1,115660.0
20160725,1,0,1,1,1,1,114872.0
20160726,1,0,1,1,1,1,115264.0
20160727,1,0,1,1,1,1,116552.0
20160728,1,0,1,1,1,1,116289.0
20160729,1,1,1,1,1,1,117955.0
20160801,1,1,1,1,1,1,116783.0
20160802,0,1,1,1,1,1,115508.0
20160803,0,1,1,1,1,1,115277.0
20160804,0,1,1,1,1,1,118066.0
20160805,0,1,1,1,1,1,114664.0
20160808,0,1,1,1,1,1,113989.0
20160809,0,1,1,1,1,1,116433.0
20160810,0,1,1,1,1,1,118396.0
20160811,0,1,1,1,1,1,115125.0
20160812,0,1,1,1,1,1,118200.0
20160815,0,1,1,1,1,1,116814.0
20160816,0,1,1,1,0,1,115881.0
20160817,0,1,1,0,0,1,116296.0
20160818,1,1,1,0,0,1,116158.0
20160819,1,1,1,0,0,0,114509.0
20160822,1,1,1,0,0,0,114109.0
20160823,1,1,1,0,0,0,113571.0
20160824,1,1,1,0,0,0,112490.0
20160825,1,1,1,0,0,0,112921.0
20160826,0,1,1,0,0,0,110415.0
20160829,0,1,1,0,0,0,110402.0
20160830,0,1,1,0,0,0,109365.0
20160831,0,0,1,0,0,0,108909.0
20160901,0,0,1,0,0,0,108009.0
20160902,0,0,1,0,0,0,107859.0
20160906,0,0,0,0,0,0,107296.0
20160907,0,0,0,0,0,0,107296.0
20160908,0,0,0,0,0,0,107296.0
20160909,0,0,0,0,0,1,107328.0
20160912,0,0,0,0,0,1,107390.0
20160913,0,0,0,1,1,1,108877.0
20160914,0,0,0,1,1,1,107502.0
20160915,0,0,0,1,1,1,107909.0
20160916,0,0,0,1,1,1,107823.0
20160919,0,0,0,1,1,1,107729.0
20160920,0,0,0,1,1,1,107354.0
20160921,0,0,0,1,1,1,106674.0
20160922,0,0,0,1,1,1,105370.0
20160923,0,0,0,1,1,1,104752.0
20160926,0,0,0,0,0,1,103865.0
20160927,0,0,0,0,0,1,102677.0
20160928,0,0,0,0,0,1,102865.0
20160929,0,0,0,0,0,1,102490.0
20160930,0,0,0,0,0,1,103958.0
20161003,0,0,1,0,0,1,104096.0
20161004,0,0,1,0,0,1,106540.0
20161005,0,0,1,0,0,1,107133.0
20161006,0,0,1,1,1,1,108708.0
20161007,0,0,1,1,1,1,109767.0
20161010,0,0,1,1,1,1,111496.0
20161011,1,0,1,1,1,1,112533.0
20161012,1,1,1,1,1,1,112969.0
20161013,1,1,1,1,1,1,109772.0
20161014,1,1,1,1,1,1,113991.0
20161017,1,1,1,1,1,1,112271.0
20161018,1,1,1,1,1,1,111317.0
20161019,1,1,1,1,1,1,111161.0
20161020,1,1,1,1,1,1,112060.0
20161021,1,1,1,1,1,1,112461.0
20161024,1,1,1,1,1,1,113703.0
20161025,1,1,1,1,1,1,113399.0
20161026,1,1,1,1,1,1,114411.0
20161027,1,1,1,1,1,1,117785.0
20161028,1,1,1,1,1,1,116216.0
20161031,1,1,1,1,1,1,115632.0
20161101,1,1,1,1,1,1,112663.0
20161102,1,1,1,1,1,1,110722.0
20161103,1,1,1,1,0,1,109487.0
20161104,1,1,1,1,0,1,108343.0
20161107,1,1,1,1,0,1,112874.0
20161108,1,1,1,1,0,1,114387.0
20161109,0,0,1,0,1,1,113743.0
20161110,1,1,1,1,1,1,116179.0
20161111,1,1,1,1,1,1,118237.0
20161114,1,1,1,1,1,1,123938.0
20161115,1,1,1,1,1,1,125521.0
20161116,1,1,1,1,1,1,125196.0
20161117,1,1,1,1,1,1,128651.0
20161118,1,1,1,1,1,1,131476.0
20161121,1,1,1,1,1,1,131163.0
20161122,1,1,1,1,1,1,131104.0
20161123,1,1,1,1,1,1,134338.0
20161125,1,1,1,1,1,1,134566.0
20161128,1,1,1,1,1,1,132346.0
20161129,1,1,1,1,1,1,130496.0
20161130,1,1,1,1,1,1,135484.0
20161201,1,1,0,1,1,1,136484.0
20161202,1,1,0,1,1,1,134198.0
20161205,1,1,0,1,1,1,132729.0
20161206,1,1,0,1,1,1,134154.0
20161207,1,1,0,1,1,1,131948.0
20161208,1,1,0,1,1,1,135532.0
20161209,1,1,0,1,1,1,139651.0
20161212,1,1,0,1,1,1,138523.0
20161213,1,1,0,1,1,1,138784.0
20161214,1,1,0,1,1,1,140899.0
20161215,1,1,0,1,1,1,145848.0
20161216,1,1,0,1,1,1,146832.0
20161219,1,1,0,1,1,1,144562.0
20161220,1,1,0,1,1,1,145973.0
20161221,1,1,0,1,1,1,144532.0
20161222,1,1,0,1,1,1,144629.0
20161223,1,1,0,1,1,1,143662.0
20161227,1,1,0,1,1,1,144555.0
20161228,1,1,0,1,1,1,142982.0
20161229,1,1,0,1,1,1,141043.0
20161230,1,1,0,1,1,1,139166.0
20170103,1,1,0,1,1,1,142062.0
20170104,1,1,0,1,1,1,141265.0
20170105,1,1,0,1,1,1,134944.0
20170106,1,1,0,1,1,1,138484.0
20170109,1,1,1,1,1,1,135473.0
20170110,1,1,1,1,1,1,135663.0
20170111,1,1,1,1,1,1,134534.0
20170112,1,1,1,1,1,1,133634.0
20170113,1,1,1,1,1,1,133580.0
20170117,1,1,0,1,1,0,127202.0
20170118,1,1,0,1,1,0,129470.0
20170119,1,1,0,1,1,0,131585.0
20170120,0,1,0,1,1,0,130269.0
20170123,0,1,0,1,1,0,128092.0
20170124,0,1,0,1,1,0,129880.0
20170125,0,1,0,1,1,1,130023.0
20170126,0,1,0,1,1,1,130133.0
20170127,0,1,0,1,1,1,129908.0
20170130,0,1,0,1,1,1,128662.0
20170131,0,0,0,1,1,1,126689.0
20170201,0,0,0,1,1,1,127314.0
20170202,0,0,0,1,0,1,126942.0
20170203,0,0,0,0,0,1,127143.0
20170206,0,0,0,0,0,0,125935.0
20170207,0,0,0,0,0,0,125935.0
20170208,0,0,0,0,0,0,125935.0
20170209,0,0,0,0,0,0,125935.0
20170210,0,0,0,0,0,0,125935.0
20170213,0,0,0,0,0,0,125935.0
20170214,0,0,0,0,0,0,125935.0
20170215,0,0,0,0,0,0,125935.0
20170216,0,0,0,0,0,0,125935.0
20170217,0,0,0,0,0,0,125935.0
20170221,0,0,0,0,0,0,125935.0
20170222,0,0,0,0,0,0,125935.0
20170223,0,0,0,0,0,0,125935.0
20170224,0,0,0,1,1,0,126186.0
20170227,0,0,0,1,1,0,125342.0
20170228,0,1,0,1,1,0,124890.0
20170301,0,1,0,0,0,0,122088.0
20170302,0,0,0,0,0,0,121344.0
20170303,0,0,0,0,0,0,121344.0
20170306,0,0,0,0,0,0,121344.0
20170307,0,0,1,0,0,0,121219.0
20170308,0,0,1,0,0,0,121425.0
20170309,0,0,1,0,1,1,121190.0
20170310,0,0,1,0,1,1,121063.0
20170313,0,0,1,0,1,1,121290.0
20170314,0,0,1,0,1,1,121234.0
20170315,0,0,1,0,1,1,118438.0
20170316,0,0,1,0,0,1,118278.0
20170317,0,0,0,0,0,1,117534.0
20170320,0,0,0,0,0,1,116972.0
20170321,1,1,0,0,0,0,116128.0
20170322,1,1,0,0,0,0,117084.0
20170323,1,1,0,0,0,0,116728.0
20170324,1,1,0,0,0,0,117278.0
20170327,1,1,0,0,0,0,118246.0
20170328,1,1,0,0,0,0,116965.0
20170329,1,1,0,0,0,0,116353.0
20170330,0,1,0,0,0,0,114678.0
20170331,0,1,0,0,0,0,114978.0
20170403,0,1,0,1,1,0,115113.0
20170404,0,1,0,1,1,0,115425.0
20170405,0,1,0,1,1,0,115213.0
20170406,0,1,0,1,1,0,115484.0
20170407,0,1,0,1,1,1,113492.0
20170410,0,1,0,1,1,1,114146.0
20170411,0,1,0,1,1,1,117571.0
20170412,0,1,0,1,1,1,117553.0
20170413,0,1,0,1,1,1,120182.0
20170417,0,1,0,1,1,1,119729.0
20170418,0,1,1,1,1,1,123981.0
20170419,0,1,1,1,1,1,122517.0
20170420,0,1,1,1,1,1,120921.0
20170421,0,1,1,1,1,1,121070.0
20170424,1,1,1,1,1,1,119176.0
20170425,1,1,1,1,1,1,117434.0
20170426,1,1,1,1,1,1,117168.0
20170427,1,1,1,1,1,1,117692.0
20170428,1,1,1,1,1,1,118279.0
20170501,1,0,1,1,1,1,116307.0
20170502,1,0,1,1,1,1,117895.0
20170503,1,0,1,1,1,1,117054.0
20170504,1,0,1,1,1,1,116500.0
20170505,1,0,1,1,1,1,117132.0
20170508,1,0,1,1,1,1,115498.0
20170509,1,1,1,1,1,0,114269.0
20170510,1,1,1,1,1,0,114321.0
20170511,1,1,1,1,1,0,113768.0
20170512,1,1,1,1,1,0,114896.0
20170515,1,1,1,1,1,0,115871.0
20170516,1,1,1,1,1,0,117010.0
20170517,1,0,1,1,1,1,118339.0
20170518,1,0,1,1,1,1,117444.0
20170519,1,0,1,1,1,1,119160.0
20170522,1,0,1,1,1,1,119161.0
20170523,1,0,1,1,1,1,117380.0
20170524,1,0,1,1,1,1,118030.0
20170525,1,0,1,1,1,1,118452.0
20170526,1,0,1,1,1,1,117318.0
20170530,1,0,1,1,1,1,118935.0
20170531,1,0,1,1,1,1,120553.0
20170601,1,0,1,1,1,1,119574.0
20170602,1,0,1,1,1,1,122353.0
20170605,1,0,1,1,1,1,121493.0
20170606,1,1,1,1,1,1,122602.0
20170607,1,1,1,1,1,1,121650.0
20170608,1,1,1,1,1,1,120666.0
20170609,1,1,0,1,1,1,118703.0
20170612,1,1,0,1,1,1,118778.0
20170613,1,1,0,1,1,1,118744.0
20170614,1,1,0,1,1,1,121597.0
20170615,1,0,0,1,1,1,118766.0
20170616,1,0,0,1,1,1,119641.0
20170619,1,0,0,1,1,1,118377.0
20170620,1,0,0,1,1,1,119549.0
20170621,1,0,0,1,1,1,119938.0
20170622,1,0,0,1,1,1,119727.0
20170623,1,0,0,1,1,1,120594.0
20170626,1,0,0,1,1,1,120733.0
20170627,1,0,0,1,1,1,120838.0
20170628,1,0,0,1,0,1,120281.0
20170629,1,1,1,0,0,1,118952.0
20170630,1,1,1,0,0,1,118902.0
20170703,1,1,1,0,0,0,117629.0
20170705,1,1,1,0,0,0,117223.0
20170706,1,1,1,1,1,0,118164.0
20170707,1,1,1,1,1,0,118260.0
20170710,1,1,0,1,1,0,117787.0
20170711,1,1,0,1,1,0,118351.0
20170712,1,1,0,1,0,0,116292.0
20170713,1,1,0,1,0,0,116252.0
20170714,1,1,1,0,0,0,116021.0
20170717,1,1,1,0,0,0,116058.0
20170718,1,1,1,0,0,0,116365.0
20170719,1,0,1,0,0,0,115265.0
20170720,1,0,1,0,0,0,116233.0
20170721,1,0,1,0,0,0,117108.0
20170724,1,0,1,0,0,0,116840.0
20170725,1,0,1,0,0,0,116921.0
20170726,1,0,1,0,0,0,117933.0
20170727,1,0,1,0,0,0,117527.0
20170728,1,0,1,0,0,0,118958.0
20170731,1,0,1,0,0,0,120115.0
20170801,1,0,1,0,0,0,119840.0
20170802,1,0,1,0,0,0,120677.0
20170803,1,0,1,0,0,0,120133.0
20170804,1,0,1,0,0,0,118215.0
20170807,1,0,1,0,0,0,118558.0
20170808,1,0,1,0,0,0,117752.0
20170809,1,0,1,0,0,0,117833.0
20170810,1,1,1,0,0,0,118083.0
20170811,1,1,0,0,1,0,118814.0
20170814,1,1,0,0,1,0,117503.0
20170815,1,1,0,0,1,0,115638.0
20170816,1,1,0,0,1,0,116669.0
20170817,1,1,0,0,1,0,116867.0
20170818,1,1,0,1,1,1,116918.0
20170821,1,1,0,1,1,1,118438.0
20170822,1,1,0,1,1,1,115980.0
20170823,1,1,0,1,1,1,118794.0
20170824,1,1,0,1,1,1,117271.0
20170825,1,1,0,1,1,1,119155.0
20170828,1,1,0,1,1,1,121016.0
20170829,1,1,0,1,1,1,120983.0
20170830,1,1,0,1,1,1,118810.0
20170831,1,1,0,1,1,1,119977.0
20170901,1,1,0,1,1,1,117894.0
20170905,1,1,0,1,1,1,123210.0
20170906,1,1,0,1,1,1,121197.0
20170907,1,1,0,1,1,1,124702.0
20170908,1,1,1,1,1,1,126179.0
20170911,1,1,1,1,1,1,121477.0
20170912,1,1,1,1,1,1,120189.0
20170913,1,0,1,1,1,1,116982.0
20170914,1,0,1,1,0,1,118568.0
20170915,1,0,1,1,0,1,119949.0
20170918,1,0,1,0,0,1,118598.0
20170919,1,0,1,0,0,1,119160.0
20170920,1,1,1,0,0,0,116868.0
20170921,1,1,1,0,0,0,118174.0
20170922,1,1,1,0,0,0,117518.0
20170925,1,1,1,0,0,0,115474.0
20170926,0,1,1,0,0,0,114968.0
20170927,0,1,1,0,1,0,115185.0
20170928,0,1,1,1,1,0,114685.0
20170929,0,1,1,1,1,0,114934.0
20171002,0,1,1,1,1,0,114425.0
20171003,0,1,1,1,1,0,114317.0
20171004,0,1,1,1,1,0,114173.0
20171005,0,1,0,1,1,0,113812.0
20171006,0,1,0,1,1,1,113721.0
20171009,0,1,0,1,1,1,113407.0
20171010,0,1,0,1,1,1,112445.0
20171011,0,1,0,1,1,1,112518.0
20171012,0,1,0,1,1,1,111593.0
20171013,0,1,0,1,1,0,109891.0
20171016,0,1,0,1,1,0,110732.0
20171017,0,1,0,1,1,0,110704.0
20171018,0,1,0,1,1,0,111846.0
20171019,0,1,0,1,1,0,111434.0
20171020,0,1,0,1,1,1,112582.0
20171023,0,1,0,1,1,1,112459.0
20171024,0,1,0,1,1,1,113239.0
20171025,0,1,0,1,1,1,114590.0
20171026,1,1,0,1,1,1,115587.0
20171027,1,1,0,1,1,1,115360.0
20171030,1,1,0,1,1,1,112418.0
20171031,1,1,0,1,1,1,112842.0
20171101,1,1,0,1,1,1,113617.0
20171102,1,1,0,1,1,1,111837.0
20171103,1,1,0,1,1,0,112177.0
20171106,1,1,0,1,1,0,111534.0
20171107,1,1,0,1,1,0,111813.0
20171108,1,1,0,1,1,0,111902.0
20171109,1,1,0,1,1,0,110762.0
20171110,1,1,0,1,1,0,111632.0
20171113,1,1,0,1,1,0,111769.0
20171114,1,1,0,1,1,0,109894.0
20171115,0,1,0,1,1,0,108479.0
20171116,0,1,0,1,1,0,108890.0
20171117,0,1,0,1,1,0,107991.0
20171120,0,1,0,1,1,0,108932.0
20171121,0,1,0,1,1,0,108799.0
20171122,0,0,0,1,1,0,107516.0
20171124,0,0,0,1,1,0,107743.0
20171127,0,0,0,1,1,0,107493.0
20171128,0,0,0,1,1,0,107735.0
20171129,0,0,0,1,1,0,108094.0
20171130,0,0,1,1,1,0,108954.0
20171201,0,0,1,1,1,0,108105.0
20171204,0,0,1,1,1,0,108454.0
20171205,0,0,1,1,1,0,108210.0
20171206,0,0,1,1,1,1,107025.0
20171207,0,0,1,1,1,1,106818.0
20171208,0,0,1,1,1,1,106373.0
20171211,0,0,1,1,1,1,106223.0
20171212,0,0,1,1,1,0,105458.0
20171213,0,0,1,1,1,0,105304.0
20171214,0,0,1,1,1,0,105647.0
20171215,0,0,1,1,1,1,105026.0
20171218,0,0,1,1,1,1,104505.0
20171219,0,0,1,1,1,0,104302.0
20171220,0,0,1,1,1,0,104675.0
20171221,0,0,1,1,1,0,104599.0
20171222,0,0,1,1,1,0,104666.0
20171226,0,0,1,1,1,0,104433.0
20171227,0,0,1,1,1,0,103950.0
20171228,1,0,1,1,1,0,104399.0
20171229,1,0,1,1,1,0,105439.0
20180102,1,0,1,1,1,0,106811.0
20180103,1,0,1,1,1,0,105735.0
20180104,1,0,1,1,1,0,106874.0
20180105,1,0,1,1,1,0,106875.0
20180108,1,0,1,1,1,0,105827.0
20180109,1,0,1,1,1,1,105670.0
20180110,1,0,1,1,1,1,106076.0
20180111,1,1,1,1,1,1,106765.0
20180112,1,1,1,1,1,1,110095.0
20180116,1,1,1,1,1,1,111985.0
20180117,1,1,1,1,1,1,112295.0
20180118,1,1,1,1,1,1,113632.0
20180119,1,1,1,1,1,1,114496.0
20180122,1,1,1,1,1,1,115668.0
20180123,1,1,1,1,1,1,115871.0
20180124,1,1,1,1,1,1,120973.0
20180125,1,1,1,1,1,1,118502.0
20180126,1,1,1,1,1,1,121201.0
20180129,1,1,1,1,1,1,120963.0
20180130,1,1,1,1,1,1,122737.0
20180131,1,1,1,1,1,1,122356.0
20180201,1,1,1,1,1,1,125460.0
20180202,1,1,1,1,1,1,125484.0
20180205,1,1,1,1,1,1,122771.0
20180206,1,1,1,1,1,1,122163.0
20180207,1,1,1,1,1,1,122256.0
20180208,1,1,1,1,1,1,123531.0
20180209,1,1,1,1,1,1,122134.0
20180212,1,1,1,1,1,1,122968.0
20180213,1,1,1,1,1,1,124929.0
20180214,1,1,1,1,1,1,129601.0
20180215,1,1,1,1,1,1,131204.0
20180216,1,1,1,1,1,1,129143.0
20180220,1,1,1,1,1,1,127343.0
20180221,1,1,1,1,1,1,127618.0
20180222,1,1,1,1,1,1,128529.0
20180223,1,1,1,1,1,1,126640.0
20180226,1,1,1,1,1,1,126260.0
20180227,1,1,1,1,1,1,125909.0
20180228,1,1,1,1,1,1,124127.0
20180301,0,1,0,1,1,1,121932.0
20180302,0,1,0,1,1,1,124254.0
20180305,0,1,0,1,1,1,124096.0
20180306,1,1,0,1,1,1,124295.0
20180307,1,1,0,1,1,1,124752.0
20180308,1,1,0,1,1,1,122623.0
20180309,1,1,0,1,1,1,122767.0
20180312,1,1,0,1,1,1,122635.0
20180313,1,1,0,1,1,1,122565.0
20180314,1,1,0,1,1,1,121607.0
20180315,1,1,0,1,1,1,120834.0
20180316,1,1,0,1,1,1,121363.0
20180319,0,1,1,1,1,1,120826.0
20180320,0,1,1,1,1,1,121102.0
20180321,0,1,1,1,1,1,122792.0
20180322,0,1,1,1,1,1,121081.0
20180323,0,1,1,1,1,1,122021.0
20180326,0,1,1,1,1,1,122304.0
20180327,0,1,1,0,1,0,119376.0
20180328,0,1,1,0,0,0,117222.0
20180329,0,1,1,0,0,0,117266.0
20180402,0,1,1,0,0,0,118060.0
20180403,0,1,1,0,0,0,117322.0
20180404,0,1,1,0,0,0,117285.0
20180405,0,1,0,0,0,0,115797.0
20180406,0,1,0,0,0,0,116435.0
20180409,0,1,0,0,0,0,116491.0
20180410,0,0,0,0,0,0,115860.0
20180411,0,0,0,0,0,0,115860.0
20180412,0,0,0,0,0,0,115860.0
20180413,0,0,1,0,0,0,115572.0
20180416,0,0,1,0,0,0,116160.0
20180417,0,0,1,0,0,0,115866.0
20180418,0,0,1,0,0,0,115347.0
20180419,0,0,1,0,1,0,114525.0
20180420,0,0,0,0,1,0,114499.0
20180423,0,1,0,1,1,0,114838.0
20180424,1,1,0,1,1,0,114327.0
20180425,1,1,0,1,1,1,116246.0
20180426,1,1,0,1,1,1,116265.0
20180427,1,1,1,1,1,1,114757.0
20180430,1,1,1,1,1,1,115026.0
20180501,1,1,1,1,1,1,118569.0
20180502,1,1,1,1,1,1,118455.0
20180503,1,1,1,1,1,1,117490.0
20180504,1,1,1,1,1,0,117394.0
20180507,1,1,1,1,1,0,117736.0
20180508,1,1,1,1,1,0,119023.0
20180509,1,1,1,1,1,0,119950.0
20180510,1,1,1,1,1,0,118942.0
20180511,1,1,1,1,1,0,118481.0
20180514,1,1,1,1,1,0,118984.0
20180515,1,1,1,1,1,1,123074.0
20180516,1,1,1,1,1,1,123924.0
20180517,1,1,1,1,1,1,124900.0
20180518,1,1,1,1,1,1,124036.0
20180521,1,1,1,1,1,1,124871.0
20180522,1,1,1,1,1,1,124613.0
20180523,1,1,1,1,1,1,123419.0
20180524,1,1,1,1,1,1,121317.0
20180525,1,1,1,0,1,0,121082.0
20180529,1,1,1,1,1,1,122218.0
20180530,1,1,1,1,1,1,119237.0
20180531,1,1,1,1,1,1,119225.0
20180601,1,1,1,0,0,1,117659.0
20180604,1,1,1,0,0,0,116822.0
20180605,1,1,1,0,0,0,116172.0
20180606,1,1,1,0,0,0,115847.0
20180607,1,1,1,0,0,0,114828.0
20180608,1,1,1,0,0,0,115147.0
20180611,1,1,1,0,0,0,115734.0
20180612,1,1,1,0,0,0,116609.0
20180613,1,1,1,0,0,0,116672.0
20180614,1,1,1,0,0,0,119541.0
20180615,1,1,1,0,0,0,119422.0
20180618,1,1,1,0,0,0,119459.0
20180619,1,1,1,0,0,0,120016.0
20180620,1,1,1,0,0,0,120122.0
20180621,1,1,1,0,0,0,118734.0
20180622,1,1,1,0,0,0,118241.0
20180625,1,1,1,0,0,0,117159.0
20180626,1,1,1,0,0,0,118872.0
20180627,1,1,1,1,0,1,120906.0
20180628,1,1,1,1,0,1,121303.0
20180629,1,1,1,1,0,1,119403.0
20180702,1,1,1,1,0,1,120281.0
20180703,1,1,1,1,0,1,120021.0
20180705,1,1,1,1,0,1,119671.0
20180706,1,1,1,1,0,1,118546.0
20180709,1,1,1,1,0,1,118209.0
20180710,1,1,1,1,0,1,118487.0
20180711,1,1,1,1,0,1,121253.0
20180712,1,1,1,1,0,1,121478.0
20180713,1,1,1,1,0,1,121775.0
20180716,1,1,1,1,0,1,120506.0
20180717,1,1,1,1,0,1,122246.0
20180718,1,1,1,1,0,1,122478.0
20180719,1,1,1,1,0,1,123293.0
20180720,1,1,1,1,0,1,119237.0
20180723,1,1,1,0,0,0,118506.0
20180724,1,1,1,0,0,0,118075.0
20180725,1,1,1,0,0,0,117300.0
20180726,1,1,1,0,0,0,118844.0
20180727,1,1,1,0,0,0,118469.0
20180730,1,1,1,0,0,0,117712.0
20180731,1,1,1,0,0,0,118781.0
20180801,1,1,1,0,0,0,118937.0
20180802,1,1,1,0,0,0,120750.0
20180803,1,1,1,0,0,0,120544.0
20180806,1,1,1,0,0,0,121387.0
20180807,1,1,1,0,0,0,121006.0
20180808,1,1,1,0,0,0,120519.0
20180809,1,1,1,0,0,0,121906.0
20180810,1,1,1,0,0,0,123812.0
20180813,1,0,1,0,0,0,123631.0
20180814,1,0,1,0,0,0,124600.0
20180815,1,0,1,0,0,0,124637.0
20180816,1,0,1,0,0,0,124337.0
20180817,1,0,1,0,0,0,123125.0
20180820,1,0,1,0,0,0,122619.0
20180821,1,0,1,0,0,0,120575.0
20180822,1,0,1,1,0,0,120201.0
20180823,1,0,1,1,0,0,121469.0
20180824,1,0,1,1,0,1,119841.0
20180827,0,0,1,1,0,1,118351.0
20180828,0,0,1,1,0,1,117569.0
20180829,0,0,1,1,0,1,116754.0
20180830,0,0,1,1,0,1,117373.0
20180831,0,0,1,1,0,1,117838.0
20180904,0,0,1,1,0,0,117301.0
20180905,0,0,1,0,0,0,116916.0
20180906,0,0,1,0,0,0,116697.0
20180907,0,0,1,0,0,0,116759.0
20180910,0,0,1,0,0,0,116109.0
20180911,0,0,0,0,1,0,115866.0
20180912,0,0,0,0,1,0,115827.0
20180913,0,0,0,0,1,0,115851.0
20180914,0,1,0,1,1,1,116050.0
20180917,0,1,0,1,1,1,116086.0
20180918,0,1,0,1,1,1,118069.0
20180919,0,1,0,1,1,1,119019.0
20180920,0,1,1,1,1,1,118982.0
20180921,0,1,1,1,1,1,117644.0
20180924,0,1,1,1,1,1,118225.0
20180925,0,1,1,1,1,1,119618.0
20180926,0,1,1,1,1,1,118319.0
20180927,0,1,1,1,1,1,118208.0
20180928,0,1,0,1,1,1,118141.0
20181001,0,1,0,1,1,1,119219.0
20181002,0,1,0,1,1,1,118188.0
20181003,1,1,0,1,1,1,121643.0
20181004,1,1,0,1,1,1,122266.0
20181005,1,1,0,1,1,1,122911.0
20181008,1,1,0,1,1,1,122803.0
20181009,1,1,0,1,1,1,121946.0
20181010,1,1,0,1,1,1,121708.0
20181011,1,1,1,1,1,1,117747.0
20181012,1,1,1,1,1,1,117928.0
20181015,1,1,1,1,1,1,118269.0
20181016,1,1,1,1,1,1,118572.0
20181017,1,1,1,1,1,1,119997.0
20181018,1,1,0,1,1,1,119513.0
20181019,1,1,0,1,1,1,120096.0
20181022,1,1,0,1,1,1,120707.0
20181023,1,1,0,1,1,1,119561.0
20181024,1,1,0,1,1,1,119377.0
20181025,1,1,1,1,1,1,120077.0
20181026,1,0,1,0,0,1,116567.0
20181029,1,0,1,0,0,1,117073.0
20181030,1,1,1,0,0,1,118861.0
20181031,1,1,1,1,0,1,119610.0
20181101,1,1,0,1,0,1,116201.0
20181102,1,1,0,1,1,1,119003.0
20181105,1,1,0,1,1,1,117994.0
20181106,1,1,0,1,1,1,118644.0
20181107,1,1,0,1,1,1,118208.0
20181108,1,1,0,1,1,1,120662.0
20181109,1,1,0,1,1,1,119458.0
20181112,1,1,0,1,1,1,119697.0
20181113,1,1,0,1,1,1,119053.0
20181114,1,1,0,0,0,1,116931.0
20181115,1,1,1,0,0,1,117137.0
20181116,1,1,1,0,0,1,114644.0
20181119,1,1,1,0,1,1,113443.0
20181120,1,1,1,0,1,0,115067.0
20181121,1,1,1,0,1,0,115100.0
20181123,1,1,1,0,1,0,115467.0
20181126,1,1,1,0,1,0,116251.0
20181127,1,1,1,0,1,0,117392.0
20181128,1,1,1,0,1,0,115640.0
20181129,1,1,1,1,1,0,115767.0
20181130,1,1,1,1,1,0,117389.0
20181203,1,1,1,1,1,1,117277.0
20181204,1,1,1,1,1,1,118741.0
20181205,1,1,1,1,1,1,119028.0
20181206,1,0,1,1,1,1,119441.0
20181207,1,0,1,1,1,1,119727.0
20181210,1,0,1,1,1,1,121872.0
20181211,1,0,1,1,1,1,121747.0
20181212,1,0,1,1,1,1,119822.0
20181213,1,0,1,1,1,1,119495.0
20181214,1,0,1,1,1,1,121339.0
20181217,1,0,1,1,1,1,121380.0
20181218,1,0,1,1,1,1,122309.0
20181219,1,0,1,1,1,1,123773.0
20181220,0,1,1,1,1,1,122064.0
20181221,0,1,1,1,1,1,122139.0
20181224,0,1,1,1,1,1,123845.0
20181226,0,1,1,1,1,1,122011.0
20181227,0,1,1,1,1,1,124148.0
20181228,0,1,1,1,1,1,124375.0
20181231,0,1,1,1,1,1,125928.0
20190102,0,1,1,1,1,1,128181.0
20190103,0,1,1,1,1,1,133098.0
20190104,0,1,1,1,1,1,128398.0
20190107,0,1,1,1,1,1,127302.0
20190108,0,1,1,1,1,1,126567.0
20190109,0,1,1,1,1,1,126008.0
20190110,0,1,1,1,1,1,125878.0
20190111,0,1,0,1,1,1,125984.0
20190114,0,1,0,1,1,1,125891.0
20190115,0,1,0,1,1,1,125500.0
20190116,0,1,0,1,1,1,124638.0
20190117,0,1,0,1,1,1,123738.0
20190118,0,1,0,1,1,1,122095.0
20190122,0,1,0,1,1,1,124125.0
20190123,0,1,1,1,1,1,123072.0
20190124,0,1,1,1,1,1,124236.0
20190125,0,1,1,1,1,1,123944.0
20190128,0,1,1,1,1,1,124128.0
20190129,0,1,1,1,1,1,124802.0
20190130,0,1,1,1,1,1,125717.0
20190131,0,1,1,1,1,1,127441.0
20190201,0,1,1,1,1,1,124975.0
20190204,0,1,1,1,1,1,123263.0
20190205,0,1,1,1,1,1,123325.0
20190206,0,1,1,1,1,1,123200.0
20190207,0,1,1,1,1,1,124875.0
20190208,0,1,1,1,1,1,125313.0
20190211,1,1,0,1,1,1,123259.0
20190212,1,0,0,1,1,1,121750.0
20190213,1,0,0,1,1,1,121944.0
20190214,1,0,0,1,1,1,123022.0
20190215,1,0,0,1,1,1,122931.0
20190219,1,0,1,1,1,1,122952.0
20190220,1,0,1,1,1,1,122452.0
20190221,1,0,1,1,1,1,121294.0
20190222,1,0,1,1,1,1,122467.0
20190225,1,0,1,1,1,1,121922.0
20190226,1,0,1,1,1,1,123775.0
20190227,1,0,1,1,1,1,122377.0
20190228,1,1,1,1,1,0,121079.0
20190301,1,1,1,0,0,0,121103.0
20190304,1,1,1,0,0,0,121065.0
20190305,1,1,1,0,0,0,121578.0
20190306,1,1,1,0,0,0,121465.0
20190307,1,1,1,0,0,0,122184.0
20190308,1,1,1,1,0,0,120447.0
20190311,1,1,1,1,0,0,121397.0
20190312,1,1,1,1,0,0,120557.0
20190313,1,1,1,1,0,0,120754.0
20190314,1,1,1,1,0,0,121829.0
20190315,1,1,1,1,0,0,121901.0
20190318,1,1,1,1,0,0,121294.0
20190319,1,1,1,1,0,0,121154.0
20190320,0,1,1,1,1,0,120170.0
20190321,0,1,0,1,1,1,118489.0
20190322,1,0,0,1,1,1,119727.0
20190325,1,0,0,1,1,1,120553.0
20190326,1,0,0,1,1,1,121189.0
20190327,1,0,0,1,1,1,122774.0
20190328,1,0,0,1,1,1,122931.0
20190329,1,0,0,1,1,1,122199.0
20190401,1,1,0,1,1,1,120227.0
20190402,1,1,0,1,1,1,120785.0
20190403,1,1,0,1,1,1,119147.0
20190404,1,1,0,1,1,1,119827.0
20190405,1,1,0,1,1,1,120275.0
20190408,1,1,0,1,1,1,119020.0
20190409,1,1,0,1,1,1,119222.0
20190410,1,1,0,1,1,1,119556.0
20190411,1,1,0,1,1,1,119619.0
20190412,1,1,0,1,1,1,117969.0
20190415,1,1,0,1,1,1,118060.0
20190416,1,1,0,1,1,1,117041.0
20190417,1,1,0,0,0,0,116741.0
20190418,1,1,0,0,0,0,117566.0
20190422,1,1,0,0,0,0,117166.0
20190423,1,1,0,0,0,0,117628.0
20190424,1,1,1,0,0,0,119041.0
20190425,1,1,1,0,0,0,118678.0
20190426,1,1,1,0,1,0,118143.0
20190429,1,1,1,0,1,0,117753.0
20190430,1,1,1,0,1,0,116446.0
20190501,1,1,0,1,1,0,116210.0
20190502,1,1,0,1,1,0,115738.0
20190503,1,1,0,0,0,0,114720.0
20190506,1,0,0,1,1,1,113079.0
20190507,1,0,0,1,1,1,114896.0
20190508,1,0,0,1,1,1,113846.0
20190509,1,1,0,1,1,1,114417.0
20190510,1,1,0,1,1,1,114088.0
20190513,1,1,0,1,1,1,116235.0
20190514,1,1,1,1,1,1,115784.0
20190515,1,1,1,1,1,1,117551.0
20190516,1,1,1,1,1,1,117137.0
20190517,1,1,1,1,1,1,117753.0
20190520,1,1,1,1,1,1,117165.0
20190521,1,1,1,1,1,1,116320.0
20190522,1,1,1,1,1,1,117878.0
20190523,1,1,1,1,1,1,121493.0
20190524,1,1,1,1,1,1,119962.0
20190528,1,1,1,1,1,1,122560.0
20190529,1,1,1,1,1,1,124274.0
20190530,1,1,1,1,1,1,124670.0
20190531,1,1,1,1,1,1,127785.0
20190603,1,1,1,1,1,1,128710.0
20190604,0,1,1,1,1,1,126779.0
20190605,0,1,1,1,1,1,126304.0
20190606,0,1,1,1,1,1,126238.0
20190607,0,1,1,1,1,1,127628.0
20190610,0,1,1,1,1,1,125856.0
20190611,0,1,1,1,1,1,125760.0
20190612,0,1,1,1,1,1,126288.0
20190613,0,1,1,1,1,1,127768.0
20190614,0,1,1,1,1,1,128060.0
20190617,0,1,1,1,1,1,128634.0
20190618,0,1,1,1,1,1,129243.0
20190619,0,1,1,1,1,1,130201.0
20190620,0,1,1,1,1,1,131362.0
20190621,1,1,1,1,1,1,128895.0
20190624,1,1,1,1,1,1,130849.0
20190625,1,1,1,1,1,1,131784.0
20190626,1,1,1,1,1,1,129190.0
20190627,1,1,1,1,1,1,130718.0
20190628,1,1,1,1,1,1,130362.0
20190701,1,1,1,1,1,1,127812.0
20190702,0,1,1,1,1,1,130354.0
20190703,0,1,1,1,1,1,131204.0
20190705,0,1,1,1,1,1,127710.0
20190708,0,1,1,1,1,1,128065.0
20190709,0,1,1,1,1,1,127574.0
20190710,0,1,1,1,1,1,127704.0
20190711,0,1,1,1,1,1,125698.0
20190712,0,1,1,1,1,1,126503.0
20190715,0,1,1,1,1,1,127173.0
20190716,0,1,1,1,1,1,126553.0
20190717,0,1,1,1,1,1,128432.0
20190718,0,1,1,1,1,1,129117.0
20190719,0,1,1,1,1,1,128631.0
20190722,0,1,1,1,1,1,128926.0
20190723,1,1,1,1,1,1,127953.0
20190724,1,1,1,1,1,1,128685.0
20190725,1,0,1,1,1,1,127542.0
20190726,1,0,1,1,1,1,128126.0
20190729,1,0,1,1,1,1,129701.0
20190730,1,0,1,1,1,1,129648.0
20190731,1,0,1,1,0,1,131243.0
20190801,1,0,1,1,1,1,135115.0
20190802,1,1,1,1,1,1,136344.0
20190805,1,1,1,1,1,1,139644.0
20190806,1,1,1,1,1,1,139230.0
20190807,1,1,1,1,1,1,141374.0
20190808,1,1,1,1,1,1,140924.0
20190809,1,1,1,1,1,1,140949.0
20190812,1,1,1,1,1,1,144157.0
20190813,1,1,1,1,1,1,141805.0
20190814,1,1,1,1,1,1,146141.0
20190815,1,1,1,1,1,1,147552.0
20190816,1,1,1,1,1,1,147084.0
20190819,1,1,1,1,1,1,144994.0
20190820,1,1,1,1,1,1,146116.0
20190821,1,1,1,1,1,1,145659.0
20190822,1,1,1,1,1,1,143954.0
20190823,1,1,1,1,1,1,146737.0
20190826,1,1,1,1,1,1,146055.0
20190827,1,1,1,1,1,1,148044.0
20190828,1,1,1,1,1,1,149148.0
20190829,1,1,1,1,1,1,147637.0
20190830,1,1,1,1,1,1,149337.0
20190903,1,1,1,1,1,1,151484.0
20190904,1,1,1,1,1,1,149780.0
20190905,1,0,1,1,1,1,144698.0
20190906,1,0,1,1,1,1,145713.0
20190909,1,0,1,1,1,1,142752.0
20190910,1,0,1,1,0,1,139907.0
20190911,1,0,1,1,0,1,139839.0
20190912,1,0,1,0,0,1,137391.0
20190913,1,0,0,0,1,0,135790.0
20190916,1,0,0,0,1,0,136272.0
20190917,1,1,0,0,1,0,135179.0
20190918,1,1,0,0,0,0,135421.0
20190919,1,1,1,0,0,0,134671.0
20190920,1,1,1,0,0,0,134509.0
20190923,1,1,1,0,0,1,133651.0
20190924,1,0,1,0,0,1,134626.0
20190925,1,0,0,0,0,1,132757.0
20190926,1,0,0,0,0,1,134013.0
20190927,1,0,0,0,0,1,133932.0
20190930,1,0,0,0,0,1,134382.0
20191001,1,1,0,0,0,1,133688.0
20191002,1,1,0,0,0,1,133495.0
20191003,1,0,0,1,1,1,134755.0
20191004,1,0,0,1,1,1,135420.0
20191007,1,0,0,1,1,1,134276.0
20191008,1,0,0,1,1,1,134986.0
20191009,1,0,0,1,1,1,133092.0
20191010,1,0,0,1,1,1,130478.0
20191011,1,1,1,0,0,0,129246.0
20191014,1,1,1,0,0,0,128702.0
20191015,1,1,1,0,0,0,130483.0
20191016,1,1,1,0,0,0,130296.0
20191017,0,1,1,0,0,0,130058.0
20191018,0,1,1,0,0,0,130258.0
20191021,0,1,1,0,0,0,130571.0
20191022,0,1,1,0,0,0,129871.0
20191023,0,1,1,0,0,0,130252.0
20191024,0,1,1,0,0,0,129971.0
20191025,0,1,1,0,0,0,129827.0
20191028,0,1,1,1,1,1,130635.0
20191029,0,1,1,1,1,1,129905.0
20191030,0,1,1,1,1,1,129043.0
20191031,0,1,1,1,1,1,125188.0
20191101,0,1,1,1,1,1,126675.0
20191104,0,1,1,1,1,1,128546.0
20191105,0,1,1,1,1,1,131772.0
20191106,0,1,1,1,1,1,129575.0
20191107,0,1,1,1,1,1,133575.0
20191108,0,1,1,1,1,1,133396.0
20191111,0,1,1,1,1,1,133677.0
20191112,0,1,1,1,1,1,132861.0
20191113,0,1,1,1,1,1,131368.0
20191114,0,1,1,1,1,1,129458.0
20191115,0,1,1,1,1,1,130772.0
20191118,0,1,1,1,1,1,130144.0
20191119,0,1,1,1,1,1,129061.0
20191120,0,1,1,1,1,1,127714.0
20191121,0,1,1,1,1,1,128694.0
20191122,0,1,1,1,1,1,128172.0
20191125,0,1,1,1,1,1,128691.0
20191126,0,1,1,1,1,0,127575.0
20191127,0,1,1,1,1,0,128884.0
20191129,0,1,1,1,1,0,128939.0
20191202,0,1,1,1,1,0,129220.0
20191203,0,1,1,0,0,0,127529.0
20191204,0,1,1,0,0,0,128579.0
20191205,0,1,1,0,0,0,128779.0
20191206,0,1,1,0,0,0,128447.0
20191209,0,1,1,0,0,0,128579.0
20191210,0,1,1,0,0,0,129041.0
20191211,0,1,1,0,0,0,128822.0
20191212,0,1,1,1,1,1,129334.0
20191213,1,1,1,1,1,1,127378.0
20191216,1,1,1,1,1,1,130378.0
20191217,1,1,1,1,1,1,128782.0
20191218,1,1,1,1,1,1,129443.0
20191219,1,1,1,1,1,1,128290.0
20191220,0,1,1,1,1,1,128189.0
20191223,0,1,1,1,1,1,128268.0
20191224,0,1,1,1,1,1,127595.0
20191226,0,1,1,1,1,1,127959.0
20191227,0,1,1,1,1,1,127357.0
20191230,1,1,1,1,1,1,127662.0
20191231,1,1,1,1,1,1,129132.0
20200102,1,0,1,1,1,1,126274.0
20200103,1,0,1,0,0,0,123104.0
20200106,1,0,1,0,0,0,123922.0
20200107,1,0,1,0,0,0,123060.0
20200108,0,0,1,0,0,0,122685.0
20200109,0,1,1,0,0,0,122479.0
20200110,0,1,1,0,0,0,122516.0
20200113,0,1,0,0,0,0,122566.0
20200114,0,1,0,0,0,0,122641.0
20200115,0,1,0,0,0,0,122579.0
20200116,0,1,0,0,0,0,122822.0
20200117,0,1,0,0,0,0,122835.0
20200121,0,1,0,0,0,0,122479.0
20200122,0,1,0,0,0,0,122585.0
20200123,1,1,0,0,0,0,122104.0
20200124,1,1,0,1,1,1,122443.0
20200127,1,1,0,1,1,1,124617.0
20200128,1,1,0,1,1,1,123706.0
20200129,1,1,0,1,1,1,125187.0
20200130,1,0,0,1,1,1,125842.0
20200131,1,0,0,1,1,1,126324.0
20200203,1,0,0,1,1,1,126735.0
20200204,1,0,0,1,1,1,124251.0
20200205,1,1,0,1,1,1,123446.0
20200206,1,1,0,1,1,1,124120.0
20200207,1,1,0,1,1,1,126292.0
20200210,1,1,0,1,1,1,127668.0
20200211,1,1,0,1,1,1,126387.0
20200212,1,1,0,1,1,1,126171.0
20200213,1,1,0,1,1,1,126515.0
20200214,1,1,0,1,1,1,127396.0
20200218,1,1,0,1,1,1,129179.0
20200219,1,1,0,1,1,1,130498.0
20200220,1,1,1,1,1,1,132520.0
20200221,1,1,1,1,1,1,132360.0
20200224,1,1,1,1,1,1,135098.0
20200225,1,1,1,1,1,1,135160.0
20200226,1,1,1,1,1,1,136392.0
20200227,1,1,1,1,1,1,135738.0
20200228,1,1,1,1,1,1,139301.0
20200302,1,1,1,1,1,1,138682.0
20200303,1,1,1,1,1,1,141310.0
20200304,1,1,1,1,1,1,140878.0
20200305,1,1,1,1,1,1,144488.0
20200306,1,1,1,1,1,1,154842.0
20200309,1,1,0,1,1,1,168113.0
20200310,1,1,0,1,1,1,153660.0
20200311,1,1,1,1,1,1,154642.0
20200312,0,1,1,1,1,1,151743.0
20200313,0,1,1,1,1,1,146795.0
20200316,1,1,1,1,1,1,155576.0
20200317,0,1,1,1,1,1,142878.0
20200318,1,0,1,1,1,1,137834.0
20200319,1,1,1,1,1,1,147051.0
20200320,1,1,1,1,1,1,153507.0
20200323,1,1,1,1,1,1,158770.0
20200324,1,1,1,1,1,1,154843.0
20200325,1,1,1,1,1,1,151407.0
20200326,1,1,1,1,1,1,146432.0
20200327,0,0,1,1,1,1,145240.0
20200330,0,0,1,1,1,1,148285.0
20200331,0,0,1,1,1,1,146117.0
20200401,0,0,1,1,1,1,148957.0
20200402,1,0,1,1,1,1,149185.0
20200403,1,0,1,1,1,1,151818.0
20200406,1,0,1,1,1,1,148665.0
20200407,1,0,1,1,1,1,145057.0
20200408,1,0,1,1,1,1,144382.0
20200409,1,0,1,1,1,1,144390.0
20200413,1,0,1,1,1,1,143032.0
20200414,1,0,1,1,1,1,141517.0
20200415,1,0,1,1,1,1,146949.0
20200416,1,0,1,1,1,1,149404.0
20200417,1,0,1,1,1,1,146943.0
20200420,1,0,1,1,1,1,148460.0
20200421,1,0,1,1,1,1,151470.0
20200422,1,0,1,1,1,1,149884.0
20200423,1,0,1,1,1,1,150463.0
20200424,1,0,1,1,1,1,151054.0
20200427,1,0,1,1,1,1,148118.0
20200428,1,0,1,1,1,1,149818.0
20200429,1,0,1,1,1,1,148803.0
20200430,1,0,0,1,1,1,146835.0
20200501,0,0,0,1,1,1,145804.0
20200504,0,0,0,1,1,1,146031.0
20200505,0,0,0,1,1,1,145437.0
20200506,0,0,0,1,1,1,143531.0
20200507,0,0,0,1,1,1,147101.0
20200508,0,0,0,1,1,1,145179.0
20200511,0,0,0,1,1,1,143492.0
20200512,0,0,0,1,1,1,145249.0
20200513,0,0,0,1,1,1,146468.0
20200514,0,0,0,1,1,1,147718.0
20200515,0,0,0,1,1,1,146906.0
20200518,0,0,1,1,1,1,142371.0
20200519,0,0,1,1,1,0,142133.0
20200520,0,0,1,1,1,0,142764.0
20200521,0,0,1,1,1,0,142686.0
20200522,0,0,1,1,1,0,143224.0
20200526,0,0,1,1,1,0,141861.0
20200527,0,0,1,1,1,0,142616.0
20200528,0,0,1,1,1,0,141831.0
20200529,0,0,0,1,1,0,142333.0
20200601,0,0,0,1,1,0,142294.0
20200602,1,0,0,1,1,0,141785.0
20200603,1,0,0,0,1,0,141614.0
20200604,1,0,0,0,0,0,142810.0
20200605,1,1,1,0,0,1,141898.0
20200608,1,1,1,0,0,1,140654.0
20200609,1,0,1,0,0,1,139123.0
20200610,1,0,1,0,0,1,138298.0
20200611,1,0,1,0,0,0,134304.0
20200612,1,0,1,0,0,0,132779.0
20200615,1,0,1,0,0,0,134447.0
20200616,1,0,1,0,0,0,133829.0
20200617,1,0,1,0,0,0,133079.0
20200618,1,0,1,0,0,0,132035.0
20200619,1,0,0,0,0,0,131610.0
20200622,1,0,0,0,0,0,132541.0
20200623,1,0,0,0,0,0,133179.0
20200624,1,0,0,0,0,0,132516.0
20200625,1,0,0,0,0,0,131966.0
20200626,1,0,0,0,0,0,132097.0
20200629,1,0,0,0,1,0,132146.0
20200630,1,0,0,0,1,0,132109.0
20200701,1,0,0,0,1,0,132093.0
20200702,1,0,0,0,1,0,131970.0
20200706,1,0,0,0,1,0,133007.0
20200707,1,0,0,0,1,0,132687.0
20200708,1,0,0,0,1,0,133337.0
20200709,1,0,0,0,1,0,132916.0
20200710,1,0,0,0,1,1,131242.0
20200713,1,0,0,0,1,1,131736.0
20200714,1,0,0,0,1,1,132971.0
20200715,1,0,0,0,1,1,132536.0
20200716,1,0,0,0,1,1,132721.0
20200717,1,0,0,0,1,1,132925.0
20200720,1,0,0,0,1,1,133227.0
20200721,1,0,1,0,1,1,135124.0
20200722,1,0,1,0,1,1,135810.0
20200723,1,0,1,0,1,1,136805.0
20200724,1,1,1,1,1,1,137275.0
20200727,1,1,1,1,1,1,139291.0
20200728,1,1,1,1,1,1,140877.0
20200729,1,1,1,1,1,1,141512.0
20200730,1,1,1,1,1,1,144786.0
20200731,1,1,1,1,1,1,143364.0
20200803,1,1,1,1,1,1,141689.0
20200804,1,1,1,1,1,1,143781.0
20200805,1,1,1,1,1,1,144252.0
20200806,1,1,1,1,1,1,144942.0
20200807,1,1,1,1,1,1,141814.0
20200810,1,1,1,1,1,1,141014.0
20200811,1,1,1,1,1,1,137137.0
20200812,1,0,1,0,1,0,136226.0
20200813,1,0,1,0,0,0,136412.0
20200814,1,0,1,0,0,0,137137.0
20200817,1,0,1,0,0,0,137543.0
20200818,1,1,1,0,0,0,139600.0
20200819,1,1,1,0,0,0,137187.0
20200820,1,1,1,0,0,0,137906.0
20200821,1,1,1,0,0,0,136293.0
20200824,1,1,1,0,0,0,135962.0
20200825,1,1,1,0,0,0,136587.0
20200826,1,1,1,0,0,0,137000.0
20200827,1,1,1,0,0,0,136531.0
20200828,1,0,1,0,0,1,137626.0
20200831,1,0,1,0,0,1,137470.0
20200901,1,0,1,0,0,1,136551.0
20200902,1,0,1,0,0,1,134226.0
20200903,1,0,1,0,0,0,133988.0
20200904,1,0,1,0,0,0,134045.0
20200908,1,0,1,0,0,0,131288.0
20200909,1,0,1,0,0,0,131626.0
20200910,1,0,0,0,0,0,130926.0
20200911,1,0,0,0,0,0,130988.0
20200914,1,0,0,0,0,0,131413.0
20200915,1,0,0,0,0,0,131257.0
20200916,1,1,0,0,0,0,130638.0
20200917,1,1,0,0,0,0,131501.0
20200918,1,1,0,0,0,0,131826.0
20200921,1,1,0,0,0,0,130313.0
20200922,1,1,0,0,0,0,129538.0
20200923,0,1,0,0,0,0,128745.0
20200924,0,1,0,0,0,0,128732.0
20200925,0,1,1,0,0,0,128270.0
20200928,0,1,1,0,0,0,127720.0
20200929,0,1,1,0,0,0,127363.0
20200930,0,1,1,0,0,0,127332.0
20201001,0,1,0,0,0,0,126876.0
20201002,0,1,0,0,0,0,127070.0
20201005,0,1,0,0,0,1,127502.0
20201006,0,1,0,0,0,1,127214.0
20201007,0,0,0,1,1,1,127867.0
20201008,0,0,0,1,1,1,127031.0
20201009,0,0,0,1,1,1,127335.0
20201012,0,0,0,1,1,1,126898.0
20201013,0,0,0,1,1,1,125624.0
20201014,0,0,0,1,1,1,125421.0
20201015,0,0,0,0,1,1,125357.0
20201016,0,0,0,0,1,1,125724.0
20201019,0,0,0,0,1,1,126193.0
20201020,0,0,0,0,1,1,127232.0
20201021,0,1,0,1,1,1,127662.0
20201022,0,1,0,1,1,1,128394.0
20201023,0,1,0,1,1,1,128249.0
20201026,0,1,0,1,1,1,126729.0
20201027,0,1,0,1,1,1,126373.0
20201028,0,1,0,1,1,1,126643.0
20201029,0,1,0,1,1,1,127963.0
20201030,1,1,0,1,1,1,128579.0
20201102,1,1,0,1,1,1,128213.0
20201103,1,1,0,1,1,1,128529.0
20201104,1,1,0,1,1,1,124843.0
20201105,0,1,0,0,0,0,123587.0
20201106,0,1,0,0,0,0,123912.0
20201109,0,0,0,1,1,1,124952.0
20201110,0,0,0,1,1,1,125343.0
20201111,0,0,1,1,1,1,124013.0
20201112,0,0,1,1,1,1,120998.0
20201113,0,0,1,1,1,1,121531.0
20201116,0,0,1,1,1,1,121995.0
20201117,0,1,1,1,1,1,121266.0
20201118,0,1,1,1,1,1,122049.0
20201119,0,1,1,1,1,1,120959.0
20201120,0,1,1,1,1,1,120065.0
20201123,0,1,1,1,1,1,120412.0
20201124,0,1,1,1,1,1,121124.0
20201125,0,1,1,1,1,1,121513.0
20201127,1,1,1,1,1,1,120221.0
20201130,1,1,1,1,1,1,120018.0
20201201,1,1,1,1,1,1,124979.0
20201202,1,1,1,1,1,1,125556.0
20201203,1,1,1,1,1,1,126276.0
20201204,1,1,1,1,1,1,127612.0
20201207,1,1,1,1,1,1,125891.0
20201208,1,1,1,1,1,1,124584.0
20201209,1,1,1,1,1,1,125196.0
20201210,1,1,1,1,1,1,123915.0
20201211,1,1,1,1,0,1,122945.0
20201214,1,1,1,1,0,1,123867.0
20201215,1,1,1,1,0,1,126123.0
20201216,1,1,1,1,0,1,126548.0
20201217,1,1,1,1,0,1,129292.0
20201218,1,1,1,1,0,1,128995.0
20201221,1,1,1,0,0,1,128087.0
20201222,1,1,1,0,0,1,125318.0
20201223,1,1,1,0,0,1,127299.0
20201224,1,1,1,0,0,1,126918.0
20201228,1,1,1,0,0,1,126374.0
20201229,1,1,1,0,0,1,127668.0
20201230,1,1,1,0,0,1,128862.0
20201231,1,1,1,0,0,1,127956.0
20210104,1,1,1,0,0,1,128081.0
20210105,1,1,1,0,0,1,130687.0
20210106,1,1,1,1,0,1,132248.0
20210107,1,1,1,1,0,1,131429.0
20210108,1,1,1,1,1,1,131456.0
20210111,1,0,1,1,1,1,131012.0
20210112,1,0,1,1,1,1,132562.0
20210113,1,0,1,1,1,1,130073.0
20210114,1,0,1,1,1,1,131796.0
20210115,1,0,1,1,1,1,129152.0
20210119,1,0,1,1,1,1,129796.0
20210120,1,0,1,1,1,1,129563.0
20210121,1,0,1,1,1,1,131321.0
20210122,1,0,1,1,1,1,130531.0
20210125,1,0,1,1,0,1,128510.0
20210126,1,0,1,1,0,1,129353.0
20210127,0,0,1,0,0,1,126841.0
20210128,0,0,1,0,0,1,128060.0
20210129,0,0,1,0,0,1,128654.0
20210201,0,1,1,0,0,1,128079.0
20210202,0,1,1,0,0,1,128685.0
20210203,0,1,1,1,0,1,129125.0
20210204,0,1,1,1,0,1,130231.0
20210205,0,1,1,1,0,1,131341.0
20210208,0,1,1,1,0,1,130784.0
20210209,0,1,1,1,0,1,130409.0
20210210,0,1,1,1,0,1,130100.0
20210211,0,1,1,1,0,1,130344.0
20210212,0,1,1,1,0,1,132275.0
20210216,0,1,1,1,1,1,136717.0
20210217,0,1,1,1,1,1,136121.0
20210218,0,1,1,1,1,1,136322.0
20210219,0,1,1,1,1,1,138272.0
20210222,0,1,1,1,1,1,139056.0
20210223,0,1,1,1,1,1,139641.0
20210224,0,1,1,1,1,1,141427.0
20210225,0,1,1,1,1,1,145372.0
20210226,0,1,1,1,1,1,144091.0
20210301,0,1,1,1,1,1,143324.0
20210302,1,1,1,1,1,1,141799.0
20210303,1,1,1,1,1,1,143941.0
20210304,1,1,1,1,1,1,148142.0
20210305,1,1,1,1,1,1,148928.0
20210308,1,1,1,1,1,1,151453.0
20210309,1,1,1,1,1,1,149250.0
20210310,1,1,1,1,1,1,148366.0
20210311,1,1,1,1,1,1,148130.0
20210312,1,1,1,1,1,1,152291.0
20210315,1,1,1,1,1,1,151667.0
20210316,1,1,1,1,1,1,152052.0
20210317,1,1,1,1,1,1,151585.0
20210318,1,1,1,1,1,1,154869.0
20210319,1,1,1,1,1,1,154447.0
20210322,1,1,1,1,1,1,152313.0
20210323,1,1,0,1,1,1,151360.0
20210324,1,1,0,1,1,1,150825.0
20210325,1,1,0,1,1,1,151769.0
20210326,1,1,0,1,1,1,153475.0
20210329,1,1,0,1,1,1,155710.0
20210330,1,1,0,1,1,1,156878.0
20210331,1,1,0,1,1,1,158067.0
20210401,1,1,0,1,1,1,155096.0
20210405,1,1,0,1,1,1,155224.0
20210406,1,1,0,1,1,1,152328.0
20210407,1,1,0,1,1,1,152256.0
20210408,1,1,0,1,1,1,150414.0
20210409,1,1,0,1,1,1,151703.0
20210412,1,1,0,1,1,1,151894.0
20210413,1,1,0,1,1,1,149425.0
20210414,1,1,0,1,1,1,149522.0
20210415,1,1,0,1,1,1,145980.0
20210416,1,1,0,1,1,1,147517.0
20210419,0,1,0,1,1,1,147110.0
20210420,0,1,0,1,1,1,145974.0
20210421,0,1,0,1,1,1,146041.0
20210422,0,1,0,1,1,1,145705.0
20210423,0,1,0,1,1,1,145874.0
20210426,0,1,0,1,1,1,146050.0
20210427,0,1,0,1,1,1,148194.0
20210428,1,1,0,1,1,1,147863.0
20210429,1,1,0,1,1,1,148502.0
20210430,1,1,0,1,1,1,147522.0
20210503,1,1,0,1,1,1,147046.0
20210504,1,1,0,0,0,0,145190.0
20210505,0,1,0,0,0,0,144865.0
20210506,0,1,0,0,0,0,144640.0
20210507,1,1,0,0,0,0,144640.0
20210510,1,1,1,0,0,0,144959.0
20210511,1,1,1,0,0,0,145003.0
20210512,1,1,1,0,0,0,144478.0
20210513,1,1,1,0,0,0,144178.0
20210514,1,1,1,0,0,0,145265.0
20210517,1,1,1,0,0,0,145553.0
20210518,1,1,1,0,0,0,146390.0
20210519,1,0,1,0,0,0,144846.0
20210520,1,0,1,0,0,0,145934.0
20210521,1,0,1,0,0,0,145259.0
20210524,1,0,1,0,0,0,145665.0
20210525,1,0,1,0,0,0,146140.0
20210526,1,0,1,0,0,0,145196.0
20210527,1,0,1,0,0,0,145809.0
20210528,1,1,1,0,1,0,145261.0
20210601,1,1,1,0,1,0,144932.0
20210602,1,1,1,0,1,0,144980.0
20210603,1,1,1,0,1,0,143983.0
20210604,1,1,1,0,1,0,144383.0
20210607,1,1,1,0,1,0,144575.0
20210608,1,1,1,1,1,1,144931.0
20210609,1,1,1,1,1,1,145929.0
20210610,1,1,1,1,1,1,146789.0
20210611,1,1,1,1,1,1,145534.0
20210614,1,1,1,1,1,1,145026.0
20210615,1,1,1,1,1,1,144886.0
20210616,0,1,1,1,0,1,141856.0
20210617,1,1,0,0,0,1,143075.0
20210618,1,1,0,0,1,1,144404.0
20210621,1,1,0,1,1,1,142745.0
20210622,1,1,0,1,1,1,142794.0
20210623,1,1,0,1,1,1,143025.0
20210624,1,1,0,1,1,1,143073.0
20210625,1,1,0,1,1,1,141662.0
20210628,1,1,0,1,1,1,143028.0
20210629,1,1,0,1,1,1,143273.0
20210630,1,1,1,1,1,1,145376.0
20210701,1,1,1,1,1,1,145650.0
20210702,1,1,1,1,1,1,145815.0
20210706,1,1,1,1,0,1,147129.0
20210707,1,1,1,1,0,1,148857.0
20210708,1,1,1,1,1,1,148854.0
20210709,1,1,1,1,1,1,146004.0
20210712,1,1,1,1,1,1,146335.0
20210713,1,1,1,1,0,1,146108.0
20210714,1,1,1,1,0,1,146333.0
20210715,1,1,1,1,0,1,148345.0
20210716,1,1,1,1,0,1,148742.0
20210719,1,0,1,1,1,1,152593.0
20210720,1,0,1,1,1,1,152277.0
20210721,1,0,1,1,1,1,149271.0
20210722,1,0,1,1,1,1,149990.0
20210723,1,0,1,1,1,1,149518.0
20210726,1,0,1,1,1,1,148941.0
20210727,1,0,1,1,1,1,149459.0
20210728,1,0,1,1,1,1,148170.0
20210729,1,0,0,1,1,1,146859.0
20210730,1,0,0,1,1,1,148218.0
20210802,1,0,0,1,1,1,150090.0
20210803,1,0,0,1,1,1,150237.0
20210804,1,0,0,1,1,1,150418.0
20210805,1,0,0,1,1,1,149409.0
20210806,1,0,0,1,1,1,148170.0
20210809,1,0,0,1,1,1,147523.0
20210810,1,0,0,1,0,1,146889.0
20210811,1,0,0,1,0,1,146533.0
20210812,1,0,0,1,0,1,146395.0
20210813,1,0,0,1,0,1,147583.0
20210816,1,0,0,1,0,1,148927.0
20210817,1,0,1,1,0,1,149770.0
20210818,1,0,1,1,0,1,149402.0
20210819,1,0,1,1,0,1,151583.0
20210820,1,0,1,1,0,1,151155.0
20210823,1,0,1,1,0,1,149992.0
20210824,1,0,1,1,0,1,148895.0
20210825,1,0,1,1,0,1,147049.0
20210826,1,0,1,1,0,1,147817.0
20210827,1,0,1,1,0,1,147567.0
20210830,1,0,1,1,0,1,148211.0
20210831,1,0,1,1,0,1,147589.0
20210901,1,0,1,1,0,1,147320.0
20210902,0,0,1,1,0,1,146980.0
20210903,0,0,0,1,0,1,146258.0
20210907,0,0,0,0,0,1,144786.0
20210908,0,0,0,0,0,1,145473.0
20210909,0,0,0,0,0,1,146442.0
20210910,0,0,0,0,0,1,145598.0
20210913,0,0,0,0,0,1,146036.0
20210914,0,0,0,0,0,1,147192.0
20210915,0,0,0,0,0,1,146723.0
20210916,0,0,0,0,0,1,146286.0
20210917,0,0,0,0,0,0,145080.0
20210920,1,0,1,0,0,0,144930.0
20210921,1,0,1,0,0,0,144805.0
20210922,1,0,1,0,0,0,145530.0
20210923,1,0,1,1,1,0,144137.0
20210924,1,0,1,1,1,0,145487.0
20210927,1,1,1,1,1,1,145084.0
20210928,1,1,1,1,1,1,148881.0
20210929,1,1,1,1,1,1,150998.0
20210930,1,1,1,1,1,1,150034.0
20211001,1,1,1,1,1,1,147013.0
20211004,1,1,1,1,1,1,146542.0
20211005,1,1,1,1,1,1,148832.0
20211006,1,1,1,1,1,1,149426.0
20211007,1,1,1,1,1,1,150896.0
20211008,1,1,1,1,1,1,152237.0
20211011,1,1,1,1,1,1,154476.0
20211012,1,1,1,1,1,1,153773.0
20211013,1,1,1,1,1,1,151373.0
20211014,1,1,1,1,1,1,150371.0
20211015,1,1,0,1,1,1,152002.0
20211018,1,1,0,1,1,1,152179.0
20211019,1,1,0,1,1,1,153296.0
20211020,1,1,0,1,1,1,153015.0
20211021,1,1,0,1,1,1,154357.0
20211022,1,1,0,1,1,1,153020.0
20211025,1,1,0,1,1,1,152945.0
20211026,1,1,0,1,1,1,153129.0
20211027,1,1,0,1,1,1,149871.0
20211028,1,1,0,1,1,1,149721.0
20211029,1,1,0,1,1,1,151438.0
20211101,1,1,0,1,1,1,151465.0
20211102,1,1,0,1,1,1,150767.0
20211103,1,1,0,1,1,0,150113.0
20211104,1,1,1,1,1,0,150014.0
20211105,1,1,1,1,1,0,149066.0
20211108,1,1,1,1,1,0,148813.0
20211109,1,1,1,1,1,1,147331.0
20211110,1,1,1,1,1,0,150032.0
20211111,1,1,1,1,1,0,151798.0
20211112,1,1,1,1,1,0,150993.0
20211115,1,1,1,1,1,0,152093.0
20211116,1,1,1,1,1,0,153718.0
20211117,1,1,1,1,1,0,152429.0
20211118,1,1,1,1,1,0,151596.0
20211119,1,1,1,1,1,0,152259.0
20211122,1,1,1,1,1,0,155749.0
20211123,1,1,1,1,1,0,155887.0
20211124,1,1,1,1,1,0,157313.0
20211126,1,1,1,1,1,0,151446.0
20211129,1,1,1,1,1,0,152816.0
20211130,1,1,1,0,0,1,150609.0
20211201,1,1,1,0,1,1,150315.0
20211202,1,1,1,0,1,1,151120.0
20211203,1,0,1,0,1,1,152100.0
20211206,1,0,1,0,1,1,151129.0
20211207,1,0,1,0,1,1,151089.0
20211208,1,0,1,0,1,1,148969.0
20211209,1,0,1,0,1,1,150381.0
20211210,1,0,1,0,1,1,149751.0
20211213,1,0,1,0,1,1,151223.0
20211214,1,0,1,0,1,1,151498.0
20211215,1,0,1,0,1,1,150859.0
20211216,1,0,1,0,1,1,149694.0
20211217,1,0,1,0,0,1,151284.0
20211220,1,0,1,1,0,1,150332.0
20211221,1,0,1,1,0,1,148107.0
20211222,1,0,1,1,0,1,147635.0
20211223,1,0,1,1,0,1,146128.0
20211227,1,1,1,1,0,1,146432.0
20211228,1,1,1,1,0,1,146710.0
20211229,1,1,0,0,0,0,144419.0
20211230,1,1,0,0,0,0,144750.0
20211231,1,1,0,0,0,0,143994.0
20220103,1,1,0,0,0,0,145394.0
20220104,1,1,0,0,1,1,146215.0
20220105,1,1,0,1,1,1,146838.0
20220106,1,1,0,1,1,1,147944.0
20220107,1,1,0,1,1,1,147799.0
20220110,1,1,0,1,1,1,148083.0
20220111,1,1,0,1,1,1,146674.0
20220112,0,1,1,1,1,1,145210.0
20220113,0,0,1,1,1,1,144185.0
20220114,0,0,1,1,1,1,145971.0
20220117,0,0,1,1,1,1,146846.0
20220118,0,0,1,1,1,1,148440.0
20220119,0,0,1,1,1,1,147262.0
20220120,0,0,1,1,1,1,147266.0
20220121,0,0,1,1,1,1,144443.0
20220124,0,0,0,1,1,1,143423.0
20220125,0,0,0,1,1,1,144719.0
20220126,0,0,0,1,1,1,146626.0
20220127,1,0,0,1,1,1,146651.0
20220128,1,1,0,1,1,1,145432.0
20220131,1,1,0,1,1,1,144052.0
20220201,1,1,0,1,1,1,144124.0
20220202,1,0,0,1,1,1,141804.0
20220203,0,0,1,1,1,1,143212.0
20220204,1,0,1,1,1,1,145565.0
20220207,1,0,1,1,1,1,145071.0
20220208,1,0,1,1,1,1,145979.0
20220209,1,1,1,1,1,1,145229.0
20220210,1,1,1,1,1,1,149399.0
20220211,0,1,1,1,1,1,145115.0
20220214,0,1,1,1,1,1,146954.0
20220215,0,1,1,1,1,1,148335.0
20220216,0,1,1,1,1,1,148240.0
20220217,0,1,1,1,1,1,145812.0
20220218,0,1,1,1,1,1,144433.0
20220221,0,1,1,1,1,1,144090.0
20220222,0,1,1,1,1,1,144851.0
20220223,0,1,1,1,1,1,145108.0
20220224,1,0,1,1,1,1,143073.0
20220225,1,0,1,1,1,1,142604.0
20220228,1,0,1,1,1,1,138257.0
20220301,1,0,1,0,0,0,136262.0
20220302,1,0,1,1,1,0,136014.0
20220303,1,0,1,1,1,0,136778.0
20220304,1,0,1,0,1,0,137838.0
20220307,1,0,1,0,0,0,138929.0
20220308,1,0,1,0,1,0,138518.0
20220309,1,0,1,1,1,0,136585.0
20220310,1,1,1,1,1,0,139106.0
20220311,1,1,1,1,1,0,141814.0
20220314,1,1,1,1,1,1,145203.0
20220315,1,1,1,1,1,1,146270.0
20220316,1,1,1,1,1,1,146395.0
20220317,1,1,1,1,1,1,145028.0
20220318,1,1,1,1,1,1,144515.0
20220321,1,1,1,1,1,1,150698.0
20220322,1,1,1,1,1,1,152976.0
20220323,1,1,1,1,1,1,152048.0
20220324,1,1,1,1,1,1,153823.0
20220325,1,1,1,1,1,1,158529.0
20220328,1,1,1,1,1,1,159432.0
20220329,1,1,1,1,1,1,155410.0
20220330,1,1,1,1,1,1,152331.0
20220331,1,1,1,1,1,1,152384.0
