Testing from : 20100104 to: 20220331
-----------------------------------------------------------------------------------------------------------
                                                                                      Avg.   Monthly    Avg.
SysName         Market     TotProfit  MaxDD ClsTrdDD AvgWin  AvgLoss PerWins #Trds  MonthRet.  StdDev  YearlyRet.
TF-Keltner_1R   Crude-CL       59150  41330   37820    7986    -2845    0.33     82      402    5672     3103
TF-Keltner_1R   Nat.Gas-NG    -14019  45250   36810    5761    -2166    0.25     87      -95    4136     -276
TF-Keltner_1R   H.Oil-HO      103086  64686   57462   13250    -3365    0.28     78      701    6480     4119
-------------------------------------------------------------------------------------------------------------------
Totals                        148216  86004 or 45.0 % Avg. DD   44240         247
-----------------------------------------------------------------------------------------------------------
Combined Monthly Return
Date         Profit Cum.Profit
-------------------------------------------------------------------
20100129     -11285     -11285
20100226     -18550     -29835
20100331       7021     -22814
20100430       1883     -20931
20100528      -8990     -29922
20100630      -5643     -35565
20100730      -5670     -41235
20100831      -9622     -50857
20100930      -5000     -55856
20101029      -1385     -57241
20101130      -7309     -64550
20101231       9595     -54955     -54955
20110131       2491     -52464
20110228       -577     -53041
20110331      13688     -39353
20110429      14781     -24572
20110531     -38883     -63455
20110630       3769     -59686
20110729     -11564     -71250
20110831      -9764     -81014
20110930      17889     -63125
20111031     -18185     -81310
20111130       9766     -71544
20111230       1917     -69627     -14671
20120131        490     -69137
20120229       5706     -63430
20120330       -346     -63776
20120430       -710     -64486
20120531      28008     -36479
20120629       1282     -35197
20120731      -8712     -43909
20120831      12501     -31408
20120928      -5481     -36889
20121031      -3397     -40286
20121130      -9967     -50254
20121231      -1473     -51726      17900
20130131       2520     -49206
20130228      -8739     -57945
20130329        784     -57161
20130430       8387     -48775
20130531     -13358     -62133
20130628      -9479     -71612
20130731      10780     -60832
20130830        -94     -60925
20130930     -10822     -71748
20131031        275     -71473
20131129        438     -71034
20131231      -6685     -77719     -25993
20140131       5273     -72446
20140228      13248     -59198
20140331      -9571     -68770
20140430       1757     -67013
20140530      -2430     -69443
20140630      -6541     -75984
20140731       1447     -74537
20140829       -216     -74753
20140930       9873     -64880
20141031      14620     -50260
20141128      17517     -32743
20141231      36174       3431      81150
20150130      11813      15244
20150227      -3557      11687
20150331     -13310      -1623
20150430       5342       3719
20150529      -7601      -3882
20150630      -3640      -7522
20150731      18904      11382
20150831      -5543       5839
20150930      14009      19848
20151030      -4521      15327
20151130       5506      20833
20151231      16219      37052      33621
20160129       4734      41786
20160229       4273      46059
20160331      -7379      38680
20160429       2427      41107
20160531       6851      47958
20160630        695      48653
20160729       4707      53360
20160831     -15120      38241
20160930      -4790      33451
20161031      -2500      30951
20161130      -7472      23479
20161230       4115      27594      -9458
20170131     -10491      17103
20170228       2650      19753
20170331      -1519      18234
20170428      -1391      16842
20170531      -7730       9112
20170630       2033      11145
20170731       1514      12659
20170831      -1850      10809
20170929       2900      13709
20171031        617      14326
20171130       -605      13721
20171229      10792      24513      -3081
20180131       3906      28418
20180228     -16376      12042
20180329      -4060       7983
20180430       4554      12537
20180531        606      13143
20180629      -3525       9618
20180731      -9907       -289
20180831      -1752      -2040
20180928       2952        912
20181031      -5423      -4512
20181130      41966      37454
20181231       5145      42599      18086
20190131     -23352      19246
20190228       3347      22594
20190329       1862      24455
20190430       9342      33798
20190531        334      34132
20190628      -7283      26849
20190731     -13248      13601
20190830      -2134      11467
20190930     -11901       -435
20191031      -3590      -4025
20191129       1170      -2855
20191231       2841        -14     -42613
20200131      11294      11280
20200228      14989      26269
20200331      44052      70321
20200430      13957      84278
20200529     -19899      64379
20200630       3327      67706
20200731      -1322      66385
20200831       5934      72319
20200930     -11771      60548
20201030        539      61087
20201130      -1480      59607
20201231      10896      70503      70517
20210129       5105      75608
20210226      16596      92203
20210331      -6707      85496
20210430      -3337      82159
20210528       2071      84230
20210630      17548     101778
20210730      -4441      97336
20210831     -11338      85999
20210930      18531     104529
20211029       9128     113657
20211130     -14253      99405
20211231     -16045      83360      12857
20220131       5266      88626
20220228       9839      98465
20220331      49752     148216      64857
Average Monthly Return:     1008 StdDev: 11941  Sharpe: 0.08
Average  Yearly Return:    11401 StdDev: 42664  Sharpe: 0.27
