-----------------------------------------
Sys Name : TF-Keltner_1R
Mkt Symb : EC Mkt Name : EuroCur
20100104    TF-Kelt-S  1   1.57815       0.00       0.00
20100707        Sxit1  1   1.41090   20856.25   20856.25
20100715    TF-Kelt-B  1   1.43640       0.00       0.00
20100824         Lxit  1   1.40810   -3587.50   17268.75
20100916    TF-Kelt-B  1   1.45165       0.00       0.00
20101116         Lxit  1   1.49235    5037.50   22306.25
20101126    TF-Kelt-S  1   1.46920       0.00       0.00
20110114        Sxit1  1   1.49180   -2875.00   19431.25
20110127    TF-Kelt-B  1   1.51995       0.00       0.00
20110512         Lxit  1   1.56465    5537.50   24968.75
20110603    TF-Kelt-B  1   1.60710       0.00       0.00
20110610         Lxit  1   1.58235   -3143.75   21825.00
20110711    TF-Kelt-S  1   1.55465       0.00       0.00
20110721        Sxit1  1   1.58405   -3725.00   18100.00
20110908    TF-Kelt-S  1   1.54560       0.00       0.00
20111024        Sxit1  1   1.54655    -168.75   17931.25
20111123    TF-Kelt-S  1   1.48720       0.00       0.00
20120201        Sxit1  1   1.47275    1756.25   19687.50
20120223    TF-Kelt-B  1   1.48935       0.00       0.00
20120312         Lxit  1   1.45965   -3762.50   15925.00
20120326    TF-Kelt-B  1   1.48745       0.00       0.00
20120404         Lxit  1   1.46560   -2781.25   13143.75
20120507    TF-Kelt-S  1   1.44900       0.00       0.00
20120821        Sxit1  1   1.38915    7431.25   20575.00
20120831    TF-Kelt-B  1   1.41265       0.00       0.00
20121105         Lxit  1   1.42870    1956.25   22531.25
20121205    TF-Kelt-B  1   1.45935       0.00       0.00
20121207         Lxit  1   1.44100   -2343.75   20187.50
20121214    TF-Kelt-B  1   1.45850       0.00       0.00
20130221         Lxit  1   1.47080    1487.50   21675.00
20130225    TF-Kelt-S  1   1.45175       0.00       0.00
20130416        Sxit1  1   1.46165   -1287.50   20387.50
20130606    TF-Kelt-B  1   1.46580       0.00       0.00
20130626         Lxit  1   1.45200   -1775.00   18612.50
20130705    TF-Kelt-S  1   1.43145       0.00       0.00
20130711        Sxit1  1   1.45140   -2543.75   16068.75
20130730    TF-Kelt-B  1   1.47525       0.00       0.00
20130830         Lxit  1   1.46600   -1206.25   14862.50
20130918    TF-Kelt-B  1   1.48425       0.00       0.00
20131104         Lxit  1   1.49085     775.00   15637.50
20131107    TF-Kelt-S  1   1.47530       0.00       0.00
20131113        Sxit1  1   1.49235   -2181.25   13456.25
20131209    TF-Kelt-B  1   1.51655       0.00       0.00
20140103         Lxit  1   1.50595   -1375.00   12081.25
20140228    TF-Kelt-B  1   1.52655       0.00       0.00
20140403         Lxit  1   1.51525   -1462.50   10618.75
20140410    TF-Kelt-B  1   1.53215       0.00       0.00
20140509         Lxit  1   1.52475    -975.00    9643.75
20140515    TF-Kelt-S  1   1.51110       0.00       0.00
20150428        Sxit1  1   1.24085   33731.25   43375.00
20150430    TF-Kelt-B  1   1.26780       0.00       0.00
20150526         Lxit  1   1.23605   -4018.75   39356.25
20150603    TF-Kelt-B  1   1.26580       0.00       0.00
20150629         Lxit  1   1.24055   -3206.25   36150.00
20150717    TF-Kelt-S  1   1.22685       0.00       0.00
20150812        Sxit1  1   1.25010   -2956.25   33193.75
20150821    TF-Kelt-B  1   1.27620       0.00       0.00
20150903         Lxit  1   1.25320   -2925.00   30268.75
20150917    TF-Kelt-B  1   1.27795       0.00       0.00
20150922         Lxit  1   1.25255   -3225.00   27043.75
20151014    TF-Kelt-B  1   1.28210       0.00       0.00
20151022         Lxit  1   1.26140   -2637.50   24406.25
20151028    TF-Kelt-S  1   1.23815       0.00       0.00
20151209        Sxit1  1   1.24165    -487.50   23918.75
20160105    TF-Kelt-S  1   1.21195       0.00       0.00
20160107        Sxit1  1   1.23070   -2393.75   21525.00
20160203    TF-Kelt-B  1   1.24195       0.00       0.00
20160226         Lxit  1   1.23220   -1268.75   20256.25
20160310    TF-Kelt-B  1   1.25530       0.00       0.00
20160518         Lxit  1   1.25980     512.50   20768.75
20160531    TF-Kelt-S  1   1.24460       0.00       0.00
20160603        Sxit1  1   1.26340   -2400.00   18368.75
20160616    TF-Kelt-S  1   1.24845       0.00       0.00
20160620        Sxit1  1   1.26520   -2143.75   16225.00
20160624    TF-Kelt-S  1   1.24815       0.00       0.00
20160802        Sxit1  1   1.25140    -456.25   15768.75
20160818    TF-Kelt-B  1   1.26665       0.00       0.00
20160826         Lxit  1   1.24885   -2275.00   13493.75
20161011    TF-Kelt-S  1   1.23315       0.00       0.00
20161109        Sxit1  1   1.24300   -1281.25   12212.50
20161110    TF-Kelt-S  1   1.21880       0.00       0.00
20170120        Sxit1  1   1.19330    3137.50   15350.00
20170321    TF-Kelt-B  1   1.20100       0.00       0.00
20170330         Lxit  1   1.18700   -1800.00   13550.00
20170424    TF-Kelt-B  1   1.20460       0.00       0.00
20170926         Lxit  1   1.28675   10218.75   23768.75
20171026    TF-Kelt-S  1   1.27640       0.00       0.00
20171115        Sxit1  1   1.28920   -1650.00   22118.75
20171228    TF-Kelt-B  1   1.29745       0.00       0.00
20180301         Lxit  1   1.31395    2012.50   24131.25
20180306    TF-Kelt-B  1   1.33425       0.00       0.00
20180319         Lxit  1   1.32305   -1450.00   22681.25
20180424    TF-Kelt-S  1   1.31255       0.00       0.00
20180827        Sxit1  1   1.24825    7987.50   30668.75
20181003    TF-Kelt-S  1   1.22795       0.00       0.00
20181220        Sxit1  1   1.21765    1237.50   31906.25
20190211    TF-Kelt-S  1   1.19385       0.00       0.00
20190320        Sxit1  1   1.20345   -1250.00   30656.25
20190322    TF-Kelt-S  1   1.18970       0.00       0.00
20190604        Sxit1  1   1.18230     875.00   31531.25
20190621    TF-Kelt-B  1   1.19030       0.00       0.00
20190702         Lxit  1   1.18005   -1331.25   30200.00
20190723    TF-Kelt-S  1   1.16705       0.00       0.00
20191017        Sxit1  1   1.15230    1793.75   31993.75
20191213    TF-Kelt-B  1   1.15600       0.00       0.00
20191220         Lxit  1   1.14645   -1243.75   30750.00
20191230    TF-Kelt-B  1   1.15680       0.00       0.00
20200108         Lxit  1   1.14870   -1062.50   29687.50
20200123    TF-Kelt-S  1   1.13885       0.00       0.00
20200302  LiqShortPos  1   1.14990   -1431.25   28256.25
20200302    TF-Kelt-B  1   1.14990       0.00       0.00
20200312         Lxit  1   1.14100   -1162.50   27093.75
20200316    TF-Kelt-B  1   1.15445       0.00       0.00
20200317         Lxit  1   1.14075   -1762.50   25331.25
20200318    TF-Kelt-S  1   1.12590       0.00       0.00
20200327        Sxit1  1   1.13635   -1356.25   23975.00
20200402    TF-Kelt-S  1   1.11510       0.00       0.00
20200501        Sxit1  1   1.12540   -1337.50   22637.50
20200602    TF-Kelt-B  1   1.14625       0.00       0.00
20200923         Lxit  1   1.19335    5837.50   28475.00
20201030    TF-Kelt-S  1   1.18795       0.00       0.00
20201105        Sxit1  1   1.20300   -1931.25   26543.75
20201127    TF-Kelt-B  1   1.21745       0.00       0.00
20210127         Lxit  1   1.22640    1068.75   27612.50
20210302    TF-Kelt-S  1   1.22080       0.00       0.00
20210419        Sxit1  1   1.21825     268.75   27881.25
20210428    TF-Kelt-B  1   1.23075       0.00       0.00
20210505         Lxit  1   1.21705   -1762.50   26118.75
20210507    TF-Kelt-B  1   1.23055       0.00       0.00
20210616         Lxit  1   1.22195   -1125.00   24993.75
20210617    TF-Kelt-S  1   1.20890       0.00       0.00
20210902        Sxit1  1   1.20070     975.00   25968.75
20210920    TF-Kelt-S  1   1.18585       0.00       0.00
20220112        Sxit1  1   1.15255    4112.50   30081.25
20220127    TF-Kelt-S  1   1.13355       0.00       0.00
20220203        Sxit1  1   1.14445   -1412.50   28668.75
20220204    TF-Kelt-B  1   1.15900       0.00       0.00
20220211         Lxit  1   1.14340   -2000.00   26668.75
20220224    TF-Kelt-S  1   1.12895       0.00       0.00
20220331   Sx-EOFData  1   1.11590    1581.25   28250.00
-----------------------------------------
Sys Name : TF-Keltner_1R
Mkt Symb : JY Mkt Name : J.Yen
20100104    TF-Kelt-S  1   1.20835       0.00       0.00
20100121        Sxit1  1   1.24055   -4075.00   -4075.00
20100303    TF-Kelt-B  1   1.26400       0.00       0.00
20100305         Lxit  1   1.23805   -3293.75   -7368.75
20100325    TF-Kelt-S  1   1.21245       0.00       0.00
20100506  LiqShortPos  1   1.24310   -3881.25  -11250.00
20100506    TF-Kelt-B  1   1.24310       0.00       0.00
20100506   LiqLongPos  1   1.19635   -5893.75  -17143.75
20100506    TF-Kelt-S  1   1.19635       0.00       0.00
20100507        Sxit1  1   1.23325   -4662.50  -21806.25
20100520    TF-Kelt-B  1   1.24330       0.00       0.00
20100602         Lxit  1   1.21685   -3356.25  -25162.50
20100623    TF-Kelt-B  1   1.24045       0.00       0.00
20101115         Lxit  1   1.33425   11675.00  -13487.50
20101129    TF-Kelt-S  1   1.31390       0.00       0.00
20101203        Sxit1  1   1.33715   -2956.25  -16443.75
20101213    TF-Kelt-S  1   1.31565       0.00       0.00
20101228        Sxit1  1   1.34040   -3143.75  -19587.50
20101231    TF-Kelt-B  1   1.36440       0.00       0.00
20110105         Lxit  1   1.34210   -2837.50  -22425.00
20110201    TF-Kelt-B  1   1.35810       0.00       0.00
20110210         Lxit  1   1.33495   -2943.75  -25368.75
20110314    TF-Kelt-B  1   1.35925       0.00       0.00
20110329         Lxit  1   1.34520   -1806.25  -27175.00
20110401    TF-Kelt-S  1   1.32000       0.00       0.00
20110418        Sxit1  1   1.34055   -2618.75  -29793.75
20110503    TF-Kelt-B  1   1.36620       0.00       0.00
20110519         Lxit  1   1.34710   -2437.50  -32231.25
20110603    TF-Kelt-B  1   1.37545       0.00       0.00
20110707         Lxit  1   1.35895   -2112.50  -34343.75
20110712    TF-Kelt-B  1   1.38290       0.00       0.00
20110804         Lxit  1   1.37650    -850.00  -35193.75
20110805    TF-Kelt-B  1   1.39980       0.00       0.00
20111012         Lxit  1   1.42395    2968.75  -32225.00
20111031    TF-Kelt-B  1   1.45050       0.00       0.00
20111031   LiqLongPos  1   1.40755   -5418.75  -37643.75
20111031    TF-Kelt-S  1   1.40755       0.00       0.00
20111114        Sxit1  1   1.42635   -2400.00  -40043.75
20111128    TF-Kelt-S  1   1.40430       0.00       0.00
20111230        Sxit1  1   1.41830   -1800.00  -41843.75
20120130    TF-Kelt-B  1   1.43050       0.00       0.00
20120209         Lxit  1   1.41855   -1543.75  -43387.50
20120214    TF-Kelt-S  1   1.40345       0.00       0.00
20120426        Sxit1  1   1.36090    5268.75  -38118.75
20120507    TF-Kelt-B  1   1.37750       0.00       0.00
20120621         Lxit  1   1.36825   -1206.25  -39325.00
20120723    TF-Kelt-B  1   1.39850       0.00       0.00
20120815         Lxit  1   1.38655   -1543.75  -40868.75
20120911    TF-Kelt-B  1   1.40460       0.00       0.00
20120917         Lxit  1   1.38995   -1881.25  -42750.00
20120925    TF-Kelt-B  1   1.40760       0.00       0.00
20121003         Lxit  1   1.39475   -1656.25  -44406.25
20121018    TF-Kelt-S  1   1.38055       0.00       0.00
20130606        Sxit1  1   1.13445   30712.50  -13693.75
20130607    TF-Kelt-B  1   1.16100       0.00       0.00
20130610         Lxit  1   1.13400   -3425.00  -17118.75
20130611    TF-Kelt-B  1   1.16125       0.00       0.00
20130624         Lxit  1   1.13135   -3787.50  -20906.25
20130807    TF-Kelt-B  1   1.15290       0.00       0.00
20130822         Lxit  1   1.13240   -2612.50  -23518.75
20131114    TF-Kelt-S  1   1.11380       0.00       0.00
20140124        Sxit1  1   1.09445    2368.75  -21150.00
20140203    TF-Kelt-B  1   1.10650       0.00       0.00
20140306         Lxit  1   1.08430   -2825.00  -23975.00
20140314    TF-Kelt-B  1   1.10030       0.00       0.00
20140328         Lxit  1   1.08740   -1662.50  -25637.50
20140521    TF-Kelt-B  1   1.10420       0.00       0.00
20140602         Lxit  1   1.09260   -1500.00  -27137.50
20140625    TF-Kelt-B  1   1.10295       0.00       0.00
20140703         Lxit  1   1.09480   -1068.75  -28206.25
20140730    TF-Kelt-S  1   1.08780       0.00       0.00
20140806        Sxit1  1   1.09555   -1018.75  -29225.00
20140819    TF-Kelt-S  1   1.08620       0.00       0.00
20150115        Sxit1  1   0.97280   14125.00  -15100.00
20150306    TF-Kelt-S  1   0.93645       0.00       0.00
20150325        Sxit1  1   0.95110   -1881.25  -16981.25
20150520    TF-Kelt-S  1   0.93425       0.00       0.00
20150708        Sxit1  1   0.93335      62.50  -16918.75
20150713    TF-Kelt-S  1   0.91995       0.00       0.00
20150820        Sxit1  1   0.91880      93.75  -16825.00
20150821    TF-Kelt-B  1   0.93035       0.00       0.00
20151023         Lxit  1   0.93510     543.75  -16281.25
20151106    TF-Kelt-S  1   0.92405       0.00       0.00
20151209        Sxit1  1   0.93420   -1318.75  -17600.00
20151218    TF-Kelt-S  1   0.92135       0.00       0.00
20151221        Sxit1  1   0.93260   -1456.25  -19056.25
20160104    TF-Kelt-B  1   0.94300       0.00       0.00
20160129         Lxit  1   0.93565    -968.75  -20025.00
20160203    TF-Kelt-B  1   0.94940       0.00       0.00
20160520         Lxit  1   1.00960    7475.00  -12550.00
20160603    TF-Kelt-B  1   1.03235       0.00       0.00
20160719         Lxit  1   1.04235    1200.00  -11350.00
20160729    TF-Kelt-B  1   1.06995       0.00       0.00
20160831         Lxit  1   1.07170     168.75  -11181.25
20161012    TF-Kelt-S  1   1.05785       0.00       0.00
20161109        Sxit1  1   1.07565   -2275.00  -13456.25
20161110    TF-Kelt-S  1   1.04455       0.00       0.00
20170131        Sxit1  1   0.98195    7775.00   -5681.25
20170228    TF-Kelt-B  1   0.98785       0.00       0.00
20170302         Lxit  1   0.96770   -2568.75   -8250.00
20170321    TF-Kelt-B  1   0.98780       0.00       0.00
20170501         Lxit  1   0.98555    -331.25   -8581.25
20170509    TF-Kelt-S  1   0.97045       0.00       0.00
20170517        Sxit1  1   0.98495   -1862.50  -10443.75
20170606    TF-Kelt-B  1   1.00265       0.00       0.00
20170615         Lxit  1   0.99135   -1462.50  -11906.25
20170629    TF-Kelt-S  1   0.97600       0.00       0.00
20170719        Sxit1  1   0.98400   -1050.00  -12956.25
20170810    TF-Kelt-B  1   1.00035       0.00       0.00
20170913         Lxit  1   0.98925   -1437.50  -14393.75
20170920    TF-Kelt-S  1   0.97410       0.00       0.00
20171122        Sxit1  1   0.97590    -275.00  -14668.75
20180111    TF-Kelt-B  1   0.97935       0.00       0.00
20180410         Lxit  1   1.00680    3381.25  -11287.50
20180423    TF-Kelt-S  1   0.99575       0.00       0.00
20180813        Sxit1  1   0.97330    2756.25   -8531.25
20180914    TF-Kelt-S  1   0.95695       0.00       0.00
20181026        Sxit1  1   0.95870    -268.75   -8800.00
20181030    TF-Kelt-S  1   0.94785       0.00       0.00
20181206        Sxit1  1   0.94805     -75.00   -8875.00
20181220    TF-Kelt-B  1   0.95650       0.00       0.00
20190212         Lxit  1   0.95890     250.00   -8625.00
20190228    TF-Kelt-S  1   0.94960       0.00       0.00
20190322        Sxit1  1   0.96250   -1662.50  -10287.50
20190401    TF-Kelt-S  1   0.95105       0.00       0.00
20190506        Sxit1  1   0.95110     -56.25  -10343.75
20190509    TF-Kelt-B  1   0.95875       0.00       0.00
20190725         Lxit  1   0.96420     631.25   -9712.50
20190802    TF-Kelt-B  1   0.97605       0.00       0.00
20190905         Lxit  1   0.97390    -318.75  -10031.25
20190917    TF-Kelt-S  1   0.96170       0.00       0.00
20190924        Sxit1  1   0.97320   -1487.50  -11518.75
20191001    TF-Kelt-S  1   0.96070       0.00       0.00
20191003        Sxit1  1   0.97310   -1600.00  -13118.75
20191011    TF-Kelt-S  1   0.96040       0.00       0.00
20200102        Sxit1  1   0.95380     775.00  -12343.75
20200109    TF-Kelt-S  1   0.94445       0.00       0.00
20200130        Sxit1  1   0.94940    -668.75  -13012.50
20200205    TF-Kelt-S  1   0.94080       0.00       0.00
20200228  LiqShortPos  1   0.95355   -1643.75  -14656.25
20200228    TF-Kelt-B  1   0.95355       0.00       0.00
20200318         Lxit  1   0.94870    -656.25  -15312.50
20200319    TF-Kelt-S  1   0.93200       0.00       0.00
20200327        Sxit1  1   0.94755   -1993.75  -17306.25
20200605    TF-Kelt-S  1   0.93615       0.00       0.00
20200609        Sxit1  1   0.95270   -2118.75  -19425.00
20200724    TF-Kelt-B  1   0.96685       0.00       0.00
20200812         Lxit  1   0.95795   -1162.50  -20587.50
20200818    TF-Kelt-B  1   0.96990       0.00       0.00
20200828         Lxit  1   0.96045   -1231.25  -21818.75
20200916    TF-Kelt-B  1   0.97460       0.00       0.00
20201007         Lxit  1   0.96730    -962.50  -22781.25
20201021    TF-Kelt-B  1   0.97950       0.00       0.00
20201109         Lxit  1   0.97135   -1068.75  -23850.00
20201117    TF-Kelt-B  1   0.98290       0.00       0.00
20210111         Lxit  1   0.98160    -212.50  -24062.50
20210201    TF-Kelt-S  1   0.97275       0.00       0.00
20210519        Sxit1  1   0.94015    4025.00  -20037.50
20210528    TF-Kelt-S  1   0.92720       0.00       0.00
20210719        Sxit1  1   0.93150    -587.50  -20625.00
20210927    TF-Kelt-S  1   0.91910       0.00       0.00
20211203        Sxit1  1   0.90650    1525.00  -19100.00
20211227    TF-Kelt-S  1   0.88810       0.00       0.00
20220113        Sxit1  1   0.89425    -818.75  -19918.75
20220128    TF-Kelt-S  1   0.88280       0.00       0.00
20220202        Sxit1  1   0.89320   -1350.00  -21268.75
20220209    TF-Kelt-S  1   0.88140       0.00       0.00
20220224        Sxit1  1   0.89075   -1218.75  -22487.50
20220310    TF-Kelt-S  1   0.87825       0.00       0.00
20220331   Sx-EOFData  1   0.83875    4887.50  -17600.00
-----------------------------------------
Sys Name : TF-Keltner_1R
Mkt Symb : BP Mkt Name : B.Pound
20100105    TF-Kelt-S  1   1.64520       0.00       0.00
20100119        Sxit1  1   1.68330   -2431.25   -2431.25
20100129    TF-Kelt-S  1   1.64490       0.00       0.00
20100414        Sxit1  1   1.59230    3237.50     806.25
20100506    TF-Kelt-S  1   1.54010       0.00       0.00
20100621        Sxit1  1   1.53880      31.25     837.50
20100714    TF-Kelt-B  1   1.57250       0.00       0.00
20100907         Lxit  1   1.57990     412.50    1250.00
20100917    TF-Kelt-B  1   1.61980       0.00       0.00
20101020         Lxit  1   1.61460    -375.00     875.00
20101028    TF-Kelt-B  1   1.64560       0.00       0.00
20101123         Lxit  1   1.62760   -1175.00    -300.00
20101130    TF-Kelt-S  1   1.59810       0.00       0.00
20101207        Sxit1  1   1.63160   -2143.75   -2443.75
20101215    TF-Kelt-S  1   1.60290       0.00       0.00
20110112        Sxit1  1   1.62480   -1418.75   -3862.50
20110118    TF-Kelt-B  1   1.65540       0.00       0.00
20110125         Lxit  1   1.62660   -1850.00   -5712.50
20110201    TF-Kelt-B  1   1.65720       0.00       0.00
20110328         Lxit  1   1.65120    -425.00   -6137.50
20110406    TF-Kelt-B  1   1.68660       0.00       0.00
20110512         Lxit  1   1.67780    -600.00   -6737.50
20110531    TF-Kelt-B  1   1.70710       0.00       0.00
20110610         Lxit  1   1.68270   -1575.00   -8312.50
20110623    TF-Kelt-S  1   1.65660       0.00       0.00
20110721        Sxit1  1   1.67730   -1343.75   -9656.25
20110808    TF-Kelt-B  1   1.70240       0.00       0.00
20110809         Lxit  1   1.67430   -1806.25  -11462.50
20110817    TF-Kelt-B  1   1.70440       0.00       0.00
20110826         Lxit  1   1.67710   -1756.25  -13218.75
20110906    TF-Kelt-S  1   1.64700       0.00       0.00
20111024        Sxit1  1   1.65160    -337.50  -13556.25
20111123    TF-Kelt-S  1   1.60530       0.00       0.00
20111130        Sxit1  1   1.63140   -1681.25  -15237.50
20111229    TF-Kelt-S  1   1.59870       0.00       0.00
20120125        Sxit1  1   1.62270   -1550.00  -16787.50
20120207    TF-Kelt-B  1   1.64540       0.00       0.00
20120312         Lxit  1   1.62330   -1431.25  -18218.75
20120319    TF-Kelt-B  1   1.64920       0.00       0.00
20120516         Lxit  1   1.65300     187.50  -18031.25
20120518    TF-Kelt-S  1   1.63300       0.00       0.00
20120719        Sxit1  1   1.63510    -181.25  -18212.50
20120723    TF-Kelt-S  1   1.61110       0.00       0.00
20120726        Sxit1  1   1.63030   -1250.00  -19462.50
20120822    TF-Kelt-B  1   1.64480       0.00       0.00
20121023         Lxit  1   1.65690     706.25  -18756.25
20121025    TF-Kelt-B  1   1.67550       0.00       0.00
20121105         Lxit  1   1.66360    -793.75  -19550.00
20121112    TF-Kelt-S  1   1.64930       0.00       0.00
20121123        Sxit1  1   1.66710   -1162.50  -20712.50
20121217    TF-Kelt-B  1   1.68360       0.00       0.00
20130104         Lxit  1   1.66850    -993.75  -21706.25
20130118    TF-Kelt-S  1   1.65180       0.00       0.00
20130411        Sxit1  1   1.60150    3093.75  -18612.50
20130429    TF-Kelt-B  1   1.61430       0.00       0.00
20130514         Lxit  1   1.58780   -1706.25  -20318.75
20130529    TF-Kelt-S  1   1.56500       0.00       0.00
20130530        Sxit1  1   1.58750   -1456.25  -21775.00
20130606    TF-Kelt-B  1   1.61270       0.00       0.00
20130624         Lxit  1   1.59950    -875.00  -22650.00
20130703    TF-Kelt-S  1   1.57700       0.00       0.00
20130722        Sxit1  1   1.59670   -1281.25  -23931.25
20130808    TF-Kelt-B  1   1.62050       0.00       0.00
20131112         Lxit  1   1.65700    2231.25  -21700.00
20131120    TF-Kelt-B  1   1.68230       0.00       0.00
20140203         Lxit  1   1.69760     906.25  -20793.75
20140212    TF-Kelt-B  1   1.72200       0.00       0.00
20140319         Lxit  1   1.71760    -325.00  -21118.75
20140408    TF-Kelt-B  1   1.74050       0.00       0.00
20140528         Lxit  1   1.73910    -137.50  -21256.25
20140612    TF-Kelt-B  1   1.75560       0.00       0.00
20140729         Lxit  1   1.76080     275.00  -20981.25
20140808    TF-Kelt-S  1   1.74670       0.00       0.00
20150213        Sxit1  1   1.61040    8468.75  -12512.50
20150306    TF-Kelt-S  1   1.58110       0.00       0.00
20150422        Sxit1  1   1.57490     337.50  -12175.00
20150429    TF-Kelt-B  1   1.60370       0.00       0.00
20150708         Lxit  1   1.60940     306.25  -11868.75
20150824    TF-Kelt-B  1   1.65000       0.00       0.00
20150826         Lxit  1   1.62790   -1431.25  -13300.00
20150828    TF-Kelt-S  1   1.60450       0.00       0.00
20150917        Sxit1  1   1.62440   -1293.75  -14593.75
20150923    TF-Kelt-S  1   1.59910       0.00       0.00
20151014        Sxit1  1   1.61490   -1037.50  -15631.25
20151106    TF-Kelt-S  1   1.58690       0.00       0.00
20151119        Sxit1  1   1.60260   -1031.25  -16662.50
20151124    TF-Kelt-S  1   1.57960       0.00       0.00
20160317        Sxit1  1   1.51040    4275.00  -12387.50
20160426    TF-Kelt-B  1   1.52820       0.00       0.00
20160606         Lxit  1   1.50930   -1231.25  -13618.75
20160613    TF-Kelt-S  1   1.48310       0.00       0.00
20160620  LiqShortPos  1   1.53800   -3481.25  -17100.00
20160620    TF-Kelt-B  1   1.53800       0.00       0.00
20160624         Lxit  1   1.51270   -1631.25  -18731.25
20160624    TF-Kelt-S  1   1.48350       0.00       0.00
20160906        Sxit1  1   1.40720    4718.75  -14012.50
20161003    TF-Kelt-S  1   1.35530       0.00       0.00
20161201        Sxit1  1   1.32890    1600.00  -12412.50
20170109    TF-Kelt-S  1   1.28180       0.00       0.00
20170117        Sxit1  1   1.30660   -1600.00  -14012.50
20170307    TF-Kelt-S  1   1.28270       0.00       0.00
20170317        Sxit1  1   1.30230   -1275.00  -15287.50
20170418    TF-Kelt-B  1   1.32890       0.00       0.00
20170609         Lxit  1   1.33590     387.50  -14900.00
20170629    TF-Kelt-B  1   1.36170       0.00       0.00
20170710         Lxit  1   1.34700    -968.75  -15868.75
20170714    TF-Kelt-B  1   1.36740       0.00       0.00
20170811         Lxit  1   1.35400    -887.50  -16756.25
20170908    TF-Kelt-B  1   1.37170       0.00       0.00
20171005         Lxit  1   1.37040    -131.25  -16887.50
20171130    TF-Kelt-B  1   1.40460       0.00       0.00
20180301         Lxit  1   1.42530    1243.75  -15643.75
20180319    TF-Kelt-B  1   1.45760       0.00       0.00
20180405         Lxit  1   1.44550    -806.25  -16450.00
20180413    TF-Kelt-B  1   1.47580       0.00       0.00
20180420         Lxit  1   1.45270   -1493.75  -17943.75
20180427    TF-Kelt-S  1   1.42760       0.00       0.00
20180911        Sxit1  1   1.34490    5118.75  -12825.00
20180920    TF-Kelt-B  1   1.36290       0.00       0.00
20180928         Lxit  1   1.34210   -1350.00  -14175.00
20181011    TF-Kelt-B  1   1.35930       0.00       0.00
20181018         Lxit  1   1.33930   -1300.00  -15475.00
20181025    TF-Kelt-S  1   1.31710       0.00       0.00
20181101        Sxit1  1   1.33570   -1212.50  -16687.50
20181115    TF-Kelt-S  1   1.31580       0.00       0.00
20190111        Sxit1  1   1.31480      12.50  -16675.00
20190123    TF-Kelt-B  1   1.33640       0.00       0.00
20190211         Lxit  1   1.31340   -1487.50  -18162.50
20190219    TF-Kelt-B  1   1.33510       0.00       0.00
20190321         Lxit  1   1.32720    -543.75  -18706.25
20190424    TF-Kelt-S  1   1.31390       0.00       0.00
20190501        Sxit1  1   1.33420   -1318.75  -20025.00
20190514    TF-Kelt-S  1   1.31330       0.00       0.00
20190913        Sxit1  1   1.25380    3668.75  -16356.25
20190919    TF-Kelt-B  1   1.27070       0.00       0.00
20190925         Lxit  1   1.25000   -1343.75  -17700.00
20191011    TF-Kelt-B  1   1.26550       0.00       0.00
20200113         Lxit  1   1.31070    2775.00  -14925.00
20200220    TF-Kelt-S  1   1.29460       0.00       0.00
20200309        Sxit1  1   1.31480   -1312.50  -16237.50
20200311    TF-Kelt-S  1   1.28970       0.00       0.00
20200430        Sxit1  1   1.26310    1612.50  -14625.00
20200518    TF-Kelt-S  1   1.21470       0.00       0.00
20200529        Sxit1  1   1.24190   -1750.00  -16375.00
20200605    TF-Kelt-B  1   1.27340       0.00       0.00
20200619         Lxit  1   1.24680   -1712.50  -18087.50
20200721    TF-Kelt-B  1   1.27500       0.00       0.00
20200910         Lxit  1   1.29090     943.75  -17143.75
20200925    TF-Kelt-S  1   1.27440       0.00       0.00
20201001        Sxit1  1   1.30060   -1687.50  -18831.25
20201111    TF-Kelt-B  1   1.33390       0.00       0.00
20210323         Lxit  1   1.38120    2906.25  -15925.00
20210510    TF-Kelt-B  1   1.41130       0.00       0.00
20210617         Lxit  1   1.40030    -737.50  -16662.50
20210630    TF-Kelt-S  1   1.38350       0.00       0.00
20210729        Sxit1  1   1.40060   -1118.75  -17781.25
20210817    TF-Kelt-S  1   1.37850       0.00       0.00
20210903        Sxit1  1   1.38770    -625.00  -18406.25
20210920    TF-Kelt-S  1   1.36750       0.00       0.00
20211015        Sxit1  1   1.37820    -718.75  -19125.00
20211104    TF-Kelt-S  1   1.35790       0.00       0.00
20211229        Sxit1  1   1.35130     362.50  -18762.50
20220112    TF-Kelt-B  1   1.36680       0.00       0.00
20220124         Lxit  1   1.34770   -1243.75  -20006.25
20220203    TF-Kelt-B  1   1.36230       0.00       0.00
20220224         Lxit  1   1.34800    -943.75  -20950.00
20220224    TF-Kelt-S  1   1.33090       0.00       0.00
20220331   Sx-EOFData  1   1.31600     881.25  -20068.75
-----------------------------------------
Sys Name : TF-Keltner_1R
Mkt Symb : TY Mkt Name : TenYr
20100104    TF-Kelt-S  1  87.90625       0.00       0.00
20100115        Sxit1  1  90.04680   -2190.55   -2190.55
20100205    TF-Kelt-B  1  91.53040       0.00       0.00
20100211         Lxit  1  90.28080   -1299.60   -3490.15
20100226    TF-Kelt-B  1  91.46800       0.00       0.00
20100324         Lxit  1  90.31200   -1206.00   -4696.15
20100405    TF-Kelt-S  1  89.35880       0.00       0.00
20100413        Sxit1  1  90.63960   -1330.80   -6026.95
20100427    TF-Kelt-B  1  91.87360       0.00       0.00
20101027         Lxit  1 101.06240    9138.80    3111.85
20101103    TF-Kelt-B  1 102.79560       0.00       0.00
20101112         Lxit  1 101.56160   -1284.00    1827.85
20101118    TF-Kelt-S  1  99.95160       0.00       0.00
20101123        Sxit1  1 101.56160   -1660.00     167.85
20101124    TF-Kelt-S  1  99.98280       0.00       0.00
20110224        Sxit1  1  96.95160    2981.20    3149.05
20110314    TF-Kelt-B  1  98.24960       0.00       0.00
20110328         Lxit  1  96.87360   -1426.00    1723.05
20110426    TF-Kelt-B  1  98.40560       0.00       0.00
20111010         Lxit  1 108.59280   10137.20   11860.25
20111027    TF-Kelt-S  1 107.60840       0.00       0.00
20111031        Sxit1  1 109.65520   -2096.80    9763.45
20111215    TF-Kelt-B  1 111.96720       0.00       0.00
20120123         Lxit  1 111.00000   -1017.20    8746.25
20120127    TF-Kelt-B  1 112.70200       0.00       0.00
20120217         Lxit  1 111.71760   -1034.40    7711.85
20120314    TF-Kelt-S  1 110.88920       0.00       0.00
20120406        Sxit1  1 111.73320    -894.00    6817.85
20120416    TF-Kelt-B  1 113.09360       0.00       0.00
20120807         Lxit  1 116.06240    2918.80    9736.65
20120815    TF-Kelt-S  1 114.93600       0.00       0.00
20120824        Sxit1  1 116.18720   -1301.20    8435.45
20120914    TF-Kelt-S  1 115.14040       0.00       0.00
20120924        Sxit1  1 116.28080   -1190.40    7245.05
20121108    TF-Kelt-B  1 117.23400       0.00       0.00
20121213         Lxit  1 116.67080    -613.20    6631.85
20121218    TF-Kelt-S  1 115.78000       0.00       0.00
20121227        Sxit1  1 116.65520    -925.20    5706.65
20130103    TF-Kelt-S  1 115.67080       0.00       0.00
20130225        Sxit1  1 116.09360    -472.80    5233.85
20130304    TF-Kelt-B  1 117.01560       0.00       0.00
20130307         Lxit  1 115.96720   -1098.40    4135.45
20130327    TF-Kelt-B  1 116.87360       0.00       0.00
20130510         Lxit  1 116.99840      74.80    4210.25
20130522    TF-Kelt-S  1 116.21840       0.00       0.00
20130916        Sxit1  1 111.79560    4372.80    8583.05
20130925    TF-Kelt-B  1 113.26520       0.00       0.00
20131202         Lxit  1 113.28080     -34.40    8548.65
20131206    TF-Kelt-S  1 112.29640       0.00       0.00
20140123        Sxit1  1 113.06240    -816.00    7732.65
20140129    TF-Kelt-B  1 114.07800       0.00       0.00
20140319         Lxit  1 113.35880    -769.20    6963.45
20140414    TF-Kelt-B  1 114.99840       0.00       0.00
20140417         Lxit  1 113.96720   -1081.20    5882.25
20140508    TF-Kelt-B  1 115.10920       0.00       0.00
20140618         Lxit  1 114.65520    -504.00    5378.25
20140625    TF-Kelt-B  1 115.81120       0.00       0.00
20140703         Lxit  1 115.01560    -845.60    4532.65
20140710    TF-Kelt-B  1 116.09360       0.00       0.00
20140730         Lxit  1 115.51480    -628.80    3903.85
20140807    TF-Kelt-B  1 116.62400       0.00       0.00
20140909         Lxit  1 116.07800    -596.00    3307.85
20140917    TF-Kelt-S  1 115.21840       0.00       0.00
20140925        Sxit1  1 116.15600    -987.60    2320.25
20141007    TF-Kelt-B  1 117.24960       0.00       0.00
20141208         Lxit  1 117.57720     277.60    2597.85
20141210    TF-Kelt-B  1 118.96720       0.00       0.00
20141223         Lxit  1 118.18720    -830.00    1767.85
20150105    TF-Kelt-B  1 119.76440       0.00       0.00
20150217         Lxit  1 119.88920      74.80    1842.65
20150306    TF-Kelt-S  1 118.63960       0.00       0.00
20150312        Sxit1  1 120.29640   -1706.80     135.85
20150403    TF-Kelt-B  1 122.43680       0.00       0.00
20150429         Lxit  1 120.93600   -1550.80   -1414.95
20150507    TF-Kelt-S  1 119.51480       0.00       0.00
20150529        Sxit1  1 120.87360   -1408.80   -2823.75
20150602    TF-Kelt-S  1 119.57720       0.00       0.00
20150706        Sxit1  1 120.10920    -582.00   -3405.75
20150803    TF-Kelt-B  1 121.06240       0.00       0.00
20151029         Lxit  1 121.73320     620.80   -2784.95
20151105    TF-Kelt-S  1 120.53040       0.00       0.00
20151211        Sxit1  1 121.54600   -1065.60   -3850.55
20151215    TF-Kelt-S  1 120.40560       0.00       0.00
20160106        Sxit1  1 121.14040    -784.80   -4635.35
20160111    TF-Kelt-B  1 122.17160       0.00       0.00
20160311         Lxit  1 123.18720     965.60   -3669.75
20160405    TF-Kelt-B  1 125.57720       0.00       0.00
20160420         Lxit  1 124.68640    -940.80   -4610.55
20160603    TF-Kelt-B  1 125.79560       0.00       0.00
20160817         Lxit  1 126.82680     981.20   -3629.35
20160913    TF-Kelt-S  1 125.90480       0.00       0.00
20160926        Sxit1  1 127.15600   -1301.20   -4930.55
20161006    TF-Kelt-S  1 125.82680       0.00       0.00
20161109        Sxit1  1 126.42120    -644.40   -5574.95
20161110    TF-Kelt-S  1 123.96875       0.00       0.00
20170203        Sxit1  1 121.20280    2715.95   -2859.00
20170224    TF-Kelt-B  1 122.04680       0.00       0.00
20170301         Lxit  1 120.84240   -1254.40   -4113.40
20170403    TF-Kelt-B  1 122.21840       0.00       0.00
20170629         Lxit  1 123.15600     887.60   -3225.80
20170706    TF-Kelt-S  1 122.26520       0.00       0.00
20170714        Sxit1  1 123.18720    -972.00   -4197.80
20170818    TF-Kelt-B  1 124.37440       0.00       0.00
20170918         Lxit  1 123.73320    -691.20   -4889.00
20170928    TF-Kelt-S  1 122.85800       0.00       0.00
20180327        Sxit1  1 119.51480    3293.20   -1595.80
20180423    TF-Kelt-S  1 117.88920       0.00       0.00
20180525        Sxit1  1 118.45240    -613.20   -2209.00
20180529    TF-Kelt-B  1 119.28080       0.00       0.00
20180601         Lxit  1 118.45240    -878.40   -3087.40
20180627    TF-Kelt-B  1 119.20280       0.00       0.00
20180723         Lxit  1 118.37440    -878.40   -3965.80
20180822    TF-Kelt-B  1 119.54600       0.00       0.00
20180905         Lxit  1 118.74880    -847.20   -4813.00
20180914    TF-Kelt-S  1 118.10920       0.00       0.00
20181026        Sxit1  1 118.07800     -18.80   -4831.80
20181031    TF-Kelt-S  1 117.28080       0.00       0.00
20181114        Sxit1  1 117.76440    -533.60   -5365.40
20181129    TF-Kelt-B  1 118.35880       0.00       0.00
20190301         Lxit  1 120.57720    2168.40   -3197.00
20190308    TF-Kelt-B  1 121.63960       0.00       0.00
20190417         Lxit  1 121.51480    -174.80   -3371.80
20190501    TF-Kelt-B  1 122.53040       0.00       0.00
20190503         Lxit  1 121.73320    -847.20   -4219.00
20190506    TF-Kelt-B  1 122.62400       0.00       0.00
20190912         Lxit  1 127.28080    4606.80     387.80
20191003    TF-Kelt-B  1 129.07800       0.00       0.00
20191011         Lxit  1 128.01560   -1112.40    -724.60
20191028    TF-Kelt-S  1 126.87360       0.00       0.00
20191203        Sxit1  1 127.56160    -738.00   -1462.60
20191212    TF-Kelt-S  1 126.23400       0.00       0.00
20200103        Sxit1  1 127.01400    -830.00   -2292.60
20200124    TF-Kelt-B  1 127.85800       0.00       0.00
20200603         Lxit  1 136.26520    8357.20    6064.60
20200724    TF-Kelt-B  1 137.79560       0.00       0.00
20200812         Lxit  1 137.10920    -736.40    5328.20
20201007    TF-Kelt-S  1 136.88920       0.00       0.00
20201015        Sxit1  1 137.59280    -753.60    4574.60
20201021    TF-Kelt-S  1 136.81120       0.00       0.00
20201105        Sxit1  1 137.32760    -566.40    4008.20
20201109    TF-Kelt-S  1 136.53040       0.00       0.00
20201221        Sxit1  1 136.74880    -268.40    3739.80
20210106    TF-Kelt-S  1 135.74880       0.00       0.00
20210127        Sxit1  1 136.20280    -504.00    3235.80
20210203    TF-Kelt-S  1 135.32760       0.00       0.00
20210504        Sxit1  1 132.39000    2887.60    6123.40
20210608    TF-Kelt-B  1 132.84240       0.00       0.00
20210617         Lxit  1 132.03120    -861.20    5262.20
20210621    TF-Kelt-B  1 133.06240       0.00       0.00
20210907         Lxit  1 134.12480    1012.40    6274.60
20210923    TF-Kelt-S  1 133.45240       0.00       0.00
20211130        Sxit1  1 132.65520     747.20    7021.80
20211220    TF-Kelt-B  1 133.51480       0.00       0.00
20211229         Lxit  1 132.21840   -1346.40    5675.40
20220105    TF-Kelt-S  1 130.90480       0.00       0.00
20220301        Sxit1  1 130.56160     293.20    5968.60
20220302    TF-Kelt-S  1 129.14040       0.00       0.00
20220304        Sxit1  1 130.40560   -1315.20    4653.40
20220309    TF-Kelt-S  1 128.82680       0.00       0.00
20220331   Sx-EOFData  1 124.87500    3901.80    8555.20
-----------------------------------------
Sys Name : TF-Keltner_1R
Mkt Symb : FV Mkt Name : FiveYr
20100104    TF-Kelt-S  1  96.67969       0.00       0.00
20100115        Sxit1  1  98.00718   -1377.49   -1377.49
20100129    TF-Kelt-B  1  99.02873       0.00       0.00
20100218         Lxit  1  98.39504    -683.69   -2061.19
20100225    TF-Kelt-B  1  99.26575       0.00       0.00
20100324         Lxit  1  98.50277    -812.98   -2874.16
20100401    TF-Kelt-S  1  97.85472       0.00       0.00
20100416        Sxit1  1  98.71107    -906.35   -3780.51
20100504    TF-Kelt-B  1  99.52432       0.00       0.00
20101110         Lxit  1 105.84035    6266.03    2485.52
20101118    TF-Kelt-S  1 105.00000       0.00       0.00
20101123        Sxit1  1 105.93372    -983.72    1501.79
20101129    TF-Kelt-S  1 105.04309       0.00       0.00
20110128        Sxit1  1 104.50996     483.14    1984.93
20110204    TF-Kelt-S  1 103.00718       0.00       0.00
20110223        Sxit1  1 103.63924    -682.06    1302.87
20110311    TF-Kelt-B  1 104.47405       0.00       0.00
20110325         Lxit  1 103.64642    -877.62     425.25
20110426    TF-Kelt-B  1 104.67516       0.00       0.00
20111007         Lxit  1 110.79008    6064.92    6490.17
20111208    TF-Kelt-B  1 112.38786       0.00       0.00
20120217         Lxit  1 112.43813       0.28    6490.45
20120313    TF-Kelt-S  1 112.02155       0.00       0.00
20120406        Sxit1  1 112.36631    -394.76    6095.69
20120423    TF-Kelt-B  1 113.00718       0.00       0.00
20120807         Lxit  1 113.75416     696.98    6792.67
20120831    TF-Kelt-B  1 114.35913       0.00       0.00
20120907         Lxit  1 113.91218    -496.95    6295.72
20120928    TF-Kelt-B  1 114.57460       0.00       0.00
20121017         Lxit  1 114.15083    -473.77    5821.95
20121025    TF-Kelt-S  1 113.63206       0.00       0.00
20121030        Sxit1  1 114.10055    -518.50    5303.46
20121115    TF-Kelt-B  1 114.69670       0.00       0.00
20121213         Lxit  1 114.36631    -380.39    4923.06
20121218    TF-Kelt-S  1 113.97682       0.00       0.00
20121227        Sxit1  1 114.35194    -425.12    4497.94
20130104    TF-Kelt-S  1 113.89781       0.00       0.00
20130115        Sxit1  1 114.30166    -453.85    4044.09
20130125    TF-Kelt-S  1 113.92654       0.00       0.00
20130225        Sxit1  1 114.17956    -303.02    3741.07
20130308    TF-Kelt-S  1 113.66797       0.00       0.00
20130315        Sxit1  1 114.06464    -446.67    3294.40
20130327    TF-Kelt-B  1 114.54587       0.00       0.00
20130510         Lxit  1 114.50996     -85.91    3208.48
20130522    TF-Kelt-S  1 114.14365       0.00       0.00
20130916        Sxit1  1 111.79008    2303.57    5512.06
20130919    TF-Kelt-B  1 112.67516       0.00       0.00
20131206         Lxit  1 113.05469     329.53    5841.59
20131218    TF-Kelt-S  1 112.63206       0.00       0.00
20140124        Sxit1  1 112.95527    -373.21    5468.38
20140203    TF-Kelt-B  1 113.56742       0.00       0.00
20140307         Lxit  1 112.92654    -690.88    4777.50
20140313    TF-Kelt-B  1 113.59615       0.00       0.00
20140319         Lxit  1 112.97682    -669.33    4108.18
20140324    TF-Kelt-S  1 112.33039       0.00       0.00
20140407        Sxit1  1 113.09337    -812.98    3295.20
20140414    TF-Kelt-B  1 113.83317       0.00       0.00
20140416         Lxit  1 113.18675    -696.42    2598.77
20140514    TF-Kelt-B  1 113.81880       0.00       0.00
20140610         Lxit  1 113.33758    -531.23    2067.55
20140730    TF-Kelt-S  1 113.13647       0.00       0.00
20140801        Sxit1  1 113.71107    -624.60    1442.95
20140808    TF-Kelt-B  1 114.33039       0.00       0.00
20140903         Lxit  1 113.78289    -597.50     845.44
20140918    TF-Kelt-S  1 113.25857       0.00       0.00
20140925        Sxit1  1 113.81162    -603.05     242.39
20141007    TF-Kelt-B  1 114.42377       0.00       0.00
20141205         Lxit  1 114.70388     230.12     472.51
20141212    TF-Kelt-B  1 115.59615       0.00       0.00
20141218         Lxit  1 114.96246    -683.69    -211.18
20150106    TF-Kelt-B  1 115.93372       0.00       0.00
20150211         Lxit  1 115.74698    -236.75    -447.93
20150318    TF-Kelt-B  1 116.92654       0.00       0.00
20150505         Lxit  1 116.56024    -416.31    -864.24
20150603    TF-Kelt-S  1 116.07183       0.00       0.00
20150619        Sxit1  1 116.79726    -775.43   -1639.67
20150803    TF-Kelt-B  1 117.40940       0.00       0.00
20150805         Lxit  1 116.58178    -877.62   -2517.29
20150811    TF-Kelt-B  1 117.42377       0.00       0.00
20150915         Lxit  1 117.02873    -445.04   -2962.33
20150918    TF-Kelt-B  1 117.90499       0.00       0.00
20151029         Lxit  1 117.80444    -150.55   -3112.88
20151104    TF-Kelt-S  1 117.08619       0.00       0.00
20151211        Sxit1  1 117.61051    -574.32   -3687.20
20151215    TF-Kelt-S  1 116.91218       0.00       0.00
20160106        Sxit1  1 117.27294    -410.76   -4097.96
20160112    TF-Kelt-B  1 117.86190       0.00       0.00
20160310         Lxit  1 118.30885     396.95   -3701.01
20160331    TF-Kelt-B  1 119.57460       0.00       0.00
20160420         Lxit  1 119.12928    -495.32   -4196.33
20160506    TF-Kelt-B  1 119.90499       0.00       0.00
20160518         Lxit  1 119.15083    -804.16   -5000.49
20160610    TF-Kelt-B  1 119.86190       0.00       0.00
20160816         Lxit  1 120.17956     267.66   -4732.83
20160913    TF-Kelt-S  1 119.66079       0.00       0.00
20160926        Sxit1  1 120.36631    -755.52   -5488.35
20161006    TF-Kelt-S  1 119.61051       0.00       0.00
20161103        Sxit1  1 120.02155    -461.03   -5949.38
20161109    TF-Kelt-S  1 119.38067       0.00       0.00
20170202        Sxit1  1 117.25139    2079.28   -3870.10
20170224    TF-Kelt-B  1 117.71825       0.00       0.00
20170301         Lxit  1 117.00000    -768.25   -4638.35
20170309    TF-Kelt-S  1 116.22984       0.00       0.00
20170316        Sxit1  1 116.93372    -753.88   -5392.23
20170403    TF-Kelt-B  1 117.76853       0.00       0.00
20170628         Lxit  1 118.18675     368.22   -5024.01
20170706    TF-Kelt-S  1 117.66797       0.00       0.00
20170712        Sxit1  1 118.22266    -604.68   -5628.70
20170811    TF-Kelt-B  1 118.83317       0.00       0.00
20170914         Lxit  1 118.49559    -387.58   -6016.28
20170927    TF-Kelt-S  1 118.00000       0.00       0.00
20180328        Sxit1  1 115.45250    2497.50   -3518.77
20180419    TF-Kelt-S  1 114.53869       0.00       0.00
20180529  LiqShortPos  1 115.20829    -719.61   -4238.38
20180529    TF-Kelt-B  1 115.20829       0.00       0.00
20180601         Lxit  1 114.72543    -532.86   -4771.24
20180911    TF-Kelt-S  1 114.29448       0.00       0.00
20181026        Sxit1  1 114.24420       0.28   -4770.96
20181102    TF-Kelt-S  1 113.76135       0.00       0.00
20181114        Sxit1  1 114.05746    -346.12   -5117.08
20181119    TF-Kelt-B  1 114.47405       0.00       0.00
20190301         Lxit  1 115.79008    1266.03   -3851.05
20190320    TF-Kelt-B  1 116.61051       0.00       0.00
20190417         Lxit  1 116.37349    -287.02   -4138.07
20190426    TF-Kelt-B  1 116.99119       0.00       0.00
20190503         Lxit  1 116.52432    -516.86   -4654.93
20190506    TF-Kelt-B  1 117.06464       0.00       0.00
20190731         Lxit  1 118.48123    1366.58   -3288.35
20190801    TF-Kelt-B  1 119.19393       0.00       0.00
20190910         Lxit  1 119.61769     373.77   -2914.58
20190913    TF-Kelt-S  1 118.84035       0.00       0.00
20190918        Sxit1  1 119.66079    -870.44   -3785.02
20191003    TF-Kelt-B  1 120.61051       0.00       0.00
20191011         Lxit  1 119.94809    -712.42   -4497.44
20191028    TF-Kelt-S  1 119.22266       0.00       0.00
20191203        Sxit1  1 119.63924    -466.58   -4964.02
20191212    TF-Kelt-S  1 118.86190       0.00       0.00
20200103        Sxit1  1 119.34476    -532.86   -5496.88
20200124    TF-Kelt-B  1 119.84035       0.00       0.00
20200604         Lxit  1 125.16520    5274.85    -222.04
20200629    TF-Kelt-B  1 125.91218       0.00       0.00
20200813         Lxit  1 125.72543    -236.75    -458.78
20201007    TF-Kelt-S  1 125.65361       0.00       0.00
20201105        Sxit1  1 125.85472    -251.11    -709.89
20201109    TF-Kelt-S  1 125.53150       0.00       0.00
20201211        Sxit1  1 125.68234    -200.83    -910.73
20210108    TF-Kelt-S  1 125.27294       0.00       0.00
20210125        Sxit1  1 125.54587    -322.93   -1233.66
20210216    TF-Kelt-S  1 125.22984       0.00       0.00
20210504        Sxit1  1 124.18675     993.09    -240.57
20210528    TF-Kelt-B  1 124.50996       0.00       0.00
20210616         Lxit  1 124.10055    -459.40    -699.97
20210618    TF-Kelt-S  1 123.61051       0.00       0.00
20210706        Sxit1  1 124.15083    -590.32   -1290.29
20210708    TF-Kelt-B  1 124.67516       0.00       0.00
20210713         Lxit  1 124.20111    -524.05   -1814.33
20210719    TF-Kelt-B  1 124.73980       0.00       0.00
20210810         Lxit  1 124.45250    -337.30   -2151.63
20210923    TF-Kelt-S  1 124.11492       0.00       0.00
20211130        Sxit1  1 123.43095     633.97   -1517.66
20211201    TF-Kelt-S  1 122.68952       0.00       0.00
20211217        Sxit1  1 123.01436    -374.84   -1892.51
20220104    TF-Kelt-S  1 122.00718       0.00       0.00
20220301        Sxit1  1 121.30166     655.52   -1236.99
20220302    TF-Kelt-S  1 120.40222       0.00       0.00
20220307        Sxit1  1 121.15083    -798.61   -2035.60
20220308    TF-Kelt-S  1 120.20111       0.00       0.00
20220331   Sx-EOFData  1 116.68750    3463.61    1428.01
-----------------------------------------
Sys Name : TF-Keltner_1R
Mkt Symb : US Mkt Name : 30YrBnd
20100104    TF-Kelt-S  1  82.31250       0.00       0.00
20100121        Sxit1  1  85.46950   -3207.00   -3207.00
20100317    TF-Kelt-B  1  86.81380       0.00       0.00
20100324         Lxit  1  84.87640   -1987.40   -5194.40
20100405    TF-Kelt-S  1  83.15650       0.00       0.00
20100413        Sxit1  1  85.25040   -2143.90   -7338.30
20100427    TF-Kelt-B  1  87.09390       0.00       0.00
20101015         Lxit  1 101.81380   14669.90    7331.60
20101109    TF-Kelt-S  1  99.93900       0.00       0.00
20110222        Sxit1  1  93.12520    6763.80   14095.40
20110315    TF-Kelt-B  1  95.15650       0.00       0.00
20110406         Lxit  1  92.93900   -2267.50   11827.90
20110426    TF-Kelt-B  1  95.50080       0.00       0.00
20110630         Lxit  1  97.71990    2169.10   13997.00
20110711    TF-Kelt-B  1 100.50080       0.00       0.00
20111021         Lxit  1 114.37560   13824.80   27821.80
20111123    TF-Kelt-B  1 121.18780       0.00       0.00
20111130         Lxit  1 117.43820   -3799.60   24022.20
20111216    TF-Kelt-B  1 121.90770       0.00       0.00
20120106         Lxit  1 117.93900   -4018.70   20003.50
20120313    TF-Kelt-S  1 116.75120       0.00       0.00
20120409        Sxit1  1 118.28125   -1580.05   18423.45
20120423    TF-Kelt-B  1 120.62600       0.00       0.00
20120807         Lxit  1 127.75120    7075.20   25498.65
20120815    TF-Kelt-S  1 125.09390       0.00       0.00
20120828        Sxit1  1 127.87640   -2832.50   22666.15
20120912    TF-Kelt-S  1 125.21910       0.00       0.00
20120926        Sxit1  1 127.37560   -2206.50   20459.65
20121017    TF-Kelt-S  1 124.00000       0.00       0.00
20121029        Sxit1  1 126.03130   -2081.30   18378.35
20121108    TF-Kelt-B  1 128.50080       0.00       0.00
20121212         Lxit  1 126.87640   -1674.40   16703.95
20121218    TF-Kelt-S  1 124.81380       0.00       0.00
20121227        Sxit1  1 127.00160   -2237.80   14466.15
20130102    TF-Kelt-S  1 124.65730       0.00       0.00
20130226        Sxit1  1 124.78250    -175.20   14290.95
20130308    TF-Kelt-S  1 121.81380       0.00       0.00
20130318        Sxit1  1 123.56340   -1799.60   12491.35
20130403    TF-Kelt-B  1 125.43820       0.00       0.00
20130510         Lxit  1 125.31300    -175.20   12316.15
20130522    TF-Kelt-S  1 123.34430       0.00       0.00
20130918        Sxit1  1 114.46950    8824.80   21140.95
20131017    TF-Kelt-B  1 116.62600       0.00       0.00
20131108         Lxit  1 114.81380   -1862.20   19278.75
20131204    TF-Kelt-S  1 113.37560       0.00       0.00
20131223        Sxit1  1 115.34430   -2018.70   17260.05
20131224    TF-Kelt-S  1 113.31300       0.00       0.00
20140110        Sxit1  1 114.78250   -1519.50   15740.55
20140123    TF-Kelt-B  1 116.43820       0.00       0.00
20140620         Lxit  1 121.03130    4543.10   20283.65
20140625    TF-Kelt-B  1 123.12520       0.00       0.00
20140702         Lxit  1 121.59470   -1580.50   18703.15
20140710    TF-Kelt-B  1 123.78250       0.00       0.00
20140912         Lxit  1 124.71990     887.40   19590.55
20141001    TF-Kelt-B  1 127.15650       0.00       0.00
20150213         Lxit  1 134.90770    7701.20   27291.75
20150303    TF-Kelt-S  1 132.59470       0.00       0.00
20150318        Sxit1  1 135.65730   -3112.60   24179.15
20150325    TF-Kelt-B  1 139.34430       0.00       0.00
20150326         Lxit  1 136.09390   -3300.40   20878.75
20150401    TF-Kelt-B  1 139.78250       0.00       0.00
20150409         Lxit  1 136.50080   -3331.70   17547.05
20150429    TF-Kelt-S  1 132.43820       0.00       0.00
20150707        Sxit1  1 129.21910    3169.10   20716.15
20150710    TF-Kelt-S  1 124.37560       0.00       0.00
20150720        Sxit1  1 127.53210   -3206.50   17509.65
20150731    TF-Kelt-B  1 131.00160       0.00       0.00
20150909         Lxit  1 129.31300   -1738.60   15771.05
20150929    TF-Kelt-B  1 134.59470       0.00       0.00
20151029         Lxit  1 133.06260   -1582.10   14188.95
20151106    TF-Kelt-S  1 129.56340       0.00       0.00
20151124        Sxit1  1 132.31300   -2799.60   11389.35
20160112    TF-Kelt-B  1 135.56340       0.00       0.00
20160420         Lxit  1 142.78250    7169.10   18558.45
20160603    TF-Kelt-B  1 146.40690       0.00       0.00
20160819         Lxit  1 151.37560    4918.70   23477.15
20160909    TF-Kelt-S  1 149.03130       0.00       0.00
20170117        Sxit1  1 137.34430   11637.00   35114.15
20170125    TF-Kelt-S  1 132.75120       0.00       0.00
20170206        Sxit1  1 134.68860   -1987.40   33126.75
20170309    TF-Kelt-S  1 131.40690       0.00       0.00
20170321        Sxit1  1 134.25040   -2893.50   30233.25
20170407    TF-Kelt-B  1 137.28170       0.00       0.00
20170509         Lxit  1 135.62600   -1705.70   28527.55
20170517    TF-Kelt-B  1 138.18780       0.00       0.00
20170703         Lxit  1 138.87640     638.60   29166.15
20170818    TF-Kelt-B  1 142.28170       0.00       0.00
20170920         Lxit  1 140.90770   -1424.00   27742.15
20171006    TF-Kelt-S  1 138.97030       0.00       0.00
20171013        Sxit1  1 141.18780   -2267.50   25474.65
20171020    TF-Kelt-S  1 139.12520       0.00       0.00
20171103        Sxit1  1 141.18780   -2112.60   23362.05
20171206    TF-Kelt-B  1 142.75120       0.00       0.00
20171212         Lxit  1 140.59470   -2206.50   21155.55
20171215    TF-Kelt-B  1 142.78250       0.00       0.00
20171219         Lxit  1 140.62600   -2206.50   18949.05
20180109    TF-Kelt-S  1 138.43820       0.00       0.00
20180327        Sxit1  1 135.18780    3200.40   22149.45
20180425    TF-Kelt-S  1 131.18780       0.00       0.00
20180504        Sxit1  1 133.40690   -2269.10   19880.35
20180515    TF-Kelt-S  1 131.21910       0.00       0.00
20180525        Sxit1  1 133.21910   -2050.00   17830.35
20180529    TF-Kelt-B  1 135.28170       0.00       0.00
20180604         Lxit  1 133.31300   -2018.70   15811.65
20180627    TF-Kelt-B  1 135.37560       0.00       0.00
20180723         Lxit  1 133.53210   -1893.50   13918.15
20180824    TF-Kelt-B  1 136.03130       0.00       0.00
20180904         Lxit  1 134.37560   -1705.70   12212.45
20180914    TF-Kelt-S  1 132.78250       0.00       0.00
20181120        Sxit1  1 130.78250    1950.00   14162.45
20181203    TF-Kelt-B  1 132.15650       0.00       0.00
20190228         Lxit  1 136.62600    4419.50   18581.95
20190321    TF-Kelt-B  1 139.53210       0.00       0.00
20190417         Lxit  1 138.43820   -1143.90   17438.05
20190506    TF-Kelt-B  1 140.68860       0.00       0.00
20190913         Lxit  1 152.06260   11324.00   28762.05
20190923    TF-Kelt-B  1 155.87640       0.00       0.00
20191011         Lxit  1 154.65730   -1269.10   27492.95
20191028    TF-Kelt-S  1 152.21910       0.00       0.00
20191126        Sxit1  1 154.31300   -2143.90   25349.05
20191212    TF-Kelt-S  1 150.90770       0.00       0.00
20200103        Sxit1  1 152.65730   -1799.60   23549.45
20200124    TF-Kelt-B  1 154.81380       0.00       0.00
20200519         Lxit  1 173.46950   18605.70   42155.15
20200605    TF-Kelt-S  1 169.31300       0.00       0.00
20200611        Sxit1  1 174.53210   -5269.10   36886.05
20200710    TF-Kelt-B  1 178.34430       0.00       0.00
20200812         Lxit  1 175.59470   -2799.60   34086.45
20200828    TF-Kelt-S  1 172.90770       0.00       0.00
20200903        Sxit1  1 176.06260   -3204.90   30881.55
20201005    TF-Kelt-S  1 173.62600       0.00       0.00
20201105        Sxit1  1 174.09390    -517.90   30363.65
20201109    TF-Kelt-S  1 171.28170       0.00       0.00
20210504        Sxit1  1 157.34430   13887.40   44251.05
20210608    TF-Kelt-B  1 158.40690       0.00       0.00
20210917         Lxit  1 164.34430    5887.40   50138.45
20210927    TF-Kelt-S  1 162.18780       0.00       0.00
20211103        Sxit1  1 163.46950   -1331.70   48806.75
20211109    TF-Kelt-B  1 166.00160       0.00       0.00
20211110         Lxit  1 163.40690   -2644.70   46162.05
20211130    TF-Kelt-B  1 165.78250       0.00       0.00
20211229         Lxit  1 163.28170   -2550.80   43611.25
20220104    TF-Kelt-S  1 160.50080       0.00       0.00
20220301        Sxit1  1 160.28170     169.10   43780.35
20220314    TF-Kelt-S  1 155.97030       0.00       0.00
20220331   Sx-EOFData  1 152.06250    3857.80   47638.15
