-----------------------------------------
Sys Name : TF-Keltner_1R
Mkt Symb : EC Mkt Name : EuroCur
Profit/Loss : 28300.0
Num Trades : 70
Percent Wins : 0.329
Avg Win  : 5225.54
Avg Loss : -1956.12
Avg Trade: 404.29
Max DrawDown: 37537.5
Avg DrawDown: 11185.94
AVG Monthly Return: 192.51701
Monthly StdDev: 3369.23393
-----------------------------------------
20100129       5812       5812
20100226       2825       8637
20100331       1463      10100
20100430       2675      12775
20100528      12838      25612
20100630        413      26025
20100730      -3475      22550
20100831      -5281      17269
20100930       7075      24344
20101029       3912      28256
20101130      -2756      25500
20101231      -4887      20613      20613
20110131      -1706      18906
20110228       1413      20319
20110331       4425      24744
20110429       8525      33269
20110531      -8300      24969
20110630      -3144      21825
20110729      -3725      18100
20110831          0      18100
20110930       6456      24556
20111031      -6625      17931
20111130      -1219      16713
20111230       6125      22838       2225
20120131      -1488      21350
20120229      -2175      19175
20120330      -3525      15650
20120430      -2506      13144
20120531       7769      20913
20120629      -3575      17338
20120731       4438      21775
20120831      -1925      19850
20120928       3363      23213
20121031       1312      24525
20121130      -1994      22531
20121231      -1275      21256      -1581
20130131       4625      25881
20130228      -4331      21550
20130329       3200      24750
20130430      -4363      20388
20130531          0      20388
20130628      -1775      18613
20130731      -2119      16494
20130830      -1631      14863
20130930       1575      16438
20131031        812      17250
20131129      -3794      13456
20131231        825      14281      -6975
20140131      -2200      12081
20140228          0      12081
20140331       -563      11519
20140430       -963      10556
20140530       -531      10025
20140630       -775       9250
20140731       3825      13075
20140829       3212      16287
20140930       6388      22675
20141031       1312      23988
20141128       1175      25163
20141231       4225      29387      15106
20150130      10138      39525
20150227       1262      40788
20150331       5587      46375
20150430      -2919      43456
20150529      -4100      39356
20150630      -3206      36150
20150731      -1337      34813
20150831      -3100      31713
20150930      -4669      27044
20151030      -2812      24231
20151130       5412      29644
20151231      -5725      23919      -5469
20160129      -2394      21525
20160229      -1269      20256
20160331       2337      22594
20160429        663      23256
20160531      -2638      20619
20160630      -3338      17281
20160729      -1175      16106
20160831      -2613      13494
20160930          0      13494
20161031       1206      14700
20161130       1706      16406
20161230        950      17356      -6563
20170131      -2006      15350
20170228          0      15350
20170331      -1800      13550
20170428        350      13900
20170531       4187      18087
20170630       1956      20044
20170731       4919      24963
20170831        644      25606
20170929      -1838      23769
20171031        525      24294
20171130      -2175      22119
20171229        844      22962       5606
20180131       4650      27612
20180228      -2881      24731
20180329      -2050      22681
20180430       1519      24200
20180531       5281      29481
20180629        594      30075
20180731        -12      30062
20180831        606      30669
20180928          0      30669
20181031       2606      33275
20181130        419      33694
20181231      -1787      31906       8944
20190131          0      31906
20190228       -950      30956
20190329        619      31575
20190430        275      31850
20190531        994      32844
20190628      -1356      31488
20190731       -163      31325
20190830       1725      33050
20190930       1275      34325
20191031      -2331      31994
20191129          0      31994
20191231       -944      31050       -856
20200131      -1862      29188
20200228        988      30175
20200331      -6200      23975
20200430       -994      22981
20200529       -344      22638
20200630        450      23088
20200731       6825      29913
20200831       1750      31663
20200930      -3187      28475
20201030         31      28506
20201130      -1988      26519
20201231       3319      29838      -1212
20210129      -2225      27613
20210226          0      27613
20210331       3731      31344
20210430      -4806      26538
20210528        413      26950
20210630       -981      25969
20210730        -12      25956
20210831        631      26588
20210930       1050      27638
20211029        394      28031
20211130       3025      31056
20211231       -613      30444        606
20220131       -562      29881
20220228      -3650      26231
20220331       2069      28300      -2144
-----------------------------------------
-----------------------------------------
Sys Name : TF-Keltner_1R
Mkt Symb : JY Mkt Name : J.Yen
Profit/Loss : -13668.75
Num Trades : 85
Percent Wins : 0.247
Avg Win  : 4888.99
Avg Loss : -1879.2
Avg Trade: -160.81
Max DrawDown: 41225.0
Avg DrawDown: 11915.62
AVG Monthly Return: -92.98469
Monthly StdDev: 3002.1154
-----------------------------------------
20100129      -4075      -4075
20100226          0      -4075
20100331      -1956      -6031
20100430        613      -5419
20100528     -14113     -19531
20100630        950     -18581
20100730       3100     -15481
20100831       3887     -11594
20100930       1163     -10431
20101029       5775      -4656
20101130      -6219     -10875
20101231      -5363     -16238     -16238
20110131      -2306     -18544
20110228      -2944     -21488
20110331      -1806     -23294
20110429      -2619     -25913
20110531      -2438     -28350
20110630       -738     -29088
20110729       4706     -24381
20110831      -2900     -27281
20110930      -1025     -28306
20111031      -5156     -33462
20111130      -3844     -37306
20111230       -656     -37962     -21725
20120131        556     -37406
20120229       3875     -33531
20120330       3213     -30319
20120430      -3919     -34237
20120531       2731     -31506
20120629      -3938     -35444
20120731        294     -35150
20120831      -1837     -36987
20120928      -2538     -39525
20121031        -87     -39612
20121130       5038     -34575
20121231       7488     -27087      10875
20130131       7562     -19525
20130228       1938     -17587
20130329       2112     -15475
20130430       4688     -10787
20130531       4050      -6737
20130628     -10287     -17025
20130731          0     -17025
20130830      -2612     -19637
20130930          0     -19637
20131031          0     -19637
20131129       2856     -16781
20131231       3275     -13506      13581
20140131      -3762     -17269
20140228      -1194     -18462
20140331      -3294     -21756
20140430          0     -21756
20140530       -844     -22600
20140630       -844     -23444
20140731       -637     -24081
20140829        256     -23825
20140930       6175     -17650
20141031       2650     -15000
20141128       6050      -8950
20141231       1050      -7900       5606
20150130      -3319     -11219
20150227          0     -11219
20150331      -1881     -13100
20150430          0     -13100
20150529       2162     -10937
20150630      -1394     -12331
20150731       -287     -12619
20150831        337     -12281
20150930        906     -11375
20151030      -1025     -12400
20151130        375     -12025
20151231      -3150     -15175      -7275
20160129       -969     -16144
20160229       5494     -10650
20160331        150     -10500
20160429       5925      -4575
20160531      -4094      -8669
20160630       4937      -3731
20160729      -2094      -5825
20160831      -1475      -7300
20160930          0      -7300
20161031        769      -6531
20161130       5963       -569
20161230       2419       1850      17025
20170131      -3650      -1800
20170228       -350      -2150
20170331      -1862      -4012
20170428       -219      -4231
20170531      -2331      -6562
20170630      -1525      -8087
20170731       -988      -9075
20170831       -625      -9700
20170929       -756     -10456
20171031       1331      -9125
20171130      -1663     -10787
20171229          0     -10787     -12637
20180131       2044      -8744
20180228       2463      -6281
20180329        -19      -6300
20180430       -225      -6525
20180531       -462      -6987
20180629       2581      -4406
20180731       1219      -3187
20180831      -1463      -4650
20180928       1569      -3081
20181031      -1675      -4756
20181130        800      -3956
20181231        494      -3462       7325
20190131        556      -2906
20190228      -1937      -4844
20190329      -1562      -6406
20190430        613      -5794
20190531        594      -5200
20190628        387      -4812
20190731      -1019      -5831
20190830        612      -5219
20190930      -2419      -7637
20191031      -1713      -9350
20191129       1700      -7650
20191231       -563      -8212      -4750
20200131       -919      -9131
20200228      -1356     -10487
20200331      -2937     -13425
20200430          0     -13425
20200529          0     -13425
20200630      -2119     -15544
20200731        256     -15287
20200831      -2650     -17937
20200930       -500     -18437
20201030       -700     -19137
20201130      -1131     -20269
20201231       1094     -19175     -10962
20210129      -1006     -20181
20210226       1819     -18362
20210331       4400     -13962
20210430      -1450     -15412
20210528      -1144     -16556
20210630       1363     -15194
20210730      -1550     -16744
20210831          0     -16744
20210930        356     -16387
20211029       2512     -13875
20211130       -775     -14650
20211231       -431     -15081       4094
20220131      -1494     -16575
20220228      -2031     -18606
20220331       4938     -13669       1413
-----------------------------------------
-----------------------------------------
Sys Name : TF-Keltner_1R
Mkt Symb : BP Mkt Name : B.Pound
Profit/Loss : -20018.75
Num Trades : 84
Percent Wins : 0.31
Avg Win  : 1950.0
Avg Loss : -1220.15
Avg Trade: -238.32
Max DrawDown: 29862.5
Avg DrawDown: 7703.13
AVG Monthly Return: -136.18197
Monthly StdDev: 1805.7053
-----------------------------------------
20100129      -2425      -2425
20100226       4675       2250
20100331        363       2612
20100430      -1806        806
20100528       3056       3862
20100630      -3025        837
20100730       2744       3581
20100831      -2200       1381
20100930       -156       1225
20101029         75       1300
20101130      -1981       -681
20101231      -2113      -2794      -2794
20110131      -2919      -5713
20110228       1162      -4550
20110331      -1587      -6138
20110429       2213      -3925
20110531      -3413      -7338
20110630      -1081      -8419
20110729      -1237      -9656
20110831      -3562     -13219
20110930       2138     -11081
20111031      -2475     -13556
20111130      -1681     -15237
20111230       -719     -15956     -13162
20120131       -831     -16787
20120229        262     -16525
20120330      -1000     -17525
20120430       1362     -16162
20120531        206     -15956
20120629      -1906     -17862
20120731      -1600     -19463
20120831        375     -19088
20120928       1600     -17488
20121031      -1269     -18756
20121130      -1956     -20712
20121231        225     -20487      -4531
20130131      -1013     -21500
20130228       4256     -17244
20130329          0     -17244
20130430      -1231     -18475
20130531      -3300     -21775
20130628       -875     -22650
20130731      -1281     -23931
20130830       -419     -24350
20130930       4300     -20050
20131031       -806     -20856
20131129        319     -20538
20131231       1275     -19263       1225
20140131       -813     -20075
20140228        481     -19594
20140331      -1525     -21119
20140430        869     -20250
20140530      -1006     -21256
20140630       1337     -19919
20140731      -1062     -20981
20140829       1444     -19537
20140930       2238     -17300
20141031       1287     -16012
20141128       2300     -13712
20141231        238     -13475       5788
20150130       3231     -10244
20150227      -2269     -12512
20150331       1775     -10737
20150430      -1394     -12131
20150529       -406     -12537
20150630       2787      -9750
20150731      -2119     -11869
20150831      -1450     -13319
20150930       -206     -13525
20151030      -2106     -15631
20151130       -844     -16475
20151231       2031     -14444       -969
20160129       3075     -11369
20160229       2037      -9331
20160331      -3056     -12387
20160429        206     -12181
20160531       -913     -13094
20160630        -44     -13137
20160729          6     -13131
20160831        731     -12400
20160930      -1612     -14012
20161031       3925     -10087
20161130      -1600     -11687
20161230       -725     -12412       2031
20170131      -1600     -14012
20170228          0     -14012
20170331      -1275     -15287
20170428       1806     -13481
20170531       -400     -13881
20170630       -981     -14862
20170731       -250     -15112
20170831      -1644     -16756
20170929       1644     -15112
20171031      -1775     -16887
20171130        156     -16731
20171229       -125     -16856      -4444
20180131       4019     -12837
20180228      -2638     -15475
20180329       -675     -16150
20180430      -1400     -17550
20180531       2981     -14569
20180629        756     -13812
20180731        537     -13275
20180831       1162     -12112
20180928      -2062     -14175
20181031      -1000     -15175
20181130      -1013     -16187
20181231        138     -16050        806
20190131       -356     -16406
20190228       -550     -16956
20190329      -1750     -18706
20190430       -856     -19562
20190531       1306     -18256
20190628       -338     -18594
20190731       3506     -15087
20190830        169     -14919
20190930      -2781     -17700
20191031       2587     -15112
20191129       -125     -15237
20191231       1981     -13256       2794
20200131      -1669     -14925
20200228        463     -14462
20200331        594     -13869
20200430       -756     -14625
20200529      -1750     -16375
20200630      -1713     -18087
20200731       2588     -15500
20200831       1694     -13806
20200930      -4650     -18456
20201030       -375     -18831
20201130        344     -18487
20201231       1900     -16587      -3331
20210129        288     -16300
20210226       1506     -14794
20210331      -1131     -15925
20210430          0     -15925
20210528        731     -15194
20210630      -1487     -16681
20210730      -1100     -17781
20210831        -37     -17819
20210930        469     -17350
20211029      -1775     -19125
20211130       1662     -17462
20211231      -1300     -18762      -2175
20220131      -1244     -20006
20220228      -1763     -21769
20220331       1750     -20019      -1256
-----------------------------------------
-----------------------------------------
Sys Name : TF-Keltner_1R
Mkt Symb : TY Mkt Name : TenYr
Profit/Loss : 8605.2
Num Trades : 80
Percent Wins : 0.275
Avg Win  : 2882.5
Avg Loss : -945.86
Avg Trade: 107.57
Max DrawDown: 20954.9
Avg DrawDown: 5553.75
AVG Monthly Return: 58.53878
Monthly StdDev: 1525.7071
-----------------------------------------
20100129      -2191      -2191
20100226      -1143      -3333
20100331      -1363      -4696
20100430      -1158      -5854
20100528       2781      -3072
20100630       2672       -401
20100730       1266        865
20100831       2625       3490
20100930        422       3912
20101029       -800       3112
20101130      -3789       -677
20101231       3672       2994       2994
20110131       -359       2635
20110228        514       3149
20110331      -1426       1723
20110429        688       2411
20110531       2859       5271
20110630       -281       4989
20110729       3359       8349
20110831       4312      12661
20110930       1062      13724
20111031      -3960       9763
20111130          0       9763
20111230        205       9968       6974
20120131       -627       9341
20120229      -1629       7712
20120330         77       7789
20120430       -455       7334
20120531       2625       9959
20120629       -562       9396
20120731       1281      10677
20120831      -2242       8435
20120928      -1190       7245
20121031          0       7245
20121130        282       7527
20121231      -1820       5707      -4261
20130131        515       6221
20130228       -987       5234
20130329       -972       4262
20130430       1375       5637
20130531       -427       5210
20130628       2656       7866
20130731        125       7991
20130830        984       8976
20130930        -95       8880
20131031        969       9849
20131129       -719       9130
20131231        230       9361       3654
20140131      -1519       7842
20140228        344       8186
20140331      -1222       6963
20140430      -1081       5882
20140530       1188       7070
20140630      -1550       5520
20140731      -1616       3904
20140829        532       4436
20140930      -2116       2320
20141031        485       2805
20141128       1312       4118
20141231      -2350       1768      -7593
20150130       3111       4878
20150227      -3036       1843
20150331      -1707        136
20150430      -1551      -1415
20150529      -1409      -2824
20150630        155      -2668
20150731       -737      -3406
20150831       -156      -3562
20150930       1672      -1890
20151030       -895      -2785
20151130       -360      -3145
20151231       -659      -3804      -5572
20160129       1029      -2776
20160229       1297      -1479
20160331      -2191      -3670
20160429       -941      -4611
20160531          0      -4611
20160630       2095      -2516
20160729         62      -2453
20160831      -1176      -3629
20160930      -1301      -4931
20161031        327      -4604
20161130       1935      -2669
20161230        234      -2434       1370
20170131       -188      -2622
20170228       -596      -3218
20170331       -895      -4113
20170428        610      -3504
20170531        875      -2629
20170630       -597      -3226
20170731       -972      -4198
20170831        282      -3916
20170929      -1099      -5015
20171031        375      -4640
20171130        656      -3984
20171229          0      -3984      -1550
20180131       2469      -1515
20180228        969       -547
20180329      -1049      -1596
20180430       -205      -1800
20180531       -455      -2255
20180629      -1050      -3306
20180731       -660      -3966
20180831       -374      -4340
20180928        -51      -4391
20181031       -503      -4895
20181130       -329      -5224
20181231       2562      -2662       1322
20190131        453      -2209
20190228       -797      -3005
20190329       1106      -1899
20190430      -1473      -3372
20190531       1669      -1702
20190628       1219       -484
20190731       -547      -1030
20190830       3641       2610
20190930      -2222        388
20191031      -2270      -1882
20191129       1000       -882
20191231       -440      -1322       1339
20200131        500       -822
20200228       3203       2381
20200331       3938       6318
20200430        375       6693
20200529        266       6959
20200630       -894       6065
20200731        329       6394
20200831      -1066       5328
20200930          0       5328
20201030       -349       4980
20201130      -1191       3789
20201231        -49       3740       5062
20210129       -504       3236
20210226       2937       6173
20210331       1781       7954
20210430      -1094       6860
20210528       -737       6123
20210630       -861       5262
20210730       1953       7215
20210831       -406       6809
20210930        152       6961
20211029        906       7868
20211130       -846       7022
20211231      -1346       5675       1936
20220131        999       6674
20220228        469       7143
20220331       1463       8605       2930
-----------------------------------------
-----------------------------------------
Sys Name : TF-Keltner_1R
Mkt Symb : FV Mkt Name : FiveYr
Profit/Loss : 1478.01
Num Trades : 84
Percent Wins : 0.262
Avg Win  : 1636.9
Avg Loss : -557.8
Avg Trade: 17.6
Max DrawDown: 14086.68
Avg DrawDown: 3472.96
AVG Monthly Return: 10.05446
Monthly StdDev: 913.16002
-----------------------------------------
20100129      -1516      -1516
20100226       -311      -1827
20100331      -1047      -2874
20100430       -906      -3781
20100528       1523      -2258
20100630       1680       -578
20100730       1477        898
20100831       1242       2140
20100930        547       2687
20101029        711       3398
20101130      -2603        795
20101231       2133       2928       2928
20110131       -943       1985
20110228       -682       1303
20110331       -878        425
20110429        614       1039
20110531       1797       2836
20110630         55       2891
20110729       2250       5141
20110831       2031       7172
20110930        -62       7109
20111031       -619       6490
20111130          0       6490
20111230         89       6579       3651
20120131        789       7368
20120229       -877       6490
20120330        147       6637
20120430       -416       6221
20120531        602       6823
20120629       -219       6604
20120731        812       7417
20120831       -428       6988
20120928       -744       6245
20121031       -941       5303
20121130         53       5357
20121231       -859       4498      -2081
20130131       -293       4205
20130228       -464       3741
20130329       -500       3241
20130430        586       3827
20130531        135       3962
20130628       1367       5329
20130731       -320       5008
20130830        773       5782
20130930         -7       5774
20131031        641       6415
20131129         94       6509
20131231        -98       6411       1913
20140131       -943       5468
20140228         89       5557
20140331      -1869       3689
20140430      -1090       2599
20140530        462       3061
20140630       -994       2068
20140731       -223       1845
20140829       -474       1370
20140930      -1128        242
20141031        428        670
20141128        789       1459
20141231      -1670       -211      -6622
20150130       1558       1347
20150227      -1795       -448
20150331        136       -312
20150430        -78       -390
20150529       -474       -864
20150630       -775      -1640
20150731          0      -1640
20150831      -1051      -2691
20150930        152      -2539
20151030       -574      -3113
20151130         94      -3019
20151231       -389      -3408      -3197
20160129        432      -2975
20160229        391      -2585
20160331      -1136      -3721
20160429       -475      -4196
20160531       -804      -5000
20160630       1099      -3901
20160729       -148      -4050
20160831       -683      -4733
20160930       -756      -5488
20161031          9      -5479
20161130       1754      -3725
20161230        180      -3545       -137
20170131       -203      -3748
20170228       -457      -4206
20170331      -1187      -5392
20170428        317      -5075
20170531        430      -4645
20170630       -379      -5024
20170731       -605      -5629
20170831        143      -5485
20170929       -508      -5993
20171031        312      -5680
20171130        656      -5024
20171229        180      -4844      -1299
20180131       1453      -3391
20180228        484      -2907
20180329       -612      -3519
20180430         70      -3449
20180531       -857      -4306
20180629       -465      -4771
20180731          0      -4771
20180831          0      -4771
20180928        334      -4438
20181031       -333      -4771
20181130       -328      -5099
20181231       1727      -3372       1472
20190131        172      -3200
20190228       -453      -3654
20190329        395      -3258
20190430       -855      -4114
20190531        933      -3181
20190628        789      -2391
20190731       -897      -3288
20190830       1509      -1779
20190930      -2006      -3785
20191031      -1419      -5204
20191129        570      -4634
20191231       -468      -5102      -1730
20200131        476      -4626
20200228       1961      -2665
20200331       2609        -56
20200430        125         69
20200529        312        382
20200630       -680       -298
20200731        383         85
20200831       -543       -459
20200930          0       -459
20201030         75       -383
20201130       -483       -866
20201231        -45       -911       4191
20210129       -323      -1234
20210226       1238          4
20210331        570        574
20210430       -539         35
20210528       -348       -313
20210630       -792      -1105
20210730       -418      -1523
20210831       -629      -2152
20210930        310      -1841
20211029        992       -849
20211130       -668      -1518
20211231       -375      -1893       -982
20220131       1140       -753
20220228        586       -167
20220331       1645       1478       3371
-----------------------------------------
-----------------------------------------
Sys Name : TF-Keltner_1R
Mkt Symb : US Mkt Name : 30YrBnd
Profit/Loss : 47688.15
Num Trades : 73
Percent Wins : 0.315
Avg Win  : 6838.83
Avg Loss : -2193.1
Avg Trade: 653.26
Max DrawDown: 29139.75
Avg DrawDown: 13100.82
AVG Monthly Return: 324.40918
Monthly StdDev: 3535.45452
-----------------------------------------
20100129      -3207      -3207
20100226          0      -3207
20100331      -1987      -5194
20100430      -1394      -6588
20100528       4094      -2495
20100630       4844       2349
20100730       1219       3568
20100831       7687      11255
20100930      -1312       9943
20101029      -2611       7332
20101130        533       7864
20101231       5156      13021      13021
20110131       1500      14521
20110228       -425      14095
20110331      -1281      12814
20110429       -424      12390
20110531       3750      16140
20110630      -2143      13997
20110729       2593      16590
20110831       9156      25746
20110930       6594      32340
20111031      -4518      27822
20111130      -3800      24022
20111230       -720      23302      10281
20120131      -3299      20003
20120229          0      20003
20120330       1189      21192
20120430      -2707      18485
20120531       7406      25891
20120629      -1750      24141
20120731       3062      27204
20120831      -4538      22666
20120928      -2207      20460
20121031      -2081      18378
20121130        374      18753
20121231      -4286      14466      -8836
20130131       2376      16842
20130228      -2551      14291
20130329      -1800      12491
20130430       3249      15741
20130531      -1393      14348
20130628       4188      18535
20130731       1781      20317
20130830        750      21067
20130930         74      21141
20131031        874      22015
20131129      -2736      19279
20131231      -1174      18104       3638
20140131      -1052      17052
20140228        969      18021
20140331        156      18177
20140430       1719      19896
20140530       3281      23177
20140630      -2425      20752
20140731      -2019      18733
20140829       4125      22858
20140930      -3268      19591
20141031       1781      21372
20141128       2969      24340
20141231       1938      26278       8174
20150130       6719      32997
20150227      -5705      27292
20150331      -6413      20879
20150430      -4081      16798
20150529       2438      19235
20150630       4781      24016
20150731      -6446      17571
20150831        188      17758
20150930      -2613      15145
20151030       -956      14189
20151130      -2800      11389
20151231          0      11389     -14888
20160129       3468      14857
20160229       4844      19701
20160331        -94      19607
20160429      -1049      18558
20160531          0      18558
20160630       6656      25214
20160729       2094      27308
20160831      -3831      23477
20160930      -1281      22196
20161031       5438      27633
20161130      10094      37727
20161230        625      38352      26963
20170131      -4831      33522
20170228       -395      33127
20170331      -2894      30233
20170428        437      30670
20170531       -487      30183
20170630       -125      30058
20170731       -892      29166
20170831       1062      30228
20170929      -2486      27742
20171031      -2861      24881
20171130      -1519      23362
20171229      -4413      18949     -19403
20180131       2282      21231
20180228       3375      24606
20180329      -2457      22149
20180430      -2000      20150
20180531      -2289      17861
20180629      -2238      15624
20180731      -1705      13918
20180831       -875      13043
20180928        514      13557
20181031       2375      15932
20181130      -1770      14162
20181231       5406      19568        619
20190131        688      20256
20190228      -1674      18582
20190329       2312      20894
20190430      -3456      17438
20190531       5843      23281
20190628       1875      25156
20190731          0      25156
20190830      10438      35593
20190930      -6801      28792
20191031      -4049      24743
20191129        606      25349
20191231        626      25975       6407
20200131        666      26642
20200228       7719      34361
20200331       8813      43173
20200430       1969      45142
20200529      -2987      42155
20200630      -5269      36886
20200731        874      37760
20200831      -5079      32682
20200930      -1800      30882
20201030       2564      33445
20201130      -4112      29333
20201231       1719      31052       5076
20210129       4469      35520
20210226       7938      43458
20210331       4625      48083
20210430      -2656      45427
20210528      -1176      44251
20210630       2874      47125
20210730       3969      51094
20210831       -188      50907
20210930        107      51014
20211029      -1625      49389
20211130      -3228      46161
20211231      -2550      43611      12560
20220131       1220      44831
20220228        594      45425
20220331       2264      47688       4077
-----------------------------------------
