-----------------------------------------
Sys Name : TF-LinReg_1R
Mkt Symb : EC Mkt Name : EuroCur
20101208  TF-Linear-S  1   1.47245       0.00       0.00
20110126         Sxit  1   1.51810   -5756.25   -5756.25
20110624  TF-Linear-S  1   1.57545       0.00       0.00
20140219  LiqShortPos  1   1.52025    6850.00    1093.75
20140219  TF-Linear-B  1   1.52025       0.00       0.00
20140220   LiqLongPos  1   1.51775    -362.50     731.25
20140220  TF-Linear-S  1   1.51775       0.00       0.00
20140310  LiqShortPos  1   1.53175   -1800.00   -1068.75
20140310  TF-Linear-B  1   1.53175       0.00       0.00
20140515         Lxit  1   1.51275   -2425.00   -3493.75
20140521  TF-Linear-S  1   1.51445       0.00       0.00
20160906  LiqShortPos  1   1.24485   33650.00   30156.25
20160906  TF-Linear-B  1   1.24485       0.00       0.00
20161018   LiqLongPos  1   1.22740   -2231.25   27925.00
20161018  TF-Linear-S  1   1.22740       0.00       0.00
20161109         Sxit  1   1.24905   -2756.25   25168.75
20170407  TF-Linear-S  1   1.18295       0.00       0.00
20170424         Sxit  1   1.20460   -2756.25   22412.50
20170425  TF-Linear-B  1   1.20485       0.00       0.00
20171019   LiqLongPos  1   1.28690   10206.25   32618.75
20171019  TF-Linear-S  1   1.28690       0.00       0.00
20171220  LiqShortPos  1   1.28825    -218.75   32400.00
20171220  TF-Linear-B  1   1.28825       0.00       0.00
20180409   LiqLongPos  1   1.32190    4156.25   36556.25
20180409  TF-Linear-S  1   1.32190       0.00       0.00
20190204  LiqShortPos  1   1.21165   13731.25   50287.50
20190204  TF-Linear-B  1   1.21165       0.00       0.00
20190211   LiqLongPos  1   1.19735   -1837.50   48450.00
20190211  TF-Linear-S  1   1.19735       0.00       0.00
20190701  LiqShortPos  1   1.18880    1018.75   49468.75
20190701  TF-Linear-B  1   1.18880       0.00       0.00
20190717         Lxit  1   1.17120   -2250.00   47218.75
20190725  TF-Linear-S  1   1.16400       0.00       0.00
20191121  LiqShortPos  1   1.14695    2081.25   49300.00
20191121  TF-Linear-B  1   1.14695       0.00       0.00
20191127   LiqLongPos  1   1.14130    -756.25   48543.75
20191127  TF-Linear-S  1   1.14130       0.00       0.00
20191206  LiqShortPos  1   1.14875    -981.25   47562.50
20191206  TF-Linear-B  1   1.14875       0.00       0.00
20200109   LiqLongPos  1   1.14630    -356.25   47206.25
20200109  TF-Linear-S  1   1.14630       0.00       0.00
20200116  LiqShortPos  1   1.15020    -537.50   46668.75
20200116  TF-Linear-B  1   1.15020       0.00       0.00
20200127         Lxit  1   1.13545   -1893.75   44775.00
20200128  TF-Linear-S  1   1.13610       0.00       0.00
20200305         Sxit  1   1.15430   -2325.00   42450.00
20201014  TF-Linear-S  1   1.19800       0.00       0.00
20201125  LiqShortPos  1   1.21200   -1800.00   40650.00
20201125  TF-Linear-B  1   1.21200       0.00       0.00
20210222   LiqLongPos  1   1.23215    2468.75   43118.75
20210222  TF-Linear-S  1   1.23215       0.00       0.00
20210513  LiqShortPos  1   1.22465     887.50   44006.25
20210513  TF-Linear-B  1   1.22465       0.00       0.00
20210618         Lxit  1   1.20310   -2743.75   41262.50
20210701  TF-Linear-S  1   1.20200       0.00       0.00
20220209  LiqShortPos  1   1.15230    6162.50   47425.00
20220209  TF-Linear-B  1   1.15230       0.00       0.00
20220224         Lxit  1   1.12880   -2987.50   44437.50
20220302  TF-Linear-S  1   1.12225       0.00       0.00
-----------------------------------------
Sys Name : TF-LinReg_1R
Mkt Symb : JY Mkt Name : J.Yen
20100107  TF-Linear-S  1   1.21535       0.00       0.00
20100127         Sxit  1   1.25295   -4750.00   -4750.00
20100401  TF-Linear-S  1   1.20195       0.00       0.00
20100506         Sxit  1   1.23300   -3931.25   -8681.25
20101214  TF-Linear-S  1   1.32765       0.00       0.00
20101231         Sxit  1   1.35985   -4075.00  -12756.25
20110408  TF-Linear-S  1   1.30425       0.00       0.00
20110421         Sxit  1   1.34980   -5743.75  -18500.00
20111103  TF-Linear-S  1   1.40655       0.00       0.00
20120103         Sxit  1   1.42905   -2862.50  -21362.50
20120124  TF-Linear-B  1   1.42225       0.00       0.00
20120125         Lxit  1   1.40235   -2537.50  -23900.00
20120223  TF-Linear-S  1   1.36845       0.00       0.00
20120531         Sxit  1   1.39570   -3456.25  -27356.25
20121023  TF-Linear-S  1   1.37045       0.00       0.00
20131104  LiqShortPos  1   1.12795   30262.50    2906.25
20131104  TF-Linear-B  1   1.12795       0.00       0.00
20131120   LiqLongPos  1   1.11315   -1900.00    1006.25
20131120  TF-Linear-S  1   1.11315       0.00       0.00
20140507  LiqShortPos  1   1.09745    1912.50    2918.75
20140507  TF-Linear-B  1   1.09745       0.00       0.00
20140730         Lxit  1   1.08555   -1537.50    1381.25
20140804  TF-Linear-S  1   1.08835       0.00       0.00
20150506  LiqShortPos  1   0.94535   17825.00   19206.25
20150506  TF-Linear-B  1   0.94535       0.00       0.00
20150526         Lxit  1   0.92905   -2087.50   17118.75
20150528  TF-Linear-S  1   0.91935       0.00       0.00
20150708         Sxit  1   0.94005   -2637.50   14481.25
20150826  TF-Linear-B  1   0.95120       0.00       0.00
20150828         Lxit  1   0.93130   -2537.50   11943.75
20151111  TF-Linear-S  1   0.92045       0.00       0.00
20151211         Sxit  1   0.93570   -1956.25    9987.50
20160108  TF-Linear-B  1   0.95775       0.00       0.00
20160129         Lxit  1   0.93520   -2868.75    7118.75
20161017  TF-Linear-S  1   1.05775       0.00       0.00
20161109         Sxit  1   1.08370   -3293.75    3825.00
20170607  TF-Linear-S  1   1.00440       0.00       0.00
20170818  LiqShortPos  1   1.00025     468.75    4293.75
20170818  TF-Linear-B  1   1.00025       0.00       0.00
20170920         Lxit  1   0.97530   -3168.75    1125.00
20171004  TF-Linear-S  1   0.97025       0.00       0.00
20180110  LiqShortPos  1   0.96785     250.00    1375.00
20180110  TF-Linear-B  1   0.96785       0.00       0.00
20180430   LiqLongPos  1   0.99020    2743.75    4118.75
20180430  TF-Linear-S  1   0.99020       0.00       0.00
20190102  LiqShortPos  1   0.96885    2618.75    6737.50
20190102  TF-Linear-B  1   0.96885       0.00       0.00
20190225         Lxit  1   0.95485   -1800.00    4937.50
20190307  TF-Linear-S  1   0.94710       0.00       0.00
20190322         Sxit  1   0.96030   -1700.00    3237.50
20190520  TF-Linear-B  1   0.95565       0.00       0.00
20191002   LiqLongPos  1   0.96555    1187.50    4425.00
20191002  TF-Linear-S  1   0.96555       0.00       0.00
20200309         Sxit  1   0.98670   -2693.75    1731.25
20200522  TF-Linear-S  1   0.95335       0.00       0.00
20200604  LiqShortPos  1   0.94245    1312.50    3043.75
20200604  TF-Linear-B  1   0.94245       0.00       0.00
20200623   LiqLongPos  1   0.95945    2075.00    5118.75
20200623  TF-Linear-S  1   0.95945       0.00       0.00
20200624  LiqShortPos  1   0.96340    -543.75    4575.00
20200624  TF-Linear-B  1   0.96340       0.00       0.00
20200702   LiqLongPos  1   0.95445   -1168.75    3406.25
20200702  TF-Linear-S  1   0.95445       0.00       0.00
20200724         Sxit  1   0.96940   -1918.75    1487.50
20200727  TF-Linear-B  1   0.96665       0.00       0.00
20210209   LiqLongPos  1   0.97095     487.50    1975.00
20210209  TF-Linear-S  1   0.97095       0.00       0.00
20210823  LiqShortPos  1   0.92985    5087.50    7062.50
20210823  TF-Linear-B  1   0.92985       0.00       0.00
20210928         Lxit  1   0.91695   -1662.50    5400.00
20210929  TF-Linear-S  1   0.91540       0.00       0.00
-----------------------------------------
Sys Name : TF-LinReg_1R
Mkt Symb : BP Mkt Name : B.Pound
20101216  TF-Linear-S  1   1.60490       0.00       0.00
20110118         Sxit  1   1.65050   -2900.00   -2900.00
20110204  TF-Linear-B  1   1.66420       0.00       0.00
20110624   LiqLongPos  1   1.65500    -625.00   -3525.00
20110624  TF-Linear-S  1   1.65500       0.00       0.00
20110726         Sxit  1   1.69470   -2531.25   -6056.25
20110817  TF-Linear-B  1   1.69930       0.00       0.00
20110906         Lxit  1   1.65210   -3000.00   -9056.25
20110920  TF-Linear-S  1   1.62420       0.00       0.00
20111122  LiqShortPos  1   1.61960     237.50   -8818.75
20111122  TF-Linear-B  1   1.61960       0.00       0.00
20111219   LiqLongPos  1   1.60950    -681.25   -9500.00
20111219  TF-Linear-S  1   1.60950       0.00       0.00
20120201         Sxit  1   1.64540   -2293.75  -11793.75
20120210  TF-Linear-B  1   1.63970       0.00       0.00
20120530         Lxit  1   1.61180   -1793.75  -13587.50
20120604  TF-Linear-S  1   1.59610       0.00       0.00
20120615         Sxit  1   1.62960   -2143.75  -15731.25
20120810  TF-Linear-B  1   1.62600       0.00       0.00
20121119   LiqLongPos  1   1.65190    1568.75  -14162.50
20121119  TF-Linear-S  1   1.65190       0.00       0.00
20121203         Sxit  1   1.67430   -1450.00  -15612.50
20121221  TF-Linear-B  1   1.69070       0.00       0.00
20121227         Lxit  1   1.66980   -1356.25  -16968.75
20130131  TF-Linear-S  1   1.64260       0.00       0.00
20130503  LiqShortPos  1   1.61690    1556.25  -15412.50
20130503  TF-Linear-B  1   1.61690       0.00       0.00
20130515         Lxit  1   1.58310   -2162.50  -17575.00
20130709  TF-Linear-S  1   1.55850       0.00       0.00
20130722         Sxit  1   1.60020   -2656.25  -20231.25
20130813  TF-Linear-B  1   1.61050       0.00       0.00
20140820   LiqLongPos  1   1.72850    7325.00  -12906.25
20140820  TF-Linear-S  1   1.72850       0.00       0.00
20150514  LiqShortPos  1   1.64290    5300.00   -7606.25
20150514  TF-Linear-B  1   1.64290       0.00       0.00
20150528         Lxit  1   1.59620   -2968.75  -10575.00
20150901  TF-Linear-S  1   1.60430       0.00       0.00
20160429  LiqShortPos  1   1.53120    4518.75   -6056.25
20160429  TF-Linear-B  1   1.53120       0.00       0.00
20160610         Lxit  1   1.49240   -2475.00   -8531.25
20160629  TF-Linear-S  1   1.40320       0.00       0.00
20160921  LiqShortPos  1   1.36720    2200.00   -6331.25
20160921  TF-Linear-B  1   1.36720       0.00       0.00
20160922   LiqLongPos  1   1.37240     275.00   -6056.25
20160922  TF-Linear-S  1   1.37240       0.00       0.00
20160923  LiqShortPos  1   1.37670    -318.75   -6375.00
20160923  TF-Linear-B  1   1.37670       0.00       0.00
20160929   LiqLongPos  1   1.37040    -443.75   -6818.75
20160929  TF-Linear-S  1   1.37040       0.00       0.00
20161222  LiqShortPos  1   1.30270    4181.25   -2637.50
20161222  TF-Linear-B  1   1.30270       0.00       0.00
20170113   LiqLongPos  1   1.28180   -1356.25   -3993.75
20170113  TF-Linear-S  1   1.28180       0.00       0.00
20170125         Sxit  1   1.32310   -2631.25   -6625.00
20170323  TF-Linear-B  1   1.31220       0.00       0.00
20170331   LiqLongPos  1   1.31050    -156.25   -6781.25
20170331  TF-Linear-S  1   1.31050       0.00       0.00
20170404  LiqShortPos  1   1.31180    -131.25   -6912.50
20170404  TF-Linear-B  1   1.31180       0.00       0.00
20170405   LiqLongPos  1   1.30820    -275.00   -7187.50
20170405  TF-Linear-S  1   1.30820       0.00       0.00
20170418         Sxit  1   1.33670   -1831.25   -9018.75
20170421  TF-Linear-B  1   1.34380       0.00       0.00
20170711   LiqLongPos  1   1.34840     237.50   -8781.25
20170711  TF-Linear-S  1   1.34840       0.00       0.00
20170726  LiqShortPos  1   1.36290    -956.25   -9737.50
20170726  TF-Linear-B  1   1.36290       0.00       0.00
20170824         Lxit  1   1.33630   -1712.50  -11450.00
20171120  TF-Linear-S  1   1.37670       0.00       0.00
20171130         Sxit  1   1.40830   -2025.00  -13475.00
20171215  TF-Linear-B  1   1.39770       0.00       0.00
20180507   LiqLongPos  1   1.39920      43.75  -13431.25
20180507  TF-Linear-S  1   1.39920       0.00       0.00
20181009  LiqShortPos  1   1.34620    3262.50  -10168.75
20181009  TF-Linear-B  1   1.34620       0.00       0.00
20181026         Lxit  1   1.31340   -2100.00  -12268.75
20181113  TF-Linear-S  1   1.31990       0.00       0.00
20190201  LiqShortPos  1   1.34010   -1312.50  -13581.25
20190201  TF-Linear-B  1   1.34010       0.00       0.00
20190214         Lxit  1   1.30570   -2200.00  -15781.25
20190425  TF-Linear-S  1   1.31410       0.00       0.00
20191008  LiqShortPos  1   1.24300    4393.75  -11387.50
20191008  TF-Linear-B  1   1.24300       0.00       0.00
20200213   LiqLongPos  1   1.30400    3762.50   -7625.00
20200213  TF-Linear-S  1   1.30400       0.00       0.00
20200603  LiqShortPos  1   1.26110    2631.25   -4993.75
20200603  TF-Linear-B  1   1.26110       0.00       0.00
20201009   LiqLongPos  1   1.29900    2318.75   -2675.00
20201009  TF-Linear-S  1   1.29900       0.00       0.00
20201111         Sxit  1   1.33740   -2450.00   -5125.00
20201118  TF-Linear-B  1   1.33150       0.00       0.00
20210426   LiqLongPos  1   1.39120    3681.25   -1443.75
20210426  TF-Linear-S  1   1.39120       0.00       0.00
20210510         Sxit  1   1.41880   -1775.00   -3218.75
20210518  TF-Linear-B  1   1.41700       0.00       0.00
20210618         Lxit  1   1.38880   -1812.50   -5031.25
20210709  TF-Linear-S  1   1.38180       0.00       0.00
20220124  LiqShortPos  1   1.35750    1468.75   -3562.50
20220124  TF-Linear-B  1   1.35750       0.00       0.00
20220224         Lxit  1   1.33260   -1606.25   -5168.75
20220310  TF-Linear-S  1   1.32050       0.00       0.00
-----------------------------------------
Sys Name : TF-LinReg_1R
Mkt Symb : TY Mkt Name : TenYr
20100226  TF-Linear-B  1  91.29688       0.00       0.00
20100325         Lxit  1  89.60840   -1738.47   -1738.47
20100412  TF-Linear-S  1  89.96875       0.00       0.00
20100427         Sxit  1  91.74880   -1830.05   -3568.52
20100505  TF-Linear-B  1  92.32812       0.00       0.00
20101206   LiqLongPos  1  99.45312    7075.00    3506.48
20101206  TF-Linear-S  1  99.45312       0.00       0.00
20110317  LiqShortPos  1  99.54688    -143.75    3362.73
20110317  TF-Linear-B  1  99.54688       0.00       0.00
20110325         Lxit  1  97.18720   -2409.67     953.05
20111031  TF-Linear-S  1 108.31250       0.00       0.00
20111109         Sxit  1 111.21840   -2955.90   -2002.85
20111129  TF-Linear-B  1 110.90625       0.00       0.00
20120320   LiqLongPos  1 109.25000   -1706.25   -3709.10
20120320  TF-Linear-S  1 109.25000       0.00       0.00
20120329         Sxit  1 111.21840   -2018.40   -5727.50
20120427  TF-Linear-B  1 113.42188       0.00       0.00
20120822   LiqLongPos  1 114.93750    1465.62   -4261.88
20120822  TF-Linear-S  1 114.93750       0.00       0.00
20120831         Sxit  1 116.65520   -1767.70   -6029.57
20121012  TF-Linear-B  1 116.65625       0.00       0.00
20121025         Lxit  1 115.09360   -1612.65   -7642.22
20130115  TF-Linear-S  1 115.96875       0.00       0.00
20130322  LiqShortPos  1 116.54688    -628.12   -8270.35
20130322  TF-Linear-B  1 116.54688       0.00       0.00
20130529         Lxit  1 114.92040   -1676.47   -9946.82
20130605  TF-Linear-S  1 115.25000       0.00       0.00
20131008  LiqShortPos  1 113.50000    1700.00   -8246.82
20131008  TF-Linear-B  1 113.50000       0.00       0.00
20131216   LiqLongPos  1 112.73438    -815.62   -9062.45
20131216  TF-Linear-S  1 112.73438       0.00       0.00
20140203         Sxit  1 114.43680   -1752.43  -10814.88
20140211  TF-Linear-B  1 114.39062       0.00       0.00
20140404         Lxit  1 112.85800   -1582.62  -12397.50
20140421  TF-Linear-S  1 113.71875       0.00       0.00
20140507  LiqShortPos  1 114.65625    -987.50  -13385.00
20140507  TF-Linear-B  1 114.65625       0.00       0.00
20141001   LiqLongPos  1 116.17188    1465.62  -11919.37
20141001  TF-Linear-S  1 116.17188       0.00       0.00
20141008  LiqShortPos  1 117.43750   -1315.62  -13235.00
20141008  TF-Linear-B  1 117.43750       0.00       0.00
20150324   LiqLongPos  1 121.50000    4012.50   -9222.50
20150324  TF-Linear-S  1 121.50000       0.00       0.00
20150415  LiqShortPos  1 121.96875    -518.75   -9741.25
20150415  TF-Linear-B  1 121.96875       0.00       0.00
20150505         Lxit  1 120.18720   -1831.55  -11572.80
20150528  TF-Linear-S  1 120.51562       0.00       0.00
20150804  LiqShortPos  1 121.04688    -581.25  -12154.05
20150804  TF-Linear-B  1 121.04688       0.00       0.00
20151113   LiqLongPos  1 120.07812   -1018.75  -13172.80
20151113  TF-Linear-S  1 120.07812       0.00       0.00
20151201         Sxit  1 121.48360   -1455.47  -14628.27
20160120  TF-Linear-B  1 122.71875       0.00       0.00
20160426   LiqLongPos  1 124.10938    1340.62  -13287.65
20160426  TF-Linear-S  1 124.10938       0.00       0.00
20160505         Sxit  1 125.68640   -1627.03  -14914.67
20160509  TF-Linear-B  1 125.34375       0.00       0.00
20160902   LiqLongPos  1 126.82812    1434.38  -13480.30
20160902  TF-Linear-S  1 126.82812       0.00       0.00
20170214  LiqShortPos  1 121.09375    5684.38   -7795.92
20170214  TF-Linear-B  1 121.09375       0.00       0.00
20170327   LiqLongPos  1 121.53125     387.50   -7408.42
20170327  TF-Linear-S  1 121.53125       0.00       0.00
20170404  LiqShortPos  1 122.31250    -831.25   -8239.67
20170404  TF-Linear-B  1 122.31250       0.00       0.00
20170807   LiqLongPos  1 123.50000    1137.50   -7102.17
20170807  TF-Linear-S  1 123.50000       0.00       0.00
20170825  LiqShortPos  1 124.07812    -628.12   -7730.30
20170825  TF-Linear-B  1 124.07812       0.00       0.00
20170928         Lxit  1 122.74880   -1379.32   -9109.62
20171010  TF-Linear-S  1 122.81250       0.00       0.00
20180702  LiqShortPos  1 118.92188    3840.62   -5269.00
20180702  TF-Linear-B  1 118.92188       0.00       0.00
20180917         Lxit  1 117.92040   -1051.47   -6320.47
20180917  TF-Linear-S  1 118.06250       0.00       0.00
20181203  LiqShortPos  1 118.32812    -315.62   -6636.10
20181203  TF-Linear-B  1 118.32812       0.00       0.00
20191023   LiqLongPos  1 127.60938    9231.25    2595.15
20191023  TF-Linear-S  1 127.60938       0.00       0.00
20200129  LiqShortPos  1 128.18750    -628.12    1967.03
20200129  TF-Linear-B  1 128.18750       0.00       0.00
20201007   LiqLongPos  1 137.31250    9075.00   11042.03
20201007  TF-Linear-S  1 137.31250       0.00       0.00
20210521  LiqShortPos  1 132.17188    5090.62   16132.65
20210521  TF-Linear-B  1 132.17188       0.00       0.00
20210928   LiqLongPos  1 132.90625     684.38   16817.03
20210928  TF-Linear-S  1 132.90625       0.00       0.00
20211222  LiqShortPos  1 132.68750     168.75   16985.78
20211222  TF-Linear-B  1 132.68750       0.00       0.00
20220106         Lxit  1 130.73320   -2004.30   14981.48
20220111  TF-Linear-S  1 130.20312       0.00       0.00
-----------------------------------------
Sys Name : TF-LinReg_1R
Mkt Symb : FV Mkt Name : FiveYr
20100115  TF-Linear-S  1  97.82812       0.00       0.00
20100204         Sxit  1  99.05746   -1279.34   -1279.34
20100223  TF-Linear-B  1  98.46875       0.00       0.00
20100408   LiqLongPos  1  98.17969    -339.06   -1618.40
20100408  TF-Linear-S  1  98.17969       0.00       0.00
20100428         Sxit  1  99.39504   -1265.35   -2883.75
20100510  TF-Linear-B  1 100.08594       0.00       0.00
20101207   LiqLongPos  1 105.60156    5465.62    2581.88
20101207  TF-Linear-S  1 105.60156       0.00       0.00
20110315  LiqShortPos  1 104.65625     895.31    3477.19
20110315  TF-Linear-B  1 104.65625       0.00       0.00
20110401         Lxit  1 103.06464   -1641.61    1835.58
20111028  TF-Linear-S  1 110.53906       0.00       0.00
20111101         Sxit  1 111.94091   -1451.84     383.74
20111117  TF-Linear-B  1 112.02344       0.00       0.00
20120314         Lxit  1 111.20111    -872.33    -488.59
20120319  TF-Linear-S  1 111.30469       0.00       0.00
20120406         Sxit  1 112.43095   -1176.26   -1664.85
20120501  TF-Linear-B  1 113.13281       0.00       0.00
20130118   LiqLongPos  1 114.03906     856.25    -808.60
20130118  TF-Linear-S  1 114.03906       0.00       0.00
20130326  LiqShortPos  1 114.30469    -315.62   -1124.23
20130326  TF-Linear-B  1 114.30469       0.00       0.00
20130528         Lxit  1 113.65361    -701.08   -1825.31
20130603  TF-Linear-S  1 113.46094       0.00       0.00
20131009  LiqShortPos  1 112.73438     676.56   -1148.74
20131009  TF-Linear-B  1 112.73438       0.00       0.00
20131224   LiqLongPos  1 112.23438    -550.00   -1698.74
20131224  TF-Linear-S  1 112.23438       0.00       0.00
20140124         Sxit  1 113.18675   -1002.37   -2701.11
20140220  TF-Linear-B  1 113.43750       0.00       0.00
20140324         Lxit  1 112.41658   -1070.92   -3772.03
20140408  TF-Linear-S  1 112.96094       0.00       0.00
20140514         Sxit  1 113.87627    -965.33   -4737.35
20140519  TF-Linear-B  1 113.94531       0.00       0.00
20140618         Lxit  1 113.09337    -901.94   -5639.30
20140725  TF-Linear-S  1 113.59375       0.00       0.00
20140808         Sxit  1 114.47405    -930.30   -6569.59
20140815  TF-Linear-B  1 114.33594       0.00       0.00
20140912         Lxit  1 113.48123    -904.71   -7474.30
20140930  TF-Linear-S  1 113.78125       0.00       0.00
20141008  LiqShortPos  1 114.49219    -760.94   -8235.24
20141008  TF-Linear-B  1 114.49219       0.00       0.00
20141230   LiqLongPos  1 114.79688     254.69   -7980.55
20141230  TF-Linear-S  1 114.79688       0.00       0.00
20150106         Sxit  1 115.92654   -1179.67   -9160.22
20150113  TF-Linear-B  1 116.43750       0.00       0.00
20150327   LiqLongPos  1 116.69531     207.81   -8952.41
20150327  TF-Linear-S  1 116.69531       0.00       0.00
20150409  LiqShortPos  1 117.25781    -612.50   -9564.91
20150409  TF-Linear-B  1 117.25781       0.00       0.00
20150507         Lxit  1 116.23702   -1070.79  -10635.70
20150605  TF-Linear-S  1 116.29688       0.00       0.00
20150727  LiqShortPos  1 116.85156    -604.69  -11240.38
20150727  TF-Linear-B  1 116.85156       0.00       0.00
20151113   LiqLongPos  1 116.66406    -237.50  -11477.88
20151113  TF-Linear-S  1 116.66406       0.00       0.00
20151211         Sxit  1 117.62488   -1010.81  -12488.70
20160121  TF-Linear-B  1 118.56250       0.00       0.00
20160426   LiqLongPos  1 118.80469     192.19  -12296.51
20160426  TF-Linear-S  1 118.80469       0.00       0.00
20160505  LiqShortPos  1 119.55469    -800.00  -13096.51
20160505  TF-Linear-B  1 119.55469       0.00       0.00
20160518         Lxit  1 118.66797    -936.72  -14033.23
20160831  TF-Linear-S  1 120.06250       0.00       0.00
20170214  LiqShortPos  1 117.16406    2848.44  -11184.79
20170214  TF-Linear-B  1 117.16406       0.00       0.00
20170310         Lxit  1 116.17238   -1041.68  -12226.47
20170321  TF-Linear-S  1 117.00781       0.00       0.00
20170407  LiqShortPos  1 117.73438    -776.56  -13003.03
20170407  TF-Linear-B  1 117.73438       0.00       0.00
20170807   LiqLongPos  1 118.42188     637.50  -12365.53
20170807  TF-Linear-S  1 118.42188       0.00       0.00
20170817  LiqShortPos  1 118.63281    -260.94  -12626.47
20170817  TF-Linear-B  1 118.63281       0.00       0.00
20171002         Lxit  1 117.86190    -820.91  -13447.39
20171006  TF-Linear-S  1 117.87500       0.00       0.00
20180703  LiqShortPos  1 114.71875    3106.25  -10341.14
20180703  TF-Linear-B  1 114.71875       0.00       0.00
20180815   LiqLongPos  1 114.75000     -18.75  -10359.89
20180815  TF-Linear-S  1 114.75000       0.00       0.00
20180823  LiqShortPos  1 115.04688    -346.88  -10706.76
20180823  TF-Linear-B  1 115.04688       0.00       0.00
20180907         Lxit  1 114.47405    -622.83  -11329.59
20180913  TF-Linear-S  1 114.28906       0.00       0.00
20181130  LiqShortPos  1 114.50000    -260.94  -11590.53
20181130  TF-Linear-B  1 114.50000       0.00       0.00
20191023   LiqLongPos  1 119.67969    5129.69   -6460.84
20191023  TF-Linear-S  1 119.67969       0.00       0.00
20200129  LiqShortPos  1 119.99219    -362.50   -6823.34
20200129  TF-Linear-B  1 119.99219       0.00       0.00
20201008   LiqLongPos  1 125.64844    5606.25   -1217.09
20201008  TF-Linear-S  1 125.64844       0.00       0.00
20210106  LiqShortPos  1 125.74219    -143.75   -1360.84
20210106  TF-Linear-B  1 125.74219       0.00       0.00
20210108         Lxit  1 125.25857    -533.62   -1894.46
20210108  TF-Linear-S  1 125.32031       0.00       0.00
20210203  LiqShortPos  1 125.55469    -284.38   -2178.83
20210203  TF-Linear-B  1 125.55469       0.00       0.00
20210209   LiqLongPos  1 125.39062    -214.06   -2392.90
20210209  TF-Linear-S  1 125.39062       0.00       0.00
20210519  LiqShortPos  1 124.21875    1121.88   -1271.02
20210519  TF-Linear-B  1 124.21875       0.00       0.00
20210618         Lxit  1 123.50277    -765.98   -2037.00
20210927  TF-Linear-S  1 123.90625       0.00       0.00
-----------------------------------------
Sys Name : TF-LinReg_1R
Mkt Symb : US Mkt Name : 30YrBnd
20100408  TF-Linear-S  1  84.43750       0.00       0.00
20100427         Sxit  1  87.06260   -2675.10   -2675.10
20100430  TF-Linear-B  1  86.96875       0.00       0.00
20101104   LiqLongPos  1 101.46875   14450.00   11774.90
20101104  TF-Linear-S  1 101.46875       0.00       0.00
20110802         Sxit  1 105.43820   -4019.45    7755.45
20120221  TF-Linear-S  1 118.37500       0.00       0.00
20120507         Sxit  1 122.06260   -3737.60    4017.85
20120821  TF-Linear-S  1 124.46875       0.00       0.00
20120831         Sxit  1 128.50080   -4082.05     -64.20
20130108  TF-Linear-S  1 123.53125       0.00       0.00
20130405         Sxit  1 126.84510   -3363.85   -3428.05
20130605  TF-Linear-S  1 121.18750       0.00       0.00
20140131  LiqShortPos  1 117.34375    3793.75     365.70
20140131  TF-Linear-B  1 117.34375       0.00       0.00
20150310   LiqLongPos  1 130.37500   12981.25   13346.95
20150310  TF-Linear-S  1 130.37500       0.00       0.00
20150318         Sxit  1 135.40690   -5081.90    8265.05
20150511  TF-Linear-S  1 129.62500       0.00       0.00
20150812         Sxit  1 135.28170   -5706.70    2558.35
20151113  TF-Linear-S  1 129.46875       0.00       0.00
20151201         Sxit  1 133.37560   -3956.85   -1398.50
20160502  TF-Linear-S  1 142.37500       0.00       0.00
20160603         Sxit  1 146.56340   -4238.40   -5636.90
20160912  TF-Linear-S  1 148.65625       0.00       0.00
20180823  LiqShortPos  1 135.65625   12950.00    7313.10
20180823  TF-Linear-B  1 135.65625       0.00       0.00
20180910   LiqLongPos  1 133.40625   -2300.00    5013.10
20180910  TF-Linear-S  1 133.40625       0.00       0.00
20181210  LiqShortPos  1 135.18750   -1831.25    3181.85
20181210  TF-Linear-B  1 135.18750       0.00       0.00
20191024   LiqLongPos  1 153.68750   18450.00   21631.85
20191024  TF-Linear-S  1 153.68750       0.00       0.00
20200130         Sxit  1 157.53210   -3894.60   17737.25
20200612  TF-Linear-S  1 175.00000       0.00       0.00
20200730         Sxit  1 178.62600   -3676.00   14061.25
20200911  TF-Linear-S  1 174.96875       0.00       0.00
-----------------------------------------
Sys Name : TF-LinReg_1R
Mkt Symb : ES Mkt Name : MiniES
20100210  TF-Linear-S  1 832.75000       0.00       0.00
20100302         Sxit  1 886.00000   -2712.50   -2712.50
20100316  TF-Linear-B  1 920.75000       0.00       0.00
20100506         Lxit  1 877.50000   -2212.50   -4925.00
20100525  TF-Linear-S  1 818.00000       0.00       0.00
20100621         Sxit  1 902.75000   -4287.50   -9212.50
20100809  TF-Linear-B  1 900.25000       0.00       0.00
20100816         Lxit  1 845.00000   -2812.50  -12025.00
20100902  TF-Linear-S  1 858.00000       0.00       0.00
20100908  LiqShortPos  1 869.00000    -600.00  -12625.00
20100908  TF-Linear-B  1 869.00000       0.00       0.00
20110614   LiqLongPos  1 1074.50000   10225.00   -2400.00
20110614  TF-Linear-S  1 1074.50000       0.00       0.00
20110701         Sxit  1 1123.50000   -2500.00   -4900.00
20120517  TF-Linear-S  1 1136.50000       0.00       0.00
20120719         Sxit  1 1193.50000   -2900.00   -7800.00
20120724  TF-Linear-B  1 1165.75000       0.00       0.00
20121112   LiqLongPos  1 1206.75000    2000.00   -5800.00
20121112  TF-Linear-S  1 1206.75000       0.00       0.00
20121211         Sxit  1 1253.25000   -2375.00   -8175.00
20130103  TF-Linear-B  1 1290.00000       0.00       0.00
20141016   LiqLongPos  1 1704.00000   20650.00   12475.00
20141016  TF-Linear-S  1 1704.00000       0.00       0.00
20141021         Sxit  1 1790.25000   -4362.50    8112.50
20150130  TF-Linear-S  1 1887.25000       0.00       0.00
20150213         Sxit  1 1978.50000   -4612.50    3500.00
20150707  TF-Linear-S  1 1965.00000       0.00       0.00
20160419         Sxit  1 2025.50000   -3075.00     425.00
20161004  TF-Linear-S  1 2099.25000       0.00       0.00
20161125  LiqShortPos  1 2148.75000   -2525.00   -2100.00
20161125  TF-Linear-B  1 2148.75000       0.00       0.00
20180316   LiqLongPos  1 2704.00000   27712.50   25612.50
20180316  TF-Linear-S  1 2704.00000       0.00       0.00
20180724         Sxit  1 2770.75000   -3387.50   22225.00
20181023  TF-Linear-S  1 2654.25000       0.00       0.00
20190225         Sxit  1 2743.00000   -4487.50   17737.50
20190605  TF-Linear-S  1 2751.00000       0.00       0.00
20190619         Sxit  1 2861.25000   -5562.50   12175.00
20190829  TF-Linear-S  1 2842.25000       0.00       0.00
20191022         Sxit  1 2935.50000   -4712.50    7462.50
20200306  TF-Linear-S  1 2849.25000       0.00       0.00
20200603         Sxit  1 3033.25000   -9250.00   -1787.50
20201103  TF-Linear-S  1 3290.00000       0.00       0.00
20201105         Sxit  1 3472.50000   -9175.00  -10962.50
20211013  TF-Linear-S  1 4341.00000       0.00       0.00
20211020         Sxit  1 4512.00000   -8600.00  -19562.50
20220125  TF-Linear-S  1 4333.25000       0.00       0.00
20220202         Sxit  1 4576.25000  -12200.00  -31762.50
-----------------------------------------
Sys Name : TF-LinReg_1R
Mkt Symb : NQ Mkt Name : MiniNQ
20100416  TF-Linear-S  1 3247.00000       0.00       0.00
20100809  LiqShortPos  1 3118.25000    2525.00    2525.00
20100809  TF-Linear-B  1 3118.25000       0.00       0.00
20100824         Lxit  1 3010.50000   -2205.00     320.00
20100831  TF-Linear-S  1 2984.25000       0.00       0.00
20100907         Sxit  1 3089.50000   -2155.00   -1835.00
20100913  TF-Linear-B  1 3114.00000       0.00       0.00
20110331   LiqLongPos  1 3556.25000    8795.00    6960.00
20110331  TF-Linear-S  1 3556.25000       0.00       0.00
20110502         Sxit  1 3649.75000   -1920.00    5040.00
20110503  TF-Linear-B  1 3624.75000       0.00       0.00
20110523         Lxit  1 3529.00000   -1965.00    3075.00
20110615  TF-Linear-S  1 3471.25000       0.00       0.00
20110701         Sxit  1 3579.00000   -2205.00     870.00
20110727  TF-Linear-B  1 3650.25000       0.00       0.00
20110802         Lxit  1 3520.75000   -2640.00   -1770.00
20110811  TF-Linear-S  1 3308.50000       0.00       0.00
20110919         Sxit  1 3535.00000   -4580.00   -6350.00
20111228  TF-Linear-S  1 3519.00000       0.00       0.00
20120118         Sxit  1 3640.00000   -2470.00   -8820.00
20120120  TF-Linear-B  1 3662.50000       0.00       0.00
20120517   LiqLongPos  1 3799.75000    2695.00   -6125.00
20120517  TF-Linear-S  1 3799.75000       0.00       0.00
20120727  LiqShortPos  1 3818.75000    -430.00   -6555.00
20120727  TF-Linear-B  1 3818.75000       0.00       0.00
20121029   LiqLongPos  1 3907.25000    1720.00   -4835.00
20121029  TF-Linear-S  1 3907.25000       0.00       0.00
20130109  LiqShortPos  1 3973.00000   -1365.00   -6200.00
20130109  TF-Linear-B  1 3973.00000       0.00       0.00
20140424   LiqLongPos  1 4882.25000   18135.00   11935.00
20140424  TF-Linear-S  1 4882.25000       0.00       0.00
20140530         Sxit  1 5023.00000   -2865.00    9070.00
20140603  TF-Linear-B  1 5014.50000       0.00       0.00
20141021   LiqLongPos  1 5181.00000    3280.00   12350.00
20141021  TF-Linear-S  1 5181.00000       0.00       0.00
20141028         Sxit  1 5398.25000   -4395.00    7955.00
20150129  TF-Linear-S  1 5430.50000       0.00       0.00
20150213         Sxit  1 5663.50000   -4710.00    3245.00
20150713  TF-Linear-S  1 5702.25000       0.00       0.00
20150716         Sxit  1 5884.75000   -3700.00    -455.00
20150826  TF-Linear-S  1 5355.00000       0.00       0.00
20150827         Sxit  1 5625.00000   -5450.00   -5905.00
20160111  TF-Linear-S  1 5597.25000       0.00       0.00
20160330         Sxit  1 5810.50000   -4315.00  -10220.00
20160607  TF-Linear-S  1 5866.50000       0.00       0.00
20160727         Sxit  1 6060.25000   -3925.00  -14145.00
20161115  TF-Linear-S  1 6047.25000       0.00       0.00
20161212         Sxit  1 6272.00000   -4545.00  -18690.00
20180404  TF-Linear-S  1 7759.00000       0.00       0.00
20180510         Sxit  1 8197.00000   -8810.00  -27500.00
20181017  TF-Linear-S  1 8580.75000       0.00       0.00
20190416         Sxit  1 8849.00000   -5415.00  -32915.00
20190605  TF-Linear-S  1 8377.50000       0.00       0.00
20190618         Sxit  1 8803.75000   -8575.00  -41490.00
20190903  TF-Linear-S  1 8790.75000       0.00       0.00
20191025         Sxit  1 9175.25000   -7740.00  -49230.00
20200313  TF-Linear-S  1 8221.25000       0.00       0.00
20200414         Sxit  1 9774.75000  -31120.00  -80350.00
20210325  TF-Linear-S  1 13969.50000       0.00       0.00
20210409         Sxit  1 14968.00000  -20020.00 -100370.00
20211013  TF-Linear-S  1 15780.00000       0.00       0.00
20211019         Sxit  1 16522.75000  -14905.00 -115275.00
20220119  TF-Linear-S  1 16420.75000       0.00       0.00
20231214         Sxit  1 17080.50000  -13245.00 -128520.00
-----------------------------------------
Sys Name : TF-LinReg_1R
Mkt Symb : EM Mkt Name : MiniDow
20140818  TF-Linear-S  1 16804.00000       0.00       0.00
20140826         Sxit  1 17248.80000  -44530.00  -44530.00
20141023  TF-Linear-S  1 16647.00000       0.00       0.00
20141031         Sxit  1 17402.60000  -75610.00 -120140.00
20150202  TF-Linear-S  1 17398.00000       0.00       0.00
20150213         Sxit  1 18270.60000  -87310.00 -207450.00
20150506  TF-Linear-S  1 18241.00000       0.00       0.00
20160420         Sxit  1 18773.10000  -53260.00 -260710.00
20160628  TF-Linear-S  1 17788.00000       0.00       0.00
20160629         Sxit  1 18414.60000  -62710.00 -323420.00
20160929  TF-Linear-S  1 19122.00000       0.00       0.00
20161114         Sxit  1 19747.10000  -62560.00 -385980.00
20170519  TF-Linear-S  1 21639.00000       0.00       0.00
20170525         Sxit  1 22086.60000  -44810.00 -430790.00
20180313  TF-Linear-S  1 26271.00000       0.00       0.00
20180821         Sxit  1 26909.30000  -63880.00 -494670.00
20181030  TF-Linear-S  1 25371.00000       0.00       0.00
20181102         Sxit  1 26656.80000 -128630.00 -623300.00
20190531  TF-Linear-S  1 26131.00000       0.00       0.00
20190610         Sxit  1 27232.10000 -110160.00 -733460.00
20190828  TF-Linear-S  1 26708.00000       0.00       0.00
20190912         Sxit  1 28164.60000 -145710.00 -879170.00
20200303  TF-Linear-S  1 27536.00000       0.00       0.00
20200811         Sxit  1 28954.10000 -141860.00 -1021030.00
20201102  TF-Linear-S  1 27730.00000       0.00       0.00
20201104         Sxit  1 29392.50000 -166300.00 -1187330.00
20210930  TF-Linear-S  1 36107.00000       0.00       0.00
20211026         Sxit  1 37545.60000 -143910.00 -1331240.00
20220125  TF-Linear-S  1 36166.00000       0.00       0.00
20231206         Sxit  1 37147.00000  -98150.00 -1429390.00
20240419  TF-Linear-S  1 38008.00000       0.00       0.00
20240503   Sx-EOFData  1 38832.00000  -82450.00 -1511840.00
