-----------------------------------------
Sys Name : TF-LinReg_1R
Mkt Symb : ES Mkt Name : MiniES
Profit/Loss : -59750.0
Num Trades : 49
Percent Wins : 0.245
Avg Win  : 6334.38
Avg Loss : -3669.26
Avg Trade: -1219.39
Max DrawDown: 97750.0
Avg DrawDown: 15414.06
AVG Monthly Return: -202.54237
Monthly StdDev: 4370.25859
-----------------------------------------
20000131          0          0
20000229       1038       1038
20000331      -6025      -4988
20000428          0      -4988
20000531       -912      -5900
20000630      -3788      -9688
20000731          0      -9688
20000831          0      -9688
20000929       -488     -10175
20001031        675      -9500
20001130       5938      -3562
20001229       -675      -4238      -4238
20010131      -1900      -6138
20010228       6550        412
20010330       3638       4050
20010430      -4250       -200
20010531       -162       -362
20010629       1288        925
20010731        825       1750
20010831       4012       5762
20010928       4562      10325
20011031       -850       9475
20011130      -3962       5512
20011231       -462       5050       9288
20020131        938       5988
20020228       1175       7162
20020328      -1438       5725
20020430      -2850       2875
20020531       1038       3912
20020628       3875       7788
20020731       3925      11712
20020830       -225      11488
20020930       5050      16538
20021031      -3525      13012
20021129      -2525      10488
20021231       2850      13338       8288
20030131       1212      14550
20030228        688      15238
20030331       -300      14938
20030430       1000      15938
20030530       2362      18300
20030630        500      18800
20030731        800      19600
20030829       -325      19275
20030930       -788      18488
20031031       2775      21262
20031128        412      21675
20031231       2638      24312      10975
20040130        975      25288
20040227        725      26012
20040331      -4350      21662
20040430       -475      21188
20040528          0      21188
20040630          0      21188
20040730      -1738      19450
20040831       -350      19100
20040930      -2012      17088
20041029      -1062      16025
20041130          0      16025
20041231          0      16025      -8288
20050131          0      16025
20050228       -162      15862
20050331      -2138      13725
20050429        862      14588
20050531      -1688      12900
20050630       -462      12438
20050729       2062      14500
20050831       -762      13738
20050930       -588      13150
20051031       1225      14375
20051130      -3550      10825
20051230        188      11012      -5012
20060131       1438      12450
20060228        -50      12400
20060331       1038      13438
20060428        638      14075
20060531      -3325      10750
20060630       -375      10375
20060731       -112      10262
20060831       1112      11375
20060929       2000      13375
20061031       1888      15262
20061130        988      16250
20061229       1275      17525       6512
20070131        725      18250
20070228      -1700      16550
20070330      -1588      14962
20070430       -825      14138
20070531       2225      16362
20070629       -875      15488
20070731      -2675      12812
20070831       1138      13950
20070928      -3062      10888
20071031       -612      10275
20071130      -3262       7012
20071231      -1100       5912     -11612
20080131          0       5912
20080229          0       5912
20080331          0       5912
20080430          0       5912
20080530          0       5912
20080630       1838       7750
20080731        700       8450
20080829       -775       7675
20080930       5750      13425
20081031      10012      23438
20081128       3600      27038
20081231       -238      26800      20888
20090130       3875      30675
20090227       4412      35088
20090331      -3025      32062
20090430      -3762      28300
20090529      -2400      25900
20090630        125      26025
20090731      -3450      22575
20090831      -1762      20812
20090930      -1662      19150
20091030       1000      20150
20091130      -3088      17062
20091231       -800      16262     -10538
20100129       2012      18275
20100226      -1650      16625
20100331      -2562      14062
20100430        912      14975
20100528      -4488      10488
20100630       3100      13588
20100730      -3588      10000
20100831       2500      12500
20100930       -725      11775
20101029       2150      13925
20101130        -12      13912
20101231       3675      17588       1325
20110131       1475      19062
20110228       2175      21238
20110331       -250      20988
20110429       1938      22925
20110531       -788      22138
20110630      -5825      16312
20110729       -612      15700
20110831          0      15700
20110930          0      15700
20111031          0      15700
20111130          0      15700
20111230          0      15700      -1888
20120131          0      15700
20120229          0      15700
20120330          0      15700
20120430          0      15700
20120531       1262      16962
20120629      -2362      14600
20120731       3025      17625
20120831       1525      19150
20120928       1462      20612
20121031      -1375      19238
20121130      -3538      15700
20121231       -875      14825       -875
20130131       1962      16788
20130228       1000      17788
20130328       2475      20262
20130430       1475      21738
20130531       1838      23575
20130628      -1488      22088
20130731       4062      26150
20130830      -2462      23688
20130930       2150      25838
20131031      -1925      23912
20131129       2650      26562
20131231       1850      28412      13588
20140131      -3225      25188
20140228      -2538      22650
20140331          0      22650
20140430          0      22650
20140530          0      22650
20140630          0      22650
20140731          0      22650
20140829          0      22650
20140930          0      22650
20141031      -4788      17862
20141128          0      17862
20141231          0      17862     -10550
20150130        250      18112
20150227      -5375      12738
20150331          0      12738
20150430          0      12738
20150529      -1038      11700
20150630       2575      14275
20150731      -2200      12075
20150831       6462      18538
20150930       3025      21562
20151030      -8250      13312
20151130       -300      13012
20151231       2212      15225      -2638
20160129       5275      20500
20160229         25      20525
20160331      -6100      14425
20160429       -375      14050
20160531      -1800      12250
20160630        238      12488
20160729      -3925       8562
20160831          0       8562
20160930          0       8562
20161031       1938      10500
20161130      -3938       6562
20161230      -1575       4988     -10238
20170131          0       4988
20170228          0       4988
20170331          0       4988
20170428          0       4988
20170531          0       4988
20170630          0       4988
20170731          0       4988
20170831          0       4988
20170929          0       4988
20171031          0       4988
20171130          0       4988
20171229          0       4988          0
20180131          0       4988
20180228          0       4988
20180329       3925       8912
20180430       -200       8712
20180531      -2925       5788
20180629       -800       4988
20180731      -4175        812
20180831          0        812
20180928          0        812
20181031       2238       3050
20181130      -2362        688
20181231      12650      13338       8350
20190131      -9962       3375
20190228      -4012       -638
20190329      -2762      -3400
20190430          0      -3400
20190531          0      -3400
20190628      -5838      -9238
20190731          0      -9238
20190830      -2075     -11312
20190930      -4762     -16075
20191031          0     -16075
20191129          0     -16075
20191231          0     -16075     -29412
20200131          0     -16075
20200228          0     -16075
20200331      22725       6650
20200430     -16638      -9988
20200529      -6975     -16962
20200630      -9450     -26412
20200731          0     -26412
20200831          0     -26412
20200930          0     -26412
20201030          0     -26412
20201130     -10138     -36550
20201231          0     -36550     -20475
20210129          0     -36550
20210226          0     -36550
20210331          0     -36550
20210430          0     -36550
20210528          0     -36550
20210630          0     -36550
20210730          0     -36550
20210831          0     -36550
20210930          0     -36550
20211029      -9675     -46225
20211130          0     -46225
20211231          0     -46225      -9675
20220131      -5075     -51300
20220228       6812     -44488
20220331      -8138     -52625
20220429      20162     -32462
20220531       -188     -32650
20220630      17088     -15562
20220729     -17200     -32762
20220831       8850     -23912
20220930      17750      -6162
20221031     -14075     -20238
20221130      -9912     -30150
20221230      11012     -19138      27088
20230131     -11450     -30588
20230228       5725     -24862
20230331      -8112     -32975
20230428      -2538     -35512
20230531       -100     -35612
20230630     -14888     -50500
20230731      -2512     -53012
20230831          0     -53012
20230929       8700     -44312
20231031       5662     -38650
20231130     -18225     -56875
20231229      -2875     -59750     -40612
20240131          0     -59750
20240229          0     -59750
20240328          0     -59750
20240430          0     -59750
20240531          0     -59750
20240628          0     -59750
20240717          0     -59750          0
-----------------------------------------
-----------------------------------------
Sys Name : TF-LinReg_1R
Mkt Symb : NQ Mkt Name : MiniNQ
Profit/Loss : -108145.0
Num Trades : 67
Percent Wins : 0.224
Avg Win  : 8811.33
Avg Loss : -4621.44
Avg Trade: -1614.1
Max DrawDown: 180305.0
Avg DrawDown: 19047.5
AVG Monthly Return: -366.59322
Monthly StdDev: 6302.20055
-----------------------------------------
20000131          0          0
20000229          0          0
20000331          0          0
20000428      -7870      -7870
20000531       9700       1830
20000630     -13555     -11725
20000731          0     -11725
20000831      -2770     -14495
20000929       9460      -5035
20001031       6420       1385
20001130      15400      16785
20001229       3110      19895      19895
20010131      -4730      15165
20010228      13960      29125
20010330       6460      35585
20010430      -5530      30055
20010531       1270      31325
20010629       -870      30455
20010731       3070      33525
20010831       4410      37935
20010928       5950      43885
20011031      -3880      40005
20011130      -4580      35425
20011231        290      35715      15820
20020131        600      36315
20020228       3860      40175
20020328      -1980      38195
20020430       3590      41785
20020531       1410      43195
20020628       3110      46305
20020731       1790      48095
20020830        420      48515
20020930       2160      50675
20021031      -3120      47555
20021129        700      48255
20021231      -2600      45655       9940
20030131        120      45775
20030228       -520      45255
20030331      -1370      43885
20030430        880      44765
20030530       1820      46585
20030630        110      46695
20030731       1490      48185
20030829       1260      49445
20030930       -720      48725
20031031       2240      50965
20031128        140      51105
20031231        920      52025       6370
20040130        480      52505
20040227       -470      52035
20040331      -1310      50725
20040430      -1425      49300
20040528          0      49300
20040630       -470      48830
20040730      -1905      46925
20040831        650      47575
20040930       -900      46675
20041029       1450      48125
20041130       1660      49785
20041231       1110      50895      -1130
20050131      -2580      48315
20050228        220      48535
20050331        440      48975
20050429       1310      50285
20050531      -2390      47895
20050630      -1370      46525
20050729       -160      46365
20050831          0      46365
20050930          0      46365
20051031        580      46945
20051130       -120      46825
20051230       -320      46505      -4390
20060131       1210      47715
20060228      -1250      46465
20060331       -910      45555
20060428      -1000      44555
20060531       -380      44175
20060630       -170      44005
20060731       1455      45460
20060831      -1285      44175
20060929        865      45040
20061031       1430      46470
20061130       1040      47510
20061229       -395      47115        610
20070131        550      47665
20070228       -740      46925
20070330      -1385      45540
20070430        -85      45455
20070531       1060      46515
20070629        475      46990
20070731       -205      46785
20070831      -2470      44315
20070928       -615      43700
20071031       2770      46470
20071130      -3160      43310
20071231         25      43335      -3780
20080131       5140      48475
20080229       1990      50465
20080331       -845      49620
20080430       1545      51165
20080530       2240      53405
20080630      -3785      49620
20080731        715      50335
20080829       -425      49910
20080930       5615      55525
20081031       5145      60670
20081128       3020      63690
20081231       -530      63160      19825
20090130        665      63825
20090227      -1715      62110
20090331      -2765      59345
20090430       1560      60905
20090529        840      61745
20090630        815      62560
20090731       2515      65075
20090831        460      65535
20090930       1850      67385
20091030      -1040      66345
20091130       2040      68385
20091231       1825      70210       7050
20100129      -2390      67820
20100226         55      67875
20100331       -545      67330
20100430        855      68185
20100528      -4065      64120
20100630       2280      66400
20100730      -2485      63915
20100831      -4070      59845
20100930       -215      59630
20101029       2530      62160
20101130       -100      62060
20101231       1980      64040      -6170
20110131       1280      65320
20110228       1415      66735
20110331       -420      66315
20110429      -1290      65025
20110531      -2545      62480
20110630      -1430      61050
20110729       -785      60265
20110831      -5880      54385
20110930      -1420      52965
20111031          0      52965
20111130          0      52965
20111230        200      53165     -10875
20120131      -1940      51225
20120229       3175      54400
20120330       2555      56955
20120430       -630      56325
20120531      -2525      53800
20120629      -1715      52085
20120731       -725      51360
20120831       2690      54050
20120928        420      54470
20121031      -2520      51950
20121130       -705      51245
20121231        410      51655      -1510
20130131      -1045      50610
20130228        260      50870
20130328       1460      52330
20130430       1380      53710
20130531       2005      55715
20130628      -1580      54135
20130731       3635      57770
20130830       -190      57580
20130930       2710      60290
20131031       3200      63490
20131129       2370      65860
20131231       1925      67785      16130
20140131      -1395      66390
20140228       3625      70015
20140331      -2180      67835
20140430        140      67975
20140530      -3235      64740
20140630       2155      66895
20140731        885      67780
20140829       3945      71725
20140930       -745      70980
20141031      -8985      61995
20141128          0      61995
20141231          0      61995      -5790
20150130       -325      61670
20150227      -4385      57285
20150331          0      57285
20150430          0      57285
20150529          0      57285
20150630          0      57285
20150731      -3735      53550
20150831      -5450      48100
20150930          0      48100
20151030          0      48100
20151130          0      48100
20151231          0      48100     -13895
20160129         25      48125
20160229       1235      49360
20160331      -5565      43795
20160429          0      43795
20160531          0      43795
20160630       2080      45875
20160729      -6020      39855
20160831          0      39855
20160930          0      39855
20161031          0      39855
20161130      -1260      38595
20161230      -2490      36105     -11995
20170131          0      36105
20170228          0      36105
20170331          0      36105
20170428          0      36105
20170531          0      36105
20170630          0      36105
20170731          0      36105
20170831          0      36105
20170929          0      36105
20171031          0      36105
20171130          0      36105
20171229          0      36105          0
20180131          0      36105
20180228          0      36105
20180329          0      36105
20180430      -2940      33165
20180531      -5870      27295
20180629          0      27295
20180731          0      27295
20180831          0      27295
20180928          0      27295
20181031       3570      30865
20181130        520      31385
20181231      12325      43710       7605
20190131     -11630      32080
20190228      -3755      28325
20190329      -6440      21885
20190430          0      21885
20190531          0      21885
20190628      -8575      13310
20190731          0      13310
20190830          0      13310
20190930      -3125      10185
20191031      -4620       5565
20191129          0       5565
20191231          0       5565     -38145
20200131          0       5565
20200228          0       5565
20200331     -13725      -8160
20200430     -17330     -25490
20200529          0     -25490
20200630          0     -25490
20200731          0     -25490
20200831          0     -25490
20200930          0     -25490
20201030          0     -25490
20201130          0     -25490
20201231          0     -25490     -31055
20210129          0     -25490
20210226          0     -25490
20210331      -5735     -31225
20210430     -14285     -45510
20210528          0     -45510
20210630          0     -45510
20210730          0     -45510
20210831          0     -45510
20210930          0     -45510
20211029     -15100     -60610
20211130          0     -60610
20211231          0     -60610     -35120
20220131       6675     -53935
20220228      13540     -40395
20220331     -12815     -53210
20220429      40335     -12875
20220531       4110      -8765
20220630      22340      13575
20220729     -28840     -15265
20220831      13725      -1540
20220930      24995      23455
20221031      -8235      15220
20221130     -11900       3320
20221230      20400      23720      84330
20230131     -22595       1125
20230228       1595       2720
20230331     -24590     -21870
20230428       -370     -22240
20230531     -19605     -41845
20230630     -20730     -62575
20230731     -11955     -74530
20230831          0     -74530
20230929       8830     -65700
20231031       7525     -58175
20231130     -31305     -89480
20231229          0     -89480    -113200
20240131          0     -89480
20240229          0     -89480
20240328          0     -89480
20240430          0     -89480
20240531     -18665    -108145
20240628          0    -108145
20240717          0    -108145     -18665
-----------------------------------------
-----------------------------------------
Sys Name : TF-LinReg_1R
Mkt Symb : EM Mkt Name : MiniDow
Profit/Loss : -2363990.0
Num Trades : 31
Percent Wins : 0.0
Avg Win  : 0
Avg Loss : -76257.74
Avg Trade: -76257.74
Max DrawDown: 2663790.0
Avg DrawDown: 267186.82
AVG Monthly Return: -8820.85821
Monthly StdDev: 71943.64951
-----------------------------------------
20020430      34600      34600
20020531       2700      37300
20020628      67500     104800
20020731      52500     157300
20020830       7200     164500
20020930     106300     270800
20021031     -78000     192800
20021129     -52000     140800
20021231      53900     194700     194700
20030131      28400     223100
20030228      12700     235800
20030331      -2000     233800
20030430     -51300     182500
20030530     -39900     142600
20030630     -10500     132100
20030731     -25000     107100
20030829     -20200      86900
20030930      15100     102000
20031031     -50500      51500
20031128      -2400      49100
20031231     -62800     -13700    -208400
20040130     -14570     -28270
20040227          0     -28270
20040331      -4800     -33070
20040430      14700     -18370
20040528        300     -18070
20040630     -23000     -41070
20040730      29000     -12070
20040831      -3300     -15370
20040930      10800      -4570
20041029       5600       1030
20041130     -44200     -43170
20041231     -16430     -59600     -45900
20050131          0     -59600
20050228          0     -59600
20050331          0     -59600
20050429      26300     -33300
20050531     -27700     -61000
20050630      17200     -43800
20050729     -37500     -81300
20050831      17500     -63800
20050930     -11000     -74800
20051031      20200     -54600
20051130     -36410     -91010
20051230          0     -91010     -31410
20060131          0     -91010
20060228          0     -91010
20060331          0     -91010
20060428          0     -91010
20060531          0     -91010
20060630     -22700    -113710
20060731       1700    -112010
20060831     -15230    -127240
20060929          0    -127240
20061031          0    -127240
20061130          0    -127240
20061229          0    -127240     -36230
20070131          0    -127240
20070228          0    -127240
20070330     -16200    -143440
20070430     -23730    -167170
20070531          0    -167170
20070629          0    -167170
20070731          0    -167170
20070831     -29700    -196870
20070928     -35990    -232860
20071031          0    -232860
20071130     -40500    -273360
20071231     -27130    -300490    -173250
20080131          0    -300490
20080229          0    -300490
20080331          0    -300490
20080430          0    -300490
20080530          0    -300490
20080630      95700    -204790
20080731      -2000    -206790
20080829     -18200    -224990
20080930      68000    -156990
20081031     156300       -690
20081128      47700      47010
20081231       9400      56410     356900
20090130      77200     133610
20090227      90300     223910
20090331     -51000     172910
20090430     -56400     116510
20090529     -36200      80310
20090630       9400      89710
20090731     -73200      16510
20090831     -36000     -19490
20090930     -16700     -36190
20091030      -1100     -37290
20091130     -67000    -104290
20091231      -3100    -107390    -163800
20100129      34800     -72590
20100226     -29400    -101990
20100331     -48600    -150590
20100430     -16300    -166890
20100528      83400     -83490
20100630      41000     -42490
20100730     -70100    -112590
20100831      41100     -71490
20100930     -71700    -143190
20101029     -34300    -177490
20101130       7000    -170490
20101231     -51700    -222190    -114800
20110131     -32700    -254890
20110228     -37400    -292290
20110331      -3800    -296090
20110429     -46790    -342880
20110531          0    -342880
20110630     -46830    -389710
20110729          0    -389710
20110831          0    -389710
20110930          0    -389710
20111031          0    -389710
20111130          0    -389710
20111230          0    -389710    -167520
20120131          0    -389710
20120229          0    -389710
20120330          0    -389710
20120430          0    -389710
20120531      36900    -352810
20120629     -42500    -395310
20120731     -14100    -409410
20120831     -28880    -438290
20120928          0    -438290
20121031          0    -438290
20121130     -13600    -451890
20121231     -30530    -482420     -92710
20130131          0    -482420
20130228          0    -482420
20130328          0    -482420
20130430          0    -482420
20130531          0    -482420
20130628          0    -482420
20130731          0    -482420
20130830          0    -482420
20130930       7440    -474980
20131031     -43100    -518080
20131129     -51530    -569610
20131231          0    -569610     -87190
20140131          0    -569610
20140228     -57480    -627090
20140331          0    -627090
20140430          0    -627090
20140530          0    -627090
20140630          0    -627090
20140731          0    -627090
20140829     -44830    -671920
20140930          0    -671920
20141031     -73930    -745850
20141128          0    -745850
20141231          0    -745850    -176240
20150130       3000    -742850
20150227     -90310    -833160
20150331          0    -833160
20150430      29000    -804160
20150529     -25000    -829160
20150630      48600    -780560
20150731      -9100    -789660
20150831     110600    -679060
20150930      33600    -645460
20151030    -142200    -787660
20151130     -12000    -799660
20151231      37300    -762360     -16510
20160129      98500    -663860
20160229     -14100    -677960
20160331    -109800    -787760
20160429      -9800    -797560
20160531      -8100    -805660
20160630      -4500    -810160
20160729     -54300    -864460
20160831     -15910    -880370
20160930      -9200    -889570
20161031      15700    -873870
20161130     -70010    -943880
20161230          0    -943880    -181520
20170131          0    -943880
20170228          0    -943880
20170331          0    -943880
20170428          0    -943880
20170531     -11500    -955380
20170630     -24430    -979810
20170731          0    -979810
20170831          0    -979810
20170929          0    -979810
20171031          0    -979810
20171130          0    -979810
20171229          0    -979810     -35930
20180131          0    -979810
20180228          0    -979810
20180329     104900    -874910
20180430       1600    -873310
20180531     -28600    -901910
20180629      15200    -886710
20180731    -113000    -999710
20180831     -43980   -1043690
20180928          0   -1043690
20181031     -70900   -1114590
20181130     -57730   -1172320
20181231          0   -1172320    -192510
20190131          0   -1172320
20190228          0   -1172320
20190329          0   -1172320
20190430          0   -1172320
20190531      35800   -1136520
20190628    -145960   -1282480
20190731          0   -1282480
20190830     -65000   -1347480
20190930     -80710   -1428190
20191031          0   -1428190
20191129          0   -1428190
20191231          0   -1428190    -255870
20200131          0   -1428190
20200228          0   -1428190
20200331     481100    -947090
20200430    -247900   -1194990
20200529    -114800   -1309790
20200630     -31100   -1340890
20200731     -63000   -1403890
20200831    -166180   -1570070
20200930          0   -1570070
20201030      -9100   -1579170
20201130    -157210   -1736380
20201231          0   -1736380    -308190
20210129          0   -1736380
20210226          0   -1736380
20210331          0   -1736380
20210430          0   -1736380
20210528          0   -1736380
20210630          0   -1736380
20210730          0   -1736380
20210831          0   -1736380
20210930      51700   -1684680
20211029    -195550   -1880230
20211130          0   -1880230
20211231          0   -1880230    -143850
20220131     -85400   -1965630
20220228     115700   -1849930
20220331     -77800   -1927730
20220429     173600   -1754130
20220531      -8900   -1763030
20220630     219000   -1544030
20220729    -204400   -1748430
20220831     129300   -1619130
20220930     273100   -1346030
20221031    -397400   -1743430
20221130    -182400   -1925830
20221230     131400   -1794430      85800
20230131     -87100   -1881530
20230228     147400   -1734130
20230331     -77800   -1811930
20230428     -74000   -1885930
20230531     122100   -1763830
20230630    -166400   -1930230
20230731     -49360   -1979590
20230831          0   -1979590
20230929      60500   -1919090
20231031      59000   -1860090
20231130    -230190   -2090280
20231229          0   -2090280    -295850
20240131          0   -2090280
20240229          0   -2090280
20240328          0   -2090280
20240430      49700   -2040580
20240531    -244960   -2285540
20240628     -78450   -2363990
20240717          0   -2363990    -273710
-----------------------------------------
-----------------------------------------
Sys Name : TF-LinReg_1R
Mkt Symb : CL Mkt Name : Crude
Profit/Loss : -780.0
Num Trades : 25
Percent Wins : 0.24
Avg Win  : 10213.33
Avg Loss : -3268.95
Avg Trade: -31.2
Max DrawDown: 161330.0
Avg DrawDown: 24237.92
AVG Monthly Return: -2.64407
Monthly StdDev: 5811.3376
-----------------------------------------
20000131          0          0
20000229          0          0
20000331          0          0
20000428      -1140      -1140
20000531      -1430      -2570
20000630       2650         80
20000731      -5070      -4990
20000831      -1650      -6640
20000929      -2210      -8850
20001031       1860      -6990
20001130       1730      -5260
20001229       7020       1760       1760
20010131      -1860       -100
20010228       1270       1170
20010330       1100       2270
20010430      -2170        100
20010531       -620       -520
20010629      -2450      -2970
20010731      -1850      -4820
20010831          0      -4820
20010928      -4680      -9500
20011031       2250      -7250
20011130       1740      -5510
20011231       -400      -5910      -7670
20020131        360      -5550
20020228       1470      -4080
20020328       4570        490
20020430        980       1470
20020531      -1980       -510
20020628      -2420      -2930
20020731       -870      -3800
20020830       1960      -1840
20020930       1470       -370
20021031      -3230      -3600
20021127       -440      -4040
20021231      -4810      -8850      -2940
20030131          0      -8850
20030228          0      -8850
20030331          0      -8850
20030430       4700      -4150
20030530      -3760      -7910
20030630      -5040     -12950
20030731          0     -12950
20030829          0     -12950
20030930      -1220     -14170
20031031      -1150     -15320
20031126       -810     -16130
20031231       2110     -14020      -5170
20040130        530     -13490
20040227       3110     -10380
20040331       -400     -10780
20040430       1620      -9160
20040528       2500      -6660
20040630      -2830      -9490
20040730       6750      -2740
20040831      -1680      -4420
20040930       7520       3100
20041029       2120       5220
20041130      -2630       2590
20041230      -7430      -4840       9180
20050131      -4610      -9450
20050228          0      -9450
20050331          0      -9450
20050429          0      -9450
20050531      -2270     -11720
20050630      -2700     -14420
20050729          0     -14420
20050831          0     -14420
20050930          0     -14420
20051031       -360     -14780
20051130       2440     -12340
20051230      -3720     -16060     -11220
20060131      -2680     -18740
20060228          0     -18740
20060331      -4280     -23020
20060428       -800     -23820
20060531          0     -23820
20060630          0     -23820
20060731          0     -23820
20060831          0     -23820
20060929       4290     -19530
20061031       4180     -15350
20061130      -4400     -19750
20061229       2080     -17670      -1610
20070131       2910     -14760
20070228      -3650     -18410
20070330      -4080     -22490
20070430        160     -22330
20070531       1700     -20630
20070629      -6670     -27300
20070731      -1360     -28660
20070831          0     -28660
20070928          0     -28660
20071031          0     -28660
20071130          0     -28660
20071231          0     -28660     -10990
20080131      -2600     -31260
20080229      -5470     -36730
20080331          0     -36730
20080430          0     -36730
20080530          0     -36730
20080630          0     -36730
20080731          0     -36730
20080829       3340     -33390
20080930      14820     -18570
20081031      32830      14260
20081128      13380      27640
20081231       9830      37470      66130
20090130       2920      40390
20090227      -3080      37310
20090331      -4900      32410
20090430      -1460      30950
20090529     -15190      15760
20090630      -3580      12180
20090731        440      12620
20090831       -510      12110
20090930       -650      11460
20091030      -6390       5070
20091130       -280       4790
20091231      -2080       2710     -34760
20100129       6470       9180
20100226      -6770       2410
20100331      -4100      -1690
20100430      -2390      -4080
20100528      12180       8100
20100630      -1660       6440
20100730      -3320       3120
20100831       7030      10150
20100930      -8050       2100
20101029      -1460        640
20101130      -2680      -2040
20101231      -7270      -9310     -12020
20110131       -810     -10120
20110228      -4780     -14900
20110331      -9750     -24650
20110429      -7210     -31860
20110531      11230     -20630
20110630       7280     -13350
20110729       -280     -13630
20110831       6890      -6740
20110930       9610       2870
20111031     -13990     -11120
20111130      -7170     -18290
20111230       1530     -16760      -7450
20120131        350     -16410
20120229      -8590     -25000
20120330       4050     -20950
20120430      -1850     -22800
20120531      18340      -4460
20120629       1570      -2890
20120731      -3100      -5990
20120831      -8410     -14400
20120928       4280     -10120
20121031       5950      -4170
20121130      -2670      -6840
20121231      -2910      -9750       7010
20130131      -5670     -15420
20130228       5440      -9980
20130328      -5180     -15160
20130430       3770     -11390
20130531       1490      -9900
20130628      -4590     -14490
20130731      -8470     -22960
20130830      -2620     -25580
20130930       5320     -20260
20131031       5950     -14310
20131129       3660     -10650
20131231      -5700     -16350      -6600
20140131        930     -15420
20140228      -5100     -20520
20140331       1010     -19510
20140430       1840     -17670
20140530      -2970     -20640
20140630      -2660     -23300
20140731       7200     -16100
20140829       2210     -13890
20140930       4800      -9090
20141031      10620       1530
20141128      14390      15920
20141231      12880      28800      45150
20150130       5030      33830
20150227      -1520      32310
20150331       2160      34470
20150430     -12030      22440
20150529       -670      21770
20150630        830      22600
20150731      12350      34950
20150831      -2080      32870
20150930       4110      36980
20151030      -1500      35480
20151130       4940      40420
20151231       4610      45030      16230
20160129       3420      48450
20160229       -130      48320
20160331      -4590      43730
20160429      -7580      36150
20160531      -3180      32970
20160630        770      33740
20160729       6730      40470
20160831      -3100      37370
20160930      -3540      33830
20161031       1380      35210
20161130      -2580      32630
20161230      -4280      28350     -16680
20170131        910      29260
20170228      -1200      28060
20170331       3410      31470
20170428       1270      32740
20170531       1010      33750
20170630       2280      36030
20170731      -4130      31900
20170831       2940      34840
20170929      -4440      30400
20171031      -2710      27690
20171130      -3020      24670
20171229      -3020      21650      -6700
20180131      -4310      17340
20180228       3090      20430
20180329      -3300      17130
20180430      -3630      13500
20180531       1530      15030
20180629      -7110       7920
20180731       5390      13310
20180831      -1040      12270
20180928      -3450       8820
20181031       7940      16760
20181130      14380      31140
20181231       5520      36660      15010
20190131      -8380      28280
20190228      -3430      24850
20190329      -2920      21930
20190430      -3770      18160
20190531      10410      28570
20190628      -4970      23600
20190731       -110      23490
20190830       3480      26970
20190930       1030      28000
20191031       -110      27890
20191129       -990      26900
20191231      -5890      21010     -15650
20200131       9500      30510
20200228       6800      37310
20200331      24280      61590
20200430       1640      63230
20200529     -16650      46580
20200630      -3780      42800
20200731      -1000      41800
20200831      -2340      39460
20200930       2390      41850
20201030       4430      46280
20201130      -9550      36730
20201231      -3180      33550      12540
20210129      -3680      29870
20210226      -9300      20570
20210331       2340      22910
20210430      -4420      18490
20210528      -2740      15750
20210630      -7150       8600
20210730       -480       8120
20210831       5450      13570
20210930      -6530       7040
20211029      -8540      -1500
20211130      17390      15890
20211231      -9030       6860     -26690
20220131     -12940      -6080
20220228      -7570     -13650
20220331      -4560     -18210
20220429      -4410     -22620
20220531      -9980     -32600
20220630       8910     -23690
20220729       7140     -16550
20220831       9070      -7480
20220930      10060       2580
20221031      -7040      -4460
20221130       5980       1520
20221230        290       1810      -5050
20230131       1390       3200
20230228       1820       5020
20230331       1380       6400
20230428      -1110       5290
20230531       8690      13980
20230630      -2550      11430
20230731     -11160        270
20230831      -1830      -1560
20230929      -7160      -8720
20231031       9770       1050
20231130       5060       6110
20231229       4310      10420       8610
20240131      -4200       6220
20240229      -2410       3810
20240328      -4910      -1100
20240430       1240        140
20240531       4940       5080
20240628      -4550        530
20240717      -1310       -780     -11200
-----------------------------------------
-----------------------------------------
Sys Name : TF-LinReg_1R
Mkt Symb : NG Mkt Name : Nat.Gas
Profit/Loss : -2840.0
Num Trades : 40
Percent Wins : 0.225
Avg Win  : 17934.44
Avg Loss : -5300.0
Avg Trade: -71.0
Max DrawDown: 120940.0
Avg DrawDown: 22437.92
AVG Monthly Return: -9.62712
Monthly StdDev: 6322.35685
-----------------------------------------
20000131          0          0
20000229          0          0
20000331          0          0
20000428          0          0
20000531          0          0
20000630          0          0
20000731          0          0
20000831      -4640      -4640
20000929          0      -4640
20001031          0      -4640
20001130          0      -4640
20001229          0      -4640      -4640
20010131          0      -4640
20010228       6140       1500
20010330       2110       3610
20010430       3300       6910
20010531       7810      14720
20010629       8180      22900
20010731      -2000      20900
20010831       9160      30060
20010928       1360      31420
20011031     -10470      20950
20011130       5900      26850
20011231       1310      28160      32800
20020131       4320      32480
20020228      -2190      30290
20020328      -9260      21030
20020430      -5120      15910
20020531       5780      21690
20020628       -280      21410
20020731       2910      24320
20020830      -3420      20900
20020930      -8420      12480
20021031       -180      12300
20021127       -440      11860
20021231      -5890       5970     -22190
20030131      -8160      -2190
20030228      -9770     -11960
20030331          0     -11960
20030430      -7940     -19900
20030530          0     -19900
20030630          0     -19900
20030731       5720     -14180
20030829       -130     -14310
20030930       -990     -15300
20031031       -630     -15930
20031126       -320     -16250
20031231     -11300     -27550     -33520
20040130          0     -27550
20040227       -760     -28310
20040331      -4240     -32550
20040430          0     -32550
20040528          0     -32550
20040630          0     -32550
20040730      -1820     -34370
20040831      10380     -23990
20040930     -18710     -42700
20041029          0     -42700
20041130          0     -42700
20041230       6510     -36190      -8640
20050131      -1720     -37910
20050228      -4090     -42000
20050331      -6500     -48500
20050429          0     -48500
20050531       1410     -47090
20050630      -7460     -54550
20050729          0     -54550
20050831          0     -54550
20050930          0     -54550
20051031          0     -54550
20051130      -6870     -61420
20051230     -12000     -73420     -37230
20060131      19090     -54330
20060228      26020     -28310
20060331      -4960     -33270
20060428       6550     -26720
20060531       1710     -25010
20060630       2800     -22210
20060731     -21070     -43280
20060831      21630     -21650
20060929       4280     -17370
20061031     -19140     -36510
20061130     -13100     -49610
20061229      25450     -24160      49260
20070131     -13680     -37840
20070228       3670     -34170
20070330      -4300     -38470
20070430      -1330     -39800
20070531       -720     -40520
20070629      11620     -28900
20070731       5820     -23080
20070831       7230     -15850
20070928     -14020     -29870
20071031     -14600     -44470
20071130      10280     -34190
20071231      -1810     -36000     -11840
20080131      -5910     -41910
20080229     -12920     -54830
20080331      -7350     -62180
20080430      -7420     -69600
20080530      -8600     -78200
20080630      -6470     -84670
20080731       1210     -83460
20080829      11760     -71700
20080930       5050     -66650
20081031       6550     -60100
20081128       2730     -57370
20081231       8880     -48490     -12490
20090130      12050     -36440
20090227       2190     -34250
20090331       4220     -30030
20090430       4030     -26000
20090529      -4620     -30620
20090630          0     -30620
20090731       1820     -28800
20090831       6760     -22040
20090930     -18640     -40680
20091030      -2040     -42720
20091130       1970     -40750
20091231      -7240     -47990        500
20100129       4410     -43580
20100226       3180     -40400
20100331       9440     -30960
20100430       -510     -31470
20100528      -4210     -35680
20100630      -2750     -38430
20100730      -3070     -41500
20100831      11070     -30430
20100930       -560     -30990
20101029      -1660     -32650
20101130      -1420     -34070
20101231      -2250     -36320      11670
20110131       -150     -36470
20110228       3830     -32640
20110331      -3520     -36160
20110429      -3090     -39250
20110531        320     -38930
20110630       2920     -36010
20110729       2290     -33720
20110831        910     -32810
20110930       3880     -28930
20111031      -2680     -31610
20111130       3840     -27770
20111230       5610     -22160      14160
20120131       4860     -17300
20120229      -1130     -18430
20120330       4900     -13530
20120430      -1590     -15120
20120531      -1370     -16490
20120629      -4020     -20510
20120731      -3850     -24360
20120831       4100     -20260
20120928      -5210     -25470
20121031      -3720     -29190
20121130       1310     -27880
20121231       2100     -25780      -3620
20130131        120     -25660
20130228      -1470     -27130
20130328      -5380     -32510
20130430      -3190     -35700
20130531       3590     -32110
20130628       4190     -27920
20130731       1190     -26730
20130830      -1350     -28080
20130930       -260     -28340
20131031        210     -28130
20131129      -2860     -30990
20131231          0     -30990      -5210
20140131          0     -30990
20140228          0     -30990
20140331          0     -30990
20140430      -3820     -34810
20140530          0     -34810
20140630       -170     -34980
20140731       6200     -28780
20140829      -2240     -31020
20140930       -560     -31580
20141031       2480     -29100
20141128      -2150     -31250
20141231      11990     -19260      11730
20150130       1980     -17280
20150227       -430     -17710
20150331        940     -16770
20150430      -1110     -17880
20150529      -5320     -23200
20150630          0     -23200
20150731        910     -22290
20150831      -3190     -25480
20150930       1650     -23830
20151030       2030     -21800
20151130        860     -20940
20151231      -1020     -21960      -2700
20160129        390     -21570
20160229       5870     -15700
20160331      -2480     -18180
20160429       -120     -18300
20160531       1100     -17200
20160630       6360     -10840
20160729       -480     -11320
20160831        110     -11210
20160930        190     -11020
20161031       1200      -9820
20161130      -7570     -17390
20161230          0     -17390       4570
20170131          0     -17390
20170228       1490     -15900
20170331      -4820     -20720
20170428          0     -20720
20170531          0     -20720
20170630       -730     -21450
20170731       2410     -19040
20170831      -2460     -21500
20170929       -880     -22380
20171031      -2030     -24410
20171130      -5570     -29980
20171229      -2490     -32470     -15080
20180131      -1200     -33670
20180228       -830     -34500
20180329       -660     -35160
20180430      -1080     -36240
20180531       1890     -34350
20180629       -280     -34630
20180731      -1570     -36200
20180831      -1540     -37740
20180928       1940     -35800
20181031       2530     -33270
20181130      13510     -19760
20181231     -16720     -36480      -4010
20190131       8910     -27570
20190228         20     -27550
20190329       1500     -26050
20190430        870     -25180
20190531       1210     -23970
20190628       1460     -22510
20190731        750     -21760
20190830       -520     -22280
20190930      -4840     -27120
20191031       -330     -27450
20191129          0     -27450
20191231        840     -26610       9870
20200131       3480     -23130
20200228       1570     -21560
20200331        440     -21120
20200430      -3090     -24210
20200529       1000     -23210
20200630        980     -22230
20200731       -480     -22710
20200831      -8430     -31140
20200930          0     -31140
20201030          0     -31140
20201130          0     -31140
20201231       1910     -29230      -2620
20210129       -250     -29480
20210226      -6430     -35910
20210331        160     -35750
20210430      -2730     -38480
20210528        330     -38150
20210630       6640     -31510
20210730       2640     -28870
20210831       4630     -24240
20210930      14900      -9340
20211029      -4410     -13750
20211130      -2520     -16270
20211231       8370      -7900      21330
20220131     -11440     -19340
20220228       4720     -14620
20220331     -13510     -28130
20220429          0     -28130
20220531          0     -28130
20220630          0     -28130
20220729     -19620     -47750
20220831          0     -47750
20220930          0     -47750
20221031       1710     -46040
20221130      -5750     -51790
20221230      24550     -27240     -19340
20230131      17910      -9330
20230228       -630      -9960
20230331       5310      -4650
20230428      -1940      -6590
20230531       1440      -5150
20230630      -5320     -10470
20230731       1640      -8830
20230831      -1340     -10170
20230929      -1610     -11780
20231031      -6460     -18240
20231130       7730     -10510
20231229       2880      -7630      19610
20240131       4140      -3490
20240229       2400      -1090
20240328        970       -120
20240430      -2280      -2400
20240531      -5960      -8360
20240628       -140      -8500
20240717       5660      -2840       4790
-----------------------------------------
-----------------------------------------
Sys Name : TF-LinReg_1R
Mkt Symb : HO Mkt Name : H.Oil
Profit/Loss : -91062.4
Num Trades : 27
Percent Wins : 0.222
Avg Win  : 6719.0
Avg Loss : -6258.4
Avg Trade: -3372.68
Max DrawDown: 177936.0
Avg DrawDown: 26789.72
AVG Monthly Return: -308.6861
Monthly StdDev: 6981.10531
-----------------------------------------
20000131          0          0
20000229          0          0
20000331       1827       1827
20000428        613       2440
20000531      -2159        281
20000630      -3767      -3486
20000731          0      -3486
20000831          0      -3486
20000929          0      -3486
20001031          0      -3486
20001130      -4544      -8030
20001229      -1046      -9075      -9075
20010131       5515      -3561
20010228       2121      -1440
20010330        206      -1234
20010430      -2054      -3288
20010531       -861      -4149
20010629       2323      -1826
20010731        727      -1100
20010831      -3020      -4119
20010928      -3447      -7567
20011031       2125      -5442
20011130       2709      -2733
20011231       -311      -3043       6032
20020131        911      -2132
20020228       -760      -2892
20020328       4276       1384
20020430        781       2165
20020531      -2134         31
20020628      -1705      -1673
20020731        501      -1172
20020830       3247       2074
20020930       1856       3931
20021031      -2465       1465
20021127      -4896      -3431
20021231      -1235      -4666      -1623
20030131      -2100      -6766
20030228          0      -6766
20030331          0      -6766
20030430       3566      -3200
20030530      -2650      -5850
20030630      -1579      -7429
20030731       -538      -7967
20030829      -1524      -9491
20030930      -2814     -12305
20031031        -67     -12372
20031126       1777     -10595
20031231       3020      -7575      -2909
20040130         42      -7533
20040227       1105      -6429
20040331        769      -5660
20040430      -2071      -7730
20040528      -3082     -10813
20040630          0     -10813
20040730          0     -10813
20040831          0     -10813
20040930          0     -10813
20041029          0     -10813
20041130          0     -10813
20041230       2621      -8192       -617
20050131      -4011     -12203
20050228      -4418     -16621
20050331          0     -16621
20050429          0     -16621
20050531      -3339     -19960
20050630      -1969     -21929
20050729          0     -21929
20050831          0     -21929
20050930          0     -21929
20051031          0     -21929
20051130       4633     -17297
20051230      -3364     -20661     -12469
20060131      -3280     -23941
20060228       5271     -18670
20060331      -5918     -24588
20060428      -3204     -27792
20060531          0     -27792
20060630      -2671     -30463
20060731       -378     -30841
20060831      -3948     -34789
20060929       2331     -32458
20061031       3633     -28825
20061130      -7686     -36511
20061229       8476     -28035      -7374
20070131      -1495     -29531
20070228      -3961     -33491
20070330      -4150     -37641
20070430       -752     -38393
20070531        491     -37901
20070629      -3112     -41013
20070731          0     -41013
20070831      -2642     -43655
20070928      -3851     -47506
20071031          0     -47506
20071130          0     -47506
20071231          0     -47506     -19470
20080131       -420     -47926
20080229      -8316     -56241
20080331          0     -56241
20080430          0     -56241
20080530          0     -56241
20080630          0     -56241
20080731          0     -56241
20080829      11260     -44981
20080930      12482     -32499
20081031      34041       1542
20081128      14998      16540
20081231      11970      28510      76016
20090130        340      28851
20090227       6993      35844
20090331      -4217      31627
20090430       1306      32933
20090529     -14314      18619
20090630      -4624      13995
20090731      -1882      12114
20090831       1008      13122
20090930      -1004      12118
20091030      -7258       4860
20091130      -1793       3067
20091231      -2843        223     -28287
20100129       8509       8733
20100226      -5137       3596
20100331      -6035      -2439
20100430      -5741      -8181
20100528      13070       4890
20100630       -412       4478
20100730      -3100       1378
20100831       4049       5427
20100930     -11596      -6169
20101029       1264      -4905
20101130      -3641      -8546
20101231      -9156     -17702     -17926
20110131      -8312     -26014
20110228      -8341     -34355
20110331      -7291     -41646
20110429      -6859     -48505
20110531       9358     -39147
20110630       4481     -34666
20110729      -6430     -41096
20110831        647     -40449
20110930      12797     -27652
20111031     -11718     -39370
20111130       1394     -37976
20111230       4658     -33318     -15616
20120131      -5741     -39059
20120229      -6510     -45569
20120330       1504     -44066
20120430       -592     -44658
20120531      20202     -24456
20120629       -281     -24737
20120731      -5800     -30537
20120831     -13952     -44490
20120928        882     -43608
20121031       4070     -39538
20121130         67     -39471
20121231       1214     -38257      -4939
20130131      -3650     -41907
20130228       6653     -35254
20130328      -3641     -38895
20130430       8711     -30185
20130531       2444     -27740
20130628      -3251     -30991
20130731      -8240     -39231
20130830      -3427     -42659
20130930       6934     -35724
20131031        739     -34985
20131129      -3230     -38215
20131231      -1445     -39660      -1403
20140131       2860     -36800
20140228       -806     -37606
20140331       3633     -33973
20140430         71     -33902
20140530       1676     -32226
20140630      -3658     -35884
20140731       3587     -32297
20140829       1252     -31046
20140930       8803     -22242
20141031       5863     -16379
20141128      14687      -1692
20141231      13759      12067      51727
20150130       5578      17645
20150227     -11462       6183
20150331      11159      17343
20150430     -11445       5898
20150529       1294       7191
20150630       2512       9703
20150731      12642      22345
20150831      -4717      17628
20150930       6880      24508
20151030        869      25377
20151130       6825      32202
20151231       9673      41875      29807
20160129       1898      43773
20160229       -630      43143
20160331      -3856      39288
20160429      -8421      30867
20160531      -4666      26200
20160630        353      26553
20160729       7610      34164
20160831      -4964      29199
20160930      -4729      24470
20161031       1445      25915
20161130      -3041      22874
20161230      -6380      16494     -25381
20170131       4091      20585
20170228       -382      20203
20170331       2743      22945
20170428       2831      25776
20170531       -449      25327
20170630       1462      26788
20170731      -7741      19048
20170831      -3129      15919
20170929      -2860      13059
20171031      -2961      10098
20171130       -718       9379
20171229      -7161       2218     -14276
20180131         71       2290
20180228       6842       9132
20180329      -4935       4197
20180430      -5389      -1192
20180531      -2323      -3515
20180629       -214      -3729
20180731       3037       -692
20180831      -4439      -5132
20180928      -4427      -9558
20181031       4078      -5480
20181130      17724      12244
20181231       6300      18544      16325
20190131      -8316      10228
20190228      -6296       3932
20190329       2348       6280
20190430      -4473       1807
20190531       9975      11782
20190628      -4158       7624
20190731      -1315       6309
20190830       5603      11912
20190930      -2516       9396
20191031        899      10295
20191129       -113      10182
20191231      -6061       4121     -14423
20200131      16565      20686
20200228       6346      27032
20200331      19984      47016
20200430       7073      54088
20200529      -8547      45541
20200630      -6296      39246
20200731      -1575      37671
20200831        281      37952
20200930       2734      40686
20201030       2785      43471
20201130     -11991      31480
20201231      -4729      26751      22630
20210129      -4805      21946
20210226     -10277      11668
20210331       3079      14747
20210430      -6409       8338
20210528      -4868       3470
20210630      -3780       -310
20210730      -2827      -3137
20210831       2747       -390
20210930      -8749      -9138
20211029      -5888     -15027
20211130      17573       2546
20211231     -11130      -8584     -35335
20220131     -16397     -24981
20220228      -9055     -34036
20220331     -37556     -71592
20220429          0     -71592
20220531          0     -71592
20220630          0     -71592
20220729       4330     -67262
20220831      -4973     -72235
20220930      18724     -53511
20221031     -42898     -96409
20221130          0     -96409
20221230     -12386    -108795    -100211
20230131      -5619    -114414
20230228          0    -114414
20230331          0    -114414
20230428          0    -114414
20230531          0    -114414
20230630          0    -114414
20230731          0    -114414
20230831          0    -114414
20230929          0    -114414
20231031       5880    -108534
20231130       6544    -101991
20231229       9463     -92528      16267
20240131     -10765    -103293
20240229       5683     -97610
20240328       1142     -96468
20240430       3994     -92474
20240531       6023     -86451
20240628      -6254     -92705
20240717       1642     -91062       1466
-----------------------------------------
