TY,FV,US,
20000131,232.12,494.4,219.55,
20000229,-666.84,-572.65,219.55,
20000331,-628.88,-572.65,907.72,
20000428,-2994.12,-1262.71,544.86,
20000531,-2994.12,-1262.71,544.86,
20000630,-2994.12,-1262.71,544.86,
20000731,-2994.12,-1262.71,544.86,
20000831,-2994.12,-1262.71,544.86,
20000929,-4409.03,-1262.71,544.86,
20001031,-4559.33,-1475.71,-674.36,
20001130,-3168.78,-891.37,343.55,
20001229,-1317.76,391.71,1631.67,
20010131,-1497.41,341.71,1094.04,
20010228,-1497.41,341.71,1094.04,
20010330,-3071.08,-358.14,-893.6,
20010430,-2798.56,-1843.18,1179.36,
20010531,-3307.03,-2311.93,661.19,
20010629,-4388.28,-2983.87,-670.06,
20010731,-4315.08,-3020.74,-569.4,
20010831,-3833.83,-3312.63,329.36,
20010928,-2555.26,-1717.46,329.36,
20011031,-1725.0,-1600.44,4108.51,
20011130,-2858.72,-2432.4,3964.76,
20011231,-3437.82,-3489.74,4140.32,
20020131,-3437.82,-3713.53,4140.32,
20020228,-3437.82,-3713.53,4140.32,
20020328,-2798.6,-3115.27,4679.35,
20020430,-3453.54,-3602.77,3729.35,
20020531,-3453.54,-3602.77,3729.35,
20020628,-3720.03,-3855.41,2463.98,
20020731,-240.75,-753.65,3452.6,
20020830,-125.37,-147.4,7817.33,
20020930,2590.25,-147.4,9684.32,
20021031,2590.25,-147.4,8219.03,
20021129,2262.13,-459.9,8219.03,
20021231,644.96,-1585.03,4443.47,
20030131,644.96,-1585.03,4443.47,
20030228,486.02,-1961.33,5359.15,
20030331,894.26,-2130.36,4804.86,
20030430,894.26,-2130.36,4804.86,
20030530,2197.09,-857.98,8121.63,
20030630,1964.41,-1123.04,7977.88,
20030731,3718.81,-520.49,10912.63,
20030829,2337.22,-439.17,9466.72,
20030930,1076.84,-1945.65,9466.72,
20031031,1076.84,-1945.65,9466.72,
20031128,1076.84,-1945.65,6898.29,
20031231,1076.84,-3329.64,6898.29,
20040130,289.19,-4432.63,6107.77,
20040227,-737.88,-5794.6,5383.18,
20040331,-1593.34,-5794.6,4362.92,
20040430,-680.68,-4700.85,5353.58,
20040528,545.45,-3797.73,7357.54,
20040630,545.45,-4024.33,7357.54,
20040730,545.45,-4024.33,7357.54,
20040831,738.4,-4361.58,8834.78,
20040930,-450.37,-4915.09,9941.03,
20041029,-450.37,-4915.09,7565.68,
20041130,223.92,-3874.26,7565.68,
20041231,-1580.53,-5064.89,5119.11,
20050131,-2891.69,-6134.88,5292.91,
20050228,-2753.04,-5713.0,6055.41,
20050331,-3230.67,-4923.14,4256.44,
20050429,-3614.29,-4923.14,3160.44,
20050531,-3614.29,-4923.14,3160.44,
20050630,-4625.22,-4923.14,2334.78,
20050729,-4625.22,-4837.08,2334.78,
20050831,-5743.68,-5097.63,2334.78,
20050930,-5743.68,-5097.63,2011.5,
20051031,-5322.81,-4300.77,4449.0,
20051130,-5461.76,-5059.46,3020.72,
20051230,-5461.76,-5059.46,3020.72,
20060131,-5461.76,-5059.46,3020.72,
20060228,-5697.48,-4755.78,3020.72,
20060331,-4873.94,-5146.45,4787.45,
20060428,-4061.44,-4906.83,6206.2,
20060531,-4183.57,-4906.83,6282.79,
20060630,-4863.84,-5009.01,6282.79,
20060731,-4878.84,-5059.01,6282.79,
20060831,-3811.03,-4455.3,8868.68,
20060929,-4110.9,-4652.5,9878.86,
20061031,-4698.69,-5052.79,9797.61,
20061130,-4346.29,-4864.09,10155.34,
20061229,-5193.17,-5358.7,8859.18,
20070131,-5401.52,-5336.03,8577.39,
20070228,-5983.96,-5750.28,7646.85,
20070330,-5983.96,-6468.57,7646.85,
20070430,-5983.96,-6468.57,7646.85,
20070531,-5738.91,-6412.08,8018.17,
20070629,-5122.89,-6040.21,9280.67,
20070731,-5424.45,-6282.36,9247.96,
20070831,-5398.24,-5915.45,9247.96,
20070928,-4932.62,-5859.18,8694.42,
20071031,-4932.62,-5859.18,8694.42,
20071130,-3632.88,-4868.24,11344.41,
20071231,-5119.46,-5863.82,11519.46,
20080131,-4320.07,-5101.78,11346.13,
20080229,-4930.09,-5008.09,11346.13,
20080331,-4931.35,-6166.13,11346.13,
20080430,-6637.6,-7765.01,10143.2,
20080530,-6280.33,-6941.92,10786.88,
20080630,-6549.08,-8273.7,10346.26,
20080731,-6549.08,-8273.7,10346.26,
20080829,-8049.48,-8273.7,9406.92,
20080930,-11102.48,-11203.51,12591.29,
20081031,-14153.44,-10180.07,1728.33,
20081128,-11560.94,-7214.44,2642.61,
20081231,-7064.06,-5707.88,11558.08,
20090130,-9265.16,-5707.88,7671.32,
20090227,-9265.16,-5707.88,7671.32,
20090331,-9265.16,-7595.46,7671.32,
20090430,-9265.16,-7595.46,6944.8,
20090529,-6533.05,-6674.53,9088.5,
20090630,-6016.38,-6187.47,11433.39,
20090731,-6016.38,-6187.47,11433.39,
20090831,-6016.38,-6187.47,11433.39,
20090930,-6016.38,-6187.47,11433.39,
20091030,-7471.61,-7245.52,8669.51,
20091130,-7185.14,-7278.41,8701.61,
20091231,-6747.99,-6821.85,8384.86,
20100129,-7619.94,-7614.04,7901.61,
20100226,-7619.94,-7614.04,7901.61,
20100331,-8519.86,-8079.36,7901.61,
20100430,-8930.17,-8271.04,5826.93,
20100528,-8369.01,-9153.55,8634.3,
20100630,-6787.73,-9079.3,12565.16,
20100730,-7493.98,-8572.18,11678.69,
20100831,-7487.26,-7747.18,14147.55,
20100930,-7487.26,-7747.18,10155.33,
20101029,-8668.53,-7747.18,10155.33,
20101130,-10809.55,-8803.32,9768.4,
20101231,-8010.32,-7507.29,13814.96,
20110131,-8860.59,-7646.35,14517.46,
20110228,-8860.59,-7646.35,14517.46,
20110331,-8860.59,-7646.35,14517.46,
20110429,-8860.59,-8832.3,11649.45,
20110531,-7977.89,-8427.87,13259.06,
20110630,-7497.82,-9050.72,13442.23,
20110729,-7497.82,-9050.72,13146.04,
20110831,-4636.01,-8373.56,22424.5,
20110930,-4417.51,-8564.19,28390.95,
20111031,-4417.51,-8564.19,28390.95,
20111130,-4417.51,-8564.19,28390.95,
20111230,-4417.51,-8564.19,27477.98,
20120131,-4240.44,-8365.49,24764.44,
20120229,-5805.21,-8954.34,24764.44,
20120330,-5932.87,-8946.44,27058.03,
20120430,-5932.87,-8946.44,22981.71,
20120531,-5182.01,-8946.44,26557.37,
20120629,-5348.04,-8946.44,25588.22,
20120731,-5348.04,-9493.95,25588.22,
20120831,-5348.04,-10049.13,25588.22,
20120928,-6280.41,-10049.13,22372.3,
20121031,-7441.45,-10429.43,22372.3,
20121130,-7441.45,-10429.43,19956.4,
20121231,-8602.22,-10429.43,18251.92,
20130131,-9202.75,-10889.94,20035.15,
20130228,-9681.56,-11256.84,19807.03,
20130328,-10913.1,-11722.25,16433.41,
20130430,-10821.17,-11685.65,16626.59,
20130531,-10475.3,-11069.36,15481.93,
20130628,-8087.8,-9783.67,19669.43,
20130731,-8939.01,-10263.36,20173.55,
20130830,-8939.01,-10263.36,19706.52,
20130930,-10599.12,-10543.72,19706.52,
20131031,-10599.12,-10543.72,19706.52,
20131129,-10599.12,-10543.72,19706.52,
20131231,-10860.32,-10543.72,18391.51,
20140131,-11999.36,-11412.83,18391.51,
20140228,-11999.36,-11412.83,18391.51,
20140331,-11999.36,-11537.53,18391.51,
20140430,-11999.36,-12171.91,18391.51,
20140530,-13414.89,-12171.91,20194.28,
20140630,-13414.89,-12171.91,19706.78,
20140731,-13414.89,-12171.91,18077.22,
20140829,-13797.13,-12171.91,19169.99,
20140930,-15176.83,-12054.19,18963.74,
20141031,-15649.85,-12385.19,20012.37,
20141128,-14962.35,-12385.19,20012.37,
20141231,-18331.6,-12385.19,18113.34,
20150130,-15903.87,-11568.58,22997.86,
20150227,-19055.17,-12282.64,21635.6,
20150331,-19055.17,-12282.64,23445.52,
20150430,-19055.17,-12282.64,23801.77,
20150529,-20536.12,-12282.64,23801.77,
20150630,-20429.01,-12750.47,23801.77,
20150731,-20429.01,-12750.47,23801.77,
20150831,-22358.95,-13713.86,19337.48,
20150930,-22466.56,-13733.45,19337.48,
20151030,-22485.65,-13736.46,19337.48,
20151130,-23622.79,-13503.76,15907.89,
20151231,-25400.61,-14096.34,10759.56,
20160129,-26716.52,-14831.7,12268.68,
20160229,-26108.14,-15496.7,15799.15,
20160331,-27167.25,-16243.28,13879.13,
20160429,-27167.25,-16243.28,13879.13,
20160531,-27167.25,-16596.33,13879.13,
20160630,-26632.93,-17924.06,16551.49,
20160729,-27807.93,-18442.81,15563.99,
20160831,-27807.93,-18442.81,15563.99,
20160930,-27807.93,-18442.81,15563.99,
20161031,-28544.61,-18993.21,14864.66,
20161130,-25694.64,-16682.07,26302.16,
20161230,-25117.49,-16574.49,26258.91,
20170131,-25117.49,-16574.49,26258.91,
20170228,-25117.49,-16574.49,26258.91,
20170331,-26564.6,-17381.59,24395.14,
20170428,-26928.66,-17438.84,22661.01,
20170531,-27008.7,-18491.44,22661.01,
20170630,-26949.32,-18491.44,20531.85,
20170731,-26949.32,-18491.44,20531.85,
20170831,-27235.73,-18836.44,19423.93,
20170929,-27921.64,-18868.63,15682.2,
20171031,-28793.44,-18520.19,11672.83,
20171130,-29352.88,-18479.74,10779.08,
20171229,-29352.88,-18318.8,8542.81,
20180131,-27224.1,-17273.33,13730.31,
20180228,-26925.64,-16615.87,16117.81,
20180329,-27271.86,-16819.45,15692.81,
20180430,-27271.86,-16819.45,15692.81,
20180531,-27886.54,-17174.22,13621.87,
20180629,-27886.54,-17174.22,13621.87,
20180731,-27886.54,-17174.22,13621.87,
20180831,-27886.54,-17174.22,13621.87,
20180928,-27626.2,-16778.31,14758.4,
20181031,-27985.32,-16768.94,16989.1,
20181130,-27985.32,-16768.94,16660.17,
20181231,-26722.06,-15887.97,17711.02,
20190131,-26478.56,-15877.48,17257.09,
20190228,-27323.02,-16323.05,17257.09,
20190329,-26685.47,-16023.05,18123.56,
20190430,-27511.66,-16461.47,15761.06,
20190531,-25425.32,-15188.65,20102.15,
20190628,-24547.2,-14520.97,21614.65,
20190731,-25861.85,-15026.51,20886.55,
20190830,-23816.68,-14146.15,23993.58,
20190930,-24507.31,-14563.34,21241.34,
20191031,-24507.31,-15626.93,21241.34,
20191129,-24507.31,-15626.93,21241.34,
20191231,-24873.44,-15626.93,21241.34,
20200131,-25761.19,-15029.72,21765.35,
20200228,-22667.44,-12920.43,28484.1,
20200331,-22206.26,-12032.93,35934.1,
20200430,-22182.95,-11907.93,37439.13,
20200529,-22182.95,-12012.62,37439.13,
20200630,-22182.95,-12012.62,37439.13,
20200731,-22059.7,-11909.33,37439.13,
20200831,-22648.47,-12201.41,36439.19,
20200930,-22648.47,-12201.41,33634.66,
20201030,-22218.8,-12234.09,33234.03,
20201130,-22831.79,-13052.58,26407.44,
20201231,-22781.48,-13052.58,26407.44,
20210129,-22773.86,-13052.58,26327.37,
20210226,-19146.43,-11698.02,35827.37,
20210331,-17912.8,-11198.8,40456.37,
20210430,-19037.94,-11798.11,38639.27,
20210528,-19037.94,-11798.11,38639.27,
20210630,-19037.94,-11904.24,39156.89,
20210730,-17633.35,-12259.05,42263.14,
20210831,-17647.63,-12684.05,40449.75,
20210930,-17600.58,-12305.96,40449.75,
20211029,-17331.2,-11435.38,38968.79,
20211130,-18515.07,-12874.34,38968.79,
20211231,-18515.07,-12874.34,38968.79,
20220131,-17563.46,-12411.21,39544.74,
20220228,-16427.31,-11281.52,41838.49,
20220331,-14109.41,-9071.01,40904.03,
20220429,-10854.64,-7836.05,50393.44,
20220531,-10391.51,-8154.54,50420.01,
20220630,-12752.73,-9466.51,44855.51,
20220729,-12752.73,-9466.51,44855.51,
20220831,-15785.23,-9466.51,39494.31,
20220930,-12922.7,-7061.4,45247.01,
20221031,-12299.14,-6244.21,49634.51,
20221130,-12299.14,-6244.21,49634.51,
20221230,-12299.14,-6244.21,49634.51,
20230131,-13428.32,-7097.26,49634.51,
20230228,-13974.15,-7097.26,49634.51,
20230331,-15363.86,-9427.92,46090.54,
20230428,-16085.73,-9954.48,42300.7,
20230531,-16085.73,-9954.48,42300.7,
20230630,-16553.15,-10113.11,42300.7,
20230731,-17232.58,-10545.92,39340.39,
20230831,-16483.66,-10545.92,43677.3,
20230929,-16168.3,-10791.51,46512.73,
20231031,-15500.93,-10801.89,48904.72,
20231130,-16692.91,-11763.35,47457.8,
20231229,-15316.77,-9841.47,49275.45,
20240131,-16515.59,-10234.43,46877.19,
20240229,-16515.59,-10234.43,46877.19,
20240328,-16515.59,-10234.43,46877.19,
20240430,-14857.09,-9094.2,49533.06,
20240531,-15567.69,-9816.07,48511.37,
20240628,-15567.69,-9816.07,48511.37,
20240718,-15567.69,-9812.72,48511.37,
