20100104     0.00
20100105     0.00
20100106     0.00
20100107     0.00
20100108     0.00
20100111     0.00
20100112     0.00
20100113     0.00
20100114     0.00
20100115     0.00
20100119     0.00
20100120     0.00
20100121     0.00
20100122     0.00
20100125     0.00
20100126     0.00
20100127     0.00
20100128     0.00
20100129     0.00
20100201     0.00
20100202     0.00
20100203     0.00
20100204     0.00
20100205     0.00
20100208     0.00
20100209     0.00
20100210     0.00
20100211     0.00
20100212     0.00
20100216     0.00
20100217     0.00
20100218     0.00
20100219     0.00
20100222     0.00
20100223     0.00
20100224     0.00
20100225     0.00
20100226     0.00
20100301     0.00
20100302     0.00
20100303     0.00
20100304     0.00
20100305     0.00
20100308     0.00
20100309     0.00
20100310     0.00
20100311     0.00
20100312     0.00
20100315     0.00
20100316     0.00
20100317     0.00
20100318     0.00
20100319     0.00
20100322     0.00
20100323     0.00
20100324     0.00
20100325     0.00
20100326 -1725.00
20100329 -2612.50
20100330 -1787.50
20100331 -3025.00
20100401 -4012.50
20100405 -2675.00
20100406 -1587.50
20100407  -912.50
20100408 -1150.00
20100409 -2937.50
20100412 -4012.50
20100413 -4325.00
20100414 -4762.50
20100415 -3762.50
20100416 -2862.50
20100419 -2775.00
20100420 -2025.00
20100421 -1487.50
20100422  -300.00
20100423 -1425.00
20100426 -1375.00
20100427     0.00
20100428  -575.00
20100429  -725.00
20100430 -1500.00
20100503  -187.50
20100504     0.00
20100505     0.00
20100506     0.00
20100507 -1812.50
20100510 -2087.50
20100511  -625.00
20100512     0.00
20100513     0.00
20100514     0.00
20100517  -312.50
20100518     0.00
20100519 -2675.00
20100520 -3575.00
20100521 -4575.00
20100524 -2125.00
20100525 -1450.00
20100526     0.00
20100527 -2337.50
20100528 -1200.00
20100601  -687.50
20100602  -925.00
20100603     0.00
20100604     0.00
20100607     0.00
20100608     0.00
20100609  -750.00
20100610 -2475.00
20100611 -2350.00
20100614 -3700.00
20100615 -5137.50
20100616 -4850.00
20100617 -5762.50
20100618 -5825.00
20100621 -4825.00
20100622 -4250.00
20100623 -4837.50
20100624 -5075.00
20100625 -5737.50
20100628 -4475.00
20100629 -3500.00
20100630 -3925.00
20100701 -7475.00
20100702 -7750.00
20100706 -8687.50
20100707 -8837.50
20100708 -9575.00
20100709 -8837.50
20100712 -8300.00
20100713 -9875.00
20100714 -10325.00
20100715 -12700.00
20100716 -12387.50
20100719 -12562.50
20100720 -11812.50
20100721 -10250.00
20100722 -11950.00
20100723 -12162.50
20100726 -13237.50
20100727 -13275.00
20100728 -13237.50
20100729 -14362.50
20100730 -14750.00
20100802 -13100.00
20100803 -12475.00
20100804 -13312.50
20100805 -13000.00
20100806 -11825.00
20100809 -12600.00
20100810 -13187.50
20100811 -17100.00
20100812 -17487.50
20100813 -18462.50
20100816 -17562.50
20100817 -16800.00
20100818 -17175.00
20100819 -17587.50
20100820 -19418.75
20100823 -19418.75
20100824 -19418.75
20100825 -19418.75
20100826 -19418.75
20100827 -19418.75
20100830 -19418.75
20100831 -19418.75
20100901 -19418.75
20100902 -19418.75
20100903 -19418.75
20100907 -19418.75
20100908 -19418.75
20100909 -19418.75
20100910 -19418.75
20100913 -19418.75
20100914 -19418.75
20100915 -19418.75
20100916 -19418.75
20100917 -19418.75
20100920 -19418.75
20100921 -19418.75
20100922 -19418.75
20100923 -19418.75
20100924 -19418.75
20100927 -19418.75
20100928 -19418.75
20100929 -19418.75
20100930 -19418.75
20101001 -19418.75
20101004 -19418.75
20101005 -19418.75
20101006 -19418.75
20101007 -19418.75
20101008 -19418.75
20101011 -19418.75
20101012 -19418.75
20101013 -19418.75
20101014 -19418.75
20101015 -19418.75
20101018 -19418.75
20101019 -19418.75
20101020 -19418.75
20101021 -19418.75
20101022 -19418.75
20101025 -19418.75
20101026 -19418.75
20101027 -19418.75
20101028 -19418.75
20101029 -19418.75
20101101 -19418.75
20101102 -19418.75
20101103 -19418.75
20101104 -19418.75
20101105 -19418.75
20101108 -19418.75
20101109 -19418.75
20101110 -19418.75
20101111 -18006.25
20101112 -18268.75
20101115 -16981.25
20101116 -15818.75
20101117 -16293.75
20101118 -17693.75
20101119 -18043.75
20101122 -17506.25
20101123 -14293.75
20101124 -13843.75
20101126 -12693.75
20101129 -11256.25
20101130 -9431.25
20101201 -11406.25
20101202 -12293.75
20101203 -14943.75
20101206 -13568.75
20101207 -12956.25
20101208 -13031.25
20101209 -12806.25
20101210 -12656.25
20101213 -14643.75
20101214 -14531.25
20101215 -12481.25
20101216 -12856.25
20101217 -12168.75
20101220 -11431.25
20101221 -11018.75
20101222 -11056.25
20101223 -11218.75
20101227 -11918.75
20101228 -11268.75
20101229 -12643.75
20101230 -13418.75
20101231 -14318.75
20110103 -14331.25
20110104 -13631.25
20110105 -11681.25
20110106 -9831.25
20110107 -8656.25
20110110 -9206.25
20110111 -9493.75
20110112 -11481.25
20110113 -14356.25
20110114 -14506.25
20110118 -14606.25
20110119 -15693.75
20110120 -15668.75
20110121 -17556.25
20110124 -17731.25
20110125 -18218.75
20110126 -18656.25
20110127 -18943.75
20110128 -17443.75
20110131 -18443.75
20110201 -20156.25
20110202 -19906.25
20110203 -17718.75
20110204 -17118.75
20110207 -17081.25
20110208 -17606.25
20110209 -18906.25
20110210 -17318.75
20110211 -16681.25
20110214 -15918.75
20110215 -15856.25
20110216 -16906.25
20110217 -17431.25
20110218 -18481.25
20110222 -17943.75
20110223 -19131.25
20110224 -19906.25
20110225 -19106.25
20110228 -19856.25
20110301 -19468.75
20110302 -20593.75
20110303 -21793.75
20110304 -22156.25
20110307 -21868.75
20110308 -21056.25
20110309 -21093.75
20110310 -19756.25
20110311 -20918.75
20110314 -22218.75
20110315 -22281.25
20110316 -21081.25
20110317 -22406.25
20110318 -24475.00
20110321 -24475.00
20110322 -24475.00
20110323 -24475.00
20110324 -24475.00
20110325 -24475.00
20110328 -24475.00
20110329 -24475.00
20110330 -24475.00
20110331 -24475.00
20110401 -24475.00
20110404 -24475.00
20110405 -24475.00
20110406 -24475.00
20110407 -24475.00
20110408 -24475.00
20110411 -24475.00
20110412 -24475.00
20110413 -24475.00
20110414 -24475.00
20110415 -24475.00
20110418 -24475.00
20110419 -24475.00
20110420 -24475.00
20110421 -24475.00
20110425 -23937.50
20110426 -23350.00
20110427 -22012.50
20110428 -21000.00
20110429 -20775.00
20110502 -20650.00
20110503 -20987.50
20110504 -20612.50
20110505 -24675.00
20110506 -26987.50
20110509 -26975.00
20110510 -26237.50
20110511 -28725.00
20110512 -29525.00
20110513 -29525.00
20110516 -30525.00
20110517 -31000.00
20110518 -30975.00
20110519 -32062.50
20110520 -30750.00
20110523 -28950.00
20110524 -29562.50
20110525 -29150.00
20110526 -29987.50
20110527 -31625.00
20110531 -33187.50
20110601 -32887.50
20110602 -34581.25
20110603 -34581.25
20110606 -34581.25
20110607 -34581.25
20110608 -34581.25
20110609 -34581.25
20110610 -34581.25
20110613 -34581.25
20110614 -34581.25
20110615 -34581.25
20110616 -34581.25
20110617 -34581.25
20110620 -34581.25
20110621 -34581.25
20110622 -34581.25
20110623 -34581.25
20110624 -34581.25
20110627 -34581.25
20110628 -34581.25
20110629 -34581.25
20110630 -34581.25
20110701 -34581.25
20110705 -34581.25
20110706 -34581.25
20110707 -34581.25
20110708 -34581.25
20110711 -34581.25
20110712 -34581.25
20110713 -34581.25
20110714 -34581.25
20110715 -34581.25
20110718 -34581.25
20110719 -34581.25
20110720 -34581.25
20110721 -34581.25
20110722 -34581.25
20110725 -34581.25
20110726 -34581.25
20110727 -34581.25
20110728 -34581.25
20110729 -34581.25
20110801 -34581.25
20110802 -34581.25
20110803 -34581.25
20110804 -34581.25
20110805 -34581.25
20110808 -34581.25
20110809 -34581.25
20110810 -34581.25
20110811 -34581.25
20110812 -34581.25
20110815 -34581.25
20110816 -34581.25
20110817 -34581.25
20110818 -34581.25
20110819 -34581.25
20110822 -34581.25
20110823 -34581.25
20110824 -34581.25
20110825 -34581.25
20110826 -34581.25
20110829 -34581.25
20110830 -34581.25
20110831 -34581.25
20110901 -34581.25
20110902 -34581.25
20110906 -34581.25
20110907 -34581.25
20110908 -34581.25
20110909 -34581.25
20110912 -34581.25
20110913 -34581.25
20110914 -34581.25
20110915 -34581.25
20110916 -34581.25
20110919 -34581.25
20110920 -34581.25
20110921 -34581.25
20110922 -34581.25
20110923 -34581.25
20110926 -34581.25
20110927 -34581.25
20110928 -34581.25
20110929 -34581.25
20110930 -34581.25
20111003 -34581.25
20111004 -34581.25
20111005 -34581.25
20111006 -34581.25
20111007 -34581.25
20111010 -34581.25
20111011 -34581.25
20111012 -34581.25
20111013 -34581.25
20111014 -34581.25
20111017 -34581.25
20111018 -34581.25
20111019 -34581.25
20111020 -34581.25
20111021 -34581.25
20111024 -34581.25
20111025 -34581.25
20111026 -34581.25
20111027 -34581.25
20111028 -34581.25
20111031 -34581.25
20111101 -34581.25
20111102 -34581.25
20111103 -34581.25
20111104 -34581.25
20111107 -34581.25
20111108 -34581.25
20111109 -34581.25
20111110 -34581.25
20111111 -34581.25
20111114 -34581.25
20111115 -34581.25
20111116 -34581.25
20111117 -34581.25
20111118 -34581.25
20111121 -34581.25
20111122 -34581.25
20111123 -34581.25
20111125 -34581.25
20111128 -34581.25
20111129 -34581.25
20111130 -34581.25
20111201 -34581.25
20111202 -34581.25
20111205 -34581.25
20111206 -34581.25
20111207 -34581.25
20111208 -34581.25
20111209 -34581.25
20111212 -34581.25
20111213 -34581.25
20111214 -34581.25
20111215 -34581.25
20111216 -34581.25
20111219 -34581.25
20111220 -34581.25
20111221 -34581.25
20111222 -34581.25
20111223 -34581.25
20111227 -34581.25
20111228 -34581.25
20111229 -34581.25
20111230 -34581.25
20120103 -34581.25
20120104 -34581.25
20120105 -34581.25
20120106 -34581.25
20120109 -34581.25
20120110 -34581.25
20120111 -34581.25
20120112 -34581.25
20120113 -34581.25
20120117 -35231.25
20120118 -36681.25
20120119 -37893.75
20120120 -37743.75
20120123 -38931.25
20120124 -38993.75
20120125 -39637.50
20120126 -39637.50
20120127 -39637.50
20120130 -39637.50
20120131 -39637.50
20120201 -39637.50
20120202 -39637.50
20120203 -39637.50
20120206 -39637.50
20120207 -39637.50
20120208 -39637.50
20120209 -39637.50
20120210 -41112.50
20120213 -40700.00
20120214 -42087.50
20120215 -42475.00
20120216 -41500.00
20120217 -41275.00
20120221 -40175.00
20120222 -40200.00
20120223 -39062.50
20120224 -37512.50
20120227 -38287.50
20120228 -37537.50
20120229 -39025.00
20120301 -39312.50
20120302 -40687.50
20120305 -40425.00
20120306 -41937.50
20120307 -41400.00
20120308 -39850.00
20120309 -41925.00
20120312 -41437.50
20120313 -42387.50
20120314 -43025.00
20120315 -42112.50
20120316 -41150.00
20120319 -40325.00
20120320 -40437.50
20120321 -40762.50
20120322 -41037.50
20120323 -40012.50
20120326 -39025.00
20120327 -39125.00
20120328 -39287.50
20120329 -39737.50
20120330 -39025.00
20120402 -39162.50
20120403 -40637.50
20120404 -41625.00
20120405 -42537.50
20120406 -42300.00
20120409 -41800.00
20120410 -42362.50
20120411 -42087.50
20120412 -40887.50
20120413 -42350.00
20120416 -41650.00
20120417 -41600.00
20120418 -41762.50
20120419 -41687.50
20120420 -40650.00
20120423 -41537.50
20120424 -40975.00
20120425 -40487.50
20120426 -40375.00
20120427 -40112.50
20120430 -40362.50
20120501 -40487.50
20120502 -41337.50
20120503 -41487.50
20120504 -42275.00
20120507 -42712.50
20120508 -43012.50
20120509 -44037.50
20120510 -43975.00
20120511 -44337.50
20120514 -44875.00
20120515 -44875.00
20120516 -44875.00
20120517 -44875.00
20120518 -44875.00
20120521 -44875.00
20120522 -44875.00
20120523 -44875.00
20120524 -44875.00
20120525 -44875.00
20120529 -44875.00
20120530 -44875.00
20120531 -44875.00
20120601 -44875.00
20120604 -44875.00
20120605 -44875.00
20120606 -44875.00
20120607 -44875.00
20120608 -44875.00
20120611 -44875.00
20120612 -44875.00
20120613 -44875.00
20120614 -44875.00
20120615 -44875.00
20120618 -44875.00
20120619 -44875.00
20120620 -44875.00
20120621 -44875.00
20120622 -44875.00
20120625 -44875.00
20120626 -44875.00
20120627 -44875.00
20120628 -44875.00
20120629 -44875.00
20120702 -44875.00
20120703 -44875.00
20120705 -44875.00
20120706 -44875.00
20120709 -44875.00
20120710 -44875.00
20120711 -44875.00
20120712 -44875.00
20120713 -44875.00
20120716 -44875.00
20120717 -44875.00
20120718 -44875.00
20120719 -44875.00
20120720 -44875.00
20120723 -44462.50
20120724 -43662.50
20120725 -44862.50
20120726 -46437.50
20120727 -46737.50
20120730 -46137.50
20120731 -46687.50
20120801 -45812.50
20120802 -45025.00
20120803 -47550.00
20120806 -47775.00
20120807 -47987.50
20120808 -47275.00
20120809 -46525.00
20120810 -46487.50
20120813 -47000.00
20120814 -46962.50
20120815 -46437.50
20120816 -47350.00
20120817 -46825.00
20120820 -47162.50
20120821 -48650.00
20120822 -49425.00
20120823 -49931.25
20120824 -49931.25
20120827 -49931.25
20120828 -49931.25
20120829 -49931.25
20120830 -49931.25
20120831 -49931.25
20120903 -49931.25
20120904 -49931.25
20120905 -49931.25
20120906 -49931.25
20120907 -49931.25
20120910 -50268.75
20120911 -49143.75
20120912 -48731.25
20120913 -47606.25
20120914 -45943.75
20120917 -46093.75
20120918 -46943.75
20120919 -46618.75
20120920 -47781.25
20120921 -47531.25
20120924 -48206.25
20120925 -48318.75
20120926 -49156.25
20120927 -48456.25
20120928 -49268.75
20121001 -48843.75
20121002 -48481.25
20121003 -48681.25
20121004 -47193.75
20121005 -47018.75
20121008 -47743.75
20121009 -48893.75
20121010 -48731.25
20121011 -48318.75
20121012 -47981.25
20121015 -48181.25
20121016 -46918.75
20121017 -45893.75
20121018 -46668.75
20121019 -47168.75
20121022 -46893.75
20121023 -47806.25
20121024 -47793.75
20121025 -48106.25
20121026 -48306.25
20121029 -48668.75
20121030 -47931.25
20121031 -47956.25
20121101 -48268.75
20121102 -49656.25
20121105 -50131.25
20121106 -49781.25
20121107 -50381.25
20121108 -50643.75
20121109 -51093.75
20121112 -51081.25
20121113 -51181.25
20121114 -50668.75
20121115 -50331.25
20121116 -50918.75
20121119 -49906.25
20121120 -49931.25
20121121 -49693.75
20121123 -47693.75
20121126 -47981.25
20121127 -48343.75
20121128 -48368.75
20121129 -47843.75
20121130 -47543.75
20121203 -46806.25
20121204 -46281.25
20121205 -46543.75
20121206 -47993.75
20121207 -48443.75
20121210 -48306.25
20121211 -47506.25
20121212 -46543.75
20121213 -46606.25
20121214 -45568.75
20121217 -45556.25
20121218 -44818.75
20121219 -44468.75
20121220 -44556.25
20121221 -45368.75
20121224 -45193.75
20121226 -44806.25
20121227 -44593.75
20121228 -44818.75
20121231 -45106.25
20130102 -45406.25
20130103 -46843.75
20130104 -46706.25
20130107 -46206.25
20130108 -46568.75
20130109 -46931.25
20130110 -44468.75
20130111 -43381.25
20130114 -42893.75
20130115 -43906.25
20130116 -44006.25
20130117 -42806.25
20130118 -43643.75
20130122 -43656.25
20130123 -43643.75
20130124 -42981.25
20130125 -41843.75
20130128 -41956.25
20130129 -41568.75
20130130 -40581.25
20130131 -40481.25
20130201 -39393.75
20130204 -41168.75
20130205 -40356.25
20130206 -41093.75
20130207 -42618.75
20130208 -43131.25
20130211 -42806.25
20130212 -42131.25
20130213 -42068.75
20130214 -43331.25
20130215 -43231.25
20130219 -42818.75
20130220 -44118.75
20130221 -45556.25
20130222 -45443.75
20130225 -46231.25
20130226 -45406.25
20130227 -46318.75
20130228 -45518.75
20130301 -44956.25
20130304 -45018.75
20130305 -45231.25
20130306 -44656.25
20130307 -46056.25
20130308 -44743.75
20130311 -45156.25
20130312 -44968.75
20130313 -44131.25
20130314 -44606.25
20130315 -45306.25
20130318 -43981.25
20130319 -43081.25
20130320 -43956.25
20130321 -43581.25
20130322 -44418.75
20130325 -42931.25
20130326 -42843.75
20130327 -41806.25
20130328 -42318.75
20130329 -42318.75
20130401 -42731.25
20130402 -42306.25
20130403 -42693.75
20130404 -43831.25
20130405 -44768.75
20130408 -44643.75
20130409 -45843.75
20130410 -45331.25
20130411 -46006.25
20130412 -45593.75
20130415 -45093.75
20130416 -46981.25
20130417 -44781.25
20130418 -45193.75
20130419 -45356.25
20130422 -45331.25
20130423 -44468.75
20130424 -44868.75
20130425 -44793.75
20130426 -44943.75
20130429 -45793.75
20130430 -46606.25
20130501 -47243.75
20130502 -45293.75
20130503 -45943.75
20130506 -45543.75
20130507 -45631.25
20130508 -46556.25
20130509 -44768.75
20130510 -44356.25
20130513 -44193.75
20130514 -43768.75
20130515 -42993.75
20130516 -43393.75
20130517 -42418.75
20130520 -43268.75
20130521 -43318.75
20130522 -42581.25
20130523 -43693.75
20130524 -43518.75
20130528 -42981.25
20130529 -43731.25
20130530 -45106.25
20130531 -44318.75
20130603 -45443.75
20130604 -45556.25
20130605 -45618.75
20130606 -47618.75
20130607 -47331.25
20130610 -47868.75
20130611 -48443.75
20130612 -48718.75
20130613 -48918.75
20130614 -48856.25
20130617 -48868.75
20130618 -49656.25
20130619 -47956.25
20130620 -47031.25
20130621 -46343.75
20130624 -46143.75
20130625 -45718.75
20130626 -44618.75
20130627 -45168.75
20130628 -44806.25
20130701 -45306.25
20130702 -44281.25
20130703 -44731.25
20130705 -42431.25
20130708 -42993.75
20130709 -41893.75
20130710 -43093.75
20130711 -45781.25
20130712 -45306.25
20130715 -45393.75
20130716 -46556.25
20130717 -45956.25
20130718 -45831.25
20130719 -46256.25
20130722 -46918.75
20130723 -47481.25
20130724 -46981.25
20130725 -47593.75
20130726 -48006.25
20130729 -47868.75
20130730 -47843.75
20130731 -48756.25
20130801 -47218.75
20130802 -48118.75
20130805 -47781.25
20130806 -48356.25
20130807 -48693.75
20130808 -49406.25
20130809 -48793.75
20130812 -48418.75
20130813 -47793.75
20130814 -47781.25
20130815 -48881.25
20130816 -48731.25
20130819 -48818.75
20130820 -49781.25
20130821 -49218.75
20130822 -48943.75
20130823 -49318.75
20130826 -49193.75
20130827 -49343.75
20130828 -48756.25
20130829 -47556.25
20130830 -47118.75
20130903 -46631.25
20130904 -47106.25
20130905 -46018.75
20130906 -46793.75
20130909 -47756.25
20130910 -47843.75
20130911 -48368.75
20130912 -48293.75
20130913 -48318.75
20130916 -48656.25
20130917 -48968.75
20130918 -51287.50
20130919 -51287.50
20130920 -51287.50
20130923 -51287.50
20130924 -51287.50
20130925 -51287.50
20130926 -51287.50
20130927 -51287.50
20130930 -51287.50
20131001 -51287.50
20131002 -51287.50
20131003 -51287.50
20131004 -51287.50
20131007 -51287.50
20131008 -51287.50
20131009 -51287.50
20131010 -51287.50
20131011 -51287.50
20131014 -51287.50
20131015 -51287.50
20131016 -51287.50
20131017 -51287.50
20131018 -51262.50
20131021 -51275.00
20131022 -49962.50
20131023 -50012.50
20131024 -49725.00
20131025 -49687.50
20131028 -49687.50
20131029 -50412.50
20131030 -50675.00
20131031 -52375.00
20131101 -53662.50
20131104 -53975.00
20131105 -53437.50
20131106 -54025.00
20131107 -52850.00
20131108 -51950.00
20131111 -52550.00
20131112 -52850.00
20131113 -53287.50
20131114 -53187.50
20131115 -53625.00
20131118 -53750.00
20131119 -54150.00
20131120 -52750.00
20131121 -53262.50
20131122 -54387.50
20131125 -53950.00
20131126 -54687.50
20131127 -54662.50
20131129 -54837.50
20131202 -54250.00
20131203 -54887.50
20131204 -54850.00
20131205 -55950.00
20131206 -56200.00
20131209 -56762.50
20131210 -57050.00
20131211 -57362.50
20131212 -56812.50
20131213 -56687.50
20131216 -57050.00
20131217 -57087.50
20131218 -56987.50
20131219 -55712.50
20131220 -55925.00
20131223 -56137.50
20131224 -56012.50
20131226 -56162.50
20131227 -58712.50
20131230 -58712.50
20131231 -58712.50
20140102 -58712.50
20140103 -58712.50
20140106 -58712.50
20140107 -58712.50
20140108 -58712.50
20140109 -58712.50
20140110 -58712.50
20140113 -58712.50
20140114 -58712.50
20140115 -58712.50
20140116 -58712.50
20140117 -58712.50
20140121 -58712.50
20140122 -58712.50
20140123 -58712.50
20140124 -58712.50
20140127 -58712.50
20140128 -58712.50
20140129 -58712.50
20140130 -58712.50
20140131 -58712.50
20140203 -58712.50
20140204 -58712.50
20140205 -58712.50
20140206 -58712.50
20140207 -58712.50
20140210 -58712.50
20140211 -58712.50
20140212 -58712.50
20140213 -58712.50
20140214 -58712.50
20140218 -58712.50
20140219 -58712.50
20140220 -58712.50
20140221 -58712.50
20140224 -58712.50
20140225 -58712.50
20140226 -58712.50
20140227 -58712.50
20140228 -58712.50
20140303 -58712.50
20140304 -58712.50
20140305 -58712.50
20140306 -58712.50
20140307 -58712.50
20140310 -58725.00
20140311 -58712.50
20140312 -58300.00
20140313 -58850.00
20140314 -58287.50
20140317 -58087.50
20140318 -57975.00
20140319 -59225.00
20140320 -59837.50
20140321 -59675.00
20140324 -59112.50
20140325 -59262.50
20140326 -59712.50
20140327 -60250.00
20140328 -60200.00
20140331 -59900.00
20140401 -59700.00
20140402 -60050.00
20140403 -60675.00
20140404 -60825.00
20140407 -60362.50
20140408 -59662.50
20140409 -58950.00
20140410 -58462.50
20140411 -58512.50
20140414 -59337.50
20140415 -59475.00
20140416 -59337.50
20140417 -59362.50
20140421 -59650.00
20140422 -59562.50
20140423 -59400.00
20140424 -59287.50
20140425 -59150.00
20140428 -58925.00
20140429 -59462.50
20140430 -58700.00
20140501 -58787.50
20140502 -58700.00
20140505 -58625.00
20140506 -57925.00
20140507 -58137.50
20140508 -58925.00
20140509 -60262.50
20140512 -60150.00
20140513 -60862.50
20140514 -60762.50
20140515 -60650.00
20140516 -60862.50
20140519 -60687.50
20140520 -60875.00
20140521 -61100.00
20140522 -61450.00
20140523 -61750.00
20140527 -61650.00
20140528 -62162.50
20140529 -62050.00
20140530 -61650.00
20140602 -62137.50
20140603 -61787.50
20140604 -62087.50
20140605 -61400.00
20140606 -61262.50
20140609 -60512.50
20140610 -59962.50
20140611 -59775.00
20140612 -60250.00
20140613 -59875.00
20140616 -60300.00
20140617 -59987.50
20140618 -60187.50
20140619 -60787.50
20140620 -60600.00
20140623 -60737.50
20140624 -60725.00
20140625 -61037.50
20140626 -60787.50
20140627 -61262.50
20140630 -61875.00
20140701 -61687.50
20140702 -61375.00
20140703 -60725.00
20140707 -60800.00
20140708 -60825.00
20140709 -61275.00
20140710 -60737.50
20140711 -60800.00
20140714 -60925.00
20140715 -60287.50
20140716 -59725.00
20140717 -59762.50
20140718 -59750.00
20140721 -59712.50
20140722 -59000.00
20140723 -58887.50
20140724 -58962.50
20140725 -58562.50
20140728 -58587.50
20140729 -58287.50
20140730 -58062.50
20140731 -58050.00
20140801 -58575.00
20140804 -58412.50
20140805 -57825.00
20140806 -57887.50
20140807 -57650.00
20140808 -58312.50
20140811 -57950.00
20140812 -57762.50
20140813 -57775.00
20140814 -57750.00
20140815 -58150.00
20140818 -57687.50
20140819 -57162.50
20140820 -56462.50
20140821 -56675.00
20140822 -56187.50
20140825 -55575.00
20140826 -55325.00
20140827 -55612.50
20140828 -55462.50
20140829 -54837.50
20140902 -54737.50
20140903 -54975.00
20140904 -52375.00
20140905 -52637.50
20140908 -51987.50
20140909 -52125.00
20140910 -51950.00
20140911 -52175.00
20140912 -52487.50
20140915 -52325.00
20140916 -52625.00
20140917 -52075.00
20140918 -52062.50
20140919 -51062.50
20140922 -51050.00
20140923 -51325.00
20140924 -50350.00
20140925 -49950.00
20140926 -49125.00
20140929 -49262.50
20140930 -48450.00
20141001 -48187.50
20141002 -49025.00
20141003 -46950.00
20141006 -48425.00
20141007 -48887.50
20141008 -49737.50
20141009 -49175.00
20141010 -48250.00
20141013 -48900.00
20141014 -48687.50
20141015 -50275.00
20141016 -50575.00
20141017 -50237.50
20141020 -50675.00
20141021 -49637.50
20141022 -48612.50
20141023 -48675.00
20141024 -48862.50
20141027 -49412.50
20141028 -49750.00
20141029 -48625.00
20141030 -48212.50
20141031 -47137.50
20141103 -46687.50
20141104 -47512.50
20141105 -46550.00
20141106 -45387.50
20141107 -46062.50
20141110 -45825.00
20141111 -46350.00
20141112 -45950.00
20141113 -46637.50
20141114 -47112.50
20141117 -46187.50
20141118 -47225.00
20141119 -47350.00
20141120 -47412.50
20141121 -45375.00
20141124 -45962.50
20141125 -46425.00
20141126 -46962.50
20141128 -45962.50
20141201 -46500.00
20141202 -45275.00
20141203 -44400.00
20141204 -45112.50
20141205 -44125.00
20141208 -44587.50
20141209 -45225.00
20141210 -46012.50
20141211 -45300.00
20141212 -46137.50
20141215 -45950.00
20141216 -46587.50
20141217 -44612.50
20141218 -44050.00
20141219 -43337.50
20141222 -43275.00
20141223 -42712.50
20141224 -42887.50
20141226 -42712.50
20141229 -42462.50
20141230 -42425.00
20141231 -41737.50
20150102 -40562.50
20150105 -39737.50
20150106 -39412.50
20150107 -38612.50
20150108 -37775.00
20150109 -38500.00
20150112 -38487.50
20150113 -37537.50
20150114 -37675.00
20150115 -35675.00
20150116 -35275.00
20150120 -34825.00
20150121 -35362.50
20150122 -32687.50
20150123 -31037.50
20150126 -31300.00
20150127 -32650.00
20150128 -31825.00
20150129 -31862.50
20150130 -31600.00
20150202 -32275.00
20150203 -34037.50
20150204 -33187.50
20150205 -33887.50
20150206 -31937.50
20150209 -32162.50
20150210 -31862.50
20150211 -31737.50
20150212 -33125.00
20150213 -32837.50
20150217 -33112.50
20150218 -32700.00
20150219 -32500.00
20150220 -32887.50
20150223 -32100.00
20150224 -32137.50
20150225 -32425.00
20150226 -30387.50
20150227 -30337.50
20150302 -30250.00
20150303 -30150.00
20150304 -28837.50
20150305 -28250.00
20150306 -26137.50
20150309 -26237.50
20150310 -24200.00
20150311 -22150.00
20150312 -22950.00
20150313 -21375.00
20150316 -22762.50
20150317 -22962.50
20150318 -24737.50
20150319 -23487.50
20150320 -25612.50
20150323 -27250.00
20150324 -26950.00
20150325 -27475.00
20150326 -26350.00
20150327 -26775.00
20150330 -25750.00
20150331 -24750.00
20150401 -25012.50
20150402 -26637.50
20150403 -27825.00
20150406 -27662.50
20150407 -25812.50
20150408 -25425.00
20150409 -23425.00
20150410 -22987.50
20150413 -22550.00
20150414 -23675.00
20150415 -23987.50
20150416 -25400.00
20150417 -25325.00
20150420 -24625.00
20150421 -24600.00
20150422 -24662.50
20150423 -25725.00
20150424 -26262.50
20150427 -26412.50
20150428 -27637.50
20150429 -29300.00
20150430 -31150.00
20150501 -30300.00
20150504 -29637.50
20150505 -30337.50
20150506 -32337.50
20150507 -33375.00
20150508 -34175.00
20150511 -34787.50
20150512 -33987.50
20150513 -32237.50
20150514 -31800.00
20150515 -30937.50
20150518 -32950.00
20150519 -34812.50
20150520 -35300.00
20150521 -35125.00
20150522 -36262.50
20150526 -37393.75
20150527 -37393.75
20150528 -37393.75
20150529 -37393.75
20150601 -37393.75
20150602 -37393.75
20150603 -37393.75
20150604 -37393.75
20150605 -37393.75
20150608 -37393.75
20150609 -37393.75
20150610 -37393.75
20150611 -37393.75
20150612 -37393.75
20150615 -37393.75
20150616 -37393.75
20150617 -37393.75
20150618 -37393.75
20150619 -37393.75
20150622 -37393.75
20150623 -37393.75
20150624 -37393.75
20150625 -37393.75
20150626 -37393.75
20150629 -37393.75
20150630 -37393.75
20150701 -37393.75
20150702 -37393.75
20150706 -37393.75
20150707 -37393.75
20150708 -37393.75
20150709 -37393.75
20150710 -37393.75
20150713 -37393.75
20150714 -37393.75
20150715 -37393.75
20150716 -37393.75
20150717 -37393.75
20150720 -37393.75
20150721 -37393.75
20150722 -37393.75
20150723 -37393.75
20150724 -37393.75
20150727 -37393.75
20150728 -37393.75
20150729 -37393.75
20150730 -37393.75
20150731 -37393.75
20150803 -37393.75
20150804 -37393.75
20150805 -37393.75
20150806 -37393.75
20150807 -37393.75
20150810 -37393.75
20150811 -37393.75
20150812 -37393.75
20150813 -37393.75
20150814 -37393.75
20150817 -37393.75
20150818 -37393.75
20150819 -37393.75
20150820 -37393.75
20150821 -37393.75
20150824 -37393.75
20150825 -37393.75
20150826 -37393.75
20150827 -37393.75
20150828 -37393.75
20150831 -37393.75
20150901 -37393.75
20150902 -37393.75
20150903 -37393.75
20150904 -37393.75
20150908 -37393.75
20150909 -37393.75
20150910 -37393.75
20150911 -37393.75
20150914 -37393.75
20150915 -37393.75
20150916 -37393.75
20150917 -37393.75
20150918 -37393.75
20150921 -37393.75
20150922 -37393.75
20150923 -37393.75
20150924 -37393.75
20150925 -37393.75
20150928 -37393.75
20150929 -37393.75
20150930 -37393.75
20151001 -37393.75
20151002 -37393.75
20151005 -37393.75
20151006 -37393.75
20151007 -37393.75
20151008 -37393.75
20151009 -37393.75
20151012 -37393.75
20151013 -37393.75
20151014 -37393.75
20151015 -37393.75
20151016 -37393.75
20151019 -37393.75
20151020 -37393.75
20151021 -37393.75
20151022 -37393.75
20151023 -37393.75
20151026 -37393.75
20151027 -37393.75
20151028 -37393.75
20151029 -37393.75
20151030 -37393.75
20151102 -37393.75
20151103 -37393.75
20151104 -37393.75
20151105 -37393.75
20151106 -37393.75
20151109 -37393.75
20151110 -37393.75
20151111 -37393.75
20151112 -37393.75
20151113 -37393.75
20151116 -37393.75
20151117 -37393.75
20151118 -37393.75
20151119 -37393.75
20151120 -37393.75
20151123 -37393.75
20151124 -37393.75
20151125 -37393.75
20151127 -37181.25
20151130 -36856.25
20151201 -37581.25
20151202 -37393.75
20151203 -41831.25
20151204 -40593.75
20151207 -40243.75
20151208 -40756.25
20151209 -42450.00
20151210 -42450.00
20151211 -42450.00
20151214 -42450.00
20151215 -42450.00
20151216 -42450.00
20151217 -42450.00
20151218 -42450.00
20151221 -42450.00
20151222 -42450.00
20151223 -42450.00
20151224 -42450.00
20151228 -42450.00
20151229 -42450.00
20151230 -42450.00
20151231 -42450.00
20160104 -42450.00
20160105 -42450.00
20160106 -42450.00
20160107 -42450.00
20160108 -42450.00
20160111 -42450.00
20160112 -42450.00
20160113 -42450.00
20160114 -42450.00
20160115 -42450.00
20160119 -42450.00
20160120 -42450.00
20160121 -42450.00
20160122 -42450.00
20160125 -42450.00
20160126 -42450.00
20160127 -42450.00
20160128 -42450.00
20160129 -42450.00
20160201 -42450.00
20160202 -42450.00
20160203 -42450.00
20160204 -40962.50
20160205 -41806.25
20160208 -40968.75
20160209 -40037.50
20160210 -40118.75
20160211 -39587.50
20160212 -40437.50
20160216 -41843.75
20160217 -41912.50
20160218 -42443.75
20160219 -41968.75
20160222 -43350.00
20160223 -43556.25
20160224 -43500.00
20160225 -43175.00
20160226 -44593.75
20160229 -45175.00
20160301 -45368.75
20160302 -45400.00
20160303 -44256.25
20160304 -43731.25
20160307 -43506.25
20160308 -43687.50
20160309 -43700.00
20160310 -41262.50
20160311 -41800.00
20160314 -42593.75
20160315 -42412.50
20160316 -41337.50
20160317 -39800.00
20160318 -40443.75
20160321 -40643.75
20160322 -41062.50
20160323 -41543.75
20160324 -41681.25
20160328 -41300.00
20160329 -40118.75
20160330 -39643.75
20160331 -38993.75
20160401 -38937.50
20160404 -38900.00
20160405 -39037.50
20160406 -38781.25
20160407 -39137.50
20160408 -38906.25
20160411 -38731.25
20160412 -38925.00
20160413 -40350.00
20160414 -40575.00
20160415 -40337.50
20160418 -39993.75
20160419 -39231.25
20160420 -40156.25
20160421 -40250.00
20160422 -41087.50
20160425 -40693.75
20160426 -40325.00
20160427 -39881.25
20160428 -39593.75
20160429 -38331.25
20160502 -37431.25
20160503 -37637.50
20160504 -37712.50
20160505 -39006.25
20160506 -39018.75
20160509 -39150.00
20160510 -39387.50
20160511 -38687.50
20160512 -39337.50
20160513 -40187.50
20160516 -40056.25
20160517 -40068.75
20160518 -41175.00
20160519 -41593.75
20160520 -41812.50
20160523 -41825.00
20160524 -40893.75
20160525 -41093.75
20160526 -41431.25
20160527 -40787.50
20160531 -40618.75
20160601 -41325.00
20160602 -40906.25
20160603 -43343.75
20160606 -43687.50
20160607 -43543.75
20160608 -43968.75
20160609 -43125.00
20160610 -42237.50
20160613 -42662.50
20160614 -41537.50
20160615 -42293.75
20160616 -41956.25
20160617 -42350.00
20160620 -42906.25
20160621 -42187.50
20160622 -42837.50
20160623 -43393.75
20160624 -40456.25
20160627 -38962.50
20160628 -39506.25
20160629 -40237.50
20160630 -39856.25
20160701 -40575.00
20160705 -39768.75
20160706 -40187.50
20160707 -39562.50
20160708 -39481.25
20160711 -39575.00
20160712 -39712.50
20160713 -40206.25
20160714 -40368.75
20160715 -39618.75
20160718 -39712.50
20160719 -39031.25
20160720 -38887.50
20160721 -38993.75
20160722 -38343.75
20160725 -38687.50
20160726 -38650.00
20160727 -39050.00
20160728 -39706.25
20160729 -41031.25
20160801 -40900.00
20160802 -41612.50
20160803 -40600.00
20160804 -40381.25
20160805 -39881.25
20160808 -39768.75
20160809 -40081.25
20160810 -40906.25
20160811 -40500.00
20160812 -40731.25
20160815 -40968.75
20160816 -42143.75
20160817 -42312.50
20160818 -43100.00
20160819 -42706.25
20160822 -42718.75
20160823 -42481.25
20160824 -41931.25
20160825 -42125.00
20160826 -40968.75
20160829 -40956.25
20160830 -40381.25
20160831 -40593.75
20160901 -41068.75
20160902 -40575.00
20160906 -41756.25
20160907 -41612.50
20160908 -41787.50
20160909 -41400.00
20160912 -41575.00
20160913 -41143.75
20160914 -41662.50
20160915 -41556.25
20160916 -40406.25
20160919 -40731.25
20160920 -40475.00
20160921 -40712.50
20160922 -41006.25
20160923 -41387.50
20160926 -41687.50
20160927 -41268.75
20160928 -41175.00
20160929 -41143.75
20160930 -41456.25
20161003 -41181.25
20161004 -40893.75
20161005 -41081.25
20161006 -40150.00
20161007 -40625.00
20161010 -40106.25
20161011 -38993.75
20161012 -38500.00
20161013 -39043.75
20161014 -38112.50
20161017 -38306.25
20161018 -38056.25
20161019 -37912.50
20161020 -37381.25
20161021 -36725.00
20161024 -36762.50
20161025 -36912.50
20161026 -37137.50
20161027 -37056.25
20161028 -38025.00
20161031 -37831.25
20161101 -39018.75
20161102 -39437.50
20161103 -39543.75
20161104 -39718.75
20161107 -38700.00
20161108 -38581.25
20161109 -37368.75
20161110 -37868.75
20161111 -38456.25
20161114 -39956.25
20161115 -40068.75
20161116 -40512.50
20161117 -41212.50
20161118 -41606.25
20161121 -41718.75
20161122 -41900.00
20161123 -40943.75
20161125 -41475.00
20161128 -41525.00
20161129 -42168.75
20161130 -41525.00
20161201 -42137.50
20161202 -42275.00
20161205 -43650.00
20161206 -42987.50
20161207 -43512.50
20161208 -41681.25
20161209 -40931.25
20161212 -41881.25
20161213 -41756.25
20161214 -41543.75
20161215 -39293.75
20161216 -39381.25
20161219 -39012.50
20161220 -38843.75
20161221 -39293.75
20161222 -39387.50
20161223 -39537.50
20161227 -39668.75
20161228 -39125.00
20161229 -39912.50
20161230 -40575.00
20170103 -38968.75
20170104 -39631.25
20170105 -41175.00
20170106 -40412.50
20170109 -40981.25
20170110 -40731.25
20170111 -40943.75
20170112 -41537.50
20170113 -41750.00
20170117 -42575.00
20170118 -42043.75
20170119 -41925.00
20170120 -42525.00
20170123 -43000.00
20170124 -42687.50
20170125 -42918.75
20170126 -42368.75
20170127 -42368.75
20170130 -42287.50
20170131 -43662.50
20170201 -43312.50
20170202 -43131.25
20170203 -43168.75
20170206 -42925.00
20170207 -42256.25
20170208 -42131.25
20170209 -41775.00
20170210 -41431.25
20170213 -41018.75
20170214 -40687.50
20170215 -40900.00
20170216 -41962.50
20170217 -41081.25
20170221 -40350.00
20170222 -40631.25
20170223 -40631.25
20170224 -40518.75
20170227 -40818.75
20170228 -40868.75
20170301 -40250.00
20170302 -39706.25
20170303 -40918.75
20170306 -40768.75
20170307 -40518.75
20170308 -40268.75
20170309 -40812.50
20170310 -42050.00
20170313 -41637.50
20170314 -41031.25
20170315 -42193.75
20170316 -42750.00
20170317 -42662.50
20170320 -42543.75
20170321 -43375.00
20170322 -43331.25
20170323 -43162.50
20170324 -43412.50
20170327 -44168.75
20170328 -43412.50
20170329 -42775.00
20170330 -41887.50
20170331 -41806.25
20170403 -41587.50
20170404 -41600.00
20170405 -41562.50
20170406 -41306.25
20170407 -40575.00
20170410 -40650.00
20170411 -40806.25
20170412 -40618.75
20170413 -40956.25
20170417 -41212.50
20170418 -42312.50
20170419 -42162.50
20170420 -42150.00
20170421 -41831.25
20170424 -43862.50
20170425 -44875.00
20170426 -44350.00
20170427 -44137.50
20170428 -44293.75
20170501 -44418.75
20170502 -44681.25
20170503 -44381.25
20170504 -45281.25
20170505 -45418.75
20170508 -44706.25
20170509 -43893.75
20170510 -43800.00
20170511 -43843.75
20170512 -44556.25
20170515 -45225.00
20170516 -46737.50
20170517 -46068.75
20170518 -46643.75
20170519 -45387.50
20170522 -45006.25
20170523 -45662.50
20170524 -45493.75
20170525 -45443.75
20170526 -45775.00
20170530 -45656.25
20170531 -44943.75
20170601 -45350.00
20170602 -44575.00
20170605 -44837.50
20170606 -44700.00
20170607 -44887.50
20170608 -45293.75
20170609 -45618.75
20170612 -45493.75
20170613 -45456.25
20170614 -45406.25
20170615 -46218.75
20170616 -45718.75
20170619 -46287.50
20170620 -46537.50
20170621 -46125.00
20170622 -46343.75
20170623 -45718.75
20170626 -45931.25
20170627 -43850.00
20170628 -43450.00
20170629 -42831.25
20170630 -42987.50
20170703 -43806.25
20170705 -44006.25
20170706 -43018.75
20170707 -43268.75
20170710 -43268.75
20170711 -42350.00
20170712 -43137.50
20170713 -43281.25
20170714 -42525.00
20170717 -42350.00
20170718 -41343.75
20170719 -41887.50
20170720 -40587.50
20170721 -39912.50
20170724 -40362.50
20170725 -40281.25
20170726 -39625.00
20170727 -39893.75
20170728 -38931.25
20170731 -38068.75
20170801 -38431.25
20170802 -37706.25
20170803 -37650.00
20170804 -38943.75
20170807 -38575.00
20170808 -39106.25
20170809 -39112.50
20170810 -38925.00
20170811 -38256.25
20170814 -38762.50
20170815 -39393.75
20170816 -38968.75
20170817 -39337.50
20170818 -39118.75
20170821 -38481.25
20170822 -39225.00
20170823 -38381.25
20170824 -38600.00
20170825 -37675.00
20170828 -36412.50
20170829 -36287.50
20170830 -37543.75
20170831 -37425.00
20170901 -37881.25
20170905 -37243.75
20170906 -37343.75
20170907 -36193.75
20170908 -35918.75
20170911 -36737.50
20170912 -36662.50
20170913 -37875.00
20170914 -37400.00
20170915 -37075.00
20170918 -36925.00
20170919 -36356.25
20170920 -37712.50
20170921 -37218.75
20170922 -37075.00
20170925 -38293.75
20170926 -38881.25
20170927 -39456.25
20170928 -39831.25
20170929 -40125.00
20171002 -39218.75
20171003 -39275.00
20171004 -39450.00
20171005 -38687.50
20171006 -39037.50
20171009 -39231.25
20171010 -39912.50
20171011 -40531.25
20171012 -40256.25
20171013 -40043.75
20171016 -39706.25
20171017 -39431.25
20171018 -39831.25
20171019 -40137.50
20171020 -39500.00
20171023 -38975.00
20171024 -39575.00
20171025 -39812.50
20171026 -37950.00
20171027 -37181.25
20171030 -37681.25
20171031 -37831.25
20171101 -37406.25
20171102 -37918.75
20171103 -37243.75
20171106 -37225.00
20171107 -36968.75
20171108 -37062.50
20171109 -37693.75
20171110 -37906.25
20171113 -37931.25
20171114 -39506.25
20171115 -39481.25
20171116 -39118.75
20171117 -39506.25
20171120 -38687.50
20171121 -38806.25
20171122 -39818.75
20171124 -41093.75
20171127 -40737.50
20171128 -39937.50
20171129 -40250.00
20171130 -40668.75
20171201 -40606.25
20171204 -40143.75
20171205 -39606.25
20171206 -39300.00
20171207 -39056.25
20171208 -38968.75
20171211 -39193.75
20171212 -38606.25
20171213 -39656.25
20171214 -39325.00
20171215 -38950.00
20171218 -39231.25
20171219 -39912.50
20171220 -40306.25
20171221 -40237.50
20171222 -39987.50
20171226 -40150.00
20171227 -40506.25
20171228 -40981.25
20171229 -41831.25
20180102 -42212.50
20180103 -41743.75
20180104 -42412.50
20180105 -42118.75
20180108 -41043.75
20180109 -40631.25
20180110 -40962.50
20180111 -41943.75
20180112 -43743.75
20180116 -44893.75
20180117 -45306.25
20180118 -45275.00
20180119 -45412.50
20180122 -45106.25
20180123 -44656.25
20180124 -43293.75
20180125 -43500.00
20180126 -43100.00
20180129 -43518.75
20180130 -43337.50
20180131 -43256.25
20180201 -42131.25
20180202 -42781.25
20180205 -43456.25
20180206 -43550.00
20180207 -45031.25
20180208 -45212.50
20180209 -45606.25
20180212 -44993.75
20180213 -44093.75
20180214 -43068.75
20180215 -42225.00
20180216 -43356.25
20180220 -44393.75
20180221 -44831.25
20180222 -44487.50
20180223 -44931.25
20180226 -44756.25
20180227 -45687.50
20180228 -46137.50
20180301 -45531.25
20180302 -44587.50
20180305 -44656.25
20180306 -43675.00
20180307 -43681.25
20180308 -44950.00
20180309 -44843.75
20180312 -44575.00
20180313 -43806.25
20180314 -44081.25
20180315 -45000.00
20180316 -45281.25
20180319 -44375.00
20180320 -45725.00
20180321 -44781.25
20180322 -45087.50
20180323 -44337.50
20180326 -43243.75
20180327 -43950.00
20180328 -45156.25
20180329 -45437.50
20180402 -45318.75
20180403 -45731.25
20180404 -45562.50
20180405 -46162.50
20180406 -45562.50
20180409 -45131.25
20180410 -44656.25
20180411 -44637.50
20180412 -45081.25
20180413 -45056.25
20180416 -44450.00
20180417 -44643.75
20180418 -44537.50
20180419 -45062.50
20180420 -45762.50
20180423 -46750.00
20180424 -46356.25
20180425 -47118.75
20180426 -48043.75
20180427 -47868.75
20180430 -48381.25
20180501 -49518.75
20180502 -49381.25
20180503 -49431.25
20180504 -49050.00
20180507 -48550.00
20180508 -47693.75
20180509 -47743.75
20180510 -48525.00
20180511 -48725.00
20180514 -48712.50
20180515 -47512.50
20180516 -46918.75
20180517 -46850.00
20180518 -46531.25
20180521 -46506.25
20180522 -46568.75
20180523 -45556.25
20180524 -45887.50
20180525 -45062.50
20180529 -43418.75
20180530 -44918.75
20180531 -45325.00
20180601 -45006.25
20180604 -45431.25
20180605 -45618.75
20180606 -46287.50
20180607 -46750.00
20180608 -46275.00
20180611 -46475.00
20180612 -45975.00
20180613 -46256.25
20180614 -43931.25
20180615 -44100.00
20180618 -44218.75
20180619 -43687.50
20180620 -43812.50
20180621 -44250.00
20180622 -44743.75
20180625 -45250.00
20180626 -44562.50
20180627 -43375.00
20180628 -43318.75
20180629 -44731.25
20180702 -43956.25
20180703 -44456.25
20180705 -44787.50
20180706 -45587.50
20180709 -45637.50
20180710 -45575.00
20180711 -44650.00
20180712 -44593.75
20180713 -44662.50
20180716 -45112.50
20180717 -44475.00
20180718 -44268.75
20180719 -44193.75
20180720 -45193.75
20180723 -44737.50
20180724 -44650.00
20180725 -44856.25
20180726 -44131.25
20180727 -44262.50
20180730 -44912.50
20180731 -44743.75
20180801 -44306.25
20180802 -43312.50
20180803 -43193.75
20180806 -42912.50
20180807 -43375.00
20180808 -43675.00
20180809 -42681.25
20180810 -40887.50
20180813 -40806.25
20180814 -40100.00
20180815 -40181.25
20180816 -40393.75
20180817 -41368.75
20180820 -41650.00
20180821 -42956.25
20180822 -43143.75
20180823 -42468.75
20180824 -43568.75
20180827 -44275.00
20180828 -44087.50
20180829 -44043.75
20180830 -44512.50
20180831 -45362.50
20180904 -45593.75
20180905 -45056.25
20180906 -45056.25
20180907 -45831.25
20180910 -45443.75
20180911 -45600.00
20180912 -45025.00
20180913 -44300.00
20180914 -45056.25
20180917 -44400.00
20180918 -44643.75
20180919 -44568.75
20180920 -43312.50
20180921 -43681.25
20180924 -43550.00
20180925 -43456.25
20180926 -43537.50
20180927 -44868.75
20180928 -45475.00
20181001 -45943.75
20181002 -46343.75
20181003 -46700.00
20181004 -46768.75
20181005 -46637.50
20181008 -47106.25
20181009 -47000.00
20181010 -46668.75
20181011 -45837.50
20181012 -46231.25
20181015 -45993.75
20181016 -46075.00
20181017 -46987.50
20181018 -47537.50
20181019 -46987.50
20181022 -47537.50
20181023 -47537.50
20181024 -48556.25
20181025 -48906.25
20181026 -48318.75
20181029 -48568.75
20181030 -49193.75
20181031 -49331.25
20181101 -49331.25
20181102 -49331.25
20181105 -49331.25
20181106 -49331.25
20181107 -49331.25
20181108 -49331.25
20181109 -49331.25
20181112 -49331.25
20181113 -49331.25
20181114 -49331.25
20181115 -49331.25
20181116 -49331.25
20181119 -49331.25
20181120 -49331.25
20181121 -49331.25
20181123 -49331.25
20181126 -49331.25
20181127 -49331.25
20181128 -49331.25
20181129 -49331.25
20181130 -49331.25
20181203 -49331.25
20181204 -49331.25
20181205 -49331.25
20181206 -49331.25
20181207 -49331.25
20181210 -49331.25
20181211 -49331.25
20181212 -49331.25
20181213 -49331.25
20181214 -49331.25
20181217 -49331.25
20181218 -49331.25
20181219 -49331.25
20181220 -49331.25
20181221 -49331.25
20181224 -49331.25
20181226 -49331.25
20181227 -49331.25
20181228 -49331.25
20181231 -49331.25
20190102 -49331.25
20190103 -49331.25
20190104 -49331.25
20190107 -49331.25
20190108 -49331.25
20190109 -49331.25
20190110 -49331.25
20190111 -49331.25
20190114 -49331.25
20190115 -49331.25
20190116 -49331.25
20190117 -49331.25
20190118 -49331.25
20190122 -49331.25
20190123 -49331.25
20190124 -49331.25
20190125 -49331.25
20190128 -49331.25
20190129 -49331.25
20190130 -49331.25
20190131 -49331.25
20190201 -49331.25
20190204 -49331.25
20190205 -49331.25
20190206 -49331.25
20190207 -49331.25
20190208 -49331.25
20190211 -49331.25
20190212 -49331.25
20190213 -49331.25
20190214 -49331.25
20190215 -49331.25
20190219 -49331.25
20190220 -49331.25
20190221 -49331.25
20190222 -49331.25
20190225 -49331.25
20190226 -49331.25
20190227 -49331.25
20190228 -49331.25
20190301 -49331.25
20190304 -49331.25
20190305 -49331.25
20190306 -49331.25
20190307 -49331.25
20190308 -50068.75
20190311 -50018.75
20190312 -50712.50
20190313 -51125.00
20190314 -50718.75
20190315 -50962.50
20190318 -51162.50
20190319 -51350.00
20190320 -52518.75
20190321 -51312.50
20190322 -50556.25
20190325 -50768.75
20190326 -50343.75
20190327 -50150.00
20190328 -49625.00
20190329 -49475.00
20190401 -49431.25
20190402 -49237.50
20190403 -49743.75
20190404 -49468.75
20190405 -49425.00
20190408 -49975.00
20190409 -50025.00
20190410 -50062.50
20190411 -49831.25
20190412 -50331.25
20190415 -50412.50
20190416 -50206.25
20190417 -50287.50
20190418 -49406.25
20190422 -49775.00
20190423 -49218.75
20190424 -48281.25
20190425 -48075.00
20190426 -48381.25
20190429 -48731.25
20190430 -49200.00
20190501 -48875.00
20190502 -48562.50
20190503 -48806.25
20190506 -48912.50
20190507 -48618.75
20190508 -48731.25
20190509 -49106.25
20190510 -49181.25
20190513 -49168.75
20190514 -48856.25
20190515 -48800.00
20190516 -48343.75
20190517 -48200.00
20190520 -48287.50
20190521 -48156.25
20190522 -48168.75
20190523 -48412.50
20190524 -48693.75
20190528 -48162.50
20190529 -47756.25
20190530 -47737.50
20190531 -48206.25
20190603 -49256.25
20190604 -49256.25
20190605 -48837.50
20190606 -49381.25
20190607 -50250.00
20190610 -50556.25
20190611 -50356.25
20190612 -50950.00
20190613 -51081.25
20190614 -51987.50
20190617 -51868.75
20190618 -52168.75
20190619 -51525.00
20190620 -50993.75
20190621 -50050.00
20190624 -49656.25
20190625 -50006.25
20190626 -50068.75
20190627 -50068.75
20190628 -50025.00
20190701 -51187.50
20190702 -51131.25
20190703 -51262.50
20190705 -52037.50
20190708 -52156.25
20190709 -52231.25
20190710 -51693.75
20190711 -51656.25
20190712 -51493.75
20190715 -51656.25
20190716 -52331.25
20190717 -52143.75
20190718 -51612.50
20190719 -52225.00
20190722 -52343.75
20190723 -53118.75
20190724 -53312.50
20190725 -53287.50
20190726 -53043.75
20190729 -53293.75
20190730 -53406.25
20190731 -52512.50
20190801 -52456.25
20190802 -52775.00
20190805 -53906.25
20190806 -53868.75
20190807 -54031.25
20190808 -53637.50
20190809 -53887.50
20190812 -54062.50
20190813 -53475.00
20190814 -53012.50
20190815 -52581.25
20190816 -52450.00
20190819 -52243.75
20190820 -52412.50
20190821 -52262.50
20190822 -52231.25
20190823 -52981.25
20190826 -52368.75
20190827 -52293.75
20190828 -52112.50
20190829 -51731.25
20190830 -50787.50
20190903 -50643.75
20190904 -51443.75
20190905 -51456.25
20190906 -51381.25
20190909 -51650.00
20190910 -51568.75
20190911 -51050.00
20190912 -51843.75
20190913 -51750.00
20190916 -50993.75
20190917 -51731.25
20190918 -51275.00
20190919 -51525.00
20190920 -51006.25
20190923 -50762.50
20190924 -51050.00
20190925 -50075.00
20190926 -49881.25
20190927 -49993.75
20190930 -49512.50
20191001 -49931.25
20191002 -50187.50
20191003 -50343.75
20191004 -50443.75
20191007 -50306.25
20191008 -50081.25
20191009 -50287.50
20191010 -50675.00
20191011 -51106.25
20191014 -50943.75
20191015 -50993.75
20191016 -51462.50
20191017 -52118.75
20191018 -51656.25
20191021 -51856.25
20191022 -52143.75
20191023 -52100.00
20191024 -52375.00
20191025 -52737.50
20191028 -52531.25
20191029 -52387.50
20191030 -52212.50
20191031 -52000.00
20191101 -51775.00
20191104 -52237.50
20191105 -53037.50
20191106 -53000.00
20191107 -53300.00
20191108 -53600.00
20191111 -53481.25
20191112 -53768.75
20191113 -53900.00
20191114 -53675.00
20191115 -53300.00
20191118 -53031.25
20191119 -53000.00
20191120 -53118.75
20191121 -53275.00
20191122 -53762.50
20191125 -53912.50
20191126 -53775.00
20191127 -53987.50
20191129 -53868.75
20191202 -53100.00
20191203 -53087.50
20191204 -53175.00
20191205 -52881.25
20191206 -53443.75
20191209 -53337.50
20191210 -52931.25
20191211 -52412.50
20191212 -52743.75
20191213 -52668.75
20191216 -52337.50
20191217 -52356.25
20191218 -52768.75
20191219 -52700.00
20191220 -53306.25
20191223 -53100.00
20191224 -53181.25
20191226 -52987.50
20191227 -52000.00
20191230 -51850.00
20191231 -51531.25
20200102 -52343.75
20200103 -52343.75
20200106 -52050.00
20200107 -52650.00
20200108 -53081.25
20200109 -53162.50
20200110 -52981.25
20200113 -52781.25
20200114 -52918.75
20200115 -52650.00
20200116 -52881.25
20200117 -53400.00
20200121 -53400.00
20200122 -53437.50
20200123 -53943.75
20200124 -54262.50
20200127 -54443.75
20200128 -54443.75
20200129 -54418.75
20200130 -54318.75
20200131 -53575.00
20200203 -53900.00
20200204 -54181.25
20200205 -54768.75
20200206 -55037.50
20200207 -55431.25
20200210 -55837.50
20200211 -55750.00
20200212 -56450.00
20200213 -56825.00
20200214 -56781.25
20200218 -56187.50
20200219 -56212.50
20200220 -56100.00
20200221 -56943.75
20200224 -56750.00
20200225 -57218.75
20200226 -57437.50
20200227 -58518.75
20200228 -59037.50
20200302 -60756.25
20200303 -60587.50
20200304 -61093.75
20200305 -60331.25
20200306 -58893.75
20200309 -57075.00
20200310 -59193.75
20200311 -59393.75
20200312 -60737.50
20200313 -61881.25
20200316 -60600.00
20200317 -62818.75
20200318 -64406.25
20200319 -61812.50
20200320 -61468.75
20200323 -62468.75
20200324 -62818.75
20200325 -64181.25
20200326 -66325.00
20200327 -67287.50
20200330 -66118.75
20200331 -65943.75
20200401 -64787.50
20200402 -63737.50
20200403 -63250.00
20200406 -63081.25
20200407 -64418.75
20200408 -63862.50
20200409 -64768.75
20200413 -64606.25
20200414 -65318.75
20200415 -64562.50
20200416 -63593.75
20200417 -63868.75
20200420 -63781.25
20200421 -63656.25
20200422 -63231.25
20200423 -62793.75
20200424 -62956.25
20200427 -63368.75
20200428 -63412.50
20200429 -63831.25
20200430 -64850.00
20200501 -65156.25
20200504 -64262.50
20200505 -63575.00
20200506 -62981.25
20200507 -63256.25
20200508 -63450.00
20200511 -63031.25
20200512 -63581.25
20200513 -63100.00
20200514 -62687.50
20200515 -63075.00
20200518 -64325.00
20200519 -64725.00
20200520 -65218.75
20200521 -64831.25
20200522 -63975.00
20200526 -65300.00
20200527 -65256.25
20200528 -66481.25
20200529 -66587.50
20200601 -67018.75
20200602 -67506.25
20200603 -68331.25
20200604 -69456.25
20200605 -69456.25
20200608 -69456.25
20200609 -69456.25
20200610 -69456.25
20200611 -69456.25
20200612 -69456.25
20200615 -69456.25
20200616 -69456.25
20200617 -69456.25
20200618 -69456.25
20200619 -69456.25
20200622 -69456.25
20200623 -69456.25
20200624 -69456.25
20200625 -69456.25
20200626 -69456.25
20200629 -69456.25
20200630 -69456.25
20200701 -69456.25
20200702 -69456.25
20200706 -69456.25
20200707 -69456.25
20200708 -69456.25
20200709 -69456.25
20200710 -69456.25
20200713 -69456.25
20200714 -69456.25
20200715 -69456.25
20200716 -69456.25
20200717 -69456.25
20200720 -69456.25
20200721 -69456.25
20200722 -68975.00
20200723 -68487.50
20200724 -68137.50
20200727 -66718.75
20200728 -67062.50
20200729 -66543.75
20200730 -65668.75
20200731 -66268.75
20200803 -66631.25
20200804 -66362.50
20200805 -65381.25
20200806 -65212.50
20200807 -66375.00
20200810 -66856.25
20200811 -66837.50
20200812 -66356.25
20200813 -66181.25
20200814 -65700.00
20200817 -65356.25
20200818 -64450.00
20200819 -65487.50
20200820 -65537.50
20200821 -66343.75
20200824 -66293.75
20200825 -65787.50
20200826 -66018.75
20200827 -65912.50
20200828 -65081.25
20200831 -64518.75
20200901 -64850.00
20200902 -65912.50
20200903 -65531.25
20200904 -65593.75
20200908 -66468.75
20200909 -66137.50
20200910 -65925.00
20200911 -65862.50
20200914 -65437.50
20200915 -65593.75
20200916 -66287.50
20200917 -65787.50
20200918 -65625.00
20200921 -66856.25
20200922 -67475.00
20200923 -68081.25
20200924 -67981.25
20200925 -68531.25
20200928 -68012.50
20200929 -67100.00
20200930 -67356.25
20201001 -67006.25
20201002 -67425.00
20201005 -66643.75
20201006 -66931.25
20201007 -66756.25
20201008 -66887.50
20201009 -66043.75
20201012 -66237.50
20201013 -67050.00
20201014 -66975.00
20201015 -67656.25
20201016 -67393.75
20201019 -66781.25
20201020 -66050.00
20201021 -65612.50
20201022 -66162.50
20201023 -65656.25
20201026 -66225.00
20201027 -66237.50
20201028 -67012.50
20201029 -68025.00
20201030 -68362.50
20201102 -68525.00
20201103 -67593.75
20201104 -67362.50
20201105 -65950.00
20201106 -65406.25
20201109 -66037.50
20201110 -66275.00
20201111 -66768.75
20201112 -66362.50
20201113 -66043.75
20201116 -65925.00
20201117 -65656.25
20201118 -65681.25
20201119 -65531.25
20201120 -65756.25
20201123 -65956.25
20201124 -65456.25
20201125 -65031.25
20201127 -64543.75
20201130 -64668.75
20201201 -63412.50
20201202 -62775.00
20201203 -62243.75
20201204 -62306.25
20201207 -62531.25
20201208 -62706.25
20201209 -63131.25
20201210 -62381.25
20201211 -62643.75
20201214 -62225.00
20201215 -62087.50
20201216 -62000.00
20201217 -60756.25
20201218 -61025.00
20201221 -60925.00
20201222 -62000.00
20201223 -61818.75
20201224 -61787.50
20201228 -61518.75
20201229 -60962.50
20201230 -60568.75
20201231 -61350.00
20210104 -61037.50
20210105 -60400.00
20210106 -60343.75
20210107 -60862.50
20210108 -61518.75
20210111 -62187.50
20210112 -61712.50
20210113 -62293.75
20210114 -62293.75
20210115 -63268.75
20210119 -62662.50
20210120 -62906.25
20210121 -62268.75
20210122 -62162.50
20210125 -62531.25
20210126 -62206.25
20210127 -63018.75
20210128 -62631.25
20210129 -62637.50
20210201 -63450.00
20210202 -64043.75
20210203 -63975.00
20210204 -64781.25
20210205 -65743.75
20210208 -65893.75
20210209 -66662.50
20210210 -66800.00
20210211 -66812.50
20210212 -66625.00
20210216 -66612.50
20210217 -65625.00
20210218 -66231.25
20210219 -66606.25
20210222 -67250.00
20210223 -66943.75
20210224 -67000.00
20210225 -67443.75
20210226 -66106.25
20210301 -65718.75
20210302 -66181.25
20210303 -65943.75
20210304 -64681.25
20210305 -64025.00
20210308 -63318.75
20210309 -63856.25
20210310 -64118.75
20210311 -64868.75
20210312 -64443.75
20210315 -64143.75
20210316 -63868.75
20210317 -64787.50
20210318 -63981.25
20210319 -63906.25
20210322 -64325.00
20210323 -63193.75
20210324 -62812.50
20210325 -62231.25
20210326 -62400.00
20210329 -62068.75
20210330 -61481.25
20210331 -61556.25
20210401 -62137.50
20210405 -62643.75
20210406 -63375.00
20210407 -63312.50
20210408 -63943.75
20210409 -63762.50
20210412 -63787.50
20210413 -64300.00
20210414 -64606.25
20210415 -64643.75
20210416 -64687.50
20210419 -65443.75
20210420 -65331.25
20210421 -65312.50
20210422 -65031.25
20210423 -66093.75
20210426 -66087.50
20210427 -66018.75
20210428 -66487.50
20210429 -66475.00
20210430 -65187.50
20210503 -65737.50
20210504 -65050.00
20210505 -64893.75
20210506 -65575.00
20210507 -66950.00
20210510 -66706.25
20210511 -66781.25
20210512 -65875.00
20210513 -65825.00
20210514 -66656.25
20210517 -66850.00
20210518 -67725.00
20210519 -67012.50
20210520 -67593.75
20210521 -67112.50
20210524 -67506.25
20210525 -68037.50
20210526 -67243.75
20210527 -67312.50
20210528 -67337.50
20210601 -67675.00
20210602 -67456.25
20210603 -66375.00
20210604 -66868.75
20210607 -67243.75
20210608 -67050.00
20210609 -67043.75
20210610 -66937.50
20210611 -66062.50
20210614 -66256.25
20210615 -66343.75
20210616 -65000.00
20210617 -63650.00
20210618 -63162.50
20210621 -63631.25
20210622 -63962.50
20210623 -63868.75
20210624 -63887.50
20210625 -63881.25
20210628 -63787.50
20210629 -63512.50
20210630 -62825.00
20210701 -62737.50
20210702 -62768.75
20210706 -62506.25
20210707 -62281.25
20210708 -62700.00
20210709 -63162.50
20210712 -62925.00
20210713 -61962.50
20210714 -62562.50
20210715 -62268.75
20210716 -62287.50
20210719 -62062.50
20210720 -61943.75
20210721 -62168.75
20210722 -61800.00
20210723 -61793.75
20210726 -62168.75
20210727 -62437.50
20210728 -62631.25
20210729 -63275.00
20210730 -62837.50
20210802 -63043.75
20210803 -62912.50
20210804 -62606.25
20210805 -62568.75
20210806 -61581.25
20210809 -61368.75
20210810 -61131.25
20210811 -61331.25
20210812 -61218.75
20210813 -62031.25
20210816 -61781.25
20210817 -60968.75
20210818 -60987.50
20210819 -60518.75
20210820 -60781.25
20210823 -61425.00
20210824 -61506.25
20210825 -61706.25
20210826 -61450.00
20210827 -61987.50
20210830 -62100.00
20210831 -62206.25
20210901 -62625.00
20210902 -62968.75
20210903 -63218.75
20210907 -63787.50
20210908 -64050.00
20210909 -63993.75
20210910 -64187.50
20210913 -64331.25
20210914 -64281.25
20210915 -64287.50
20210916 -64968.75
20210917 -65275.00
20210920 -65337.50
20210921 -65325.00
20210922 -65743.75
20210923 -65075.00
20210924 -65468.75
20210927 -65675.00
20210928 -65956.25
20210929 -66918.75
20210930 -67137.50
20211001 -66975.00
20211004 -66637.50
20211005 -66981.25
20211006 -67625.00
20211007 -67637.50
20211008 -67950.00
20211011 -67731.25
20211012 -67356.25
20211013 -68100.00
20211014 -68212.50
20211015 -68293.75
20211018 -68350.00
20211019 -68706.25
20211020 -68912.50
20211021 -68493.75
20211022 -68656.25
20211025 -68356.25
20211026 -68156.25
20211027 -68306.25
20211028 -69243.75
20211029 -67668.75
20211101 -68262.50
20211102 -67950.00
20211103 -68312.50
20211104 -67575.00
20211105 -67537.50
20211108 -68025.00
20211109 -68081.25
20211110 -66693.75
20211111 -66206.25
20211112 -66187.50
20211115 -65450.00
20211116 -64587.50
20211117 -64562.50
20211118 -65256.25
20211119 -64231.25
20211122 -63512.50
20211123 -63737.50
20211124 -63087.50
20211126 -64387.50
20211129 -64012.50
20211130 -64643.75
20211201 -64568.75
20211202 -64300.00
20211203 -64481.25
20211206 -64081.25
20211207 -63856.25
20211208 -64937.50
20211209 -64156.25
20211210 -64456.25
20211213 -64175.00
20211214 -63768.75
20211215 -63950.00
20211216 -64606.25
20211217 -63687.50
20211220 -63943.75
20211221 -64006.25
20211222 -64650.00
20211223 -64693.75
20211227 -64543.75
20211228 -64250.00
20211229 -64762.50
20211230 -64537.50
20211231 -65256.25
20220103 -64137.50
20220104 -64012.50
20220105 -64293.75
20220106 -63993.75
20220107 -64950.00
20220110 -64450.00
20220111 -65006.25
20220112 -66018.75
20220113 -66156.25
20220114 -65575.00
20220118 -64462.50
20220119 -64775.00
20220120 -64281.25
20220121 -64637.50
20220124 -64375.00
20220125 -64168.75
20220126 -63531.25
20220127 -62106.25
20220128 -62156.25
20220131 -63393.75
20220201 -63500.00
20220202 -64212.50
20220203 -65750.00
20220204 -65931.25
20220207 -65875.00
20220208 -65500.00
20220209 -65725.00
20220210 -65937.50
20220211 -64512.50
20220214 -64006.25
20220215 -64800.00
20220216 -65175.00
20220217 -64837.50
20220218 -64443.75
20220222 -64475.00
20220223 -64131.25
20220224 -62612.50
20220225 -63568.75
20220228 -63056.25
20220301 -61806.25
20220302 -61800.00
20220303 -60975.00
20220304 -59137.50
20220307 -58337.50
20220308 -59068.75
20220309 -61193.75
20220310 -60043.75
20220311 -59050.00
20220314 -59693.75
20220315 -59475.00
20220316 -60250.00
20220317 -61443.75
20220318 -60793.75
20220321 -60362.50
20220322 -60443.75
20220323 -60275.00
20220324 -60150.00
20220325 -60000.00
20220328 -60037.50
20220329 -61262.50
20220330 -62156.25
20220331 -60987.50
