20100104     0.00
20100105     0.00
20100106     0.00
20100107     0.00
20100108     0.00
20100111     0.00
20100112     0.00
20100113     0.00
20100114     0.00
20100115     0.00
20100119     0.00
20100120     0.00
20100121     0.00
20100122     0.00
20100125     0.00
20100126     0.00
20100127     0.00
20100128     0.00
20100129     0.00
20100201     0.00
20100202     0.00
20100203     0.00
20100204     0.00
20100205     0.00
20100208     0.00
20100209     0.00
20100210     0.00
20100211     0.00
20100212     0.00
20100216     0.00
20100217     0.00
20100218     0.00
20100219     0.00
20100222     0.00
20100223     0.00
20100224     0.00
20100225     0.00
20100226     0.00
20100301     0.00
20100302     0.00
20100303     0.00
20100304     0.00
20100305     0.00
20100308     0.00
20100309     0.00
20100310     0.00
20100311     0.00
20100312     0.00
20100315     0.00
20100316     0.00
20100317     0.00
20100318     0.00
20100319     0.00
20100322     0.00
20100323     0.00
20100324     0.00
20100325     0.00
20100326     0.00
20100329     0.00
20100330     0.00
20100331     0.00
20100401     0.00
20100402     0.00
20100405     0.00
20100406     0.00
20100407     0.00
20100408     0.00
20100409     0.00
20100412     0.00
20100413     0.00
20100414     0.00
20100415     0.00
20100416     0.00
20100419     0.00
20100420     0.00
20100421     0.00
20100422     0.00
20100423     0.00
20100426     0.00
20100427     0.00
20100428     0.00
20100429     0.00
20100430     0.00
20100503     0.00
20100504     0.00
20100505     0.00
20100506     0.00
20100507 -1062.50
20100510 -2968.75
20100511 -2953.12
20100512 -3640.62
20100513 -3359.38
20100514  -953.12
20100517 -1734.38
20100518     0.00
20100519     0.00
20100520     0.00
20100521     0.00
20100524  -640.62
20100525     0.00
20100526 -1296.88
20100527 -3671.88
20100528 -3078.12
20100601 -2937.50
20100602 -3750.00
20100603 -4437.50
20100604  -500.00
20100607  -468.75
20100608     0.00
20100609  -390.62
20100610 -3218.75
20100611  -750.00
20100614 -2156.25
20100615 -3015.62
20100616 -2437.50
20100617  -500.00
20100618 -1250.00
20100621 -1703.12
20100622     0.00
20100623     0.00
20100624  -343.75
20100625     0.00
20100628     0.00
20100629     0.00
20100630     0.00
20100701     0.00
20100702 -1140.62
20100706     0.00
20100707  -984.38
20100708 -1796.88
20100709 -2531.25
20100712 -2281.25
20100713 -3609.38
20100714 -1906.25
20100715  -296.88
20100716     0.00
20100719  -671.88
20100720   -93.75
20100721     0.00
20100722 -1078.12
20100723 -2515.62
20100726 -2390.62
20100727 -3671.88
20100728 -2640.62
20100729 -2375.00
20100730     0.00
20100802 -1484.38
20100803  -140.62
20100804 -1000.00
20100805  -265.62
20100806     0.00
20100809  -250.00
20100810     0.00
20100811     0.00
20100812  -421.88
20100813     0.00
20100816     0.00
20100817 -1500.00
20100818 -1125.00
20100819     0.00
20100820  -765.62
20100823  -515.62
20100824     0.00
20100825 -1046.88
20100826     0.00
20100827 -3343.75
20100830  -656.25
20100831     0.00
20100901 -2671.88
20100902 -3578.12
20100903 -5171.88
20100907 -2875.00
20100908 -4000.00
20100909 -6468.75
20100910 -7140.62
20100913 -6062.50
20100914 -4656.25
20100915 -5812.50
20100916 -6875.00
20100917 -6421.88
20100920 -5625.00
20100921 -3218.75
20100922 -2375.00
20100923 -2328.12
20100924 -3687.50
20100927 -1359.38
20100928     0.00
20100929  -843.75
20100930  -890.62
20101001 -1203.12
20101004  -281.25
20101005  -328.12
20101006     0.00
20101007  -328.12
20101008  -281.25
20101011  -156.25
20101012 -1109.38
20101013 -1250.00
20101014 -2796.88
20101015 -4640.62
20101018 -2859.38
20101019 -2437.50
20101020 -2203.12
20101021 -3453.12
20101022 -3796.88
20101025 -3359.38
20101026 -5468.75
20101027 -6812.50
20101028 -5828.12
20101029 -4687.50
20101101 -4968.75
20101102 -3687.50
20101103 -5046.88
20101104 -2468.75
20101105 -3796.88
20101108 -4140.62
20101109 -6562.50
20101110 -5875.00
20101111 -6703.12
20101112 -8031.25
20101115 -10921.88
20101116 -9140.62
20101117 -9968.75
20101118 -10890.62
20101119 -10171.88
20101122 -8781.25
20101123 -7937.50
20101124 -11125.00
20101126 -9781.25
20101129 -11296.88
20101130 -8093.75
20101201 -11812.50
20101202 -12515.62
20101203 -12734.38
20101206 -10906.25
20101207 -15593.75
20101208 -16875.00
20101209 -16893.75
20101210 -16596.88
20101213 -16971.88
20101214 -17260.94
20101215 -16295.31
20101216 -17217.19
20101217 -20607.81
20101220 -19826.56
20101221 -20404.69
20101222 -19600.00
20101223 -18607.81
20101227 -19850.00
20101228 -16592.19
20101229 -20568.75
20101230 -19779.69
20101231 -21670.31
20110103 -20717.19
20110104 -20701.56
20110105 -17107.81
20110106 -18631.25
20110107 -21021.88
20110110 -21568.75
20110111 -20857.81
20110112 -20685.94
20110113 -22240.62
20110114 -21326.56
20110118 -20521.88
20110119 -21404.69
20110120 -18342.19
20110121 -19482.81
20110124 -19803.12
20110125 -22271.88
20110126 -19670.31
20110127 -21068.75
20110128 -22537.50
20110131 -21225.00
20110201 -19693.75
20110202 -18498.44
20110203 -17318.75
20110204 -14693.75
20110207 -14975.00
20110208 -13029.69
20110209 -14975.00
20110210 -13318.75
20110211 -14764.06
20110214 -15482.81
20110215 -15600.00
20110216 -15459.38
20110217 -16748.44
20110218 -16631.25
20110222 -19990.62
20110223 -19498.44
20110224 -20568.75
20110225 -20951.56
20110228 -21435.94
20110301 -21670.31
20110302 -20131.25
20110303 -17435.94
20110304 -19748.44
20110307 -19646.88
20110308 -18545.31
20110309 -20318.75
20110310 -22467.19
20110311 -22584.38
20110314 -23935.94
20110315 -24639.06
20110316 -27279.69
20110317 -27337.50
20110318 -26931.25
20110321 -26048.44
20110322 -25775.00
20110323 -25673.44
20110324 -24876.56
20110325 -24259.38
20110328 -24032.81
20110329 -23571.88
20110330 -24150.00
20110331 -24009.38
20110401 -23806.25
20110404 -24321.88
20110405 -23509.38
20110406 -22915.62
20110407 -23204.69
20110408 -23017.19
20110411 -23126.56
20110412 -24235.94
20110413 -24712.50
20110414 -24321.88
20110415 -25400.00
20110418 -26126.56
20110419 -26189.06
20110420 -25587.50
20110421 -25681.25
20110425 -26282.81
20110426 -26853.12
20110427 -26571.88
20110428 -27493.75
20110429 -27692.19
20110502 -27785.94
20110503 -27989.06
20110504 -28085.94
20110505 -28085.94
20110506 -28085.94
20110509 -28085.94
20110510 -28085.94
20110511 -28085.94
20110512 -28085.94
20110513 -28085.94
20110516 -28085.94
20110517 -28085.94
20110518 -28085.94
20110519 -28085.94
20110520 -28085.94
20110523 -28085.94
20110524 -28085.94
20110525 -28085.94
20110526 -28085.94
20110527 -27953.13
20110531 -27679.69
20110601 -26601.56
20110602 -28515.63
20110603 -27546.88
20110606 -27687.50
20110607 -27828.13
20110608 -26234.38
20110609 -27476.56
20110610 -26632.81
20110613 -27179.69
20110614 -30031.25
20110615 -26609.38
20110616 -25070.31
20110617 -25875.00
20110620 -26101.56
20110621 -26718.75
20110622 -26695.31
20110623 -24460.94
20110624 -23593.75
20110627 -25289.06
20110628 -28414.06
20110629 -29773.44
20110630 -31125.00
20110701 -32031.25
20110705 -30343.75
20110706 -29312.50
20110707 -30671.88
20110708 -26851.56
20110711 -24343.75
20110712 -23960.94
20110713 -23421.88
20110714 -24875.00
20110715 -23976.56
20110718 -24187.50
20110719 -23328.13
20110720 -24531.25
20110721 -26250.00
20110722 -24992.19
20110725 -26054.69
20110726 -24609.38
20110727 -25296.88
20110728 -24429.69
20110729 -20421.88
20110801 -18859.38
20110802 -15859.38
20110803 -15367.19
20110804 -11695.31
20110805 -14492.19
20110808 -9234.38
20110809 -5296.88
20110810 -4039.06
20110811 -8132.81
20110812 -5539.06
20110815 -6781.25
20110816 -5132.81
20110817 -3898.44
20110818 -1757.81
20110819 -1148.44
20110822 -1515.63
20110823 -2945.31
20110824 -6148.44
20110825 -4757.81
20110826 -3718.75
20110829 -5843.75
20110830 -3117.19
20110831 -4921.88
20110901 -2796.88
20110902     0.00
20110906     0.00
20110907 -1750.00
20110908  -578.12
20110909     0.00
20110912  -507.81
20110913 -2218.75
20110914 -2351.56
20110915 -4226.56
20110916 -3789.06
20110919   -39.06
20110920  -515.62
20110921     0.00
20110922     0.00
20110923 -2492.19
20110926 -5226.56
20110927 -8398.44
20110928 -8054.69
20110929 -6531.25
20110930 -5914.06
20111003 -1921.88
20111004 -1953.12
20111005 -4921.88
20111006 -6859.38
20111007 -8960.94
20111010 -13406.25
20111011 -11351.56
20111012 -13070.31
20111013 -11257.81
20111014 -12671.88
20111017 -10523.44
20111018 -10445.31
20111019 -10554.69
20111020 -11218.75
20111021 -11734.38
20111024 -12601.56
20111025 -9421.88
20111026 -11546.88
20111027 -16710.94
20111028 -14085.94
20111031 -10414.06
20111101 -5820.31
20111102 -5953.12
20111103 -7390.62
20111104 -6742.19
20111107 -5390.62
20111108 -7335.94
20111109 -4359.38
20111110 -6414.06
20111111 -8117.19
20111114 -5804.69
20111115 -6273.44
20111116 -5437.50
20111117 -3765.62
20111118 -5101.56
20111121 -3929.69
20111122 -3070.31
20111123 -1273.44
20111125 -3554.69
20111128 -3242.19
20111129 -4289.06
20111130 -6523.44
20111201 -7882.81
20111202 -5609.38
20111205 -6070.31
20111206 -7140.62
20111207 -5015.62
20111208 -3703.12
20111209 -5851.56
20111212 -4421.88
20111213 -3164.06
20111214 -1476.56
20111215 -1890.62
20111216  -117.19
20111219     0.00
20111220 -2890.62
20111221 -4085.94
20111222 -3859.38
20111223 -6312.50
20111227 -5664.06
20111228 -2515.62
20111229 -2281.25
20111230 -1515.62
20120103 -4015.62
20120104 -4851.56
20120105 -4820.31
20120106 -3718.75
20120109 -3640.62
20120110 -3906.25
20120111 -2085.94
20120112 -2828.12
20120113  -562.50
20120117  -335.94
20120118 -1750.00
20120119 -3898.44
20120120 -5445.31
20120123 -6515.62
20120124 -6351.56
20120125 -4554.69
20120126 -2585.94
20120127 -1664.06
20120130   -85.94
20120131     0.00
20120201 -1406.25
20120202  -921.88
20120203 -4289.06
20120206 -2921.88
20120207 -4648.44
20120208 -4843.75
20120209 -6031.25
20120210 -3937.50
20120213 -4789.06
20120214 -3085.94
20120215 -3203.12
20120216 -5187.50
20120217 -5421.88
20120221 -6421.88
20120222 -5101.56
20120223 -4523.44
20120224 -4312.50
20120227 -2648.44
20120228 -2742.19
20120229 -4117.19
20120301 -5820.31
20120302 -4203.12
20120305 -4914.06
20120306 -3023.44
20120307 -3882.81
20120308 -5156.25
20120309 -5843.75
20120312 -5632.81
20120313 -7859.38
20120314 -12585.94
20120315 -12690.62
20120316 -12917.19
20120319 -14292.19
20120320 -14003.12
20120321 -12510.94
20120322 -12182.81
20120323 -11260.94
20120326 -11464.06
20120327 -10573.44
20120328 -10557.81
20120329 -9878.12
20120330 -11300.00
20120402 -10948.44
20120403 -12479.69
20120404 -11846.88
20120405 -10393.75
20120406 -7878.12
20120409 -7432.81
20120410 -6432.81
20120411 -7365.62
20120412 -7865.62
20120413 -6506.25
20120416 -5912.50
20120417 -6771.88
20120418 -6131.25
20120419 -5490.62
20120420 -5834.38
20120423 -4771.88
20120424 -5412.50
20120425 -5850.00
20120426 -5271.88
20120427 -4600.00
20120430 -4318.75
20120501 -5412.50
20120502 -4443.75
20120503 -4443.75
20120504 -3146.88
20120507 -3084.38
20120508 -2084.38
20120509 -2100.00
20120510 -2350.00
20120511 -1271.88
20120514     0.00
20120515     0.00
20120516     0.00
20120517     0.00
20120518   -15.62
20120521  -609.38
20120522 -2046.88
20120523   -62.50
20120524 -1093.75
20120525  -656.25
20120529  -500.00
20120530     0.00
20120531     0.00
20120601     0.00
20120604 -1390.62
20120605 -2234.38
20120606 -4781.25
20120607 -4937.50
20120608 -4687.50
20120611 -3734.38
20120612 -5390.62
20120613 -3859.38
20120614 -4125.00
20120615 -3390.62
20120618 -3406.25
20120619 -4343.75
20120620 -5031.25
20120621 -4250.00
20120622 -5734.38
20120625 -3984.38
20120626 -4484.38
20120627 -4218.75
20120628 -3062.50
20120629 -5484.38
20120702 -3218.75
20120703 -4656.25
20120705 -3968.75
20120706 -2593.75
20120709 -1687.50
20120710 -1203.12
20120711 -1078.12
20120712  -546.88
20120713 -1093.75
20120716  -234.38
20120717 -1343.75
20120718  -796.88
20120719 -1765.62
20120720  -140.62
20120723     0.00
20120724     0.00
20120725   -93.75
20120726  -609.38
20120727 -3984.38
20120730 -2578.12
20120731 -2453.12
20120801 -3703.12
20120802 -2015.62
20120803 -4703.12
20120806 -4125.00
20120807 -5906.25
20120808 -6281.25
20120809 -6437.50
20120810 -5562.50
20120813 -5703.12
20120814 -7500.00
20120815 -9437.50
20120816 -10187.50
20120817 -9765.62
20120820 -9625.00
20120821 -9250.00
20120822 -7234.38
20120823 -5953.12
20120824 -6187.50
20120827 -5453.12
20120828 -4968.75
20120829 -5406.25
20120830 -4328.12
20120831 -2812.50
20120903 -2375.00
20120904 -3406.25
20120905 -3734.38
20120906 -5828.12
20120907 -5640.62
20120910 -6203.12
20120911 -6406.25
20120912 -8125.00
20120913 -7953.12
20120914 -11109.38
20120917 -10343.75
20120918 -9734.38
20120919 -9125.00
20120920 -8812.50
20120921 -8390.62
20120924 -7421.88
20120925 -6390.62
20120926 -4421.88
20120927 -4937.50
20120928 -5078.12
20121001 -4703.12
20121002 -4390.62
20121003 -4515.62
20121004 -5703.12
20121005 -7515.62
20121008 -6421.88
20121009 -6921.88
20121010 -6000.00
20121011 -5421.88
20121012 -5062.50
20121015 -5187.50
20121016 -6875.00
20121017 -9203.12
20121018 -9578.12
20121019 -7984.38
20121022 -8703.12
20121023 -7812.50
20121024 -8093.75
20121025 -9312.50
20121026 -7375.00
20121029 -6437.50
20121030 -6640.62
20121031 -5593.75
20121101 -6515.62
20121102 -6750.00
20121105 -5546.88
20121106 -6953.12
20121107 -4046.88
20121108 -2890.62
20121109 -2406.25
20121112 -2390.62
20121113 -1796.88
20121114 -1859.38
20121115 -1843.75
20121116 -1531.25
20121119 -2593.75
20121120 -3796.88
20121121 -4453.12
20121123 -4578.12
20121126 -3796.88
20121127 -3343.75
20121128 -2578.12
20121129 -2687.50
20121130 -2421.88
20121203 -2937.50
20121204 -2421.88
20121205 -2078.12
20121206 -1750.00
20121207 -3031.25
20121210 -2781.25
20121211 -3687.50
20121212 -5000.00
20121213 -5578.12
20121214 -4984.38
20121217 -6453.12
20121218 -8250.00
20121219 -7406.25
20121220 -7468.75
20121221 -6109.38
20121224 -6546.88
20121226 -6156.25
20121227 -4859.38
20121228 -4796.88
20121231 -5843.75
20130102 -8265.62
20130103 -9781.25
20130104 -10109.38
20130107 -9859.38
20130108 -9078.12
20130109 -8562.50
20130110 -9562.50
20130111 -8937.50
20130114 -8625.00
20130115 -7890.62
20130116 -7734.38
20130117 -9062.50
20130118 -8140.62
20130122 -7828.12
20130123 -7859.38
20130124 -8046.88
20130125 -10656.25
20130128 -11250.00
20130129 -11468.75
20130130 -11875.00
20130131 -11375.00
20130201 -12156.25
20130204 -11156.25
20130205 -12156.25
20130206 -10984.38
20130207 -10593.75
20130208 -10703.12
20130211 -10562.50
20130212 -11437.50
20130213 -12343.75
20130214 -11093.75
20130215 -11125.00
20130219 -11718.75
20130220 -11562.50
20130221 -10484.38
20130222 -10218.75
20130225 -8375.00
20130226 -7828.12
20130227 -8390.62
20130228 -8156.25
20130301 -7359.38
20130304 -7921.88
20130305 -8296.88
20130306 -9437.50
20130307 -10796.88
20130308 -12265.62
20130311 -12328.12
20130312 -11437.50
20130313 -11453.12
20130314 -11687.50
20130315 -10718.75
20130318 -9562.50
20130319 -8328.12
20130320 -8968.75
20130321 -8765.62
20130322 -8343.75
20130325 -8406.25
20130326 -8093.75
20130327 -6796.88
20130328 -7031.25
20130329 -7031.25
20130401 -6484.38
20130402 -7062.50
20130403 -5796.88
20130404 -4296.88
20130405 -2328.12
20130408 -3312.50
20130409 -3671.88
20130410 -5125.00
20130411 -4718.75
20130412 -2968.75
20130415 -2500.00
20130416 -2906.25
20130417 -2453.12
20130418 -1906.25
20130419 -2359.38
20130422 -2234.38
20130423 -2312.50
20130424 -2187.50
20130425 -2484.38
20130426 -1171.88
20130429 -1437.50
20130430 -1750.00
20130501  -750.00
20130502  -656.25
20130503 -3562.50
20130506 -4312.50
20130507 -4609.38
20130508 -3984.38
20130509 -4265.62
20130510 -6406.25
20130513 -6890.62
20130514 -7703.12
20130515 -7453.12
20130516 -5578.12
20130517 -7656.25
20130520 -7921.88
20130521 -7484.38
20130522 -9406.25
20130523 -9218.75
20130524 -8765.62
20130528 -11843.75
20130529 -13834.38
20130530 -13701.56
20130531 -12787.50
20130603 -13342.19
20130604 -12967.19
20130605 -13857.81
20130606 -14670.31
20130607 -12193.75
20130610 -10787.50
20130611 -11373.44
20130612 -10451.56
20130613 -12045.31
20130614 -13678.12
20130617 -12467.19
20130618 -12404.69
20130619 -8654.69
20130620 -5553.12
20130621 -3131.25
20130624 -2435.94
20130625 -1428.12
20130626 -2943.75
20130627 -4381.25
20130628 -4576.56
20130701 -4412.50
20130702 -4779.69
20130703 -3951.56
20130705     0.00
20130708 -1929.69
20130709 -2218.75
20130710 -1296.88
20130711 -4273.44
20130712 -3578.12
20130715 -4843.75
20130716 -5429.69
20130717 -6492.19
20130718 -5476.56
20130719 -6828.12
20130722 -6812.50
20130723 -6179.69
20130724 -4421.88
20130725 -4156.25
20130726 -5562.50
20130729 -4765.62
20130730 -4335.94
20130731 -4523.44
20130801  -906.25
20130802 -4500.00
20130805 -3570.31
20130806 -3562.50
20130807 -4679.69
20130808 -5281.25
20130809 -5437.50
20130812 -4867.19
20130813 -1984.38
20130814 -2101.56
20130815 -1031.25
20130816     0.00
20130819     0.00
20130820 -1820.31
20130821  -531.25
20130822     0.00
20130823 -2046.88
20130826 -2531.25
20130827 -4765.62
20130828 -3343.75
20130829 -4367.19
20130830 -4484.38
20130903 -1796.88
20130904  -546.88
20130905     0.00
20130906 -1242.19
20130909 -2585.94
20130910 -1093.75
20130911 -2414.06
20130912 -2726.56
20130913 -3007.81
20130916 -3820.31
20130917 -4601.56
20130918 -8562.50
20130919 -7273.44
20130920 -7835.94
20130923 -8281.25
20130924 -10046.88
20130925 -11203.12
20130926 -10476.56
20130927 -11203.12
20130930 -11257.81
20131001 -10445.31
20131002 -11179.69
20131003 -11632.81
20131004 -10562.50
20131007 -11046.88
20131008 -10984.38
20131009 -10773.44
20131010 -9968.75
20131011 -10375.00
20131014 -9429.69
20131015 -9382.81
20131016 -10789.06
20131017 -13000.00
20131018 -12804.69
20131021 -12210.94
20131022 -14593.75
20131023 -15242.19
20131024 -14460.94
20131025 -15078.12
20131028 -14921.88
20131029 -15179.69
20131030 -14609.38
20131031 -14304.69
20131101 -12414.06
20131104 -12945.31
20131105 -11406.25
20131106 -12125.00
20131107 -13054.69
20131108 -9632.81
20131111 -9218.75
20131112 -9000.00
20131113 -10164.06
20131114 -11539.06
20131115 -11421.88
20131118 -12296.88
20131119 -11273.44
20131120 -9460.94
20131121 -9734.38
20131122 -10617.19
20131125 -10820.31
20131126 -12164.06
20131127 -11250.00
20131129 -11085.94
20131202 -9328.12
20131203 -10125.00
20131204 -8335.94
20131205 -7718.75
20131206 -7375.00
20131209 -7945.31
20131210 -9656.25
20131211 -8359.38
20131212 -7656.25
20131213 -8039.06
20131216 -7742.19
20131217 -8710.94
20131218 -7804.69
20131219 -6632.81
20131220 -7484.38
20131223 -6429.69
20131224 -5031.25
20131226 -4781.25
20131227 -4570.31
20131230 -5445.31
20131231 -4710.94
20140102 -5289.06
20140103 -5093.75
20140106 -6046.88
20140107 -6656.25
20140108 -5093.75
20140109 -5960.94
20140110 -8906.25
20140113 -9718.75
20140114 -8617.19
20140115 -8148.44
20140116 -9156.25
20140117 -9601.56
20140121 -9593.75
20140122 -8593.75
20140123 -11187.50
20140124 -12125.00
20140127 -11273.44
20140128 -11992.19
20140129 -13718.75
20140130 -13250.00
20140131 -14007.81
20140203 -16335.94
20140204 -16760.94
20140205 -17128.12
20140206 -17128.12
20140207 -17471.87
20140210 -17393.75
20140211 -17237.50
20140212 -17315.62
20140213 -17385.94
20140214 -17284.37
20140218 -17409.37
20140219 -17370.31
20140220 -17245.31
20140221 -17042.19
20140224 -17089.06
20140225 -16862.50
20140226 -16800.00
20140227 -16612.50
20140228 -16339.06
20140303 -16417.19
20140304 -16698.44
20140305 -16698.44
20140306 -16854.69
20140307 -16612.50
20140310 -16776.56
20140311 -16698.44
20140312 -16440.62
20140313 -16167.19
20140314 -16042.19
20140317 -16120.31
20140318 -16245.31
20140319 -15464.06
20140320 -15198.44
20140321 -14635.94
20140324 -14073.44
20140325 -14237.50
20140326 -14260.94
20140327 -13690.62
20140328 -13932.81
20140331 -14245.31
20140401 -14643.75
20140402 -14589.06
20140403 -14401.56
20140404 -14776.56
20140407 -14643.75
20140408 -14651.56
20140409 -15221.88
20140410 -15010.94
20140411 -14807.81
20140414 -14714.06
20140415 -14315.62
20140416 -13862.50
20140417 -13862.50
20140421 -14089.06
20140422 -13651.56
20140423 -13635.94
20140424 -13526.56
20140425 -13315.62
20140428 -13612.50
20140429 -13784.38
20140430 -13948.44
20140501 -13557.81
20140502 -12940.62
20140505 -13331.25
20140506 -13042.19
20140507 -13526.56
20140508 -13729.69
20140509 -14042.19
20140512 -14042.19
20140513 -14034.38
20140514 -13721.88
20140515 -13581.25
20140516 -13550.00
20140519 -14026.56
20140520 -14182.81
20140521 -14471.88
20140522 -14339.06
20140523 -14214.06
20140527 -13885.94
20140528 -13471.88
20140529 -13584.38
20140530 -13693.75
20140602 -14162.50
20140603 -14725.00
20140604 -14803.12
20140605 -14756.25
20140606 -14631.25
20140609 -14584.38
20140610 -14725.00
20140611 -14787.50
20140612 -14287.50
20140613 -14162.50
20140616 -13990.62
20140617 -14443.75
20140618 -14178.12
20140619 -14740.62
20140620 -14568.75
20140623 -14537.50
20140624 -14178.12
20140625 -13943.75
20140626 -13568.75
20140627 -13834.38
20140630 -13631.25
20140701 -14178.12
20140702 -14787.50
20140703 -14865.62
20140707 -14350.00
20140708 -13803.12
20140709 -13662.50
20140710 -13725.00
20140711 -13490.62
20140714 -13709.38
20140715 -13615.62
20140716 -13381.25
20140717 -12881.25
20140718 -12865.62
20140721 -12475.00
20140722 -12490.62
20140723 -12506.25
20140724 -12818.75
20140725 -12303.12
20140728 -12490.62
20140729 -12084.38
20140730 -12803.12
20140731 -12850.00
20140801 -12959.38
20140804 -12928.12
20140805 -12662.50
20140806 -12646.88
20140807 -12318.75
20140808 -12243.75
20140811 -12243.75
20140812 -12681.25
20140813 -12181.25
20140814 -11587.50
20140815 -10618.75
20140818 -11493.75
20140819 -11868.75
20140820 -11962.50
20140821 -11587.50
20140822 -11212.50
20140825 -10931.25
20140826 -11118.75
20140827 -10493.75
20140828 -9931.25
20140829 -10118.75
20140902 -11525.00
20140903 -11275.00
20140904 -12025.00
20140905 -12275.00
20140908 -12243.75
20140909 -12493.75
20140910 -13025.00
20140911 -12931.25
20140912 -14368.75
20140915 -14087.50
20140916 -14181.25
20140917 -14275.00
20140918 -14493.75
20140919 -13618.75
20140922 -13462.50
20140923 -12806.25
20140924 -13368.75
20140925 -12400.00
20140926 -12587.50
20140929 -11900.00
20140930 -12306.25
20141001 -10587.50
20141002 -11212.50
20141003 -10993.75
20141006 -10837.50
20141007 -9618.75
20141008 -9556.25
20141009 -9400.00
20141010 -8931.25
20141013 -8181.25
20141014 -7525.00
20141015 -5837.50
20141016 -7126.56
20141017 -8251.56
20141020 -7751.56
20141021 -8353.12
20141022 -9025.00
20141023 -10353.12
20141024 -10314.06
20141027 -9868.75
20141028 -10587.50
20141029 -11728.12
20141030 -11220.31
20141031 -12118.75
20141103 -12353.12
20141104 -12150.00
20141105 -12290.62
20141106 -13071.88
20141107 -11118.75
20141110 -12439.06
20141111 -12923.44
20141112 -12189.06
20141113 -12012.50
20141114 -11371.88
20141117 -11903.12
20141118 -11609.38
20141119 -12078.12
20141120 -11734.38
20141121 -11296.88
20141124 -11234.38
20141125 -10328.12
20141126 -9859.38
20141128 -9234.38
20141201 -9796.88
20141202 -10796.88
20141203 -10609.38
20141204 -10015.62
20141205 -10328.12
20141208 -9296.88
20141209 -8703.12
20141210 -7921.88
20141211 -7765.62
20141212 -6671.88
20141215 -6765.62
20141216 -6078.12
20141217 -7140.62
20141218 -8109.38
20141219 -7546.88
20141222 -7265.62
20141223 -8984.38
20141224 -8703.12
20141226 -8484.38
20141229 -7859.38
20141230 -7578.12
20141231 -7296.88
20150102 -6359.38
20150105 -4890.62
20150106 -3703.12
20150107 -3671.88
20150108 -4953.12
20150109 -4328.12
20150112 -3421.88
20150113 -3234.38
20150114 -2453.12
20150115 -1765.62
20150116 -3218.75
20150120 -2906.25
20150121 -4078.12
20150122 -4984.38
20150123 -3093.75
20150126 -3515.62
20150127 -3421.88
20150128  -953.12
20150129 -2015.62
20150130  -453.12
20150202  -843.75
20150203 -3265.62
20150204 -3171.88
20150205 -3875.00
20150206 -6234.38
20150209 -6406.25
20150210 -7375.00
20150211 -7343.75
20150212 -7375.00
20150213 -8468.75
20150217 -11265.62
20150218 -10487.50
20150219 -10987.50
20150220 -11268.75
20150223 -9956.25
20150224 -9143.75
20150225 -8425.00
20150226 -9081.25
20150227 -9143.75
20150302 -11300.00
20150303 -12112.50
20150304 -12206.25
20150305 -12112.50
20150306 -15362.50
20150309 -14268.75
20150310 -12300.00
20150311 -11456.25
20150312 -11300.00
20150313 -11393.75
20150316 -11050.00
20150317 -9612.50
20150318 -7862.50
20150319 -7800.00
20150320 -6831.25
20150323 -6956.25
20150324 -5737.50
20150325 -6456.25
20150326 -8581.25
20150327 -6581.25
20150330 -7518.75
20150331 -7112.50
20150401 -5175.00
20150402 -6425.00
20150403 -5300.00
20150406 -7237.50
20150407 -6362.50
20150408 -6050.00
20150409 -7737.50
20150410 -7487.50
20150413 -7518.75
20150414 -6612.50
20150415 -6893.75
20150416 -6862.50
20150417 -5518.75
20150420 -7206.25
20150421 -7612.50
20150422 -9518.75
20150423 -8956.25
20150424 -8425.00
20150427 -8143.75
20150428 -9518.75
20150429 -11112.50
20150430 -11393.75
20150501 -13362.50
20150504 -14206.25
20150505 -14925.00
20150506 -16675.00
20150507 -15018.75
20150508 -14768.75
20150511 -17800.00
20150512 -18568.75
20150513 -17537.50
20150514 -17975.00
20150515 -20568.75
20150518 -18443.75
20150519 -17975.00
20150520 -17693.75
20150521 -19381.25
20150522 -18756.25
20150526 -21193.75
20150527 -21537.50
20150528 -21318.75
20150529 -22131.25
20150601 -19912.50
20150602 -18287.50
20150603 -16225.00
20150604 -17881.25
20150605 -16225.00
20150608 -16537.50
20150609 -15631.25
20150610 -14443.75
20150611 -16850.00
20150612 -16975.00
20150615 -17162.50
20150616 -18006.25
20150617 -17600.00
20150618 -16225.00
20150619 -18412.50
20150622 -16225.00
20150623 -15318.75
20150624 -16350.00
20150625 -16068.75
20150626 -14068.75
20150629 -17412.50
20150630 -17350.00
20150701 -15350.00
20150702 -15693.75
20150706 -18568.75
20150707 -20006.25
20150708 -20631.25
20150709 -18100.00
20150710 -15600.00
20150713 -15662.50
20150714 -16037.50
20150715 -17350.00
20150716 -17850.00
20150717 -18600.00
20150720 -18256.25
20150721 -18818.75
20150722 -19693.75
20150723 -20975.00
20150724 -21100.00
20150727 -21693.75
20150728 -21381.25
20150729 -20881.25
20150730 -21662.50
20150731 -22443.75
20150803 -24100.00
20150804 -24212.50
20150805 -24212.50
20150806 -24212.50
20150807 -24212.50
20150810 -24212.50
20150811 -24212.50
20150812 -24212.50
20150813 -24212.50
20150814 -24212.50
20150817 -24212.50
20150818 -24212.50
20150819 -24212.50
20150820 -24212.50
20150821 -24212.50
20150824 -24212.50
20150825 -24212.50
20150826 -24212.50
20150827 -24212.50
20150828 -24212.50
20150831 -24212.50
20150901 -24212.50
20150902 -24212.50
20150903 -24212.50
20150904 -24212.50
20150908 -24212.50
20150909 -24212.50
20150910 -24212.50
20150911 -24212.50
20150914 -24212.50
20150915 -24212.50
20150916 -24212.50
20150917 -24212.50
20150918 -24212.50
20150921 -24212.50
20150922 -24212.50
20150923 -24212.50
20150924 -24212.50
20150925 -24212.50
20150928 -24212.50
20150929 -24212.50
20150930 -24212.50
20151001 -24212.50
20151002 -24212.50
20151005 -24212.50
20151006 -24212.50
20151007 -24212.50
20151008 -24212.50
20151009 -24212.50
20151012 -24212.50
20151013 -24212.50
20151014 -24212.50
20151015 -24212.50
20151016 -24212.50
20151019 -24212.50
20151020 -24212.50
20151021 -24212.50
20151022 -24212.50
20151023 -24212.50
20151026 -24212.50
20151027 -24212.50
20151028 -24212.50
20151029 -24212.50
20151030 -24212.50
20151102 -24212.50
20151103 -24212.50
20151104 -24212.50
20151105 -24212.50
20151106 -24212.50
20151109 -24212.50
20151110 -24212.50
20151111 -24212.50
20151112 -24212.50
20151113 -24212.50
20151116 -24212.50
20151117 -24212.50
20151118 -24212.50
20151119 -24212.50
20151120 -24212.50
20151123 -24212.50
20151124 -24212.50
20151125 -24212.50
20151127 -24212.50
20151130 -24212.50
20151201 -24212.50
20151202 -24212.50
20151203 -24212.50
20151204 -24212.50
20151207 -24212.50
20151208 -24212.50
20151209 -24212.50
20151210 -24212.50
20151211 -24212.50
20151214 -24212.50
20151215 -24212.50
20151216 -24212.50
20151217 -24212.50
20151218 -24212.50
20151221 -24212.50
20151222 -24212.50
20151223 -24212.50
20151224 -24212.50
20151228 -24212.50
20151229 -24212.50
20151230 -24212.50
20151231 -24212.50
20160104 -24212.50
20160105 -24212.50
20160106 -24212.50
20160107 -24212.50
20160108 -24212.50
20160111 -24212.50
20160112 -24212.50
20160113 -24212.50
20160114 -24212.50
20160115 -24212.50
20160119 -24212.50
20160120 -24212.50
20160121 -24212.50
20160122 -24212.50
20160125 -24212.50
20160126 -24212.50
20160127 -24212.50
20160128 -24212.50
20160129 -24212.50
20160201 -24212.50
20160202 -24212.50
20160203 -24212.50
20160204 -24212.50
20160205 -24212.50
20160208 -24212.50
20160209 -23603.12
20160210 -22415.62
20160211 -20392.19
20160212 -23728.12
20160216 -24712.50
20160217 -26571.87
20160218 -24321.87
20160219 -23931.25
20160222 -24564.06
20160223 -23735.94
20160224 -23696.87
20160225 -22306.25
20160226 -25251.56
20160229 -24759.37
20160301 -28368.75
20160302 -28439.06
20160303 -27384.37
20160304 -29329.69
20160307 -29626.56
20160308 -27442.19
20160309 -28973.44
20160310 -29864.06
20160311 -31317.19
20160314 -31117.19
20160315 -30898.44
20160316 -31085.94
20160317 -29867.19
20160318 -29367.19
20160321 -30867.19
20160322 -30679.69
20160323 -29085.94
20160324 -29554.69
20160328 -29054.69
20160329 -28085.94
20160330 -29117.19
20160331 -28148.44
20160401 -28210.94
20160404 -27929.69
20160405 -26367.19
20160406 -27242.19
20160407 -25585.94
20160408 -26398.44
20160411 -26492.19
20160412 -27554.69
20160413 -26710.94
20160414 -27273.44
20160415 -26460.94
20160418 -27210.94
20160419 -27523.44
20160420 -29179.69
20160421 -29898.44
20160422 -30117.19
20160425 -30648.44
20160426 -31367.19
20160427 -29898.44
20160428 -29835.94
20160429 -29273.44
20160502 -30398.44
20160503 -28742.19
20160504 -28210.94
20160505 -27179.69
20160506 -27554.69
20160509 -27117.19
20160510 -27023.44
20160511 -26398.44
20160512 -27148.44
20160513 -25867.19
20160516 -27023.44
20160517 -26835.94
20160518 -29335.94
20160519 -28242.19
20160520 -28335.94
20160523 -28117.19
20160524 -28523.44
20160525 -28992.19
20160526 -28023.44
20160527 -28273.44
20160531 -27898.44
20160601 -27679.69
20160602 -26554.69
20160603 -24617.19
20160606 -25117.19
20160607 -24742.19
20160608 -24367.19
20160609 -23679.69
20160610 -22867.19
20160613 -22429.69
20160614 -22273.44
20160615 -21992.19
20160616 -21023.44
20160617 -22054.69
20160620 -23179.69
20160621 -23617.19
20160622 -23492.19
20160623 -25117.19
20160624 -21242.19
20160627 -18054.69
20160628 -18117.19
20160629 -18210.94
20160630 -18867.19
20160701 -17523.44
20160705 -14960.94
20160706 -15335.94
20160707 -14960.94
20160708 -14273.44
20160711 -15523.44
20160712 -17398.44
20160713 -16242.19
20160714 -18210.94
20160715 -19554.69
20160718 -19648.44
20160719 -18992.19
20160720 -19742.19
20160721 -19742.19
20160722 -19585.94
20160725 -19648.44
20160726 -19335.94
20160727 -17992.19
20160728 -17867.19
20160729 -16773.44
20160801 -17617.19
20160802 -18867.19
20160803 -19054.69
20160804 -18054.69
20160805 -19648.44
20160808 -19554.69
20160809 -18492.19
20160810 -17742.19
20160811 -19429.69
20160812 -18242.19
20160815 -19460.94
20160816 -20117.19
20160817 -19617.19
20160818 -19304.69
20160819 -20117.19
20160822 -18835.94
20160823 -18773.44
20160824 -18960.94
20160825 -19492.19
20160826 -20898.44
20160829 -19117.19
20160830 -19460.94
20160831 -19398.44
20160901 -19304.69
20160902 -20273.44
20160906 -19117.19
20160907 -19054.69
20160908 -21335.94
20160909 -22929.69
20160912 -22992.19
20160913 -24492.19
20160914 -23898.44
20160915 -24367.19
20160916 -24117.19
20160919 -24054.69
20160920 -23773.44
20160921 -23179.69
20160922 -22273.44
20160923 -21960.94
20160926 -21523.44
20160927 -20335.94
20160928 -20523.44
20160929 -20148.44
20160930 -21617.19
20161003 -21710.94
20161004 -23335.94
20161005 -24054.69
20161006 -24710.94
20161007 -24867.19
20161010 -25617.19
20161011 -25429.69
20161012 -25679.69
20161013 -24804.69
20161014 -26554.69
20161017 -25835.94
20161018 -25492.19
20161019 -25554.69
20161020 -25117.19
20161021 -24960.94
20161024 -25460.94
20161025 -25085.94
20161026 -25835.94
20161027 -27335.94
20161028 -27585.94
20161031 -27054.69
20161101 -26710.94
20161102 -26523.44
20161103 -27054.69
20161104 -26429.69
20161107 -27179.69
20161108 -27679.69
20161109 -32804.69
20161110 -30885.94
20161111 -29307.81
20161114 -27706.25
20161115 -27198.44
20161116 -27979.69
20161117 -26175.00
20161118 -24768.75
20161121 -24737.50
20161122 -25065.62
20161123 -24081.25
20161125 -23815.62
20161128 -25354.69
20161129 -26010.94
20161130 -23635.94
20161201 -21042.19
20161202 -22878.12
20161205 -23034.37
20161206 -22596.87
20161207 -24065.62
20161208 -22487.50
20161209 -20237.50
20161212 -20315.62
20161213 -20323.44
20161214 -19026.56
20161215 -18221.87
20161216 -17268.75
20161219 -19214.06
20161220 -18471.87
20161221 -19268.75
20161222 -19096.87
20161223 -19557.81
20161227 -18745.31
20161228 -20612.50
20161229 -21339.06
20161230 -22596.87
20170103 -22214.06
20170104 -22323.44
20170105 -25268.75
20170106 -23823.44
20170109 -25346.87
20170110 -25143.75
20170111 -25479.69
20170112 -25385.94
20170113 -24901.56
20170117 -26698.44
20170118 -24604.69
20170119 -22784.37
20170120 -22675.00
20170123 -24839.06
20170124 -22495.31
20170125 -20753.12
20170126 -21362.50
20170127 -22268.75
20170130 -22214.06
20170131 -23175.00
20170201 -22550.00
20170202 -22753.12
20170203 -22073.44
20170206 -24620.31
20170207 -25487.50
20170208 -26979.69
20170209 -25182.81
20170210 -24675.00
20170213 -23846.87
20170214 -22487.50
20170215 -21354.69
20170216 -23010.94
20170217 -23870.31
20170221 -23917.19
20170222 -24073.44
20170223 -24995.31
20170224 -27370.31
20170227 -25932.81
20170228 -26112.50
20170301 -22464.06
20170302 -21714.06
20170303 -22026.56
20170306 -21878.12
20170307 -21393.75
20170308 -19971.87
20170309 -18401.56
20170310 -18721.87
20170313 -17932.81
20170314 -18510.94
20170315 -21346.87
20170316 -20721.87
20170317 -21503.12
20170320 -22471.87
20170321 -23823.44
20170322 -25112.50
20170323 -24706.25
20170324 -25464.06
20170327 -26065.62
20170328 -24846.87
20170329 -25659.37
20170330 -24612.50
20170331 -25307.81
20170403 -26932.81
20170404 -26839.06
20170405 -26745.31
20170406 -27073.44
20170407 -26300.00
20170410 -26760.94
20170411 -28885.94
20170412 -28917.19
20170413 -30878.12
20170417 -30112.50
20170418 -32745.31
20170419 -32018.75
20170420 -30885.94
20170421 -31065.62
20170424 -29878.12
20170425 -28229.69
20170426 -28714.06
20170427 -28925.00
20170428 -29268.75
20170501 -27909.37
20170502 -29065.62
20170503 -28800.00
20170504 -27151.56
20170505 -27315.62
20170508 -26581.25
20170509 -25620.31
20170510 -25378.12
20170511 -25643.75
20170512 -27378.12
20170515 -27190.62
20170516 -27635.94
20170517 -31190.62
20170518 -30964.06
20170519 -30854.69
20170522 -30706.25
20170523 -29768.75
20170524 -30362.50
20170525 -30815.62
20170526 -30893.75
20170530 -32010.94
20170531 -32698.44
20170601 -32237.50
20170602 -34229.69
20170605 -33456.25
20170606 -34534.38
20170607 -33682.81
20170608 -33260.94
20170609 -33198.44
20170612 -32792.19
20170613 -32901.56
20170614 -35292.19
20170615 -34667.19
20170616 -35042.19
20170619 -34346.88
20170620 -35768.75
20170621 -35514.06
20170622 -35553.12
20170623 -35639.06
20170626 -35709.38
20170627 -34951.56
20170628 -34928.12
20170629 -34365.62
20170630 -33912.50
20170703 -33256.25
20170705 -33310.94
20170706 -33084.38
20170707 -32881.25
20170710 -33248.44
20170711 -33396.88
20170712 -33935.94
20170713 -33779.69
20170714 -34193.75
20170717 -34310.94
20170718 -34803.12
20170719 -34725.00
20170720 -34748.44
20170721 -35115.62
20170724 -34857.81
20170725 -33990.62
20170726 -34756.25
20170727 -34475.00
20170728 -34654.69
20170731 -34584.38
20170801 -35076.56
20170802 -34857.81
20170803 -35248.44
20170804 -34818.75
20170807 -34982.81
20170808 -34740.62
20170809 -35240.62
20170810 -35529.69
20170811 -36006.25
20170814 -35592.19
20170815 -34967.19
20170816 -35514.06
20170817 -35803.12
20170818 -35834.38
20170821 -35998.44
20170822 -35553.12
20170823 -36092.19
20170824 -35725.00
20170825 -35990.62
20170828 -36201.56
20170829 -36537.50
20170830 -36326.56
20170831 -36568.75
20170901 -36123.44
20170905 -37326.56
20170906 -37064.06
20170907 -37485.94
20170908 -37470.31
20170911 -36970.31
20170912 -36610.94
20170913 -36423.44
20170914 -36376.56
20170915 -36282.81
20170918 -36048.44
20170919 -35954.69
20170920 -35595.31
20170921 -35595.31
20170922 -35704.69
20170925 -36032.81
20170926 -35970.31
20170927 -35407.81
20170928 -35517.19
20170929 -35282.81
20171002 -35220.31
20171003 -35298.44
20171004 -35298.44
20171005 -35126.56
20171006 -35001.56
20171009 -35064.06
20171010 -35235.94
20171011 -35204.69
20171012 -35360.94
20171013 -35673.44
20171016 -35392.19
20171017 -35407.81
20171018 -35110.94
20171019 -35235.94
20171020 -34798.44
20171023 -34892.19
20171024 -34704.69
20171025 -34423.44
20171026 -34345.31
20171027 -34564.06
20171030 -34985.94
20171031 -34907.81
20171101 -34876.56
20171102 -35110.94
20171103 -35126.56
20171106 -35329.69
20171107 -35392.19
20171108 -35220.31
20171109 -35157.81
20171110 -34673.44
20171113 -34595.31
20171114 -34704.69
20171115 -35017.19
20171116 -34829.69
20171117 -34876.56
20171120 -34657.81
20171121 -34657.81
20171122 -35079.69
20171124 -34939.06
20171127 -35095.31
20171128 -34939.06
20171129 -34673.44
20171130 -34251.56
20171201 -34626.56
20171204 -34454.69
20171205 -34548.44
20171206 -34798.44
20171207 -34485.94
20171208 -34470.31
20171211 -34470.31
20171212 -34329.69
20171213 -34814.06
20171214 -34767.19
20171215 -34626.56
20171218 -34439.06
20171219 -33892.19
20171220 -33657.81
20171221 -33720.31
20171222 -33673.44
20171226 -33829.69
20171227 -34189.06
20171228 -34048.44
20171229 -34251.56
20180102 -33892.19
20180103 -33985.94
20180104 -33876.56
20180105 -33720.31
20180108 -33689.06
20180109 -33251.56
20180110 -33204.69
20180111 -33329.69
20180112 -33142.19
20180116 -33189.06
20180117 -32860.94
20180118 -32657.81
20180119 -32485.94
20180122 -32298.44
20180123 -32767.19
20180124 -32446.87
20180125 -32767.19
20180126 -32150.00
20180129 -31806.25
20180130 -31595.31
20180131 -31407.81
20180201 -30884.37
20180202 -30267.19
20180205 -31923.44
20180206 -32525.00
20180207 -30376.56
20180208 -29720.31
20180209 -30329.69
20180212 -30095.31
20180213 -30384.37
20180214 -28087.50
20180215 -28853.12
20180216 -29282.81
20180220 -28751.56
20180221 -27157.81
20180222 -27946.87
20180223 -29360.94
20180226 -29665.62
20180227 -28235.94
20180228 -29454.69
20180301 -31306.25
20180302 -29759.37
20180305 -29173.44
20180306 -29431.25
20180307 -29142.19
20180308 -29790.62
20180309 -29165.62
20180312 -30009.37
20180313 -30579.69
20180314 -31650.00
20180315 -31485.94
20180316 -30837.50
20180319 -30993.75
20180320 -29829.69
20180321 -29290.62
20180322 -31407.81
20180323 -31579.69
20180326 -31321.87
20180327 -32946.88
20180328 -33173.44
20180329 -34267.19
20180402 -34626.56
20180403 -33064.06
20180404 -32884.38
20180405 -31650.00
20180406 -33478.12
20180409 -33321.88
20180410 -32954.69
20180411 -33251.56
20180412 -31868.75
20180413 -31892.19
20180416 -31923.44
20180417 -32603.12
20180418 -30837.50
20180419 -29243.75
20180420 -28126.56
20180423 -27673.44
20180424 -27290.62
20180425 -26165.62
20180426 -27103.12
20180427 -28235.94
20180430 -29017.19
20180501 -27923.44
20180502 -28243.75
20180503 -28821.87
20180504 -28923.44
20180507 -28806.25
20180508 -28337.50
20180509 -27235.94
20180510 -27900.00
20180511 -27860.94
20180514 -27282.81
20180515 -24618.75
20180516 -24400.00
20180517 -23892.19
20180518 -25150.00
20180521 -25228.12
20180522 -25235.94
20180523 -27017.19
20180524 -27775.00
20180525 -27814.06
20180529 -34204.69
20180530 -33410.94
20180531 -34067.19
20180601 -32653.12
20180604 -31832.81
20180605 -32359.37
20180606 -30875.00
20180607 -32062.50
20180608 -31968.75
20180611 -31437.50
20180612 -31500.00
20180613 -30968.75
20180614 -31906.25
20180615 -32437.50
20180618 -32343.75
20180619 -33125.00
20180620 -32296.87
20180621 -33015.62
20180622 -32984.37
20180625 -33562.50
20180626 -33437.50
20180627 -34859.37
20180628 -34343.75
20180629 -34375.00
20180702 -34015.62
20180703 -34843.75
20180705 -34937.50
20180706 -35187.50
20180709 -34437.50
20180710 -34203.12
20180711 -34906.25
20180712 -34625.00
20180713 -35234.37
20180716 -35128.12
20180717 -35081.25
20180718 -35018.75
20180719 -35253.12
20180720 -34940.62
20180723 -34440.62
20180724 -34518.75
20180725 -34612.50
20180726 -34300.00
20180727 -34393.75
20180730 -34331.25
20180731 -34378.12
20180801 -34128.12
20180802 -34284.37
20180803 -34565.62
20180806 -34690.62
20180807 -34425.00
20180808 -34456.25
20180809 -34675.00
20180810 -35331.25
20180813 -35206.25
20180814 -35065.62
20180815 -35393.75
20180816 -35221.87
20180817 -35206.25
20180820 -35581.25
20180821 -35409.37
20180822 -35581.25
20180823 -35550.00
20180824 -35471.87
20180827 -35300.00
20180828 -35050.00
20180829 -35034.37
20180830 -35221.87
20180831 -35331.25
20180904 -34987.50
20180905 -35018.75
20180906 -35237.50
20180907 -34706.25
20180910 -34721.87
20180911 -34393.75
20180912 -34503.12
20180913 -34487.50
20180914 -34237.50
20180917 -34190.62
20180918 -33862.50
20180919 -33628.12
20180920 -33659.37
20180921 -33737.50
20180924 -33690.62
20180925 -33518.75
20180926 -33800.00
20180927 -33815.62
20180928 -33846.87
20181001 -33737.50
20181002 -33878.12
20181003 -33190.62
20181004 -32643.75
20181005 -31729.69
20181008 -31581.25
20181009 -32370.31
20181010 -31839.06
20181011 -34393.75
20181012 -34206.25
20181015 -33471.87
20181016 -33768.75
20181017 -33143.75
20181018 -33284.37
20181019 -32557.81
20181022 -32721.87
20181023 -33542.19
20181024 -34714.06
20181025 -34495.31
20181026 -36050.00
20181029 -35823.44
20181030 -35112.50
20181031 -33768.75
20181101 -34323.44
20181102 -32182.81
20181105 -32729.69
20181106 -32354.69
20181107 -32221.87
20181108 -31698.44
20181109 -32971.87
20181112 -33995.31
20181113 -34307.81
20181114 -34987.50
20181115 -34995.31
20181116 -36362.50
20181119 -36846.87
20181120 -37162.50
20181121 -36928.12
20181123 -37068.75
20181126 -36709.37
20181127 -36943.75
20181128 -37131.25
20181129 -37365.62
20181130 -37912.50
20181203 -38678.12
20181204 -39556.25
20181206 -38946.87
20181207 -38340.62
20181210 -38246.87
20181211 -38762.50
20181212 -39450.00
20181213 -39731.25
20181214 -39293.75
20181217 -38528.12
20181218 -37668.75
20181219 -36200.00
20181220 -36528.12
20181221 -36559.37
20181224 -35559.37
20181226 -36918.75
20181227 -35325.00
20181228 -35160.94
20181231 -34051.56
20190102 -33129.69
20190103 -29637.50
20190104 -32825.00
20190107 -33621.87
20190108 -34637.50
20190109 -35090.62
20190110 -35364.06
20190111 -34520.31
20190114 -34926.56
20190115 -34910.94
20190116 -35410.94
20190117 -35910.94
20190118 -36996.87
20190122 -35473.44
20190123 -36207.81
20190124 -34825.00
20190125 -36067.19
20190128 -35926.56
20190129 -34934.37
20190130 -34481.25
20190131 -32739.06
20190201 -34348.44
20190204 -35379.69
20190205 -34692.19
20190206 -34692.19
20190207 -33223.44
20190208 -32692.19
20190211 -33614.06
20190212 -34254.69
20190213 -34848.44
20190214 -33426.56
20190215 -33598.44
20190219 -33028.12
20190220 -33371.87
20190221 -34598.44
20190222 -33543.75
20190225 -34020.31
20190226 -32848.44
20190227 -34809.37
20190228 -35582.81
20190301 -36840.62
20190304 -35903.12
20190305 -35895.31
20190306 -34989.06
20190307 -33293.75
20190308 -32942.19
20190311 -33489.06
20190312 -32340.62
20190313 -32637.50
20190314 -33489.06
20190315 -32395.31
20190318 -32653.12
20190319 -33121.87
20190320 -30871.87
20190321 -30801.56
20190322 -28301.56
20190325 -27262.50
20190326 -27051.56
20190327 -25660.94
20190328 -26028.12
20190329 -26910.94
20190401 -29270.31
20190402 -28918.75
20190403 -30137.50
20190404 -29895.31
20190405 -29590.62
20190408 -30114.06
20190409 -29450.00
20190410 -28965.62
20190411 -29871.87
20190412 -31434.37
20190415 -31200.00
20190416 -32418.75
20190417 -32371.87
20190418 -31418.75
20190422 -32332.81
20190423 -31731.25
20190424 -30262.50
20190425 -30653.12
20190426 -29754.69
20190429 -30723.44
20190430 -29832.81
20190501 -29910.94
20190502 -31239.06
20190503 -30528.12
20190506 -29653.12
20190507 -28129.69
20190508 -29067.19
20190509 -28215.62
20190510 -28231.25
20190513 -26684.37
20190514 -27129.69
20190515 -25887.50
20190516 -26739.06
20190517 -26410.94
20190520 -27035.94
20190521 -27481.25
20190522 -26473.44
20190523 -23520.31
20190524 -24520.31
20190528 -22684.37
20190529 -21614.06
20190530 -21200.00
20190531 -18684.37
20190603 -16871.87
20190604 -18278.12
20190605 -18434.37
20190606 -18481.25
20190607 -17067.19
20190610 -18864.06
20190611 -18684.37
20190612 -18356.25
20190613 -17082.81
20190614 -17153.12
20190617 -16848.44
20190618 -16239.06
20190619 -15106.25
20190620 -14489.06
20190621 -16481.25
20190624 -14989.06
20190625 -14192.19
20190626 -16004.69
20190627 -14707.81
20190628 -14801.56
20190701 -15864.06
20190702 -14090.62
20190703 -13403.12
20190705 -16403.12
20190708 -15942.19
20190709 -16582.81
20190710 -16684.37
20190711 -18496.87
20190712 -18098.44
20190715 -17653.12
20190716 -18504.69
20190717 -16700.00
20190718 -15996.87
20190719 -16426.56
20190722 -16137.50
20190723 -17160.94
20190724 -16434.37
20190725 -17340.62
20190726 -17418.75
20190729 -16606.25
20190730 -16934.37
20190731 -15950.00
20190801 -11754.69
20190802 -10668.75
20190805 -6918.75
20190806 -6770.31
20190807 -4957.81
20190808 -6020.31
20190809 -6676.56
20190812 -3481.25
20190813 -4989.06
20190814 -1965.62
20190815  -410.94
20190816  -535.94
20190819 -2575.00
20190820 -1403.12
20190821 -1973.44
20190822 -3059.37
20190823  -582.81
20190826 -1301.56
20190827     0.00
20190828     0.00
20190829 -1460.94
20190830 -1273.44
20190903     0.00
20190904     0.00
20190905 -3664.06
20190906 -2898.44
20190909 -5265.62
20190910 -7906.25
20190911 -8804.69
20190912 -10710.94
20190913 -14257.81
20190916 -12156.25
20190917 -11312.50
20190918 -10453.12
20190919 -9781.25
20190920 -9304.69
20190923 -7906.25
20190924 -5390.62
20190925 -8484.38
20190926 -6914.06
20190927 -6671.88
20190930 -6828.12
20191001 -5843.75
20191002 -4390.62
20191003 -2257.81
20191004 -1492.19
20191007 -2773.44
20191008 -2289.06
20191009 -3976.56
20191010 -6203.12
20191011 -9328.12
20191014 -8156.25
20191015 -10039.06
20191016 -9320.31
20191017 -9562.50
20191018 -9289.06
20191021 -10687.50
20191022 -9820.31
20191023 -9710.94
20191024 -9875.00
20191025 -10984.38
20191028 -12648.44
20191029 -12093.75
20191030 -10875.00
20191031 -7726.56
20191101 -8945.31
20191104 -10765.62
20191105 -13335.94
20191106 -11632.81
20191107 -15414.06
20191108 -15640.62
20191111 -15609.38
20191112 -14843.75
20191113 -13656.25
20191114 -11921.88
20191115 -12585.94
20191118 -11820.31
20191119 -11125.00
20191120 -9609.38
20191121 -10664.06
20191122 -10617.19
20191125 -10304.69
20191126 -9507.81
20191127 -10460.94
20191129 -10921.88
20191202 -13140.62
20191203 -8726.56
20191204 -11085.94
20191205 -11640.62
20191206 -13039.06
20191209 -12601.56
20191210 -12625.00
20191211 -11218.75
20191212 -14695.31
20191213 -12226.56
20191216 -14539.06
20191217 -14500.00
20191218 -15679.69
20191219 -15195.31
20191220 -15343.75
20191223 -15992.19
20191224 -15125.00
20191226 -14945.31
20191227 -14000.00
20191230 -14804.69
20191231 -15281.25
20200102 -14335.94
20200103 -11484.38
20200106 -12164.06
20200107 -12734.38
20200108 -14382.81
20200109 -13773.44
20200110 -12703.12
20200113 -13296.88
20200114 -12312.50
20200115 -11406.25
20200116 -12101.56
20200117 -13062.50
20200121 -10929.69
20200122 -10742.19
20200123 -9656.25
20200124 -7835.94
20200127 -5500.00
20200128 -6648.44
20200129 -5054.69
20200130 -3937.50
20200131 -2710.94
20200203 -2625.00
20200204 -5390.62
20200205 -6882.81
20200206 -6640.62
20200207 -4625.00
20200210 -3617.19
20200211 -4867.19
20200212 -6132.81
20200213 -5851.56
20200214 -4976.56
20200218 -3906.25
20200219 -4312.50
20200220 -2796.88
20200221 -1093.75
20200224     0.00
20200225     0.00
20200226     0.00
20200227     0.00
20200228     0.00
20200302     0.00
20200303     0.00
20200304     0.00
20200305     0.00
20200306     0.00
20200309     0.00
20200310 -8796.88
20200311 -8078.12
20200312 -9570.31
20200313 -13187.50
20200316 -6468.75
20200317 -16835.94
20200318 -24960.94
20200319 -18406.25
20200320 -12843.75
20200323 -7093.75
20200324 -9164.06
20200325 -10468.75
20200326 -9468.75
20200327 -7804.69
20200330 -5359.38
20200331 -7203.12
20200401 -4812.50
20200402 -4578.12
20200403 -3195.31
20200406 -6335.94
20200407 -8375.00
20200408 -9281.25
20200409 -8023.44
20200413 -9031.25
20200414 -9234.38
20200415 -5039.06
20200416 -4140.62
20200417 -6132.81
20200420 -4984.38
20200421 -3125.00
20200422 -4898.44
20200423 -4531.25
20200424 -3796.88
20200427 -5882.81
20200428 -4070.31
20200429 -4554.69
20200430 -4734.38
20200501 -5421.88
20200504 -5195.31
20200505 -5789.06
20200506 -7695.31
20200507 -4125.00
20200508 -6046.88
20200511 -7734.38
20200512 -5976.56
20200513 -4757.81
20200514 -3507.81
20200515 -4320.31
20200518 -8179.69
20200519 -7281.25
20200520 -5968.75
20200521 -5921.88
20200522 -5265.62
20200526 -6828.12
20200527 -6117.19
20200528 -7195.31
20200529 -5250.00
20200601 -5914.06
20200602 -6585.94
20200603 -9406.25
20200604 -11414.06
20200605 -13976.56
20200608 -13273.44
20200609 -11179.69
20200610 -8445.31
20200611 -5328.12
20200612 -6890.62
20200615 -6773.44
20200616 -8789.06
20200617 -8101.56
20200618 -6601.56
20200619 -6765.62
20200622 -6882.81
20200623 -7132.81
20200624 -6031.25
20200625 -5648.44
20200626 -4320.31
20200629 -4179.69
20200630 -4835.94
20200701 -5632.81
20200702 -5234.38
20200706 -5718.75
20200707 -4414.06
20200708 -4460.94
20200709 -2625.00
20200710 -3585.94
20200713 -3773.44
20200714 -2835.94
20200715 -3492.19
20200716 -2804.69
20200717 -3468.75
20200720 -3179.69
20200721 -2695.31
20200722 -2312.50
20200723 -1773.44
20200724 -1835.94
20200727 -2445.31
20200728 -1296.88
20200729 -1335.94
20200730     0.00
20200731     0.00
20200803  -875.00
20200804     0.00
20200805 -1054.69
20200806  -789.06
20200807 -1742.19
20200810 -2148.44
20200811 -5218.75
20200812 -5625.00
20200813 -6921.88
20200814 -6617.19
20200817 -5859.38
20200818 -5296.88
20200819 -5671.88
20200820 -4539.06
20200821 -4320.31
20200824 -4578.12
20200825 -5726.56
20200826 -6101.56
20200827 -8281.25
20200828 -7773.44
20200831 -6640.62
20200901 -5789.06
20200902 -4820.31
20200903 -3828.12
20200904 -7421.88
20200908 -5992.19
20200909 -6671.88
20200910 -5937.50
20200911 -5375.00
20200914 -5335.94
20200915 -5640.62
20200916 -5984.38
20200917 -5710.94
20200918 -6257.81
20200921 -5531.25
20200922 -5257.81
20200923 -5664.06
20200924 -5070.31
20200925 -4898.44
20200928 -5109.38
20200929 -4507.81
20200930 -5796.88
20201001 -5726.56
20201002 -6343.75
20201005 -8742.19
20201006 -8117.19
20201007 -9601.56
20201008 -8765.62
20201009 -9070.31
20201012 -8632.81
20201013 -7359.38
20201014 -7156.25
20201015 -7421.88
20201016 -7851.56
20201019 -8460.94
20201020 -9718.75
20201021 -10296.88
20201022 -11398.44
20201023 -11109.38
20201026 -9726.56
20201027 -8945.31
20201028 -9046.88
20201029 -10742.19
20201030 -11351.56
20201102 -10992.19
20201103 -11976.56
20201104 -8359.38
20201105 -8632.81
20201106 -10125.00
20201109 -14601.56
20201110 -14992.19
20201111 -14125.00
20201112 -11703.12
20201113 -11867.19
20201116 -12250.00
20201117 -11234.38
20201118 -11429.69
20201119 -10476.56
20201120 -9476.56
20201123 -10304.69
20201124 -10929.69
20201125 -10968.75
20201127 -9539.06
20201130 -9648.44
20201201 -12984.38
20201202 -13460.94
20201203 -12406.25
20201204 -13992.19
20201207 -12609.38
20201208 -11976.56
20201209 -12851.56
20201210 -11445.31
20201211 -10914.06
20201214 -10898.44
20201215 -11976.56
20201216 -11890.62
20201217 -12242.19
20201218 -12898.44
20201221 -12640.62
20201222 -11679.69
20201223 -12906.25
20201224 -12070.31
20201228 -12007.81
20201229 -12093.75
20201230 -11828.12
20201231 -11328.12
20210104 -11398.44
20210105 -12835.94
20210106 -16046.88
20210107 -16875.00
20210108 -17757.81
20210111 -18476.56
20210112 -18695.31
20210113 -17000.00
20210114 -18398.44
20210115 -17367.19
20210119 -17085.94
20210120 -17015.62
20210121 -17648.44
20210122 -17007.81
20210125 -15453.12
20210126 -15554.69
20210127 -14765.62
20210128 -16015.62
20210129 -17132.81
20210201 -16601.56
20210202 -17507.81
20210203 -18312.50
20210204 -18671.88
20210205 -19554.69
20210208 -19203.12
20210209 -19164.06
20210210 -18453.12
20210211 -18804.69
20210212 -20312.50
20210216 -23492.19
20210217 -24182.81
20210218 -24096.88
20210219 -23221.88
20210222 -22706.25
20210223 -22315.62
20210224 -22120.31
20210225 -22753.12
20210226 -24165.62
20210301 -24970.31
20210302 -25814.06
20210303 -24103.12
20210304 -21751.56
20210305 -21790.62
20210308 -20509.38
20210309 -22118.75
20210310 -22884.38
20210311 -22782.81
20210312 -19290.62
20210315 -20095.31
20210316 -19860.94
20210317 -19571.88
20210318 -17150.00
20210319 -17165.62
20210322 -18743.75
20210323 -20165.62
20210324 -21025.00
20210325 -21118.75
20210326 -19837.50
20210329 -18071.88
20210330 -18040.62
20210331 -17189.06
20210401 -19454.69
20210405 -18345.31
20210406 -20196.88
20210407 -20275.00
20210408 -20923.44
20210409 -20228.12
20210412 -19775.00
20210413 -21368.75
20210414 -20821.88
20210415 -24032.81
20210416 -22595.31
20210419 -21946.88
20210420 -23095.31
20210421 -23009.38
20210422 -23345.31
20210423 -23001.56
20210426 -23025.00
20210427 -21556.25
20210428 -21775.00
20210429 -21329.69
20210430 -21478.12
20210503 -22298.44
20210504 -22790.62
20210505 -23134.38
20210506 -23798.44
20210507 -23376.56
20210510 -22759.38
20210511 -21907.81
20210512 -19743.75
20210513 -20743.75
20210514 -21657.81
20210517 -21525.00
20210518 -21525.00
20210519 -20345.31
20210520 -21978.12
20210521 -22142.19
20210524 -22860.94
20210525 -24259.38
20210526 -24118.75
20210527 -23032.81
20210528 -23595.31
20210601 -22993.75
20210602 -23564.06
20210603 -22548.44
20210604 -24876.56
20210607 -24606.25
20210608 -25731.25
20210609 -26825.00
20210610 -27528.12
20210611 -27340.62
20210614 -26387.50
20210615 -26340.62
20210616 -24840.62
20210617 -27012.50
20210618 -28528.12
20210621 -27418.75
20210622 -27575.00
20210623 -27246.88
20210624 -27387.50
20210625 -25887.50
20210628 -27606.25
20210629 -27637.50
20210630 -28528.12
20210701 -27731.25
20210702 -28856.25
20210706 -30590.62
20210707 -32106.25
20210708 -32843.75
20210709 -33643.75
20210712 -33768.75
20210713 -34831.25
20210714 -33675.00
20210715 -32362.50
20210716 -32456.25
20210719 -30112.50
20210720 -30862.50
20210721 -32237.50
20210722 -31768.75
20210723 -32237.50
20210726 -32143.75
20210727 -31268.75
20210728 -31893.75
20210729 -32112.50
20210730 -31550.00
20210802 -30268.75
20210803 -30268.75
20210804 -30081.25
20210805 -30581.25
20210806 -32081.25
20210809 -32581.25
20210810 -33050.00
20210811 -33237.50
20210812 -33362.50
20210813 -31862.50
20210816 -31143.75
20210817 -31143.75
20210818 -31206.25
20210819 -30456.25
20210820 -30518.75
20210823 -30456.25
20210824 -31237.50
20210825 -32331.25
20210826 -32206.25
20210827 -31768.75
20210830 -31237.50
20210831 -31737.50
20210901 -31456.25
20210902 -31300.00
20210903 -31800.00
20210907 -32800.00
20210908 -32112.50
20210909 -31143.75
20210910 -31987.50
20210913 -31550.00
20210914 -30393.75
20210915 -30862.50
20210916 -31300.00
20210917 -32112.50
20210920 -30831.25
20210921 -30956.25
20210922 -30956.25
20210923 -32550.00
20210924 -33737.50
20210927 -34018.75
20210928 -35393.75
20210929 -35612.50
20210930 -35487.50
20211001 -34362.50
20211004 -34581.25
20211005 -35550.00
20211006 -35237.50
20211007 -36268.75
20211008 -36956.25
20211011 -37162.50
20211012 -37459.38
20211013 -37537.50
20211014 -37818.75
20211015 -37287.50
20211018 -36928.12
20211019 -36779.69
20211020 -36904.69
20211021 -36100.00
20211022 -36256.25
20211025 -36662.50
20211026 -36678.12
20211027 -37404.69
20211028 -36779.69
20211029 -36756.25
20211101 -36654.69
20211102 -37240.62
20211103 -36850.00
20211104 -37842.19
20211105 -38584.38
20211108 -37725.00
20211109 -38529.69
20211110 -36654.69
20211111 -35951.56
20211112 -36318.75
20211115 -36006.25
20211116 -35818.75
20211117 -36232.81
20211118 -36428.12
20211119 -36803.12
20211122 -35381.25
20211123 -35162.50
20211124 -35123.44
20211126 -37365.62
20211129 -37232.81
20211130 -37896.88
20211201 -37951.56
20211202 -37318.75
20211203 -38623.44
20211206 -37396.88
20211207 -36834.38
20211208 -36685.94
20211209 -36873.44
20211210 -36943.75
20211213 -37584.38
20211214 -37256.25
20211215 -36967.19
20211216 -38045.31
20211217 -38092.19
20211220 -38178.12
20211221 -37232.81
20211222 -37467.19
20211223 -37193.75
20211227 -37139.06
20211228 -37240.62
20211229 -36709.38
20211230 -36998.44
20211231 -37131.25
20220103 -35560.94
20220104 -35396.88
20220105 -34646.88
20220106 -34084.38
20220107 -33717.19
20220110 -33389.06
20220111 -33779.69
20220112 -34037.50
20220113 -34256.25
20220114 -33389.06
20220117 -33389.06
20220118 -32076.56
20220119 -32560.94
20220120 -32568.75
20220121 -33560.94
20220124 -33943.75
20220125 -33303.12
20220126 -32303.12
20220127 -32303.12
20220128 -32803.12
20220131 -32857.81
20220201 -32717.19
20220202 -33100.00
20220203 -32310.94
20220204 -30795.31
20220207 -31045.31
20220208 -30506.25
20220209 -30693.75
20220210 -28998.44
20220211 -29951.56
20220214 -29225.00
20220215 -28912.50
20220216 -29107.81
20220217 -30060.94
20220218 -30451.56
20220221 -30451.56
20220222 -30021.88
20220223 -29732.81
20220224 -30131.25
20220225 -29693.75
20220228 -31803.12
20220301 -34006.25
20220302 -31506.25
20220303 -31810.94
20220304 -33389.06
20220307 -32639.06
20220308 -31115.62
20220309 -30131.25
20220310 -29279.69
20220311 -29084.38
20220314 -27334.38
20220315 -27060.94
20220316 -26185.94
20220317 -26428.12
20220318 -26834.38
20220321 -24389.06
20220322 -23748.44
20220323 -24357.81
20220324 -23982.81
20220325 -21607.81
20220328 -21810.94
20220329 -22795.31
20220330 -23256.25
20220331 -23646.88
