Testing from : 20100104 to: 20220331
-----------------------------------------------------------------------------------------------------------
                                                                                      Avg.   Monthly    Avg.
SysName         Market     TotProfit  MaxDD ClsTrdDD AvgWin  AvgLoss PerWins #Trds  MonthRet.  StdDev  YearlyRet.
TF-System#1_1R  TenYr-TY       27890  16184    9356    8243    -2229    0.45     11      189    1471     1696
TF-System#1_1R  FiveYr-FV       8235  10535    8235    4658    -1161    0.31     13       56     771      190
TF-System#1_1R  30YrBnd-US     24850  33393   19406   14215    -3556    0.31     13      169    3487     2070
-------------------------------------------------------------------------------------------------------------------
Totals                         60976  39731 or 47.0 % Avg. DD   17853          37
-----------------------------------------------------------------------------------------------------------
Combined Monthly Return
Date         Profit Cum.Profit
-------------------------------------------------------------------
20100129          0          0
20100226          0          0
20100331          0          0
20100430          0          0
20100528       1094       1094
20100630       7516       8609
20100730       2484      11094
20100831      10312      21406
20100930       -891      20516
20101029      -2547      17969
20101130      -3406      14562
20101231     -13577        986        986
20110131        445       1431
20110228       -211       1220
20110331      -2573      -1353
20110429      -3683      -5036
20110531         12      -5023
20110630      -3445      -8469
20110729      10703       2234
20110831      15500      17734
20110930       7594      25328
20111031      -4500      20828
20111130       3891      24719
20111230       5836      30555      29569
20120131       2539      33094
20120229      -4117      28977
20120330      -7183      21794
20120430       6981      28775
20120531      10031      38806
20120629      -2312      36494
20120731       4344      40837
20120831       -359      40478
20120928      -2266      38212
20121031       -516      37697
20121130       3172      40869
20121231      -3422      37447       6892
20130131      -5531      31916
20130228       3219      35134
20130329       1125      36259
20130430       5281      41541
20130531     -11038      30503
20130628       8211      38714
20130731       1586      40300
20130830       2508      42808
20130930      -4945      37862
20131031      -3047      34816
20131129       3219      38034
20131231       6375      44409       6962
20140131      -9297      35112
20140228      -2331      32781
20140331       2094      34875
20140430        297      35172
20140530        255      35427
20140630         62      35489
20140731        781      36270
20140829       2731      39002
20140930      -2188      36814
20141031        188      37002
20141128       2884      39886
20141231       1938      41823      -2586
20150130       6844      48667
20150227      -8691      39977
20150331       2031      42008
20150430      -4281      37727
20150529     -10737      26989
20150630       4781      31770
20150731      -5094      26677
20150831      -1769      24908
20150930          0      24908
20151030          0      24908
20151130          0      24908
20151231          0      24908     -16916
20160129          0      24908
20160229       -547      24361
20160331      -3389      20972
20160429      -1125      19847
20160531       1375      21222
20160630       9031      30253
20160729       2094      32347
20160831      -2625      29722
20160930      -2219      27503
20161031      -5438      22066
20161130       3419      25484
20161230       1039      26523       1616
20170131       -578      25945
20170228      -2938      23008
20170331        805      23812
20170428      -3961      19852
20170531      -3430      16422
20170630      -1214      15208
20170731       -672      14536
20170831      -1984      12552
20170929       1286      13837
20171031        375      14212
20171130        656      14869
20171229          0      14869     -11655
20180131       2844      17712
20180228       1953      19666
20180329      -4812      14853
20180430       5250      20103
20180531      -5050      15053
20180629       -308      14745
20180731         -3      14742
20180831       -953      13789
20180928       1484      15273
20181031         78      15352
20181130      -4144      11208
20181231       3861      15069        200
20190131       1312      16381
20190228      -2844      13537
20190329       8672      22209
20190430      -2922      19287
20190531      11148      30436
20190628       3883      34319
20190731      -1148      33170
20190830      16055      49225
20190930      -5172      44053
20191031       -898      43155
20191129      -3195      39959
20191231      -4359      35600      20531
20200131      12570      48170
20200228      12883      61053
20200331      15359      76412
20200430       2469      78881
20200529       -516      78366
20200630        414      78780
20200731       5008      83787
20200831      -5805      77983
20200930        844      78827
20201030      -5555      73272
20201130       1703      74975
20201231      -1680      73295      37695
20210129      -5805      67491
20210226      -7033      60458
20210331       6977      67434
20210430      -4289      63145
20210528      -2117      61028
20210630      -4933      56095
20210730      -3022      53073
20210831       -188      52886
20210930      -3750      49136
20211029      -1269      47867
20211130      -1141      46727
20211231        766      47492     -25803
20220131       4273      51766
20220228       1055      52820
20220331       8156      60977      13484
Average Monthly Return:      414 StdDev:  5068  Sharpe: 0.08
Average  Yearly Return:     4690 StdDev: 17810  Sharpe: 0.26
