-----------------------------------------
Sys Name : TF-System#6_1R
Mkt Symb : CL Mkt Name : Crude
Profit/Loss : 63557.54
Num Trades : 77
Percent Wins : 0.481
Avg Win  : 5350.4
Avg Loss : -3361.43
Avg Trade: 825.42
Max DrawDown: 43703.91
Avg DrawDown: 12243.1
AVG Monthly Return: 432.36421
Monthly StdDev: 3996.59436
-----------------------------------------
20100129          0          0
20100226      -5703      -5703
20100331          0      -5703
20100430      -3151      -8853
20100528       4219      -4634
20100630      -5223      -9858
20100730          0      -9858
20100831          0      -9858
20100930          0      -9858
20101029      -3627     -13485
20101130      -1568     -15053
20101231       2028     -13026     -13026
20110131      -1956     -14982
20110228       -711     -15693
20110331       4363     -11330
20110429       1162     -10168
20110531      -6496     -16664
20110630      -1138     -17802
20110729      -1012     -18815
20110831      -5882     -24697
20110930       -127     -24824
20111031      -4356     -29180
20111130      -3903     -33083
20111230      -4664     -37747     -24721
20120131          0     -37747
20120229       2320     -35427
20120330      -6918     -42345
20120430          0     -42345
20120531      11691     -30654
20120629       4334     -26319
20120731          0     -26319
20120831          0     -26319
20120928          0     -26319
20121031       -337     -26656
20121130       -745     -27401
20121231          0     -27401      10346
20130131       1538     -25863
20130228      -2310     -28173
20130329          0     -28173
20130430      -2526     -30700
20130531          0     -30700
20130628      -4652     -35351
20130731       5944     -29407
20130830      -7053     -36460
20130930      -2190     -38651
20131031       2983     -35667
20131129       1545     -34122
20131231      -3698     -37821     -10420
20140131          0     -37821
20140228       1638     -36183
20140331      -2417     -38599
20140430          0     -38599
20140530      -1297     -39897
20140630       3200     -36697
20140731          0     -36697
20140829      -1991     -38688
20140930       2538     -36150
20141031       6163     -29987
20141128       9664     -20323
20141231      13210      -7113      30707
20150130       2393      -4720
20150227          0      -4720
20150331          0      -4720
20150430        766      -3954
20150529       -898      -4852
20150630          0      -4852
20150731       3872       -980
20150831       7639       6659
20150930          0       6659
20151030          0       6659
20151130        514       7173
20151231       6073      13246      20359
20160129       3215      16461
20160229          0      16461
20160331          0      16461
20160429        894      17355
20160531       2500      19855
20160630       -356      19500
20160729        -80      19419
20160831      -1398      18022
20160930          0      18022
20161031          0      18022
20161130          0      18022
20161230       -451      17571       4325
20170131      -2658      14912
20170228          0      14912
20170331       -736      14176
20170428          0      14176
20170531       -813      13363
20170630        594      13957
20170731          0      13957
20170831          0      13957
20170929        -19      13939
20171031       -795      13143
20171130       1726      14869
20171229       -802      14067      -3504
20180131       3516      17583
20180228          0      17583
20180329          0      17583
20180430       1585      19168
20180531       2936      22104
20180629       1517      23621
20180731      -4180      19441
20180831          0      19441
20180928        555      19996
20181031       -473      19523
20181130      12802      32325
20181231       5742      38067      24000
20190131      -1468      36599
20190228          0      36599
20190329          0      36599
20190430       1811      38410
20190531        -81      38329
20190628      -2046      36283
20190731          0      36283
20190830      -6451      29832
20190930      -5783      24050
20191031      -3869      20181
20191129          0      20181
20191231       1404      21585     -16482
20200131       1202      22787
20200228       4254      27042
20200331      24660      51702
20200430      -2371      49330
20200529      -6296      43034
20200630          0      43034
20200731          0      43034
20200831          0      43034
20200930          0      43034
20201030      -1464      41571
20201130      -3453      38118
20201231        897      39014      17429
20210129       3755      42769
20210226       5590      48360
20210331      -3534      44826
20210430          0      44826
20210528          0      44826
20210630       5245      50071
20210730      -1310      48761
20210831          0      48761
20210930       -220      48540
20211029       8252      56793
20211130      -3968      52824
20211231          0      52824      13810
20220131       2667      55492
20220228       5601      61093
20220331       2465      63558      10733
-----------------------------------------
-----------------------------------------
Sys Name : TF-System#6_1R
Mkt Symb : NG Mkt Name : Nat.Gas
Profit/Loss : -453.34
Num Trades : 80
Percent Wins : 0.4
Avg Win  : 2851.85
Avg Loss : -1911.72
Avg Trade: -5.67
Max DrawDown: 22866.88
Avg DrawDown: 9485.66
AVG Monthly Return: -3.08396
Monthly StdDev: 2537.74873
-----------------------------------------
20100129          0          0
20100226          0          0
20100331       5161       5161
20100430      -2680       2481
20100528          0       2481
20100630      -3867      -1386
20100730          0      -1386
20100831       1190       -196
20100930      -1640      -1836
20101029      -1274      -3110
20101130          0      -3110
20101231          0      -3110      -3110
20110131      -3537      -6646
20110228      -1593      -8240
20110331      -1471      -9711
20110429          0      -9711
20110531        -16      -9727
20110630      -1490     -11217
20110729          0     -11217
20110831        157     -11060
20110930       -102     -11163
20111031       -609     -11772
20111130       -205     -11976
20111230       5028      -6948      -3839
20120131       1448      -5500
20120229      -2194      -7694
20120330          0      -7694
20120430          0      -7694
20120531          0      -7694
20120629       -230      -7923
20120731       4030      -3893
20120831      -2259      -6152
20120928          0      -6152
20121031        -11      -6163
20121130          0      -6163
20121231       -390      -6553        396
20130131       -797      -7350
20130228          0      -7350
20130329        406      -6943
20130430        470      -6473
20130531          0      -6473
20130628        860      -5613
20130731      -2349      -7961
20130830        736      -7226
20130930          0      -7226
20131031          0      -7226
20131129      -1926      -9152
20131231       1064      -8088      -1535
20140131       4353      -3735
20140228       2884       -850
20140331      -1070      -1920
20140430          0      -1920
20140530          0      -1920
20140630          0      -1920
20140731       4551       2631
20140829      -1921        710
20140930          0        710
20141031      -1512       -801
20141128      -5923      -6725
20141231       8697       1972      10060
20150130        367       2339
20150227      -1710        629
20150331          0        629
20150430      -1847      -1218
20150529      -2388      -3606
20150630          0      -3606
20150731          0      -3606
20150831       -529      -4135
20150930        751      -3383
20151030       4690       1307
20151130       2323       3630
20151231       3656       7286       5314
20160129          0       7286
20160229       1368       8654
20160331       -405       8249
20160429          0       8249
20160531          0       8249
20160630       4510      12759
20160729         58      12818
20160831      -1520      11297
20160930      -1961       9336
20161031       -509       8827
20161130        374       9201
20161230          0       9201       1915
20170131          0       9201
20170228        361       9562
20170331      -1797       7765
20170428          0       7765
20170531          0       7765
20170630       -470       7295
20170731      -2108       5188
20170831          0       5188
20170929          0       5188
20171031       -126       5062
20171130      -2360       2702
20171229       -793       1909      -7292
20180131       -115       1794
20180228      -3050      -1256
20180329          0      -1256
20180430          0      -1256
20180531       -132      -1388
20180629      -1099      -2487
20180731          0      -2487
20180831          0      -2487
20180928       -123      -2610
20181031        -40      -2650
20181130       9370       6720
20181231      -6788        -68      -1977
20190131          0        -68
20190228          0        -68
20190329          0        -68
20190430          0        -68
20190531        182        114
20190628       1360       1474
20190731      -1077        397
20190830      -2041      -1644
20190930      -1127      -2770
20191031          0      -2770
20191129      -1893      -4663
20191231       1070      -3593      -3526
20200131       1250      -2343
20200228      -1010      -3353
20200331        -64      -3417
20200430      -2026      -5443
20200529         49      -5394
20200630       1505      -3889
20200731          0      -3889
20200831       2234      -1655
20200930      -1755      -3410
20201030          0      -3410
20201130      -1344      -4754
20201231       -320      -5074      -1480
20210129       -920      -5994
20210226          0      -5994
20210331          0      -5994
20210430          0      -5994
20210528      -2997      -8991
20210630       3913      -5078
20210730       2698      -2379
20210831      -1535      -3914
20210930      13945      10031
20211029     -10528       -497
20211130      -1520      -2017
20211231        -50      -2067       3006
20220131      -2060      -4127
20220228          0      -4127
20220331       3674       -453       1614
-----------------------------------------
-----------------------------------------
Sys Name : TF-System#6_1R
Mkt Symb : HO Mkt Name : H.Oil
Profit/Loss : 58692.01
Num Trades : 85
Percent Wins : 0.459
Avg Win  : 5846.42
Avg Loss : -3681.92
Avg Trade: 690.49
Max DrawDown: 56796.82
Avg DrawDown: 15947.75
AVG Monthly Return: 399.26541
Monthly StdDev: 4200.53613
-----------------------------------------
20100129          0          0
20100226      -5644      -5644
20100331          0      -5644
20100430      -2705      -8349
20100528      -7974     -16323
20100630      -1924     -18247
20100730      -5575     -23822
20100831          0     -23822
20100930       1383     -22439
20101029      -2154     -24593
20101130      -1101     -25695
20101231          5     -25689     -25689
20110131       2676     -23013
20110228       2793     -20220
20110331       1202     -19019
20110429       3121     -15898
20110531          0     -15898
20110630      -3606     -19504
20110729      -1599     -21102
20110831      -6521     -27624
20110930       1707     -25917
20111031      -5366     -31283
20111130      -7190     -38473
20111230      -4954     -43427     -17737
20120131      -2012     -45439
20120229        408     -45031
20120330      -5904     -50935
20120430          0     -50935
20120531      12824     -38112
20120629       2158     -35954
20120731          0     -35954
20120831         27     -35927
20120928      -2526     -38453
20121031          0     -38453
20121130          0     -38453
20121231      -2869     -41322       2105
20130131          0     -41322
20130228        -95     -41417
20130329      -3514     -44931
20130430       9203     -35728
20130531          0     -35728
20130628          0     -35728
20130731      -1925     -37653
20130830      -4790     -42443
20130930      -2183     -44626
20131031      -1452     -46078
20131129       1793     -44285
20131231      -1693     -45978      -4656
20140131       -798     -46776
20140228       3801     -42975
20140331      -2709     -45684
20140430          0     -45684
20140530          0     -45684
20140630      -5336     -51020
20140731      -1927     -52947
20140829      -2557     -55504
20140930       7787     -47717
20141031       5607     -42110
20141128       5172     -36938
20141231      12604     -24334      21644
20150130       4216     -20118
20150227          0     -20118
20150331          0     -20118
20150430          0     -20118
20150529          0     -20118
20150630          0     -20118
20150731       4247     -15871
20150831        527     -15344
20150930          0     -15344
20151030          0     -15344
20151130       3781     -11563
20151231      10985       -578      23756
20160129       7052       6474
20160229          0       6474
20160331          0       6474
20160429       3164       9638
20160531       -633       9005
20160630        188       9193
20160729          0       9193
20160831      -4473       4720
20160930          0       4720
20161031      -4565        156
20161130          0        156
20161230       2467       2622       3201
20170131      -2171        451
20170228          0        451
20170331      -1488      -1036
20170428          0      -1036
20170531       -657      -1693
20170630       -128      -1821
20170731          0      -1821
20170831      -2686      -4507
20170929       3188      -1319
20171031          0      -1319
20171130      -1490      -2809
20171229       2835         25      -2597
20180131      -3812      -3787
20180228      -1151      -4937
20180329          0      -4937
20180430       -842      -5779
20180531       4620      -1159
20180629          0      -1159
20180731          0      -1159
20180831          0      -1159
20180928       -736      -1895
20181031       -354      -2249
20181130       9748       7499
20181231       4554      12054      12028
20190131      -2872       9181
20190228          0       9181
20190329          0       9181
20190430          0       9181
20190531      -2481       6700
20190628       -298       6402
20190731          0       6402
20190830      -2883       3519
20190930      -5895      -2375
20191031          0      -2375
20191129          0      -2375
20191231        463      -1912     -13966
20200131       1531       -381
20200228       4502       4120
20200331      18247      22368
20200430      10219      32587
20200529          0      32587
20200630          0      32587
20200731          0      32587
20200831          0      32587
20200930          0      32587
20201030      -4895      27692
20201130      -1791      25900
20201231       2549      28450      30362
20210129       4129      32579
20210226       3551      36129
20210331      -5296      30833
20210430          0      30833
20210528       -848      29985
20210630         41      30025
20210730      -2331      27694
20210831      -6104      21591
20210930       5368      26958
20211029       4587      31545
20211130      -1554      29991
20211231          0      29991       1542
20220131       5141      35132
20220228       5167      40299
20220331      18393      58692      28701
-----------------------------------------
