20100104     0.00
20100105     0.00
20100106     0.00
20100107     0.00
20100108     0.00
20100111     0.00
20100112     0.00
20100113     0.00
20100114     0.00
20100115     0.00
20100119     0.00
20100120     0.00
20100121     0.00
20100122     0.00
20100125     0.00
20100126     0.00
20100127     0.00
20100128     0.00
20100129     0.00
20100201     0.00
20100202     0.00
20100203     0.00
20100204     0.00
20100205     0.00
20100208 -1149.40
20100209 -5185.00
20100210 -6358.20
20100211 -7794.40
20100212 -4792.20
20100216 -10923.00
20100217 -12012.34
20100218 -13169.77
20100219 -13169.77
20100222 -13169.77
20100223 -13169.77
20100224 -13169.77
20100225 -13169.77
20100226 -13169.77
20100301 -13169.77
20100302 -13169.77
20100303 -13169.77
20100304 -13169.77
20100305 -13169.77
20100308 -13169.77
20100309 -13169.77
20100310 -13169.77
20100311 -13169.77
20100312 -13169.77
20100315 -13709.08
20100316 -13269.08
20100317 -12829.08
20100318 -10649.08
20100319 -11489.08
20100322 -10589.08
20100323 -11099.08
20100324 -10849.08
20100325 -9609.08
20100326 -8619.08
20100329 -8479.08
20100330 -9049.08
20100331 -8009.08
20100401 -11032.34
20100405 -7949.38
20100406 -7695.78
20100407 -9680.58
20100408 -10829.98
20100409 -11392.38
20100412 -12270.58
20100413 -12757.98
20100414 -9796.18
20100415 -9697.78
20100416 -14174.72
20100419 -16544.39
20100420 -16544.39
20100421 -16544.39
20100422 -16544.39
20100423 -16544.39
20100426 -16544.39
20100427 -16544.39
20100428 -16544.39
20100429 -16544.39
20100430 -16544.39
20100503 -16162.76
20100504 -19757.96
20100505 -21498.90
20100506 -23759.84
20100507 -21759.84
20100510 -23449.84
20100511 -23019.84
20100512 -22299.84
20100513 -21049.84
20100514 -18259.84
20100517 -16729.84
20100518 -16059.84
20100519 -15839.84
20100520 -13361.59
20100521 -12383.19
20100524 -12662.39
20100525 -10043.19
20100526 -14861.19
20100527 -20517.77
20100528 -20299.37
20100601 -19460.60
20100602 -21231.60
20100603 -24376.00
20100604 -21746.59
20100607 -21676.59
20100608 -22226.59
20100609 -24616.59
20100610 -25716.59
20100611 -24016.59
20100614 -25356.59
20100615 -26126.59
20100616 -28506.59
20100617 -26666.59
20100618 -28316.59
20100621 -29556.59
20100622 -30726.59
20100623 -30246.59
20100624 -30806.59
20100625 -29656.59
20100628 -31313.54
20100629 -31313.54
20100630 -31313.54
20100701 -31313.54
20100702 -31510.69
20100706 -31582.09
20100707 -34165.09
20100708 -35282.29
20100709 -36139.09
20100712 -34694.29
20100713 -36888.94
20100714 -36888.94
20100715 -36888.94
20100716 -36888.94
20100719 -36888.94
20100720 -36888.94
20100721 -36888.94
20100722 -36888.94
20100723 -36888.94
20100726 -36888.94
20100727 -36888.94
20100728 -36888.94
20100729 -36888.94
20100730 -36888.94
20100802 -36888.94
20100803 -36888.94
20100804 -36888.94
20100805 -36888.94
20100806 -36888.94
20100809 -36888.94
20100810 -36888.94
20100811 -36888.94
20100812 -36888.94
20100813 -36888.94
20100816 -36888.94
20100817 -36888.94
20100818 -36888.94
20100819 -36888.94
20100820 -36888.94
20100823 -36888.94
20100824 -36888.94
20100825 -36498.67
20100826 -35968.67
20100827 -34588.67
20100830 -35658.67
20100831 -35698.67
20100901 -35158.67
20100902 -35048.67
20100903 -36928.67
20100907 -36058.67
20100908 -35678.67
20100909 -35218.67
20100910 -36368.67
20100913 -36918.67
20100914 -37338.67
20100915 -37338.67
20100916 -37338.67
20100917 -37338.67
20100920 -37338.67
20100921 -37338.67
20100922 -37338.67
20100923 -37338.67
20100924 -37338.67
20100927 -37338.67
20100928 -37338.67
20100929 -37338.67
20100930 -35955.95
20101001 -34863.95
20101004 -35246.15
20101005 -34494.35
20101006 -34515.64
20101007 -38427.64
20101008 -36173.44
20101011 -36745.24
20101012 -37978.24
20101013 -35033.84
20101014 -36059.44
20101015 -39729.64
20101018 -38222.71
20101019 -42280.52
20101020 -42540.52
20101021 -40830.52
20101022 -40470.52
20101025 -40320.52
20101026 -41320.52
20101027 -41290.52
20101028 -42560.52
20101029 -43011.51
20101101 -43011.51
20101102 -43011.51
20101103 -43011.51
20101104 -41655.75
20101105 -40804.35
20101108 -40052.55
20101109 -40014.55
20101110 -37446.15
20101111 -38088.75
20101112 -43681.55
20101115 -43378.15
20101116 -45680.74
20101117 -45680.74
20101118 -45680.74
20101119 -45680.74
20101122 -45680.74
20101123 -45680.74
20101124 -45680.74
20101126 -45680.74
20101129 -45680.74
20101130 -45680.74
20101201 -45680.74
20101202 -45680.74
20101203 -44573.22
20101206 -44874.62
20101207 -45795.62
20101208 -46604.62
20101209 -46258.42
20101210 -47229.02
20101213 -46085.62
20101214 -46302.22
20101215 -45307.02
20101216 -46529.42
20101217 -46438.62
20101220 -45005.02
20101221 -43425.22
20101222 -42257.02
20101223 -40710.42
20101227 -42236.82
20101228 -41423.42
20101229 -41911.02
20101230 -45187.99
20101231 -43647.99
20110103 -44775.60
20110104 -48846.60
20110105 -47347.20
20110106 -48649.20
20110107 -49695.00
20110110 -46763.40
20110111 -44550.00
20110112 -44138.40
20110113 -44537.40
20110114 -43021.20
20110118 -42991.80
20110119 -42559.20
20110120 -43621.84
20110121 -42052.64
20110124 -44935.64
20110125 -47995.58
20110126 -47654.90
20110127 -50043.43
20110128 -48401.23
20110131 -46465.03
20110201 -45763.63
20110202 -44768.23
20110203 -45326.83
20110204 -47456.23
20110207 -47901.43
20110208 -46822.03
20110209 -45263.83
20110210 -47708.23
20110211 -48164.76
20110214 -48314.76
20110215 -48824.76
20110216 -48274.76
20110217 -47744.76
20110218 -47824.76
20110222 -51088.38
20110223 -43973.38
20110224 -45312.58
20110225 -43845.98
20110228 -45975.87
20110301 -39764.16
20110302 -35177.76
20110303 -35450.56
20110304 -31570.56
20110307 -32721.76
20110308 -34804.96
20110309 -33601.76
20110310 -35365.36
20110311 -38163.16
20110314 -36921.56
20110315 -43838.81
20110316 -43808.81
20110317 -44628.81
20110318 -49793.98
20110321 -47369.58
20110322 -44494.18
20110323 -44604.58
20110324 -44460.58
20110325 -44962.98
20110328 -47638.78
20110329 -46131.58
20110330 -46815.38
20110331 -41883.18
20110401 -39739.18
20110404 -37659.38
20110405 -37218.18
20110406 -36467.78
20110407 -34376.18
20110408 -27110.78
20110411 -32803.18
20110412 -38684.44
20110413 -37416.04
20110414 -37995.64
20110415 -36517.24
20110418 -38087.64
20110419 -38087.64
20110420 -38087.64
20110421 -38087.64
20110425 -39250.14
20110426 -39320.14
20110427 -38770.14
20110428 -38670.14
20110429 -37600.14
20110502 -38010.14
20110503 -40480.14
20110504 -42290.14
20110505 -44096.11
20110506 -44096.11
20110509 -44096.11
20110510 -44096.11
20110511 -44096.11
20110512 -44096.11
20110513 -44096.11
20110516 -44096.11
20110517 -44096.11
20110518 -44096.11
20110519 -44096.11
20110520 -44096.11
20110523 -44096.11
20110524 -44096.11
20110525 -44096.11
20110526 -44096.11
20110527 -44096.11
20110531 -44112.03
20110601 -44482.03
20110602 -42832.03
20110603 -43702.03
20110606 -42502.03
20110607 -42462.03
20110608 -42302.03
20110609 -44032.03
20110610 -43202.03
20110613 -44312.03
20110614 -44962.03
20110615 -45002.03
20110616 -45602.03
20110617 -44720.30
20110620 -44950.30
20110621 -45490.30
20110622 -46730.30
20110623 -39696.93
20110624 -38518.13
20110627 -38581.33
20110628 -43414.93
20110629 -49209.33
20110630 -50346.53
20110701 -48950.93
20110705 -51791.44
20110706 -52072.84
20110707 -52957.36
20110708 -52957.36
20110711 -52957.36
20110712 -52957.36
20110713 -52957.36
20110714 -52957.36
20110715 -52957.36
20110718 -52957.36
20110719 -52957.36
20110720 -52957.36
20110721 -52957.36
20110722 -52957.36
20110725 -52957.36
20110726 -52957.36
20110727 -52957.36
20110728 -52957.36
20110729 -52957.36
20110801 -52957.36
20110802 -52957.36
20110803 -52957.36
20110804 -50740.63
20110805 -50990.63
20110808 -45141.14
20110809 -42171.34
20110810 -50072.34
20110811 -55376.14
20110812 -54745.14
20110815 -58581.94
20110816 -55948.94
20110817 -59319.55
20110818 -54200.60
20110819 -55828.00
20110822 -57588.40
20110823 -60984.00
20110824 -60821.00
20110825 -61051.00
20110826 -61181.00
20110829 -62261.00
20110830 -64681.00
20110831 -65204.02
20110901 -65324.02
20110902 -62844.02
20110906 -62414.02
20110907 -66818.61
20110908 -66818.61
20110909 -66818.61
20110912 -66818.61
20110913 -66818.61
20110914 -66818.61
20110915 -66818.61
20110916 -66818.61
20110919 -66818.61
20110920 -66818.61
20110921 -66818.61
20110922 -66640.86
20110923 -65332.52
20110926 -65541.92
20110927 -73326.12
20110928 -67641.72
20110929 -68550.72
20110930 -63726.59
20111003 -60537.79
20111004 -57568.79
20111005 -63133.19
20111006 -69872.19
20111007 -69571.48
20111010 -72198.21
20111011 -72948.21
20111012 -71678.21
20111013 -72098.21
20111014 -74057.48
20111017 -74057.48
20111018 -74057.48
20111019 -74057.48
20111020 -74057.48
20111021 -74057.48
20111024 -74057.48
20111025 -74057.48
20111026 -74057.48
20111027 -74057.48
20111028 -74057.48
20111031 -74057.48
20111101 -74057.48
20111102 -74057.48
20111103 -74057.48
20111104 -74057.48
20111107 -74057.48
20111108 -74057.48
20111109 -74057.48
20111110 -74057.48
20111111 -75225.57
20111114 -76210.50
20111115 -74058.30
20111116 -71779.70
20111117 -78268.50
20111118 -80717.90
20111121 -82478.10
20111122 -81548.10
20111123 -83838.10
20111125 -85338.10
20111128 -87505.48
20111129 -85925.48
20111130 -85355.48
20111201 -85515.48
20111202 -84755.48
20111205 -84797.41
20111206 -84767.41
20111207 -84897.41
20111208 -87407.41
20111209 -84937.41
20111212 -85947.41
20111213 -83827.41
20111214 -86841.73
20111215 -86751.73
20111216 -86751.73
20111219 -86103.70
20111220 -89321.70
20111221 -92082.30
20111222 -92176.10
20111223 -90916.30
20111227 -91643.90
20111228 -90719.70
20111229 -90573.50
20111230 -89945.70
20120103 -91998.06
20120104 -93223.11
20120105 -93235.71
20120106 -94055.71
20120109 -93545.71
20120110 -92845.71
20120111 -91175.71
20120112 -90405.71
20120113 -90135.71
20120117 -88315.71
20120118 -88155.71
20120119 -86655.71
20120120 -86865.71
20120123 -88685.71
20120124 -88975.71
20120125 -90099.65
20120126 -90099.65
20120127 -90099.65
20120130 -90099.65
20120131 -90509.67
20120201 -89299.67
20120202 -91019.67
20120203 -90469.67
20120206 -91568.68
20120207 -89940.28
20120208 -89759.08
20120209 -89251.08
20120210 -90359.88
20120213 -90828.08
20120214 -91636.48
20120215 -89440.88
20120216 -90100.68
20120217 -92527.92
20120221 -88911.12
20120222 -87490.92
20120223 -84995.92
20120224 -82173.92
20120227 -84622.92
20120228 -89270.52
20120229 -89975.30
20120301 -88916.17
20120302 -94143.17
20120305 -93467.97
20120306 -96245.52
20120307 -94935.12
20120308 -92830.92
20120309 -93363.11
20120312 -95300.91
20120313 -93742.31
20120314 -95417.11
20120315 -97387.71
20120316 -92942.91
20120319 -92828.11
20120320 -96351.31
20120321 -96012.31
20120322 -99507.31
20120323 -96668.51
20120326 -95723.11
20120327 -95851.51
20120328 -98220.91
20120329 -102797.31
20120330 -102797.31
20120402 -102797.31
20120403 -102797.31
20120404 -102797.31
20120405 -102797.31
20120409 -102797.31
20120410 -102797.31
20120411 -102797.31
20120412 -102797.31
20120413 -102797.31
20120416 -102797.31
20120417 -102797.31
20120418 -102797.31
20120419 -102797.31
20120420 -102797.31
20120423 -102797.31
20120424 -102797.31
20120425 -102797.31
20120426 -102797.31
20120427 -102797.31
20120430 -102797.31
20120501 -102797.31
20120502 -102797.31
20120503 -102797.31
20120504 -103582.94
20120507 -101882.14
20120508 -101317.54
20120509 -101495.54
20120510 -101106.14
20120511 -99324.54
20120514 -96542.34
20120515 -95889.34
20120516 -93232.54
20120517 -90941.34
20120518 -89063.34
20120521 -91395.94
20120522 -90432.14
20120523 -86411.54
20120524 -87583.14
20120525 -88072.94
20120529 -87132.94
20120530 -81278.14
20120531 -78282.94
20120601 -71820.34
20120604 -72528.34
20120605 -73119.74
20120606 -76682.68
20120607 -76989.28
20120608 -77117.68
20120611 -74188.88
20120612 -74212.48
20120613 -73067.28
20120614 -75067.08
20120615 -75972.48
20120618 -74002.88
20120619 -75483.68
20120620 -70580.28
20120621 -64722.08
20120622 -66634.88
20120625 -66286.48
20120626 -68032.48
20120627 -70717.65
20120628 -68957.65
20120629 -72020.48
20120702 -72020.48
20120703 -71270.48
20120705 -70810.48
20120706 -72500.48
20120709 -71430.48
20120710 -72890.48
20120711 -71730.48
20120712 -71520.48
20120713 -71520.48
20120716 -72250.48
20120717 -72300.48
20120718 -70530.48
20120719 -70270.48
20120720 -69450.48
20120723 -69090.48
20120724 -68390.48
20120725 -69560.48
20120726 -69180.48
20120727 -69930.48
20120730 -67940.48
20120731 -67990.48
20120801 -68370.48
20120802 -70249.70
20120803 -70249.70
20120806 -70249.70
20120807 -70249.70
20120808 -70249.70
20120809 -70249.70
20120810 -70249.70
20120813 -70249.70
20120814 -70249.70
20120815 -70249.70
20120816 -70249.70
20120817 -70249.70
20120820 -70249.70
20120821 -70249.70
20120822 -70249.70
20120823 -70249.70
20120824 -70249.70
20120827 -72813.66
20120828 -72456.66
20120829 -72649.86
20120830 -72192.06
20120831 -70222.26
20120903 -69445.26
20120904 -71625.06
20120905 -72851.46
20120906 -71805.66
20120907 -71536.86
20120910 -70785.06
20120911 -69991.26
20120912 -68752.26
20120913 -68916.06
20120914 -67731.66
20120917 -72748.46
20120918 -72748.46
20120919 -72748.46
20120920 -72748.46
20120921 -72748.46
20120924 -72748.46
20120925 -72748.46
20120926 -72748.46
20120927 -72748.46
20120928 -72748.46
20121001 -72266.28
20121002 -71756.28
20121003 -73116.28
20121004 -73006.28
20121005 -73106.28
20121008 -73036.28
20121009 -72396.28
20121010 -72316.28
20121011 -71026.28
20121012 -70956.28
20121015 -72206.28
20121016 -72696.28
20121017 -72366.28
20121018 -71196.28
20121019 -70896.28
20121022 -72546.28
20121023 -72482.81
20121024 -72585.65
20121025 -72905.65
20121026 -73135.65
20121029 -72395.65
20121030 -72535.65
20121031 -73095.65
20121101 -73945.65
20121102 -71715.65
20121105 -72505.65
20121106 -75565.65
20121107 -71295.65
20121108 -71945.65
20121109 -72925.65
20121112 -72425.65
20121113 -72235.65
20121114 -73175.65
20121115 -72295.65
20121116 -73840.27
20121119 -73840.27
20121120 -73840.27
20121121 -73840.27
20121123 -73840.27
20121126 -73840.27
20121127 -73840.27
20121128 -73840.27
20121129 -73840.27
20121130 -73840.27
20121203 -73840.27
20121204 -73840.27
20121205 -73840.27
20121206 -73049.39
20121207 -71877.59
20121210 -71075.39
20121211 -72368.99
20121212 -74040.59
20121213 -73070.39
20121214 -74954.13
20121217 -74369.33
20121218 -76657.73
20121219 -77099.34
20121220 -78519.34
20121221 -78409.34
20121224 -77369.34
20121226 -77839.34
20121227 -77709.34
20121228 -78279.34
20121231 -77099.34
20130102 -75919.34
20130103 -75569.34
20130104 -76459.34
20130107 -76249.34
20130108 -75769.34
20130109 -74719.34
20130110 -75519.34
20130111 -76859.34
20130114 -77319.34
20130115 -77896.19
20130116 -77896.19
20130117 -77908.57
20130118 -77808.57
20130122 -77168.57
20130123 -78618.57
20130124 -77898.57
20130125 -77968.57
20130128 -77408.57
20130129 -76278.57
20130130 -75908.57
20130131 -76358.57
20130201 -76134.77
20130204 -78011.97
20130205 -75975.37
20130206 -77666.66
20130207 -77091.26
20130208 -75457.46
20130211 -75747.26
20130212 -75549.86
20130213 -76280.66
20130214 -76074.86
20130215 -76633.46
20130219 -77885.06
20130220 -78763.58
20130221 -78763.58
20130222 -78763.58
20130225 -78763.58
20130226 -78763.58
20130227 -78763.58
20130228 -78763.58
20130301 -78763.58
20130304 -78763.58
20130305 -78763.58
20130306 -78763.58
20130307 -78763.58
20130308 -78763.58
20130311 -78763.58
20130312 -78763.58
20130313 -78763.58
20130314 -78763.58
20130315 -78763.58
20130318 -79527.15
20130319 -79423.89
20130320 -80689.89
20130321 -81116.29
20130322 -80692.29
20130325 -81034.09
20130326 -80176.29
20130327 -81002.29
20130328 -81870.69
20130329 -81870.69
20130401 -82872.09
20130402 -84117.49
20130403 -80885.88
20130404 -79273.08
20130405 -75949.64
20130408 -78223.44
20130409 -79192.64
20130410 -77949.84
20130411 -75360.24
20130412 -73383.64
20130415 -71399.24
20130416 -70225.84
20130417 -64626.04
20130418 -65655.04
20130419 -66212.04
20130422 -69457.64
20130423 -69834.24
20130424 -73483.92
20130425 -74723.68
20130426 -74723.68
20130429 -74723.68
20130430 -74723.68
20130501 -74723.68
20130502 -74723.68
20130503 -74723.68
20130506 -74723.68
20130507 -74723.68
20130508 -74723.68
20130509 -74723.68
20130510 -74723.68
20130513 -74723.68
20130514 -74723.68
20130515 -74723.68
20130516 -74723.68
20130517 -74723.68
20130520 -74723.68
20130521 -74723.68
20130522 -74723.68
20130523 -74723.68
20130524 -74723.68
20130528 -74723.68
20130529 -74723.68
20130530 -74723.68
20130531 -74723.68
20130603 -74723.68
20130604 -74723.68
20130605 -74723.68
20130606 -74723.68
20130607 -74723.68
20130610 -74723.68
20130611 -74723.68
20130612 -74723.68
20130613 -74723.68
20130614 -74723.68
20130617 -75625.30
20130618 -74995.30
20130619 -75185.30
20130620 -78525.30
20130621 -79375.30
20130624 -79375.30
20130625 -79375.30
20130626 -79375.30
20130627 -78685.27
20130628 -78515.27
20130701 -78635.27
20130702 -79401.01
20130703 -78121.01
20130705 -75411.01
20130708 -76731.01
20130709 -75501.01
20130710 -72741.01
20130711 -73681.01
20130712 -72951.01
20130715 -72881.01
20130716 -73215.90
20130717 -71235.30
20130718 -70312.39
20130719 -70726.99
20130722 -72622.99
20130723 -72211.19
20130724 -74967.79
20130725 -75471.79
20130726 -76911.99
20130729 -77104.48
20130730 -76704.48
20130731 -76844.48
20130801 -75695.38
20130802 -77303.78
20130805 -78210.18
20130806 -81303.98
20130807 -83171.24
20130808 -84641.24
20130809 -81401.24
20130812 -82061.24
20130813 -81091.24
20130814 -81945.58
20130815 -81465.58
20130816 -81365.58
20130819 -81795.58
20130820 -83545.58
20130821 -84786.75
20130822 -84786.75
20130823 -84786.75
20130826 -84786.75
20130827 -83455.56
20130828 -82364.76
20130829 -84630.76
20130830 -87952.16
20130903 -89651.25
20130904 -90121.65
20130905 -90012.45
20130906 -89004.45
20130909 -90911.25
20130910 -92325.89
20130911 -92325.89
20130912 -92325.89
20130913 -92325.89
20130916 -92325.89
20130917 -92325.89
20130918 -92325.89
20130919 -92325.89
20130920 -92325.89
20130923 -92325.89
20130924 -92325.89
20130925 -92325.89
20130926 -92325.89
20130927 -92325.89
20130930 -92325.89
20131001 -92325.89
20131002 -92325.89
20131003 -92325.89
20131004 -92325.89
20131007 -92325.89
20131008 -92325.89
20131009 -92325.89
20131010 -92325.89
20131011 -92325.89
20131014 -92325.89
20131015 -92325.89
20131016 -92325.89
20131017 -92325.89
20131018 -92325.89
20131021 -92325.89
20131022 -91262.40
20131023 -89822.40
20131024 -89251.85
20131025 -90386.65
20131028 -93514.05
20131029 -93021.45
20131030 -92145.85
20131031 -90794.05
20131101 -86012.65
20131104 -85448.62
20131105 -83988.62
20131106 -85969.62
20131107 -84302.82
20131108 -86476.22
20131111 -87981.02
20131112 -84710.82
20131113 -87859.82
20131114 -88307.50
20131115 -88387.50
20131118 -87577.50
20131119 -87787.50
20131120 -87747.50
20131121 -88645.95
20131122 -88645.95
20131125 -88645.95
20131126 -88645.95
20131127 -88962.74
20131129 -89382.74
20131202 -90482.74
20131203 -93479.12
20131204 -93639.12
20131205 -91919.12
20131206 -92099.12
20131209 -90919.12
20131210 -90869.12
20131211 -89869.12
20131212 -89149.12
20131213 -89729.12
20131216 -90449.12
20131217 -90369.12
20131218 -90729.12
20131219 -88639.12
20131220 -89059.12
20131223 -88609.12
20131224 -89079.12
20131226 -89546.89
20131227 -91200.03
20131230 -92122.03
20131231 -93709.83
20140102 -96096.83
20140103 -96914.56
20140106 -96894.56
20140107 -96964.56
20140108 -97794.56
20140109 -98599.57
20140110 -98599.57
20140113 -98599.57
20140114 -98599.57
20140115 -98599.57
20140116 -98599.57
20140117 -98599.57
20140121 -101484.01
20140122 -99481.66
20140123 -97450.46
20140124 -90372.66
20140127 -95612.66
20140128 -91707.86
20140129 -83956.26
20140130 -88198.06
20140131 -90154.86
20140203 -90098.06
20140204 -86431.26
20140205 -89297.46
20140206 -90358.86
20140207 -88440.46
20140210 -90632.86
20140211 -89372.86
20140212 -90028.06
20140213 -87969.20
20140214 -86064.20
20140218 -80559.11
20140219 -71944.91
20140220 -71587.11
20140221 -74724.11
20140224 -81310.31
20140225 -81846.52
20140226 -81586.92
20140227 -83362.12
20140228 -81830.92
20140303 -77974.52
20140304 -79486.12
20140305 -84843.12
20140306 -86716.43
20140307 -85494.23
20140310 -87371.63
20140311 -88027.08
20140312 -88027.08
20140313 -88027.08
20140314 -88027.08
20140317 -88027.08
20140318 -88027.08
20140319 -88027.08
20140320 -88027.08
20140321 -88027.08
20140324 -88027.08
20140325 -88027.08
20140326 -88027.08
20140327 -88027.08
20140328 -88027.08
20140331 -88027.08
20140401 -88027.08
20140402 -88027.08
20140403 -88027.08
20140404 -88027.08
20140407 -88027.08
20140408 -88027.08
20140409 -88027.08
20140410 -88027.08
20140411 -88027.08
20140414 -88027.08
20140415 -88027.08
20140416 -88027.08
20140417 -88027.08
20140421 -88027.08
20140422 -88027.08
20140423 -88027.08
20140424 -88027.08
20140425 -88027.08
20140428 -88027.08
20140429 -88027.08
20140430 -88027.08
20140501 -88027.08
20140502 -88027.08
20140505 -88027.08
20140506 -88027.08
20140507 -88027.08
20140508 -88027.08
20140509 -88027.08
20140512 -88027.08
20140513 -88027.08
20140514 -88027.08
20140515 -88027.08
20140516 -88027.08
20140519 -88027.08
20140520 -88027.08
20140521 -87964.55
20140522 -88294.55
20140523 -87684.55
20140527 -87924.55
20140528 -89314.55
20140529 -88454.55
20140530 -89324.55
20140602 -89564.55
20140603 -89374.55
20140604 -89209.49
20140605 -90696.69
20140606 -90159.69
20140609 -89249.69
20140610 -89011.49
20140611 -89809.89
20140612 -88268.17
20140613 -87888.17
20140616 -87898.17
20140617 -88438.17
20140618 -88366.98
20140619 -87390.38
20140620 -86660.78
20140623 -88101.98
20140624 -87863.98
20140625 -87889.58
20140626 -89641.58
20140627 -90275.78
20140630 -91460.18
20140701 -91627.78
20140702 -91627.78
20140703 -91627.78
20140707 -90905.62
20140708 -90695.62
20140709 -90355.62
20140710 -89855.62
20140711 -90115.62
20140714 -90125.62
20140715 -90217.77
20140716 -90534.37
20140717 -88943.17
20140718 -88325.17
20140721 -87876.37
20140722 -86913.17
20140723 -87703.57
20140724 -88364.57
20140725 -89586.17
20140728 -88198.57
20140729 -89578.17
20140730 -88509.37
20140731 -88836.40
20140801 -87526.80
20140804 -88101.00
20140805 -87710.40
20140806 -89296.80
20140807 -89550.00
20140808 -91037.65
20140811 -91067.65
20140812 -91628.27
20140813 -91628.27
20140814 -91362.14
20140815 -94329.14
20140818 -90995.14
20140819 -90571.34
20140820 -91526.74
20140821 -92528.14
20140822 -91814.94
20140825 -91892.94
20140826 -92709.54
20140827 -93414.14
20140828 -93546.54
20140829 -95305.14
20140902 -89562.34
20140903 -95124.54
20140904 -92795.54
20140905 -90917.34
20140908 -89875.74
20140909 -89213.94
20140910 -86529.54
20140911 -87807.14
20140912 -86591.94
20140915 -87204.14
20140916 -88407.79
20140917 -87937.39
20140918 -86559.79
20140919 -86740.39
20140922 -85501.39
20140923 -85337.59
20140924 -85576.99
20140925 -85866.79
20140926 -86382.99
20140929 -87403.74
20140930 -84980.34
20141001 -85194.54
20141002 -87065.95
20141003 -84884.55
20141006 -85694.55
20141007 -83616.55
20141008 -80757.75
20141009 -77567.15
20141010 -78608.35
20141013 -78385.55
20141014 -70932.35
20141015 -70301.15
20141016 -71712.55
20141017 -72969.15
20141020 -72315.15
20141021 -74420.43
20141022 -70267.79
20141023 -72542.99
20141024 -70754.79
20141027 -69847.59
20141028 -71955.19
20141029 -74856.45
20141030 -74544.23
20141031 -74722.03
20141103 -72080.03
20141104 -68507.63
20141105 -70559.62
20141106 -68529.62
20141107 -70903.22
20141110 -72324.52
20141111 -72944.52
20141112 -72804.52
20141113 -71052.83
20141114 -74930.83
20141117 -73896.28
20141118 -72897.08
20141119 -70550.48
20141120 -71602.48
20141121 -76548.56
20141124 -77300.56
20141125 -76281.16
20141126 -76832.56
20141128 -65809.75
20141201 -71990.15
20141202 -67434.15
20141203 -66755.25
20141204 -63965.85
20141205 -64110.05
20141208 -57028.25
20141209 -59590.45
20141210 -55671.25
20141211 -54591.25
20141212 -52154.45
20141215 -48893.85
20141216 -46162.45
20141217 -49559.45
20141218 -43597.85
20141219 -45574.85
20141222 -40051.25
20141223 -43831.85
20141224 -38743.65
20141226 -36164.25
20141229 -33079.65
20141230 -34534.65
20141231 -31298.65
20150102 -35656.42
20150105 -31449.19
20150106 -28933.19
20150107 -27878.59
20150108 -29044.79
20150109 -28468.79
20150112 -22614.99
20150113 -23134.79
20150114 -26657.19
20150115 -23087.39
20150116 -27263.99
20150120 -23043.17
20150121 -26614.77
20150122 -23397.77
20150123 -24557.37
20150126 -22777.57
20150127 -25673.57
20150128 -21661.57
20150129 -20318.37
20150130 -24322.62
20150202 -24212.62
20150203 -24952.62
20150204 -24032.62
20150205 -23412.62
20150206 -23202.62
20150209 -23382.62
20150210 -24182.62
20150211 -25382.62
20150212 -26032.62
20150213 -26032.62
20150217 -26032.62
20150218 -26032.62
20150219 -26032.62
20150220 -26032.62
20150223 -26032.62
20150224 -26032.62
20150225 -26032.62
20150226 -26032.62
20150227 -26032.62
20150302 -26032.62
20150303 -26032.62
20150304 -26032.62
20150305 -26032.62
20150306 -26032.62
20150309 -26032.62
20150310 -26032.62
20150311 -26032.62
20150312 -26032.62
20150313 -26032.62
20150316 -26032.62
20150317 -26032.62
20150318 -26032.62
20150319 -26032.62
20150320 -26032.62
20150323 -26032.62
20150324 -26032.62
20150325 -26032.62
20150326 -26032.62
20150327 -26032.62
20150330 -26032.62
20150331 -26032.62
20150401 -26032.62
20150402 -26032.62
20150406 -26032.62
20150407 -26032.62
20150408 -26032.62
20150409 -26032.62
20150410 -26032.62
20150413 -26032.62
20150414 -26032.62
20150415 -26032.62
20150416 -26032.62
20150417 -26032.62
20150420 -26032.62
20150421 -26032.62
20150422 -26032.62
20150423 -26032.62
20150424 -26032.62
20150427 -26093.12
20150428 -26323.12
20150429 -27297.19
20150430 -27113.98
20150501 -27593.98
20150504 -27813.98
20150505 -26343.98
20150506 -25813.98
20150507 -27803.98
20150508 -27353.98
20150511 -27493.98
20150512 -25993.98
20150513 -26243.98
20150514 -26863.98
20150515 -27163.98
20150518 -27765.61
20150519 -28933.61
20150520 -29263.61
20150521 -28923.61
20150522 -29543.61
20150526 -30399.70
20150527 -30399.70
20150528 -30399.70
20150529 -30399.70
20150601 -30399.70
20150602 -30399.70
20150603 -30399.70
20150604 -30399.70
20150605 -30399.70
20150608 -30399.70
20150609 -30399.70
20150610 -30399.70
20150611 -30399.70
20150612 -30399.70
20150615 -30399.70
20150616 -30399.70
20150617 -30399.70
20150618 -30399.70
20150619 -30399.70
20150622 -30399.70
20150623 -30399.70
20150624 -30399.70
20150625 -30399.70
20150626 -30399.70
20150629 -30399.70
20150630 -30399.70
20150701 -30399.70
20150702 -30399.70
20150706 -30399.70
20150707 -31612.38
20150708 -31776.18
20150709 -32649.78
20150710 -32813.58
20150713 -31923.18
20150714 -32200.38
20150715 -29848.38
20150716 -29718.18
20150717 -29848.11
20150720 -28838.71
20150721 -30098.71
20150722 -28147.31
20150723 -26689.11
20150724 -25354.31
20150727 -23151.11
20150728 -24110.71
20150729 -24664.51
20150730 -24478.51
20150731 -22280.51
20150803 -17877.71
20150804 -19161.71
20150805 -18193.71
20150806 -18182.51
20150807 -17127.91
20150810 -20003.94
20150811 -18931.54
20150812 -20159.54
20150813 -18325.14
20150814 -18141.54
20150817 -17381.34
20150818 -18250.94
20150819 -14695.74
20150820 -13804.94
20150821 -11540.54
20150824 -6640.14
20150825 -8156.74
20150826 -6936.14
20150827 -12800.99
20150828 -14902.98
20150831 -14642.98
20150901 -14772.98
20150902 -14232.98
20150903 -15002.98
20150904 -14302.98
20150908 -14852.98
20150909 -14262.98
20150910 -14582.98
20150911 -14682.98
20150914 -15332.98
20150915 -15615.10
20150916 -15615.10
20150917 -16001.79
20150918 -15531.79
20150921 -15211.79
20150922 -15251.79
20150923 -15171.79
20150924 -15391.79
20150925 -14961.79
20150928 -15351.79
20150929 -14511.79
20150930 -13891.79
20151001 -12981.79
20151002 -13161.79
20151005 -13151.79
20151006 -13351.79
20151007 -13391.79
20151008 -13631.79
20151009 -13671.79
20151012 -13931.79
20151013 -13871.32
20151014 -14071.32
20151015 -13421.32
20151016 -13191.32
20151019 -13311.32
20151020 -13651.32
20151021 -12931.32
20151022 -12751.32
20151023 -11751.32
20151026 -9511.32
20151027 -9601.32
20151028 -8971.32
20151029 -8561.32
20151030 -9201.32
20151102 -8551.32
20151103 -8521.32
20151104 -8611.32
20151105 -9378.06
20151106 -9448.06
20151109 -8738.06
20151110 -8938.06
20151111 -8368.06
20151112 -7778.43
20151113 -7351.85
20151116 -8751.45
20151117 -7277.45
20151118 -7334.05
20151119 -6032.85
20151120 -4881.85
20151123 -5507.85
20151124 -7624.65
20151125 -7670.65
20151127 -3416.85
20151130 -2583.05
20151201 -3364.65
20151202     0.00
20151203 -3555.40
20151204 -1815.00
20151207     0.00
20151208     0.00
20151209     0.00
20151210     0.00
20151211     0.00
20151214     0.00
20151215 -1118.00
20151216     0.00
20151217     0.00
20151218     0.00
20151221  -492.73
20151222  -285.13
20151223 -2680.78
20151224 -1424.98
20151228  -983.98
20151229 -2626.18
20151230  -622.78
20151231 -1164.58
20160104 -1269.58
20160105 -1223.38
20160106     0.00
20160107     0.00
20160108     0.00
20160111     0.00
20160112     0.00
20160113     0.00
20160114 -1198.80
20160115     0.00
20160119     0.00
20160120     0.00
20160121 -2515.60
20160122 -7632.07
20160125 -5782.07
20160126 -6892.07
20160127 -7902.07
20160128 -7902.07
20160129 -7902.07
20160201 -7902.07
20160202 -7902.07
20160203 -7902.07
20160204 -7902.07
20160205 -7902.07
20160208 -7902.07
20160209 -7902.07
20160210 -7902.07
20160211 -7902.07
20160212 -7902.07
20160216 -7902.07
20160217 -7902.07
20160218 -7902.07
20160219 -7934.33
20160222 -8104.33
20160223 -7714.33
20160224 -7764.33
20160225 -7274.33
20160226 -7334.33
20160229 -6534.33
20160301 -6844.33
20160302 -6204.33
20160303 -5814.33
20160304 -6084.33
20160307 -6324.33
20160308 -6544.33
20160309 -6939.22
20160310 -6939.22
20160311 -6939.22
20160314 -6939.22
20160315 -6939.22
20160316 -6939.22
20160317 -6939.22
20160318 -6939.22
20160321 -6939.22
20160322 -6939.22
20160323 -6939.22
20160324 -6939.22
20160328 -6939.22
20160329 -6939.22
20160330 -6939.22
20160331 -6939.22
20160401 -6939.22
20160404 -6939.22
20160405 -6939.22
20160406 -6939.22
20160407 -6939.22
20160408 -6939.22
20160411 -6939.22
20160412 -6939.22
20160413 -6939.22
20160414 -6939.22
20160415 -6939.22
20160418 -6939.22
20160419 -6939.22
20160420 -5871.08
20160421 -7231.88
20160422 -6849.68
20160425 -7630.88
20160426 -5858.48
20160427 -3580.25
20160428 -1859.65
20160429 -2881.05
20160502 -5302.05
20160503 -7360.25
20160504 -7448.65
20160505 -6887.65
20160506 -6186.45
20160509 -8825.65
20160510 -7605.65
20160511 -6035.65
20160512 -5565.65
20160513 -6055.65
20160516 -3792.69
20160517 -2056.09
20160518 -1606.69
20160519 -1897.29
20160520 -1686.89
20160523 -2541.89
20160524 -1531.49
20160525     0.00
20160526  -558.80
20160527 -1015.40
20160531 -1430.20
20160601 -1710.28
20160602 -1294.48
20160603 -2593.65
20160606 -1283.65
20160607     0.00
20160608     0.00
20160609     0.00
20160610 -2088.40
20160613 -2404.36
20160614 -2214.36
20160615 -2304.36
20160616 -2454.36
20160617 -2024.36
20160620  -784.36
20160621  -574.36
20160622 -1484.36
20160623 -1274.36
20160624 -1634.36
20160627 -1164.36
20160628     0.00
20160629  -270.00
20160630     0.00
20160701     0.00
20160705 -1469.34
20160706 -1469.34
20160707 -1911.86
20160708 -1671.86
20160711 -2661.86
20160712 -2341.86
20160713 -2311.86
20160714 -2411.86
20160715 -2121.86
20160718 -2461.86
20160719 -2401.86
20160720 -3101.86
20160721 -2761.86
20160722 -1911.86
20160725 -2211.86
20160726 -2561.86
20160727 -2731.86
20160728  -222.06
20160729  -652.06
20160801  -389.65
20160802  -265.85
20160803 -1722.85
20160804 -4485.65
20160805 -4601.85
20160808 -7396.98
20160809 -6855.18
20160810 -6338.58
20160811 -8042.70
20160812 -8042.70
20160815 -8042.70
20160816 -8042.70
20160817 -8042.70
20160818 -8042.70
20160819 -8042.70
20160822 -8042.70
20160823 -8042.70
20160824 -8042.70
20160825 -8042.70
20160826 -8042.70
20160829 -8042.70
20160830 -8042.70
20160831 -8042.70
20160901 -8042.70
20160902 -8042.70
20160906 -8042.70
20160907 -8042.70
20160908 -8042.70
20160909 -8042.70
20160912 -8042.70
20160913 -8042.70
20160914 -8042.70
20160915 -8042.70
20160916 -8042.70
20160919 -8042.70
20160920 -8013.86
20160921 -7913.86
20160922 -8583.86
20160923 -8933.86
20160926 -8513.86
20160927 -8563.86
20160928 -9043.86
20160929 -9473.86
20160930 -10003.86
20161003 -10193.86
20161004 -10193.86
20161005 -10193.86
20161006 -10193.86
20161007 -9240.46
20161010 -8687.22
20161011 -10029.02
20161012 -11160.02
20161013 -9312.42
20161014 -10389.02
20161017 -11269.42
20161018 -10554.42
20161019 -10673.82
20161020 -12152.42
20161021 -12299.94
20161024 -12056.34
20161025 -12757.74
20161026 -13261.74
20161027 -12463.74
20161028 -13690.14
20161031 -15077.51
20161101 -14693.45
20161102 -13593.45
20161103 -13363.45
20161104 -13343.45
20161107 -13833.45
20161108 -12003.45
20161109 -12573.45
20161110 -11993.45
20161111 -11863.45
20161114 -13163.45
20161115 -12763.45
20161116 -13313.45
20161117 -12703.45
20161118 -14103.45
20161121 -14703.45
20161122 -14703.45
20161123 -14703.45
20161125 -14703.45
20161128 -14703.45
20161129 -14703.45
20161130 -14703.45
20161201 -14861.82
20161202 -14433.42
20161205 -14475.42
20161206 -15281.82
20161207 -16100.82
20161208 -15785.82
20161209 -15302.82
20161212 -14133.57
20161213 -13857.57
20161214 -17107.97
20161215 -17310.97
20161216 -15058.37
20161219 -15086.97
20161220 -14855.37
20161221 -16870.77
20161222 -15541.37
20161223 -15387.37
20161227 -12970.17
20161228 -12814.37
20161229 -12982.57
20161230 -12688.17
20170103 -16241.17
20170104 -14626.57
20170105 -14076.17
20170106 -13468.17
20170109 -16619.17
20170110 -17517.50
20170111 -17517.50
20170112 -17517.50
20170113 -17517.50
20170117 -17517.50
20170118 -17517.50
20170119 -17517.50
20170120 -17517.50
20170123 -17517.50
20170124 -17517.50
20170125 -17517.50
20170126 -17517.50
20170127 -17517.50
20170130 -17517.50
20170131 -17517.50
20170201 -17517.50
20170202 -17517.50
20170203 -17517.50
20170206 -17517.50
20170207 -17517.50
20170208 -17517.50
20170209 -17517.50
20170210 -17517.50
20170213 -17517.50
20170214 -17517.50
20170215 -17517.50
20170216 -17517.50
20170217 -17517.50
20170221 -16146.12
20170222 -17516.12
20170223 -15586.12
20170224 -17286.12
20170227 -16346.12
20170228 -17156.12
20170301 -17406.12
20170302 -17456.12
20170303 -17686.12
20170306 -18953.22
20170307 -18953.22
20170308 -18953.22
20170309 -18953.22
20170310 -18583.28
20170313 -18367.28
20170314 -17321.88
20170315 -19322.88
20170316 -18872.68
20170317 -19119.08
20170320 -18954.28
20170321 -17830.68
20170322 -17357.68
20170323 -16736.28
20170324 -17321.28
20170327 -17287.08
20170328 -18523.48
20170329 -20751.28
20170330 -21177.12
20170331 -21177.12
20170403 -21177.12
20170404 -21177.12
20170405 -21177.12
20170406 -21177.12
20170407 -21177.12
20170410 -21177.12
20170411 -21177.12
20170412 -21177.12
20170413 -21177.12
20170417 -21177.12
20170418 -21177.12
20170419 -21177.12
20170420 -21177.12
20170421 -21177.12
20170424 -21177.12
20170425 -21177.12
20170426 -21177.12
20170427 -21177.12
20170428 -21177.12
20170501 -21351.08
20170502 -20431.91
20170503 -20827.11
20170504 -15952.51
20170505 -17673.11
20170508 -18681.11
20170509 -17564.11
20170510 -20412.71
20170511 -21521.71
20170512 -21926.11
20170515 -22647.17
20170516 -22647.17
20170517 -22647.17
20170518 -22647.17
20170519 -22647.17
20170522 -22647.17
20170523 -22647.17
20170524 -22647.17
20170525 -22647.17
20170526 -22647.17
20170530 -22647.17
20170531 -22647.17
20170601 -22578.11
20170602 -22488.11
20170605 -22318.11
20170606 -22918.11
20170607 -22200.64
20170608 -22760.83
20170609 -23434.63
20170612 -23291.03
20170613 -24027.63
20170614 -20392.63
20170615 -21537.43
20170616 -22158.23
20170619 -19520.43
20170620 -18050.03
20170621 -15665.83
20170622 -16171.43
20170623 -16795.63
20170626 -18502.63
20170627 -21118.86
20170628 -22349.02
20170629 -22650.56
20170630 -22650.56
20170703 -22650.56
20170705 -21980.68
20170706 -22460.68
20170707 -22220.68
20170710 -22870.68
20170711 -24050.68
20170712 -23430.68
20170713 -23190.68
20170714 -23380.68
20170717 -23780.68
20170718 -24460.68
20170719 -24240.68
20170720 -24758.14
20170721 -24758.14
20170724 -24758.14
20170725 -24758.14
20170726 -24758.14
20170727 -24758.14
20170728 -24758.14
20170731 -24758.14
20170801 -24758.14
20170802 -24758.14
20170803 -24758.14
20170804 -24758.14
20170807 -24758.14
20170808 -24758.14
20170809 -24758.14
20170810 -26471.11
20170811 -26332.51
20170814 -27546.31
20170815 -27802.51
20170816 -28860.91
20170817 -29366.39
20170818 -29366.39
20170821 -29366.39
20170822 -29366.39
20170823 -29366.39
20170824 -29366.39
20170825 -29366.39
20170828 -29366.39
20170829 -29366.39
20170830 -29366.39
20170831 -27444.44
20170901 -27238.64
20170905 -27188.24
20170906 -26705.24
20170907 -25588.04
20170908 -26444.84
20170911 -27410.84
20170912 -27499.04
20170913 -26327.24
20170914 -25949.24
20170915 -25054.64
20170918 -25861.04
20170919 -26155.04
20170920 -24710.24
20170921 -24361.64
20170922 -24319.64
20170925 -22108.20
20170926 -22910.20
20170927 -22625.00
20170928 -23822.40
20170929 -24274.80
20171002 -25609.09
20171003 -25559.09
20171004 -26449.09
20171005 -25469.09
20171006 -25859.09
20171009 -25559.09
20171010 -26139.09
20171011 -26119.09
20171012 -27119.09
20171013 -27229.09
20171016 -26689.09
20171017 -26849.09
20171018 -25769.09
20171019 -25959.09
20171020 -26379.09
20171023 -27289.09
20171024 -27289.09
20171025 -27289.09
20171026 -27289.09
20171027 -26356.26
20171030 -26126.26
20171031 -25196.26
20171101 -25246.26
20171102 -25426.26
20171103 -24816.26
20171106 -24137.61
20171107 -25140.21
20171108 -25542.81
20171109 -24120.21
20171110 -25054.21
20171113 -25151.81
20171114 -27675.77
20171115 -27604.37
20171116 -27881.57
20171117 -25886.97
20171120 -26785.97
20171121 -26216.37
20171122 -25164.97
20171124 -22209.81
20171127 -24274.01
20171128 -25403.21
20171129 -27825.41
20171130 -27320.91
20171201 -26720.91
20171204 -26850.91
20171205 -25990.91
20171206 -27092.76
20171207 -25502.76
20171208 -25592.76
20171211 -26152.76
20171212 -24652.76
20171213 -25022.76
20171214 -24712.76
20171215 -23992.76
20171218 -25322.76
20171219 -24792.76
20171220 -24242.76
20171221 -23852.76
20171222 -24542.76
20171226 -23871.91
20171227 -24719.31
20171228 -26060.51
20171229 -26080.91
20180102 -26488.31
20180103 -24796.19
20180104 -24878.19
20180105 -26216.79
20180108 -26485.39
20180109 -24381.79
20180110 -23162.79
20180111 -23100.79
20180112 -22252.19
20180116 -23729.39
20180117 -23249.99
20180118 -23590.79
20180119 -25203.97
20180122 -24943.97
20180123 -23959.27
20180124 -22169.27
20180125 -22079.27
20180126 -20633.08
20180129 -22540.48
20180130 -24462.48
20180131 -26491.88
20180201 -26873.88
20180202 -28523.68
20180205 -30122.51
20180206 -30002.51
20180207 -30692.51
20180208 -30692.51
20180209 -30692.51
20180212 -30692.51
20180213 -30692.51
20180214 -30692.51
20180215 -30692.51
20180216 -30692.51
20180220 -30692.51
20180221 -30692.51
20180222 -30692.51
20180223 -30692.51
20180226 -30692.51
20180227 -30692.51
20180228 -30692.51
20180301 -30692.51
20180302 -30692.51
20180305 -30692.51
20180306 -30692.51
20180307 -30692.51
20180308 -30692.51
20180309 -30692.51
20180312 -30692.51
20180313 -30692.51
20180314 -30692.51
20180315 -30692.51
20180316 -30692.51
20180319 -30692.51
20180320 -30692.51
20180321 -30692.51
20180322 -30692.51
20180323 -30692.51
20180326 -30692.51
20180327 -30692.51
20180328 -30692.51
20180329 -30692.51
20180402 -30692.51
20180403 -30692.51
20180404 -30692.51
20180405 -30692.51
20180406 -30692.51
20180409 -30692.51
20180410 -30692.51
20180411 -30867.87
20180412 -30617.87
20180413 -30297.87
20180416 -31467.87
20180417 -31167.87
20180418 -29207.87
20180419 -29347.87
20180420 -29277.87
20180423 -29037.87
20180424 -29977.87
20180425 -29627.87
20180426 -29487.87
20180427 -29577.87
20180430 -29949.45
20180501 -33352.65
20180502 -31757.05
20180503 -31626.65
20180504 -28602.05
20180507 -26290.05
20180508 -29106.65
20180509 -24494.05
20180510 -24072.45
20180511 -24766.05
20180514 -23346.85
20180515 -23022.05
20180516 -21993.65
20180517 -21506.45
20180518 -22349.05
20180521 -21020.45
20180522 -20910.05
20180523 -21120.85
20180524 -22082.65
20180525 -22415.41
20180529 -23015.41
20180530 -23195.41
20180531 -22525.41
20180601 -22425.41
20180604 -22745.41
20180605 -23145.41
20180606 -23355.41
20180607 -23526.23
20180608 -23926.23
20180611 -23336.23
20180612 -23436.23
20180613 -23196.23
20180614 -23176.23
20180615 -22606.23
20180618 -23316.23
20180619 -23826.23
20180620 -23186.23
20180621 -23076.23
20180622 -23376.23
20180625 -23616.23
20180626 -23516.23
20180627 -22889.09
20180628 -22609.09
20180629 -22107.15
20180702 -22317.15
20180703 -22117.15
20180705 -23317.15
20180706 -22457.15
20180709 -22407.15
20180710 -22147.15
20180711 -25877.15
20180712 -26287.15
20180713 -26287.15
20180716 -26287.15
20180717 -26287.15
20180718 -26287.15
20180719 -26287.15
20180720 -26287.15
20180723 -26287.15
20180724 -26287.15
20180725 -26287.15
20180726 -26287.15
20180727 -26287.15
20180730 -26287.15
20180731 -26287.15
20180801 -26287.15
20180802 -26287.15
20180803 -26287.15
20180806 -26287.15
20180807 -26287.15
20180808 -26287.15
20180809 -26287.15
20180810 -26287.15
20180813 -26287.15
20180814 -26287.15
20180815 -26287.15
20180816 -26287.15
20180817 -26287.15
20180820 -26287.15
20180821 -26287.15
20180822 -26287.15
20180823 -26287.15
20180824 -26287.15
20180827 -26287.15
20180828 -26287.15
20180829 -26287.15
20180830 -26287.15
20180831 -26287.15
20180904 -27663.10
20180905 -28511.50
20180906 -29578.30
20180907 -29196.10
20180910 -29212.90
20180911 -27776.50
20180912 -27537.10
20180913 -28973.50
20180914 -30264.14
20180917 -30264.14
20180918 -30264.14
20180919 -30264.14
20180920 -30264.14
20180921 -30264.14
20180924 -29995.31
20180925 -28690.51
20180926 -30432.51
20180927 -28185.91
20180928 -26590.91
20181001 -21186.11
20181002 -20548.71
20181003 -17485.51
20181004 -21790.51
20181005 -22311.31
20181008 -21041.51
20181009 -19138.31
20181010 -22355.28
20181011 -25277.61
20181012 -26017.61
20181015 -25837.61
20181016 -25867.61
20181017 -25057.61
20181018 -26277.61
20181019 -25757.61
20181022 -26877.61
20181023 -26137.61
20181024 -26597.61
20181025 -26307.61
20181026 -26617.61
20181029 -27457.61
20181030 -27457.61
20181031 -27457.61
20181101 -27605.63
20181102 -27055.63
20181105 -26055.63
20181106 -25285.63
20181107 -24745.63
20181108 -23865.63
20181109 -21625.63
20181112 -20675.63
20181113 -13196.99
20181114 -7799.79
20181115 -15114.19
20181116 -12757.39
20181119 -9530.79
20181120 -3490.39
20181121 -4570.39
20181123     0.00
20181126 -4375.60
20181127 -3751.60
20181128     0.00
20181129 -1866.40
20181130 -1266.40
20181203 -8006.60
20181204 -8187.85
20181205 -7191.25
20181206 -5934.45
20181207 -7500.46
20181210 -4182.62
20181211 -6338.62
20181212 -8708.22
20181213 -11333.42
20181214 -10550.59
20181217 -8499.39
20181218 -1841.79
20181219 -5574.79
20181220  -945.39
20181221     0.00
20181224     0.00
20181226 -6688.80
20181227 -2789.80
20181228 -2959.60
20181231 -3837.60
20190102 -6195.80
20190103 -7934.60
20190104 -8177.80
20190107 -8177.80
20190108 -8177.80
20190109 -8177.80
20190110 -8177.80
20190111 -8177.80
20190114 -8177.80
20190115 -8177.80
20190116 -8177.80
20190117 -8177.80
20190118 -8177.80
20190122 -8177.80
20190123 -8177.80
20190124 -8177.80
20190125 -8177.80
20190128 -8177.80
20190129 -8177.80
20190130 -8177.80
20190131 -8177.80
20190201 -8177.80
20190204 -8177.80
20190205 -8177.80
20190206 -8177.80
20190207 -8177.80
20190208 -8177.80
20190211 -8177.80
20190212 -8177.80
20190213 -8177.80
20190214 -8177.80
20190215 -8177.80
20190219 -8177.80
20190220 -8177.80
20190221 -8177.80
20190222 -8177.80
20190225 -8177.80
20190226 -8177.80
20190227 -8177.80
20190228 -8177.80
20190301 -8177.80
20190304 -8177.80
20190305 -8177.80
20190306 -8177.80
20190307 -8177.80
20190308 -8177.80
20190311 -8177.80
20190312 -8177.80
20190313 -8177.80
20190314 -8177.80
20190315 -8177.80
20190318 -8177.80
20190319 -8177.80
20190320 -8177.80
20190321 -8177.80
20190322 -8177.80
20190325 -8177.80
20190326 -8177.80
20190327 -8177.80
20190328 -8177.80
20190329 -8177.80
20190401 -8177.80
20190402 -7844.48
20190403 -7964.48
20190404 -8324.48
20190405 -7344.48
20190408 -6024.48
20190409 -6444.48
20190410 -5814.48
20190411 -6844.48
20190412 -6534.48
20190415 -7024.48
20190416 -6374.48
20190417 -6664.48
20190418 -6464.48
20190422 -4984.48
20190423 -4234.48
20190424 -4644.48
20190425 -5324.48
20190426 -6366.51
20190429 -6366.51
20190430 -6366.51
20190501 -6366.51
20190502 -6366.51
20190503 -6366.51
20190506 -6366.51
20190507 -6366.51
20190508 -6366.51
20190509 -6366.51
20190510 -6366.51
20190513 -6366.51
20190514 -6366.51
20190515 -6366.51
20190516 -6869.98
20190517 -8033.38
20190520 -8953.18
20190521 -8709.58
20190522 -9982.18
20190523 -11841.43
20190524 -11841.43
20190528 -11841.43
20190529 -11841.43
20190530 -12119.33
20190531 -8747.05
20190603 -6563.25
20190604 -7553.25
20190605 -3630.25
20190606 -4348.85
20190607 -7411.85
20190610 -6104.85
20190611 -7198.45
20190612 -3166.05
20190613 -4817.45
20190614 -6625.05
20190617 -4779.25
20190618 -7327.85
20190619 -6735.05
20190620 -8401.07
20190621 -8411.07
20190624 -9561.07
20190625 -9581.07
20190626 -9731.07
20190627 -9731.07
20190628 -9731.07
20190701 -9731.07
20190702 -9731.07
20190703 -9731.07
20190705 -9731.07
20190708 -9731.07
20190709 -9731.07
20190710 -9731.07
20190711 -9731.07
20190712 -9731.07
20190715 -9731.07
20190716 -9731.07
20190717 -9731.07
20190718 -9731.07
20190719 -9731.07
20190722 -9731.07
20190723 -9731.07
20190724 -9731.07
20190725 -9731.07
20190726 -9731.07
20190729 -9637.89
20190730 -9847.89
20190731 -10807.89
20190801 -11566.25
20190802 -11792.50
20190805 -11282.50
20190806 -11692.50
20190807 -11408.10
20190808 -14290.90
20190809 -17479.70
20190812 -17677.30
20190813 -23364.41
20190814 -21913.21
20190815 -21417.21
20190816 -21185.41
20190819 -22138.01
20190820 -23108.41
20190821 -22754.41
20190822 -21972.41
20190823 -20823.01
20190826 -20594.75
20190827 -21581.75
20190828 -23030.75
20190829 -23555.75
20190830 -22182.35
20190903 -20754.35
20190904 -23944.21
20190905 -23944.21
20190906 -23944.21
20190909 -24100.81
20190910 -24150.81
20190911 -24430.81
20190912 -24210.81
20190913 -23810.81
20190916 -19112.95
20190917 -26759.35
20190918 -28813.95
20190919 -28326.75
20190920 -29247.95
20190923 -28318.55
20190924 -31293.35
20190925 -32668.75
20190926 -33667.71
20190927 -34986.11
20190930 -34986.11
20191001 -34986.11
20191002 -34986.11
20191003 -35933.66
20191004 -36293.66
20191007 -36233.66
20191008 -36113.66
20191009 -36073.66
20191010 -37033.66
20191011 -38183.66
20191014 -37073.66
20191015 -36293.66
20191016 -36843.66
20191017 -37413.66
20191018 -37253.66
20191021 -36893.66
20191022 -37863.66
20191023 -38854.80
20191024 -38854.80
20191025 -38854.80
20191028 -38854.80
20191029 -38854.80
20191030 -38854.80
20191031 -38854.80
20191101 -38854.80
20191104 -38630.99
20191105 -38220.99
20191106 -38560.99
20191107 -39120.99
20191108 -38950.99
20191111 -40691.82
20191112 -40691.82
20191113 -40691.82
20191114 -40691.82
20191115 -40691.82
20191118 -40691.82
20191119 -40691.82
20191120 -40691.82
20191121 -40691.82
20191122 -40691.82
20191125 -40691.82
20191126 -40691.82
20191127 -40691.82
20191129 -40747.80
20191202 -41227.80
20191203 -42347.80
20191204 -41927.80
20191205 -42207.80
20191206 -41803.44
20191209 -40963.44
20191210 -41063.44
20191211 -41333.44
20191212 -41763.44
20191213 -40553.44
20191216 -41110.53
20191217 -38946.73
20191218 -39186.93
20191219 -38340.53
20191220 -39953.93
20191223 -38717.13
20191224 -37114.93
20191226 -36861.33
20191227 -36348.53
20191230 -36278.73
20191231 -37810.73
20200102 -36966.13
20200103 -33609.53
20200106 -35081.33
20200107 -35921.33
20200108 -40481.94
20200109 -41072.14
20200110 -42343.54
20200113 -43420.34
20200114 -43393.74
20200115 -44514.74
20200116 -44514.74
20200117 -44234.72
20200121 -42857.64
20200122 -41739.64
20200123 -41588.44
20200124 -38839.24
20200127 -36630.24
20200128 -38459.04
20200129 -37508.24
20200130 -34858.67
20200131 -33827.47
20200203 -30036.47
20200204 -30318.47
20200205 -33931.47
20200206 -34981.47
20200207 -33383.27
20200210 -30419.67
20200211 -31606.07
20200212 -34109.67
20200213 -34179.67
20200214 -34919.67
20200218 -35939.67
20200219 -36303.08
20200220 -36303.08
20200221 -36303.08
20200224 -36749.45
20200225 -34934.15
20200226 -30895.55
20200227 -28822.95
20200228 -26081.35
20200302 -30230.15
20200303 -30840.75
20200304 -30449.15
20200305 -27691.75
20200306 -18733.15
20200309     0.00
20200310 -6884.00
20200311 -5004.20
20200312  -239.80
20200313     0.00
20200316     0.00
20200317     0.00
20200318     0.00
20200319 -9255.00
20200320 -3988.20
20200323 -5109.80
20200324 -8966.20
20200325 -9883.80
20200326 -7641.08
20200327 -7127.08
20200330 -3662.68
20200331 -2973.08
20200401     0.00
20200402 -3730.89
20200403 -7591.89
20200406 -7646.09
20200407 -7997.83
20200408 -7292.23
20200409 -5692.03
20200413 -6616.03
20200414 -4499.23
20200415 -3222.43
20200416 -4587.43
20200417 -5007.43
20200420 -2130.43
20200421     0.00
20200422 -2386.40
20200423 -5249.20
20200424 -2001.60
20200427     0.00
20200428     0.00
20200429 -5500.40
20200430 -12404.40
20200501 -13344.40
20200504 -13954.40
20200505 -18700.31
20200506 -18700.31
20200507 -18700.31
20200508 -18700.31
20200511 -18700.31
20200512 -18781.45
20200513 -17741.45
20200514 -18391.45
20200515 -18041.45
20200518 -19411.45
20200519 -19881.45
20200520 -19291.45
20200521 -18681.45
20200522 -18971.45
20200526 -19611.45
20200527 -19021.45
20200528 -18431.45
20200529 -18651.45
20200601 -17901.45
20200602 -17931.45
20200603 -18371.45
20200604 -18381.45
20200605 -17981.45
20200608 -18051.45
20200609 -17831.45
20200610 -17961.45
20200611 -18291.45
20200612 -17471.45
20200615 -16851.45
20200616 -16301.45
20200617 -16541.45
20200618 -16541.45
20200619 -16851.45
20200622 -16801.45
20200623 -16531.45
20200624 -16231.45
20200625 -15081.45
20200626 -15061.45
20200629 -17146.15
20200630 -17146.15
20200701 -17146.15
20200702 -17146.15
20200706 -17146.15
20200707 -17146.15
20200708 -17146.15
20200709 -17146.15
20200710 -17146.15
20200713 -17146.15
20200714 -17146.15
20200715 -17146.15
20200716 -17146.15
20200717 -17146.15
20200720 -17146.15
20200721 -17146.15
20200722 -17146.15
20200723 -17146.15
20200724 -17146.15
20200727 -17146.15
20200728 -17146.15
20200729 -17146.15
20200730 -17146.15
20200731 -17146.15
20200803 -17146.15
20200804 -17146.15
20200805 -17146.15
20200806 -17146.15
20200807 -17146.15
20200810 -17146.15
20200811 -17146.15
20200812 -17146.15
20200813 -17146.15
20200814 -16621.85
20200817 -16791.85
20200818 -16011.85
20200819 -15921.85
20200820 -16661.85
20200821 -15701.85
20200824 -15051.85
20200825 -15251.85
20200826 -15471.85
20200827 -14111.85
20200828 -14641.85
20200831 -14911.85
20200901 -15941.85
20200902 -16666.71
20200903 -16666.71
20200904 -16666.71
20200908 -16666.71
20200909 -16666.71
20200910 -16666.71
20200911 -16666.71
20200914 -16666.71
20200915 -16666.71
20200916 -16666.71
20200917 -16666.71
20200918 -16666.71
20200921 -16666.71
20200922 -16666.71
20200923 -16666.71
20200924 -16666.71
20200925 -16666.71
20200928 -16666.71
20200929 -16666.71
20200930 -16666.71
20201001 -17958.04
20201002 -15803.89
20201005 -20002.49
20201006 -23775.09
20201007 -21887.49
20201008 -24450.49
20201009 -23902.49
20201012 -21212.09
20201013 -22481.89
20201014 -24308.89
20201015 -24655.06
20201016 -24655.06
20201019 -24655.06
20201020 -24655.06
20201021 -24655.06
20201022 -24655.06
20201023 -24655.06
20201026 -24655.06
20201027 -24655.06
20201028 -24007.39
20201029 -23447.39
20201030 -23025.39
20201102 -25154.19
20201103 -26625.79
20201104 -30064.59
20201105 -29540.79
20201106 -26756.79
20201109 -30489.90
20201110 -30489.90
20201111 -30489.90
20201112 -30489.90
20201113 -30489.90
20201116 -30489.90
20201117 -30489.90
20201118 -30489.90
20201119 -30133.93
20201120 -30713.93
20201123 -31243.93
20201124 -30526.63
20201125 -29286.63
20201127 -28467.23
20201130 -29614.23
20201201 -31396.43
20201202 -28872.63
20201203 -24644.43
20201204 -24297.03
20201207 -23266.63
20201208 -23041.63
20201209 -23879.23
20201210 -22183.63
20201211 -22723.23
20201214 -22478.23
20201215 -21428.23
20201216 -20611.23
20201217 -19574.63
20201218 -18127.03
20201221 -23059.52
20201222 -24652.12
20201223 -23796.36
20201224 -24322.54
20201228 -25434.54
20201229 -25902.74
20201230 -25110.54
20201231 -26488.14
20210104 -29232.14
20210105 -24532.34
20210106 -23420.74
20210107 -22825.94
20210108 -19677.14
20210111 -19919.14
20210112 -17984.74
20210113 -18192.34
20210114 -16671.34
20210115 -18984.34
20210119 -18180.74
20210120 -17779.34
20210121 -17950.94
20210122 -19524.17
20210125 -19524.17
20210126 -19524.17
20210127 -19524.17
20210128 -19524.17
20210129 -19524.17
20210201 -19524.17
20210202 -19524.17
20210203 -19723.96
20210204 -19183.96
20210205 -18563.96
20210208 -17443.96
20210209 -17430.18
20210210 -16929.58
20210211 -18058.38
20210212 -15702.78
20210216 -13316.78
20210217 -11248.18
20210218 -11932.78
20210219 -13769.78
20210222 -9830.38
20210223 -9465.58
20210224 -6273.38
20210225 -6051.58
20210226 -10383.18
20210301 -11336.26
20210302 -11336.26
20210303 -11336.26
20210304 -11308.28
20210305 -8563.31
20210308 -11094.31
20210309 -12184.71
20210310 -11334.71
20210311 -7986.51
20210312 -8056.31
20210315 -9057.51
20210316 -10327.91
20210317 -11645.11
20210318 -19213.17
20210319 -19213.17
20210322 -19213.17
20210323 -19213.17
20210324 -19213.17
20210325 -19213.17
20210326 -19213.17
20210329 -19213.17
20210330 -19213.17
20210331 -19213.17
20210401 -19213.17
20210405 -19213.17
20210406 -19213.17
20210407 -19213.17
20210408 -19213.17
20210409 -19213.17
20210412 -19213.17
20210413 -19213.17
20210414 -19213.17
20210415 -19213.17
20210416 -19213.17
20210419 -19213.17
20210420 -19213.17
20210421 -19213.17
20210422 -19213.17
20210423 -19213.17
20210426 -19213.17
20210427 -19213.17
20210428 -19213.17
20210429 -19213.17
20210430 -19213.17
20210503 -19213.17
20210504 -19213.17
20210505 -19213.17
20210506 -19213.17
20210507 -19213.17
20210510 -21035.97
20210511 -19981.77
20210512 -18814.17
20210513 -21695.37
20210514 -20212.77
20210517 -19543.43
20210518 -20681.43
20210519 -23232.03
20210520 -25415.43
20210521 -24605.83
20210524 -22966.23
20210525 -23243.43
20210526 -22823.43
20210527 -22348.83
20210528 -23058.63
20210601 -21730.58
20210602 -19125.38
20210603 -19372.18
20210604 -17797.78
20210607 -18368.38
20210608 -16733.58
20210609 -17054.58
20210610 -16140.78
20210611 -15911.07
20210614 -15763.27
20210615 -15613.87
20210616 -16136.73
20210617 -17226.73
20210618 -17096.73
20210621 -15506.73
20210622 -15106.73
20210623 -15132.56
20210624 -13940.76
20210625 -12906.76
20210628 -14910.73
20210629 -14709.61
20210630 -13860.01
20210701 -10818.21
20210702 -9536.41
20210706 -15072.81
20210707 -18128.85
20210708 -16298.85
20210709 -14818.85
20210712 -14528.85
20210713 -13908.85
20210714 -16388.85
20210715 -17818.85
20210716 -17218.85
20210719 -16168.85
20210720 -15198.85
20210721 -14368.85
20210722 -13928.85
20210723 -13358.85
20210726 -12958.85
20210727 -14358.85
20210728 -14108.85
20210729 -13188.85
20210730 -14802.85
20210802 -15617.86
20210803 -14697.86
20210804 -13387.86
20210805 -13567.86
20210806 -13567.86
20210809 -14367.86
20210810 -14077.86
20210811 -14377.86
20210812 -15637.86
20210813 -16357.86
20210816 -16560.13
20210817 -16560.13
20210818 -16560.13
20210819 -17316.57
20210820 -14762.97
20210823 -18832.77
20210824 -21424.17
20210825 -22663.80
20210826 -22663.80
20210827 -22331.43
20210830 -23161.43
20210831 -22441.43
20210901 -20061.43
20210902 -19801.43
20210903 -19091.43
20210907 -20531.43
20210908 -17071.43
20210909 -15901.43
20210910 -16831.43
20210913 -13901.43
20210914 -13611.43
20210915 -11959.66
20210916 -12970.26
20210917 -15938.68
20210920 -18938.99
20210921 -20117.39
20210922 -18529.79
20210923 -15244.79
20210924 -12918.79
20210927 -6195.38
20210928 -5163.58
20210929 -8868.18
20210930 -3348.58
20211001 -3122.18
20211004     0.00
20211005     0.00
20211006 -10037.20
20211007 -8408.00
20211008 -7885.80
20211011 -5463.60
20211012 -5553.60
20211013 -5287.40
20211014 -5330.44
20211015 -6613.84
20211018 -11892.84
20211019 -11126.79
20211020 -8213.79
20211021 -11498.19
20211022 -9016.59
20211025 -1982.99
20211026 -1093.79
20211027 -3568.15
20211028 -8626.95
20211029 -12552.95
20211101 -12568.38
20211102 -12494.18
20211103 -18337.08
20211104 -20387.08
20211105 -17927.08
20211108 -17267.08
20211109 -15047.08
20211110 -17857.08
20211111 -17607.08
20211112 -18407.08
20211115 -19595.46
20211116 -19595.46
20211117 -19595.46
20211118 -19595.46
20211119 -19595.46
20211122 -19595.46
20211123 -19595.46
20211124 -19595.46
20211126 -19595.46
20211129 -19595.46
20211130 -19595.46
20211201 -19595.46
20211202 -19595.46
20211203 -19595.46
20211206 -17905.46
20211207 -18415.46
20211208 -19485.46
20211209 -19475.46
20211210 -20585.46
20211213 -19275.46
20211214 -18805.46
20211215 -19355.46
20211216 -18995.46
20211217 -18235.46
20211220 -19675.46
20211221 -20025.46
20211222 -21095.46
20211223 -18645.46
20211227 -21765.46
20211228 -21195.46
20211229 -20845.46
20211230 -17955.46
20211231 -19645.46
20220103 -20495.46
20220104 -19515.46
20220105 -21165.46
20220106 -20465.46
20220107 -21705.46
20220110 -21705.46
20220111 -21705.46
20220112 -21705.46
20220113 -21705.46
20220114 -22171.71
20220118 -21157.14
20220119 -19418.54
20220120 -20529.54
20220121 -20124.74
20220124 -24634.34
20220125 -20592.94
20220126 -15697.14
20220127 -15361.94
20220128 -15366.14
20220131 -13897.54
20220201 -12776.54
20220202 -11553.14
20220203 -6577.94
20220204 -3042.74
20220207 -4860.14
20220208 -9457.74
20220209 -9001.14
20220210 -8904.54
20220211 -4547.87
20220214   -50.07
20220215 -8785.43
20220216 -7195.43
20220217 -8985.43
20220218 -8815.43
20220222 -7115.43
20220223 -6925.43
20220224 -9256.88
20220225 -12530.68
20220228 -3129.68
20220301     0.00
20220302     0.00
20220303 -2564.60
20220304     0.00
20220307     0.00
20220308     0.00
20220309 -57581.34
20220310 -69031.54
20220311 -66304.94
20220314 -72624.94
20220315 -79194.94
20220316 -80594.94
20220317 -72654.94
20220318 -71470.11
20220321 -56072.51
20220322 -54113.91
20220323 -37904.92
20220324 -37183.72
20220325 -35603.32
20220328 -58183.72
20220329 -64671.72
20220330 -55494.12
20220331 -66700.32
