Date,EC,JY,
20100104,1,1,97363.0
20100105,1,1,94888.0
20100106,1,1,94487.0
20100107,1,1,92216.0
20100108,1,1,88804.0
20100111,1,1,87477.0
20100112,1,1,86928.0
20100113,1,1,86590.0
20100114,1,1,86778.0
20100115,1,1,85865.0
20100119,1,1,84531.0
20100120,1,1,86719.0
20100121,1,1,88194.0
20100122,1,1,88494.0
20100125,1,1,87581.0
20100126,1,1,89569.0
20100127,1,1,89669.0
20100128,1,1,90319.0
20100129,1,1,91244.0
20100201,1,1,88694.0
20100202,1,1,88019.0
20100203,1,1,89806.0
20100204,1,1,89634.0
20100205,1,1,89809.0
20100208,1,1,90284.0
20100209,1,1,87609.0
20100210,1,1,88021.0
20100211,1,1,88909.0
20100212,1,1,89409.0
20100216,1,1,87346.0
20100217,1,1,84298.0
20100218,1,1,84365.0
20100219,1,1,82902.0
20100222,1,1,82465.0
20100223,1,1,82202.0
20100224,1,1,81665.0
20100225,1,1,80953.0
20100226,1,1,80140.0
20100301,1,1,80765.0
20100302,1,1,80565.0
20100303,1,1,80376.0
20100304,1,1,77963.0
20100305,1,1,76601.0
20100308,1,1,76776.0
20100309,1,1,76726.0
20100310,1,1,76201.0
20100311,1,1,76326.0
20100312,1,1,77601.0
20100315,1,1,76401.0
20100316,1,1,77126.0
20100317,1,1,76726.0
20100318,1,1,75251.0
20100319,1,1,74775.0
20100322,1,1,73688.0
20100323,1,1,74925.0
20100324,1,1,80138.0
20100325,1,1,81275.0
20100326,1,1,79238.0
20100329,1,1,78238.0
20100330,1,1,79538.0
20100331,1,1,79275.0
20100401,1,1,78837.0
20100405,1,1,78200.0
20100406,1,1,76412.0
20100407,1,1,75037.0
20100408,1,1,73459.0
20100409,1,1,71347.0
20100412,1,1,69497.0
20100413,1,1,69047.0
20100414,1,1,69447.0
20100415,1,1,68709.0
20100416,1,1,69009.0
20100419,1,1,68634.0
20100420,1,1,66659.0
20100421,1,1,66184.0
20100422,1,1,65755.0
20100423,1,1,64261.0
20100426,1,1,64448.0
20100427,1,1,65898.0
20100428,1,1,66448.0
20100429,1,1,66261.0
20100430,1,1,65323.0
20100503,1,1,67598.0
20100504,1,1,70048.0
20100505,1,1,71186.0
20100506,1,1,74877.0
20100507,1,1,71502.0
20100510,1,1,68652.0
20100511,1,1,71039.0
20100512,1,1,70902.0
20100513,1,1,72602.0
20100514,1,1,75077.0
20100517,1,1,74552.0
20100518,1,1,77514.0
20100519,1,1,75614.0
20100520,1,1,77172.0
20100521,1,1,77735.0
20100524,1,1,74810.0
20100525,1,1,70832.0
20100526,1,1,73019.0
20100527,1,1,68894.0
20100528,1,1,70144.0
20100601,1,1,70694.0
20100602,1,1,68644.0
20100603,1,1,69007.0
20100604,1,1,70132.0
20100607,1,1,69969.0
20100608,1,1,70032.0
20100609,1,1,69107.0
20100610,1,1,67432.0
20100611,1,1,67919.0
20100614,1,1,67829.0
20100615,1,1,69104.0
20100616,1,1,68754.0
20100617,1,1,69041.0
20100618,1,1,68704.0
20100621,1,1,68266.0
20100622,1,1,66929.0
20100623,1,1,66664.0
20100624,1,1,67264.0
20100625,1,1,68489.0
20100628,1,1,67052.0
20100629,1,1,68352.0
20100630,1,1,68177.0
20100701,1,1,67656.0
20100702,1,1,67444.0
20100706,1,1,68894.0
20100707,1,1,68744.0
20100708,1,1,68419.0
20100709,1,1,67231.0
20100712,1,1,65651.0
20100713,1,1,67464.0
20100714,1,1,67401.0
20100715,1,1,68101.0
20100716,1,1,68108.0
20100719,1,1,68133.0
20100720,1,1,66021.0
20100721,1,1,65485.0
20100722,1,1,63872.0
20100723,1,1,62835.0
20100726,1,1,62685.0
20100727,1,1,60548.0
20100728,1,1,61248.0
20100729,1,1,63423.0
20100730,1,1,63573.0
20100802,1,1,65185.0
20100803,1,1,66910.0
20100804,1,1,65323.0
20100805,1,1,66385.0
20100806,1,1,68060.0
20100809,1,1,66573.0
20100810,1,1,66860.0
20100811,1,1,67021.0
20100812,1,1,66421.0
20100813,1,1,66934.0
20100816,1,1,67471.0
20100817,1,1,66359.0
20100818,1,1,66834.0
20100819,1,1,67396.0
20100820,1,1,68284.0
20100823,1,1,69846.0
20100824,1,1,72334.0
20100825,1,1,70859.0
20100826,1,1,70334.0
20100827,1,1,68779.0
20100830,1,1,68854.0
20100831,1,1,67904.0
20100901,1,1,65475.0
20100902,1,1,65912.0
20100903,1,1,66650.0
20100907,1,1,64912.0
20100908,1,1,65375.0
20100909,1,1,65250.0
20100910,1,1,63737.0
20100913,1,1,62062.0
20100914,1,1,64033.0
20100915,1,1,62008.0
20100916,1,1,62921.0
20100917,1,1,62671.0
20100920,1,1,62596.0
20100921,1,1,64158.0
20100922,1,1,64896.0
20100923,1,1,63571.0
20100924,1,1,65471.0
20100927,1,1,65058.0
20100928,1,1,65958.0
20100929,1,1,66021.0
20100930,1,1,66446.0
20101001,1,1,68933.0
20101004,1,1,67371.0
20101005,1,1,69571.0
20101006,1,1,71221.0
20101007,1,1,72071.0
20101008,1,1,72746.0
20101011,1,1,72158.0
20101012,1,1,70879.0
20101013,1,1,70291.0
20101014,1,1,70955.0
20101015,1,1,69555.0
20101018,1,1,69430.0
20101019,1,1,68414.0
20101020,1,1,66364.0
20101021,1,1,66414.0
20101022,1,1,65964.0
20101025,1,1,66826.0
20101026,1,1,66466.0
20101027,1,1,68154.0
20101028,1,1,64804.0
20101029,1,1,63899.0
20101101,1,1,64311.0
20101102,1,1,62633.0
20101103,1,1,63045.0
20101104,1,1,64520.0
20101105,1,1,61333.0
20101108,1,1,60145.0
20101109,1,1,58750.0
20101110,1,1,59650.0
20101111,1,1,61488.0
20101112,1,1,61325.0
20101115,1,1,63613.0
20101116,1,1,65163.0
20101117,1,1,64500.0
20101118,1,1,63738.0
20101119,1,1,63475.0
20101122,1,1,63550.0
20101123,1,1,66425.0
20101124,1,1,67600.0
20101126,1,1,69600.0
20101129,1,1,71438.0
20101130,1,1,72250.0
20101201,1,1,71175.0
20101202,1,1,69638.0
20101203,1,1,71950.0
20101206,1,1,70500.0
20101207,1,1,68325.0
20101208,1,1,67350.0
20101209,1,1,67775.0
20101210,1,1,67213.0
20101213,1,1,67149.0
20101214,1,1,67486.0
20101215,1,1,66524.0
20101216,1,1,66249.0
20101217,1,1,65761.0
20101220,1,1,64524.0
20101221,1,1,64911.0
20101222,1,1,64611.0
20101223,1,1,63261.0
20101227,1,1,62511.0
20101228,1,1,63924.0
20101229,1,1,63961.0
20101230,1,1,63349.0
20101231,1,1,63279.0
20110103,1,1,62354.0
20110104,1,1,61042.0
20110105,1,1,57360.0
20110106,1,1,57985.0
20110107,1,1,58847.0
20110110,1,1,57510.0
20110111,1,1,58197.0
20110112,1,1,55772.0
20110113,1,1,53726.0
20110114,1,1,54151.0
20110118,1,1,53514.0
20110119,1,1,53370.0
20110120,1,1,51507.0
20110121,1,1,54257.0
20110124,1,1,54470.0
20110125,1,1,55532.0
20110126,1,1,56057.0
20110127,1,1,54957.0
20110128,1,1,54932.0
20110131,1,1,56070.0
20110201,1,1,59082.0
20110202,1,1,58445.0
20110203,1,1,55842.0
20110204,1,1,55417.0
20110207,1,1,55180.0
20110208,1,1,54567.0
20110209,1,1,53317.0
20110210,1,1,55242.0
20110211,1,1,56217.0
20110214,1,1,56792.0
20110215,1,1,57705.0
20110216,1,1,56480.0
20110217,1,1,55305.0
20110218,1,1,55130.0
20110222,1,1,54055.0
20110223,1,1,54768.0
20110224,1,1,56087.0
20110225,1,1,55375.0
20110228,1,1,56000.0
20110301,1,1,55337.0
20110302,1,1,56537.0
20110303,1,1,56812.0
20110304,1,1,57225.0
20110307,1,1,57062.0
20110308,1,1,55562.0
20110309,1,1,55575.0
20110310,1,1,54888.0
20110311,1,1,51638.0
20110314,1,1,49788.0
20110315,1,1,50946.0
20110316,1,1,51121.0
20110317,1,1,54533.0
20110318,1,1,52658.0
20110321,1,1,53358.0
20110322,1,1,53346.0
20110323,1,1,52483.0
20110324,1,1,53046.0
20110325,1,1,51614.0
20110328,1,1,52427.0
20110329,1,1,53752.0
20110330,1,1,54939.0
20110331,1,1,55877.0
20110401,1,1,58577.0
20110404,1,1,58339.0
20110405,1,1,59739.0
20110406,1,1,62102.0
20110407,1,1,60827.0
20110408,1,1,62352.0
20110411,1,1,61989.0
20110412,1,1,61064.0
20110413,1,1,60689.0
20110414,1,1,60652.0
20110415,1,1,60502.0
20110418,1,1,62077.0
20110419,1,1,61189.0
20110420,1,1,59223.0
20110421,1,1,60611.0
20110425,1,1,61248.0
20110426,1,1,62148.0
20110427,1,1,62348.0
20110428,1,1,64698.0
20110429,1,1,65536.0
20110502,1,1,65523.0
20110503,1,1,65823.0
20110504,1,1,66811.0
20110505,1,1,64437.0
20110506,1,1,66262.0
20110509,1,1,66512.0
20110510,1,1,64249.0
20110511,1,1,66999.0
20110512,1,1,66549.0
20110513,1,1,67899.0
20110516,1,1,66737.0
20110517,1,1,67599.0
20110518,1,1,67862.0
20110519,1,1,66787.0
20110520,1,1,68099.0
20110523,1,1,70537.0
20110524,1,1,69874.0
20110525,1,1,70474.0
20110526,1,1,68349.0
20110527,1,1,68549.0
20110531,1,1,68737.0
20110601,1,1,69662.0
20110602,1,1,71112.0
20110603,1,1,74037.0
20110606,1,1,73987.0
20110607,1,1,75199.0
20110608,1,1,74162.0
20110609,1,1,72549.0
20110610,1,1,70887.0
20110613,1,1,70399.0
20110614,1,1,69174.0
20110615,1,1,72374.0
20110616,1,1,72249.0
20110617,1,1,68862.0
20110620,1,1,69437.0
20110621,1,1,67687.0
20110622,1,1,68587.0
20110623,1,1,71037.0
20110624,1,1,71349.0
20110627,1,1,71049.0
20110628,1,1,69725.0
20110629,1,1,70062.0
20110630,1,1,70350.0
20110701,1,1,71050.0
20110705,1,1,70212.0
20110706,1,1,68512.0
20110707,1,1,66827.0
20110708,1,1,66964.0
20110711,1,1,69664.0
20110712,1,1,71089.0
20110713,1,1,70451.0
20110714,1,1,70264.0
20110715,1,1,70414.0
20110718,1,1,71039.0
20110719,1,1,70151.0
20110720,1,1,69826.0
20110721,1,1,72389.0
20110722,1,1,71864.0
20110725,1,1,72439.0
20110726,1,1,74926.0
20110727,1,1,72776.0
20110728,1,1,72526.0
20110729,1,1,75926.0
20110801,1,1,73451.0
20110802,1,1,72389.0
20110803,1,1,74501.0
20110804,1,1,72951.0
20110805,1,1,70101.0
20110808,1,1,69289.0
20110809,1,1,67839.0
20110810,1,1,66530.0
20110811,1,1,66155.0
20110812,1,1,65930.0
20110815,1,1,64335.0
20110816,1,1,63673.0
20110817,1,1,64948.0
20110818,1,1,63298.0
20110819,1,1,64110.0
20110822,1,1,63398.0
20110823,1,1,64085.0
20110824,1,1,63473.0
20110825,1,1,61635.0
20110826,1,1,64898.0
20110829,1,1,64735.0
20110830,1,1,64535.0
20110831,1,1,63460.0
20110901,1,1,61372.0
20110902,1,1,62609.0
20110906,1,1,63440.0
20110907,1,1,61515.0
20110908,1,1,64328.0
20110909,1,1,67190.0
20110912,1,1,68178.0
20110913,1,1,65478.0
20110914,1,1,64578.0
20110915,1,1,62915.0
20110916,1,1,64528.0
20110919,1,1,64595.0
20110920,1,1,64620.0
20110921,1,1,64257.0
20110922,1,1,67195.0
20110923,1,1,66632.0
20110926,1,1,67095.0
20110927,1,1,64220.0
20110928,1,1,63270.0
20110929,1,1,62670.0
20110930,1,1,59745.0
20111003,1,1,59707.0
20111004,1,1,60057.0
20111005,1,1,58207.0
20111006,1,1,57170.0
20111007,1,1,58070.0
20111010,1,1,55833.0
20111011,1,1,55746.0
20111012,1,1,54823.0
20111013,1,1,55710.0
20111014,1,1,56135.0
20111017,1,1,55298.0
20111018,1,1,55410.0
20111019,1,1,55410.0
20111020,1,1,55573.0
20111021,1,1,58360.0
20111024,1,1,59473.0
20111025,1,1,59510.0
20111026,1,1,58610.0
20111027,1,1,62948.0
20111028,1,1,62723.0
20111031,1,1,59200.0
20111101,1,1,60462.0
20111102,1,1,59350.0
20111103,1,1,58475.0
20111104,1,1,59400.0
20111107,1,1,59225.0
20111108,1,1,57612.0
20111109,1,1,61662.0
20111110,1,1,60737.0
20111111,1,1,57687.0
20111114,1,1,59262.0
20111115,1,1,59950.0
20111116,1,1,60137.0
20111117,1,1,60750.0
20111118,1,1,60175.0
20111121,1,1,60337.0
20111122,1,1,60300.0
20111123,1,1,63300.0
20111125,1,1,65187.0
20111128,1,1,64962.0
20111129,1,1,64487.0
20111130,1,1,60222.0
20111201,1,1,60747.0
20111202,1,1,60609.0
20111205,1,1,59972.0
20111206,1,1,59972.0
20111207,1,1,59709.0
20111208,1,1,58984.0
20111209,1,1,56905.0
20111212,1,1,59855.0
20111213,1,1,61855.0
20111214,1,1,62780.0
20111215,1,1,62043.0
20111216,1,1,61855.0
20111219,1,1,62168.0
20111220,1,1,61330.0
20111221,1,1,62093.0
20111222,1,1,62280.0
20111223,1,1,61855.0
20111227,1,1,61318.0
20111228,1,1,63118.0
20111229,1,1,62630.0
20111230,1,1,63355.0
20120103,1,1,62605.0
20120104,1,1,63930.0
20120105,1,1,64918.0
20120106,1,1,66030.0
20120109,1,1,65930.0
20120110,1,1,65643.0
20120111,1,1,66693.0
20120112,1,1,65255.0
20120113,1,1,62393.0
20120117,1,1,63305.0
20120118,1,1,64843.0
20120119,1,1,65243.0
20120120,1,1,65480.0
20120123,1,1,66618.0
20120124,1,1,65143.0
20120125,1,1,65480.0
20120126,1,1,65118.0
20120127,1,1,64680.0
20120130,1,1,64153.0
20120131,1,1,63728.0
20120201,1,1,64703.0
20120202,1,1,64615.0
20120203,1,1,63878.0
20120206,1,1,61830.0
20120207,1,1,60272.0
20120208,1,1,59760.0
20120209,1,1,59604.0
20120210,1,1,57991.0
20120213,1,1,58479.0
20120214,1,1,58617.0
20120215,1,1,59017.0
20120216,1,1,58917.0
20120217,1,1,59767.0
20120221,1,1,58524.0
20120222,1,1,59524.0
20120223,1,1,60399.0
20120224,1,1,63674.0
20120227,1,1,61911.0
20120228,1,1,62824.0
20120229,1,1,62449.0
20120301,1,1,62086.0
20120302,1,1,62074.0
20120305,1,1,61661.0
20120306,1,1,60377.0
20120307,1,1,58965.0
20120308,1,1,56640.0
20120309,1,1,59860.0
20120312,1,1,58822.0
20120313,1,1,60910.0
20120314,1,1,63035.0
20120315,1,1,61560.0
20120316,1,1,60560.0
20120319,1,1,59797.0
20120320,1,1,60435.0
20120321,1,1,58760.0
20120322,1,1,56872.0
20120323,1,1,56544.0
20120326,1,1,56957.0
20120327,1,1,56357.0
20120328,1,1,56732.0
20120329,1,1,56982.0
20120330,1,1,56869.0
20120402,1,1,57957.0
20120403,1,1,54994.0
20120404,1,1,55779.0
20120405,1,1,57117.0
20120406,1,1,58442.0
20120409,1,1,57729.0
20120410,1,1,59942.0
20120411,1,1,59404.0
20120412,1,1,58404.0
20120413,1,1,59267.0
20120416,1,1,59742.0
20120417,1,1,59104.0
20120418,1,1,58469.0
20120419,1,1,58819.0
20120420,1,1,58570.0
20120423,1,1,56845.0
20120424,1,1,57632.0
20120425,1,1,58232.0
20120426,1,1,56522.0
20120427,1,1,57859.0
20120430,1,1,58709.0
20120501,1,1,57822.0
20120502,1,1,57072.0
20120503,1,1,55660.0
20120504,1,1,57273.0
20120507,1,1,57573.0
20120508,1,1,58135.0
20120509,1,1,59398.0
20120510,1,1,58885.0
20120511,1,1,59310.0
20120514,1,1,60323.0
20120515,1,1,61124.0
20120516,1,1,61274.0
20120517,1,1,60185.0
20120518,1,1,60273.0
20120521,1,1,59060.0
20120522,1,1,58423.0
20120523,1,1,61573.0
20120524,1,1,61948.0
20120525,1,1,61898.0
20120529,1,1,62510.0
20120530,1,1,64748.0
20120531,1,1,66485.0
20120601,1,1,66298.0
20120604,1,1,64810.0
20120605,1,1,62935.0
20120606,1,1,63323.0
20120607,1,1,64523.0
20120608,1,1,62898.0
20120611,1,1,62748.0
20120612,1,1,62860.0
20120613,1,1,63610.0
20120614,1,1,63648.0
20120615,1,1,62923.0
20120618,1,1,63098.0
20120619,1,1,64285.0
20120620,1,1,64923.0
20120621,1,1,64669.0
20120622,1,1,64819.0
20120625,1,1,64144.0
20120626,1,1,63719.0
20120627,1,1,64744.0
20120628,1,1,64494.0
20120629,1,1,62634.0
20120702,1,1,60934.0
20120703,1,1,62071.0
20120705,1,1,60029.0
20120706,1,1,59702.0
20120709,1,1,59352.0
20120710,1,1,60402.0
20120711,1,1,60327.0
20120712,1,1,61327.0
20120713,1,1,60827.0
20120716,1,1,61302.0
20120717,1,1,60589.0
20120718,1,1,61514.0
20120719,1,1,61739.0
20120720,1,1,63464.0
20120723,1,1,64002.0
20120724,1,1,65264.0
20120725,1,1,64214.0
20120726,1,1,64608.0
20120727,1,1,64083.0
20120730,1,1,64371.0
20120731,1,1,64983.0
20120801,1,1,63508.0
20120802,1,1,61946.0
20120803,1,1,65208.0
20120806,1,1,64671.0
20120807,1,1,65708.0
20120808,1,1,64758.0
20120809,1,1,64158.0
20120810,1,1,63433.0
20120813,1,1,64196.0
20120814,1,1,65008.0
20120815,1,1,64733.0
20120816,1,1,63858.0
20120817,1,1,64933.0
20120820,1,1,64308.0
20120821,1,1,63266.0
20120822,1,1,64120.0
20120823,1,1,64520.0
20120824,1,1,63408.0
20120827,1,1,63095.0
20120828,1,1,64333.0
20120829,1,1,63545.0
20120830,1,1,63395.0
20120831,1,1,64920.0
20120903,1,1,65233.0
20120904,1,1,64583.0
20120905,1,1,65008.0
20120906,1,1,64670.0
20120907,1,1,67733.0
20120910,1,1,67445.0
20120911,1,1,69558.0
20120912,1,1,69783.0
20120913,1,1,71783.0
20120914,1,1,71670.0
20120917,1,1,71473.0
20120918,1,1,70861.0
20120919,1,1,70223.0
20120920,1,1,69083.0
20120921,1,1,68596.0
20120924,1,1,68633.0
20120925,1,1,68608.0
20120926,1,1,69358.0
20120927,1,1,68271.0
20120928,1,1,68308.0
20121001,1,1,67796.0
20121002,1,1,67233.0
20121003,1,1,66583.0
20121004,1,1,66156.0
20121005,1,1,65196.0
20121008,1,1,63471.0
20121009,1,1,62371.0
20121010,1,1,61004.0
20121011,1,1,60904.0
20121012,1,1,60666.0
20121015,1,1,61479.0
20121016,1,1,60670.0
20121017,1,1,61845.0
20121018,1,1,61632.0
20121019,1,1,61207.0
20121022,1,1,62695.0
20121023,1,1,61832.0
20121024,1,1,61607.0
20121025,1,1,62207.0
20121026,1,1,60147.0
20121029,1,1,60822.0
20121030,1,1,58360.0
20121031,1,1,58060.0
20121101,1,1,57560.0
20121102,1,1,58823.0
20121105,1,1,59035.0
20121106,1,1,58960.0
20121107,1,1,58573.0
20121108,1,1,57810.0
20121109,1,1,57714.0
20121112,1,1,57677.0
20121113,1,1,57864.0
20121114,1,1,55839.0
20121115,1,1,55989.0
20121116,1,1,56614.0
20121119,1,1,55901.0
20121120,1,1,56539.0
20121121,1,1,58226.0
20121123,1,1,60026.0
20121126,1,1,59351.0
20121127,1,1,58989.0
20121128,1,1,58501.0
20121129,1,1,59414.0
20121130,1,1,60214.0
20121203,1,1,60639.0
20121204,1,1,60451.0
20121205,1,1,61101.0
20121206,1,1,59659.0
20121207,1,1,60159.0
20121210,1,1,59921.0
20121211,1,1,59434.0
20121212,1,1,59734.0
20121213,1,1,59871.0
20121214,1,1,60696.0
20121217,1,1,61371.0
20121218,1,1,62746.0
20121219,1,1,63471.0
20121220,1,1,63446.0
20121221,1,1,62271.0
20121224,1,1,63421.0
20121226,1,1,65259.0
20121227,1,1,66171.0
20121228,1,1,66034.0
20121231,1,1,66684.0
20130102,1,1,67196.0
20130103,1,1,68121.0
20130104,1,1,69559.0
20130107,1,1,68571.0
20130108,1,1,67896.0
20130109,1,1,66121.0
20130110,1,1,62002.0
20130111,1,1,64677.0
20130114,1,1,65489.0
20130115,1,1,63564.0
20130116,1,1,62989.0
20130117,1,1,66614.0
20130118,1,1,65764.0
20130122,1,1,63714.0
20130123,1,1,61827.0
20130124,1,1,59577.0
20130125,1,1,62290.0
20130128,1,1,61802.0
20130129,1,1,62140.0
20130130,1,1,63865.0
20130131,1,1,64252.0
20130201,1,1,67340.0
20130204,1,1,65040.0
20130205,1,1,67290.0
20130206,1,1,66565.0
20130207,1,1,66615.0
20130208,1,1,66052.0
20130211,1,1,66602.0
20130212,1,1,66077.0
20130213,1,1,65940.0
20130214,1,1,65902.0
20130215,1,1,65215.0
20130219,1,1,64777.0
20130220,1,1,65515.0
20130221,1,1,67990.0
20130222,1,1,67440.0
20130225,1,1,65115.0
20130226,1,1,64965.0
20130227,1,1,64577.0
20130228,1,1,65927.0
20130301,1,1,67802.0
20130304,1,1,67502.0
20130305,1,1,67102.0
20130306,1,1,68765.0
20130307,1,1,69215.0
20130308,1,1,68227.0
20130311,1,1,68502.0
20130312,1,1,68227.0
20130313,1,1,69215.0
20130314,1,1,68790.0
20130315,1,1,67252.0
20130318,1,1,68540.0
20130319,1,1,69002.0
20130320,1,1,69190.0
20130321,1,1,68215.0
20130322,1,1,66765.0
20130325,1,1,64188.0
20130326,1,1,62688.0
20130327,1,1,63901.0
20130328,1,1,63776.0
20130329,1,1,63776.0
20130401,1,1,64401.0
20130402,1,1,64838.0
20130403,1,1,65151.0
20130404,1,1,60269.0
20130405,1,1,61687.0
20130408,1,1,63512.0
20130409,1,1,64824.0
20130410,1,1,64937.0
20130411,1,1,65799.0
20130412,1,1,64062.0
20130415,1,1,61474.0
20130416,1,1,63587.0
20130417,1,1,61937.0
20130418,1,1,62674.0
20130419,1,1,64687.0
20130422,1,1,64487.0
20130423,1,1,63917.0
20130424,1,1,63654.0
20130425,1,1,63517.0
20130426,1,1,62122.0
20130429,1,1,61559.0
20130430,1,1,61333.0
20130501,1,1,62133.0
20130502,1,1,59420.0
20130503,1,1,58683.0
20130506,1,1,58083.0
20130507,1,1,57633.0
20130508,1,1,58345.0
20130509,1,1,58906.0
20130510,1,1,60493.0
20130513,1,1,61143.0
20130514,1,1,61931.0
20130515,1,1,62793.0
20130516,1,1,62093.0
20130517,1,1,64406.0
20130520,1,1,62443.0
20130521,1,1,62756.0
20130522,1,1,64268.0
20130523,1,1,59868.0
20130524,1,1,61080.0
20130528,1,1,60330.0
20130529,1,1,60693.0
20130530,1,1,61180.0
20130531,1,1,60730.0
20130603,1,1,63380.0
20130604,1,1,62743.0
20130605,1,1,63830.0
20130606,1,1,68443.0
20130607,1,1,67880.0
20130610,1,1,66655.0
20130611,1,1,70618.0
20130612,1,1,71530.0
20130613,1,1,72855.0
20130614,1,1,73593.0
20130617,1,1,72793.0
20130618,1,1,72993.0
20130619,1,1,70098.0
20130620,1,1,71299.0
20130621,1,1,72624.0
20130624,1,1,72762.0
20130625,1,1,73249.0
20130626,1,1,74487.0
20130627,1,1,74624.0
20130628,1,1,75999.0
20130701,1,1,76199.0
20130702,1,1,78299.0
20130703,1,1,77237.0
20130705,1,1,80887.0
20130708,1,1,80062.0
20130709,1,1,81099.0
20130710,1,1,78962.0
20130711,1,1,77699.0
20130712,1,1,76811.0
20130715,1,1,76299.0
20130716,1,1,78324.0
20130717,1,1,77199.0
20130718,1,1,75974.0
20130719,1,1,76699.0
20130722,1,1,78161.0
20130723,1,1,78911.0
20130724,1,1,77474.0
20130725,1,1,78861.0
20130726,1,1,81024.0
20130729,1,1,81324.0
20130730,1,1,81161.0
20130731,1,1,82336.0
20130801,1,1,78549.0
20130802,1,1,77567.0
20130805,1,1,76505.0
20130806,1,1,76214.0
20130807,1,1,78239.0
20130808,1,1,78751.0
20130809,1,1,78414.0
20130812,1,1,77064.0
20130813,1,1,75651.0
20130814,1,1,75776.0
20130815,1,1,75651.0
20130816,1,1,74530.0
20130819,1,1,74605.0
20130820,1,1,76030.0
20130821,1,1,74817.0
20130822,1,1,74463.0
20130823,1,1,74938.0
20130826,1,1,74788.0
20130827,1,1,72913.0
20130828,1,1,73125.0
20130829,1,1,73313.0
20130830,1,1,73626.0
20130903,1,1,75801.0
20130904,1,1,75676.0
20130905,1,1,77238.0
20130906,1,1,75326.0
20130909,1,1,74876.0
20130910,1,1,75738.0
20130911,1,1,74717.0
20130912,1,1,74005.0
20130913,1,1,73817.0
20130916,1,1,73217.0
20130917,1,1,73580.0
20130918,1,1,76917.0
20130919,1,1,75430.0
20130920,1,1,75317.0
20130923,1,1,75655.0
20130924,1,1,75430.0
20130925,1,1,76467.0
20130926,1,1,75592.0
20130927,1,1,76630.0
20130930,1,1,76805.0
20131001,1,1,77330.0
20131002,1,1,78605.0
20131003,1,1,79292.0
20131004,1,1,78217.0
20131007,1,1,79205.0
20131008,1,1,78955.0
20131009,1,1,77739.0
20131010,1,1,76768.0
20131011,1,1,76981.0
20131014,1,1,76468.0
20131015,1,1,77156.0
20131016,1,1,77593.0
20131017,1,1,76031.0
20131018,1,1,76081.0
20131021,1,1,76493.0
20131022,1,1,77668.0
20131023,1,1,77543.0
20131024,1,1,77793.0
20131025,1,1,77818.0
20131028,1,1,77393.0
20131029,1,1,76093.0
20131030,1,1,74915.0
20131031,1,1,74268.0
20131101,1,1,76068.0
20131104,1,1,75481.0
20131105,1,1,76068.0
20131106,1,1,75606.0
20131107,1,1,75743.0
20131108,1,1,78281.0
20131111,1,1,77793.0
20131112,1,1,78043.0
20131113,1,1,77218.0
20131114,1,1,78181.0
20131115,1,1,77956.0
20131118,1,1,77631.0
20131119,1,1,77068.0
20131120,1,1,75543.0
20131121,1,1,77306.0
20131122,1,1,78693.0
20131125,1,1,78668.0
20131126,1,1,78893.0
20131127,1,1,79943.0
20131129,1,1,80518.0
20131202,1,1,80693.0
20131203,1,1,80456.0
20131204,1,1,79481.0
20131205,1,1,81118.0
20131206,1,1,79906.0
20131209,1,1,80021.0
20131210,1,1,79708.0
20131211,1,1,79858.0
20131212,1,1,80121.0
20131213,1,1,79908.0
20131216,1,1,80033.0
20131217,1,1,79696.0
20131218,1,1,76779.0
20131219,1,1,76791.0
20131220,1,1,76441.0
20131223,1,1,76291.0
20131224,1,1,76616.0
20131226,1,1,76991.0
20131227,1,1,75277.0
20131230,1,1,76102.0
20131231,1,1,76115.0
20140102,1,1,73434.0
20140103,1,1,74071.0
20140106,1,1,73159.0
20140107,1,1,73646.0
20140108,1,1,74446.0
20140109,1,1,74284.0
20140110,1,1,72991.0
20140113,1,1,74128.0
20140114,1,1,72641.0
20140115,1,1,73116.0
20140116,1,1,73253.0
20140117,1,1,74303.0
20140121,1,1,73978.0
20140122,1,1,73991.0
20140123,1,1,71325.0
20140124,1,1,71368.0
20140127,1,1,70693.0
20140128,1,1,70568.0
20140129,1,1,71543.0
20140130,1,1,69119.0
20140131,1,1,70406.0
20140203,1,1,71606.0
20140204,1,1,70856.0
20140205,1,1,71006.0
20140206,1,1,69356.0
20140207,1,1,68631.0
20140210,1,1,68581.0
20140211,1,1,67656.0
20140212,1,1,66919.0
20140213,1,1,67706.0
20140214,1,1,67531.0
20140218,1,1,68769.0
20140219,1,1,68631.0
20140220,1,1,68306.0
20140221,1,1,68856.0
20140224,1,1,68719.0
20140225,1,1,68406.0
20140226,1,1,68031.0
20140227,1,1,67906.0
20140228,1,1,68346.0
20140303,1,1,67659.0
20140304,1,1,66696.0
20140305,1,1,66571.0
20140306,1,1,68290.0
20140307,1,1,68728.0
20140310,1,1,68590.0
20140311,1,1,68265.0
20140312,1,1,68415.0
20140313,1,1,66494.0
20140314,1,1,67506.0
20140317,1,1,67156.0
20140318,1,1,67519.0
20140319,1,1,66114.0
20140320,1,1,66764.0
20140321,1,1,66889.0
20140324,1,1,66301.0
20140325,1,1,66426.0
20140326,1,1,67114.0
20140327,1,1,67514.0
20140328,1,1,66538.0
20140331,1,1,66725.0
20140401,1,1,67100.0
20140402,1,1,67525.0
20140403,1,1,68325.0
20140404,1,1,67688.0
20140407,1,1,67088.0
20140408,1,1,66039.0
20140409,1,1,66601.0
20140410,1,1,67464.0
20140411,1,1,67264.0
20140414,1,1,66276.0
20140415,1,1,66001.0
20140416,1,1,65614.0
20140417,1,1,65426.0
20140421,1,1,64851.0
20140422,1,1,64939.0
20140423,1,1,65364.0
20140424,1,1,65576.0
20140425,1,1,65964.0
20140428,1,1,65826.0
20140429,1,1,64869.0
20140430,1,1,63394.0
20140501,1,1,63707.0
20140502,1,1,63532.0
20140505,1,1,63319.0
20140506,1,1,62774.0
20140507,1,1,62299.0
20140508,1,1,61874.0
20140509,1,1,61085.0
20140512,1,1,60522.0
20140513,1,1,61072.0
20140514,1,1,61597.0
20140515,1,1,61785.0
20140516,1,1,62022.0
20140519,1,1,62085.0
20140520,1,1,62322.0
20140521,1,1,62385.0
20140522,1,1,62247.0
20140523,1,1,62335.0
20140527,1,1,62097.0
20140528,1,1,62472.0
20140529,1,1,62222.0
20140530,1,1,61772.0
20140602,1,1,63185.0
20140603,1,1,62885.0
20140604,1,1,63422.0
20140605,1,1,62039.0
20140606,1,1,62002.0
20140609,1,1,61264.0
20140610,1,1,60502.0
20140611,1,1,59914.0
20140612,1,1,58904.0
20140613,1,1,58854.0
20140616,1,1,58642.0
20140617,1,1,58554.0
20140618,1,1,58417.0
20140619,1,1,58042.0
20140620,1,1,58017.0
20140623,1,1,58117.0
20140624,1,1,58054.0
20140625,1,1,57294.0
20140626,1,1,57269.0
20140627,1,1,58107.0
20140630,1,1,58857.0
20140701,1,1,58369.0
20140702,1,1,57669.0
20140703,1,1,56733.0
20140707,1,1,56383.0
20140708,1,1,56008.0
20140709,1,1,56496.0
20140710,1,1,55608.0
20140711,1,1,55746.0
20140714,1,1,56183.0
20140715,1,1,56246.0
20140716,1,1,56808.0
20140717,1,1,56271.0
20140718,1,1,56358.0
20140721,1,1,56421.0
20140722,1,1,57221.0
20140723,1,1,57458.0
20140724,1,1,57733.0
20140725,1,1,58096.0
20140728,1,1,58158.0
20140729,1,1,58771.0
20140730,1,1,59883.0
20140731,1,1,59883.0
20140801,1,1,59083.0
20140804,1,1,59146.0
20140805,1,1,59758.0
20140806,1,1,59058.0
20140807,1,1,59308.0
20140808,1,1,57461.0
20140811,1,1,56923.0
20140812,1,1,55910.0
20140813,1,1,55597.0
20140814,1,1,55610.0
20140815,1,1,55372.0
20140818,1,1,55522.0
20140819,1,1,55711.0
20140820,1,1,57336.0
20140821,1,1,57224.0
20140822,1,1,57874.0
20140825,1,1,58549.0
20140826,1,1,58924.0
20140827,1,1,58386.0
20140828,1,1,58299.0
20140829,1,1,59436.0
20140902,1,1,60699.0
20140903,1,1,60136.0
20140904,1,1,63186.0
20140905,1,1,62736.0
20140908,1,1,64311.0
20140909,1,1,64661.0
20140910,1,1,65386.0
20140911,1,1,65436.0
20140912,1,1,65411.0
20140915,1,1,65436.0
20140916,1,1,64549.0
20140917,1,1,63566.0
20140918,1,1,64379.0
20140919,1,1,65579.0
20140922,1,1,65466.0
20140923,1,1,65304.0
20140924,1,1,66341.0
20140925,1,1,66429.0
20140926,1,1,67979.0
20140929,1,1,67916.0
20140930,1,1,69016.0
20141001,1,1,68729.0
20141002,1,1,68004.0
20141003,1,1,68554.0
20141006,1,1,68004.0
20141007,1,1,68154.0
20141008,1,1,68904.0
20141009,1,1,68754.0
20141010,1,1,67779.0
20141013,1,1,68816.0
20141014,1,1,69166.0
20141015,1,1,71779.0
20141016,1,1,71916.0
20141017,1,1,71004.0
20141020,1,1,71266.0
20141021,1,1,70216.0
20141022,1,1,69739.0
20141023,1,1,70326.0
20141024,1,1,70001.0
20141027,1,1,69026.0
20141028,1,1,69126.0
20141029,1,1,70989.0
20141030,1,1,71989.0
20141031,1,1,76076.0
20141103,1,1,77964.0
20141104,1,1,76964.0
20141105,1,1,79014.0
20141106,1,1,80414.0
20141107,1,1,79339.0
20141110,1,1,79939.0
20141111,1,1,80176.0
20141112,1,1,80414.0
20141113,1,1,79851.0
20141114,1,1,80511.0
20141117,1,1,79811.0
20141118,1,1,81236.0
20141119,1,1,82249.0
20141120,1,1,82386.0
20141121,1,1,80617.0
20141124,1,1,80492.0
20141125,1,1,79692.0
20141126,1,1,78667.0
20141128,1,1,78767.0
20141201,1,1,77507.0
20141202,1,1,79607.0
20141203,1,1,80982.0
20141204,1,1,80244.0
20141205,1,1,82619.0
20141208,1,1,81357.0
20141209,1,1,78081.0
20141210,1,1,78543.0
20141211,1,1,76668.0
20141212,1,1,77806.0
20141215,1,1,78543.0
20141216,1,1,79618.0
20141217,1,1,76443.0
20141218,1,1,75614.0
20141219,1,1,75714.0
20141222,1,1,75939.0
20141223,1,1,77164.0
20141224,1,1,76752.0
20141226,1,1,76864.0
20141229,1,1,77414.0
20141230,1,1,76427.0
20141231,1,1,77389.0
20150102,1,1,78989.0
20150105,1,1,79114.0
20150106,1,1,78639.0
20150107,1,1,79727.0
20150108,1,1,81214.0
20150109,1,1,79502.0
20150112,1,1,79302.0
20150113,1,1,79597.0
20150114,1,1,79872.0
20150115,1,1,82547.0
20150116,1,1,82072.0
20150120,1,1,81310.0
20150121,1,1,81560.0
20150122,1,1,83847.0
20150123,1,1,86060.0
20150126,1,1,85135.0
20150127,1,1,84447.0
20150128,1,1,85347.0
20150129,1,1,84660.0
20150130,1,1,85710.0
20150202,1,1,85285.0
20150203,1,1,86210.0
20150204,1,1,85585.0
20150205,1,1,86072.0
20150206,1,1,84710.0
20150209,1,1,84285.0
20150210,1,1,84898.0
20150211,1,1,85498.0
20150212,1,1,85673.0
20150213,1,1,85310.0
20150217,1,1,86023.0
20150218,1,1,85148.0
20150219,1,1,85148.0
20150220,1,1,85598.0
20150223,1,1,84660.0
20150224,1,1,84698.0
20150225,1,1,84948.0
20150226,1,1,83965.0
20150227,1,1,84278.0
20150302,1,1,84753.0
20150303,1,1,84453.0
20150304,1,1,85790.0
20150305,1,1,86765.0
20150306,1,1,89328.0
20150309,1,1,89665.0
20150310,1,1,91615.0
20150311,1,1,94028.0
20150312,1,1,93090.0
20150313,1,1,94640.0
20150316,1,1,93328.0
20150317,1,1,93115.0
20150318,1,1,92425.0
20150319,1,1,90925.0
20150320,1,1,93713.0
20150323,1,1,95675.0
20150324,1,1,95475.0
20150325,1,1,96050.0
20150326,1,1,95250.0
20150327,1,1,95813.0
20150330,1,1,93838.0
20150331,1,1,93050.0
20150401,1,1,93600.0
20150402,1,1,95138.0
20150403,1,1,97000.0
20150406,1,1,96463.0
20150407,1,1,94275.0
20150408,1,1,92624.0
20150409,1,1,95249.0
20150410,1,1,95249.0
20150413,1,1,95586.0
20150414,1,1,93849.0
20150415,1,1,92931.0
20150416,1,1,91556.0
20150417,1,1,91694.0
20150420,1,1,91944.0
20150421,1,1,91581.0
20150422,1,1,91406.0
20150423,1,1,91181.0
20150424,1,1,92256.0
20150427,1,1,92231.0
20150428,1,1,93631.0
20150429,1,1,95194.0
20150430,1,1,95893.0
20150501,1,1,95818.0
20150504,1,1,95006.0
20150505,1,1,95468.0
20150506,1,1,96956.0
20150507,1,1,96331.0
20150508,1,1,95543.0
20150511,1,1,94561.0
20150512,1,1,93573.0
20150513,1,1,91138.0
20150514,1,1,90875.0
20150515,1,1,91688.0
20150518,1,1,89013.0
20150519,1,1,87453.0
20150520,1,1,88303.0
20150521,1,1,87953.0
20150522,1,1,89541.0
20150526,1,1,92966.0
20150527,1,1,93416.0
20150528,1,1,92616.0
20150529,1,1,92428.0
20150601,1,1,93666.0
20150602,1,1,89849.0
20150603,1,1,91124.0
20150604,1,1,91074.0
20150605,1,1,90474.0
20150608,1,1,91636.0
20150609,1,1,90649.0
20150610,1,1,92461.0
20150611,1,1,91199.0
20150612,1,1,91161.0
20150615,1,1,91461.0
20150616,1,1,90949.0
20150617,1,1,92086.0
20150618,1,1,92849.0
20150619,1,1,92924.0
20150622,1,1,92130.0
20150623,1,1,90678.0
20150624,1,1,90290.0
20150625,1,1,90515.0
20150626,1,1,90859.0
20150629,1,1,90846.0
20150630,1,1,92303.0
20150701,1,1,92815.0
20150702,1,1,91430.0
20150706,1,1,90534.0
20150707,1,1,91428.0
20150708,1,1,91896.0
20150709,1,1,91903.0
20150710,1,1,87165.0
20150713,1,1,85219.0
20150714,1,1,85269.0
20150715,1,1,84453.0
20150716,1,1,85728.0
20150717,1,1,86028.0
20150720,1,1,86428.0
20150721,1,1,84746.0
20150722,1,1,85328.0
20150723,1,1,83915.0
20150724,1,1,84096.0
20150727,1,1,83334.0
20150728,1,1,82953.0
20150729,1,1,82722.0
20150730,1,1,81903.0
20150731,1,1,82297.0
20150803,1,1,82040.0
20150804,1,1,81640.0
20150805,1,1,81033.0
20150806,1,1,80589.0
20150807,1,1,79508.0
20150810,1,1,79283.0
20150811,1,1,79595.0
20150812,1,1,78611.0
20150813,1,1,78036.0
20150814,1,1,77911.0
20150817,1,1,77280.0
20150818,1,1,76524.0
20150819,1,1,78449.0
20150820,1,1,79536.0
20150821,1,1,82599.0
20150824,1,1,88836.0
20150825,1,1,85511.0
20150826,1,1,84805.0
20150827,1,1,82717.0
20150828,1,1,79658.0
20150831,1,1,78764.0
20150901,1,1,76914.0
20150902,1,1,77996.0
20150903,1,1,79327.0
20150904,1,1,78008.0
20150908,1,1,78458.0
20150909,1,1,78877.0
20150910,1,1,77783.0
20150911,1,1,77133.0
20150914,1,1,76914.0
20150915,1,1,77808.0
20150916,1,1,77939.0
20150917,1,1,76033.0
20150918,1,1,76258.0
20150921,1,1,78939.0
20150922,1,1,79221.0
20150923,1,1,78352.0
20150924,1,1,78146.0
20150925,1,1,79089.0
20150928,1,1,77858.0
20150929,1,1,77396.0
20150930,1,1,78833.0
20151001,1,1,78596.0
20151002,1,1,77971.0
20151005,1,1,79114.0
20151006,1,1,77752.0
20151007,1,1,77758.0
20151008,1,1,76291.0
20151009,1,1,77691.0
20151012,1,1,77534.0
20151013,1,1,77553.0
20151014,1,1,77722.0
20151015,1,1,76566.0
20151016,1,1,75934.0
20151019,1,1,75228.0
20151020,1,1,74953.0
20151021,1,1,74916.0
20151022,1,1,76722.0
20151023,1,1,78478.0
20151026,1,1,77653.0
20151027,1,1,77072.0
20151028,1,1,79628.0
20151029,1,1,78634.0
20151030,1,1,77928.0
20151102,1,1,77891.0
20151103,1,1,78728.0
20151104,1,1,80478.0
20151105,1,1,80216.0
20151106,1,1,83309.0
20151109,1,1,83034.0
20151110,1,1,83803.0
20151111,1,1,83272.0
20151112,1,1,82209.0
20151113,1,1,82991.0
20151116,1,1,84197.0
20151117,1,1,84684.0
20151118,1,1,84834.0
20151119,1,1,83184.0
20151120,1,1,84166.0
20151123,1,1,84522.0
20151124,1,1,83609.0
20151125,1,1,83859.0
20151127,1,1,83996.0
20151130,1,1,84103.0
20151201,1,1,83596.0
20151202,1,1,82914.0
20151203,1,1,86058.0
20151204,1,1,85551.0
20151207,1,1,85308.0
20151208,1,1,85614.0
20151209,1,1,87692.0
20151210,1,1,86192.0
20151211,1,1,87624.0
20151214,1,1,87680.0
20151215,1,1,85861.0
20151216,1,1,86586.0
20151217,1,1,83400.0
20151218,1,1,82775.0
20151221,1,1,83381.0
20151222,1,1,83737.0
20151223,1,1,83056.0
20151224,1,1,83731.0
20151228,1,1,83987.0
20151229,1,1,83469.0
20151230,1,1,83100.0
20151231,1,1,83059.0
20160104,1,1,84321.0
20160105,1,1,85640.0
20160106,1,1,85640.0
20160107,1,1,84627.0
20160108,1,1,84865.0
20160111,1,1,85384.0
20160112,1,1,85496.0
20160113,1,1,85059.0
20160114,1,1,84909.0
20160115,1,1,84434.0
20160119,1,1,84234.0
20160120,1,1,84402.0
20160121,1,1,83552.0
20160122,1,1,82971.0
20160125,1,1,83290.0
20160126,1,1,83471.0
20160127,1,1,84327.0
20160128,1,1,85040.0
20160129,1,1,85452.0
20160201,1,1,86302.0
20160202,1,1,85684.0
20160203,1,1,84914.0
20160204,1,1,87282.0
20160205,1,1,86307.0
20160208,1,1,88570.0
20160209,1,1,89814.0
20160210,1,1,91014.0
20160211,1,1,92789.0
20160212,1,1,91089.0
20160216,1,1,89076.0
20160217,1,1,89095.0
20160218,1,1,88945.0
20160219,1,1,89457.0
20160222,1,1,90557.0
20160223,1,1,91539.0
20160224,1,1,91876.0
20160225,1,1,90407.0
20160226,1,1,92351.0
20160229,1,1,91907.0
20160301,1,1,93314.0
20160302,1,1,92745.0
20160303,1,1,91745.0
20160304,1,1,91219.0
20160307,1,1,90662.0
20160308,1,1,89856.0
20160309,1,1,90631.0
20160310,1,1,84144.0
20160311,1,1,85300.0
20160314,1,1,86194.0
20160315,1,1,85313.0
20160316,1,1,83206.0
20160317,1,1,86043.0
20160318,1,1,85231.0
20160321,1,1,84781.0
20160322,1,1,83924.0
20160323,1,1,83337.0
20160324,1,1,82931.0
20160328,1,1,82025.0
20160329,1,1,82700.0
20160330,1,1,82919.0
20160331,1,1,83637.0
20160401,1,1,82887.0
20160404,1,1,82173.0
20160405,1,1,82810.0
20160406,1,1,83942.0
20160407,1,1,85054.0
20160408,1,1,85192.0
20160411,1,1,85804.0
20160412,1,1,84954.0
20160413,1,1,83000.0
20160414,1,1,83182.0
20160415,1,1,83550.0
20160418,1,1,83069.0
20160419,1,1,81963.0
20160420,1,1,82130.0
20160421,1,1,81942.0
20160422,1,1,85005.0
20160425,1,1,84224.0
20160426,1,1,83961.0
20160427,1,1,83424.0
20160428,1,1,81170.0
20160429,1,1,83383.0
20160502,1,1,84576.0
20160503,1,1,84420.0
20160504,1,1,83783.0
20160505,1,1,82133.0
20160506,1,1,82245.0
20160509,1,1,80664.0
20160510,1,1,79558.0
20160511,1,1,81133.0
20160512,1,1,79251.0
20160513,1,1,79389.0
20160516,1,1,79633.0
20160517,1,1,79789.0
20160518,1,1,81808.0
20160519,1,1,82108.0
20160520,1,1,82233.0
20160523,1,1,81151.0
20160524,1,1,82870.0
20160525,1,1,82795.0
20160526,1,1,82101.0
20160527,1,1,82933.0
20160531,1,1,83814.0
20160601,1,1,81103.0
20160602,1,1,82228.0
20160603,1,1,83682.0
20160606,1,1,83276.0
20160607,1,1,83213.0
20160608,1,1,84019.0
20160609,1,1,83269.0
20160610,1,1,82494.0
20160613,1,1,83588.0
20160614,1,1,82729.0
20160615,1,1,81917.0
20160616,1,1,84179.0
20160617,1,1,83854.0
20160620,1,1,83585.0
20160621,1,1,83379.0
20160622,1,1,83110.0
20160623,1,1,80326.0
20160624,1,1,76812.0
20160627,1,1,78605.0
20160628,1,1,77112.0
20160629,1,1,76599.0
20160630,1,1,76105.0
20160701,1,1,76274.0
20160705,1,1,78237.0
20160706,1,1,78012.0
20160707,1,1,79399.0
20160708,1,1,79880.0
20160711,1,1,76943.0
20160712,1,1,74480.0
20160713,1,1,74499.0
20160714,1,1,74053.0
20160715,1,1,74859.0
20160718,1,1,75428.0
20160719,1,1,76053.0
20160720,1,1,77091.0
20160721,1,1,75916.0
20160722,1,1,76853.0
20160725,1,1,76172.0
20160726,1,1,74841.0
20160727,1,1,75359.0
20160728,1,1,74728.0
20160729,1,1,73189.0
20160801,1,1,72895.0
20160802,1,1,73952.0
20160803,1,1,74658.0
20160804,1,1,74839.0
20160805,1,1,74670.0
20160808,1,1,73870.0
20160809,1,1,74264.0
20160810,1,1,74127.0
20160811,1,1,73777.0
20160812,1,1,73238.0
20160815,1,1,73463.0
20160816,1,1,75845.0
20160817,1,1,76101.0
20160818,1,1,77213.0
20160819,1,1,76432.0
20160822,1,1,76382.0
20160823,1,1,76207.0
20160824,1,1,75351.0
20160825,1,1,75407.0
20160826,1,1,72645.0
20160829,1,1,72507.0
20160830,1,1,71805.0
20160831,1,1,72130.0
20160901,1,1,71555.0
20160902,1,1,72761.0
20160906,1,1,69399.0
20160907,1,1,69174.0
20160908,1,1,68115.0
20160909,1,1,67983.0
20160912,1,1,67127.0
20160913,1,1,64940.0
20160914,1,1,65827.0
20160915,1,1,65971.0
20160916,1,1,64517.0
20160919,1,1,64942.0
20160920,1,1,65129.0
20160921,1,1,66492.0
20160922,1,1,65723.0
20160923,1,1,65117.0
20160926,1,1,65710.0
20160927,1,1,66229.0
20160928,1,1,65735.0
20160929,1,1,65329.0
20160930,1,1,64579.0
20161003,1,1,64648.0
20161004,1,1,64836.0
20161005,1,1,65642.0
20161006,1,1,67186.0
20161007,1,1,65442.0
20161010,1,1,66686.0
20161011,1,1,67536.0
20161012,1,1,69042.0
20161013,1,1,67699.0
20161014,1,1,69280.0
20161017,1,1,68742.0
20161018,1,1,69024.0
20161019,1,1,68636.0
20161020,1,1,69817.0
20161021,1,1,70330.0
20161024,1,1,70761.0
20161025,1,1,70611.0
20161026,1,1,70749.0
20161027,1,1,71692.0
20161028,1,1,70855.0
20161031,1,1,70886.0
20161101,1,1,71609.0
20161102,1,1,72759.0
20161103,1,1,73259.0
20161104,1,1,73259.0
20161107,1,1,70553.0
20161108,1,1,70244.0
20161109,1,1,63843.0
20161110,1,1,65249.0
20161111,1,1,65805.0
20161114,1,1,69168.0
20161115,1,1,70155.0
20161116,1,1,70424.0
20161117,1,1,71911.0
20161118,1,1,73011.0
20161121,1,1,73411.0
20161122,1,1,73243.0
20161123,1,1,75649.0
20161125,1,1,75718.0
20161128,1,1,74768.0
20161129,1,1,74149.0
20161130,1,1,76761.0
20161201,1,1,75318.0
20161202,1,1,75143.0
20161205,1,1,70583.0
20161206,1,1,71571.0
20161207,1,1,70833.0
20161208,1,1,66893.0
20161209,1,1,65814.0
20161212,1,1,66664.0
20161213,1,1,66683.0
20161214,1,1,67077.0
20161215,1,1,69183.0
20161216,1,1,69214.0
20161219,1,1,68889.0
20161220,1,1,69558.0
20161221,1,1,68914.0
20161222,1,1,68839.0
20161223,1,1,68333.0
20161227,1,1,68414.0
20161228,1,1,68708.0
20161229,1,1,67496.0
20161230,1,1,65964.0
20170103,1,1,65131.0
20170104,1,1,64443.0
20170105,1,1,61826.0
20170106,1,1,61257.0
20170109,1,1,61576.0
20170110,1,1,62082.0
20170111,1,1,62176.0
20170112,1,1,62101.0
20170113,1,1,62501.0
20170117,1,1,65070.0
20170118,1,1,63614.0
20170119,1,1,62351.0
20170120,1,1,63439.0
20170123,1,1,65145.0
20170124,1,1,63982.0
20170125,1,1,64470.0
20170126,1,1,62435.0
20170127,1,1,63116.0
20170130,1,1,61735.0
20170131,1,1,62193.0
20170201,1,1,61518.0
20170202,1,1,61636.0
20170203,1,1,61449.0
20170206,1,1,62349.0
20170207,1,1,60902.0
20170208,1,1,61089.0
20170209,1,1,60239.0
20170210,1,1,60483.0
20170213,1,1,60164.0
20170214,1,1,61033.0
20170215,1,1,60902.0
20170216,1,1,58739.0
20170217,1,1,59445.0
20170221,1,1,60802.0
20170222,1,1,60083.0
20170223,1,1,59727.0
20170224,1,1,60152.0
20170227,1,1,58208.0
20170228,1,1,58864.0
20170301,1,1,56770.0
20170302,1,1,55751.0
20170303,1,1,53320.0
20170306,1,1,52983.0
20170307,1,1,52851.0
20170308,1,1,52989.0
20170309,1,1,53964.0
20170310,1,1,55164.0
20170313,1,1,54701.0
20170314,1,1,54051.0
20170315,1,1,53524.0
20170316,1,1,54236.0
20170317,1,1,54718.0
20170320,1,1,54693.0
20170321,1,1,56161.0
20170322,1,1,57118.0
20170323,1,1,56761.0
20170324,1,1,57311.0
20170327,1,1,58280.0
20170328,1,1,56999.0
20170329,1,1,57079.0
20170330,1,1,57164.0
20170331,1,1,56945.0
20170403,1,1,56839.0
20170404,1,1,56514.0
20170405,1,1,56826.0
20170406,1,1,56920.0
20170407,1,1,56270.0
20170410,1,1,56389.0
20170411,1,1,57532.0
20170412,1,1,57670.0
20170413,1,1,56586.0
20170417,1,1,57155.0
20170418,1,1,58649.0
20170419,1,1,58180.0
20170420,1,1,57499.0
20170421,1,1,57292.0
20170424,1,1,57692.0
20170425,1,1,60074.0
20170426,1,1,59855.0
20170427,1,1,59505.0
20170428,1,1,59824.0
20170501,1,1,60411.0
20170502,1,1,60849.0
20170503,1,1,61161.0
20170504,1,1,61880.0
20170505,1,1,62211.0
20170508,1,1,61924.0
20170509,1,1,63043.0
20170510,1,1,63206.0
20170511,1,1,62718.0
20170512,1,1,61575.0
20170515,1,1,61150.0
20170516,1,1,61887.0
20170517,1,1,64456.0
20170518,1,1,63562.0
20170519,1,1,64850.0
20170522,1,1,65418.0
20170523,1,1,64206.0
20170524,1,1,64350.0
20170525,1,1,64350.0
20170526,1,1,64462.0
20170530,1,1,65137.0
20170531,1,1,66106.0
20170601,1,1,64918.0
20170602,1,1,66531.0
20170605,1,1,66268.0
20170606,1,1,67356.0
20170607,1,1,66862.0
20170608,1,1,65837.0
20170609,1,1,65906.0
20170612,1,1,66137.0
20170613,1,1,65918.0
20170614,1,1,64753.0
20170615,1,1,63971.0
20170616,1,1,63446.0
20170619,1,1,64734.0
20170620,1,1,64846.0
20170621,1,1,64365.0
20170622,1,1,64628.0
20170623,1,1,63915.0
20170626,1,1,64759.0
20170627,1,1,64976.0
20170628,1,1,65514.0
20170629,1,1,65957.0
20170630,1,1,66332.0
20170703,1,1,66326.0
20170705,1,1,66064.0
20170706,1,1,66976.0
20170707,1,1,67439.0
20170710,1,1,67495.0
20170711,1,1,68207.0
20170712,1,1,66727.0
20170713,1,1,66589.0
20170714,1,1,68020.0
20170717,1,1,68139.0
20170718,1,1,69795.0
20170719,1,1,69420.0
20170720,1,1,70508.0
20170721,1,1,72120.0
20170724,1,1,71602.0
20170725,1,1,70883.0
20170726,1,1,72114.0
20170727,1,1,72058.0
20170728,1,1,73514.0
20170731,1,1,74758.0
20170801,1,1,74320.0
20170802,1,1,74752.0
20170803,1,1,75345.0
20170804,1,1,73200.0
20170807,1,1,72863.0
20170808,1,1,73082.0
20170809,1,1,72463.0
20170810,1,1,72850.0
20170811,1,1,72481.0
20170814,1,1,72331.0
20170815,1,1,71760.0
20170816,1,1,70916.0
20170817,1,1,70804.0
20170818,1,1,69351.0
20170821,1,1,69504.0
20170822,1,1,68054.0
20170823,1,1,69422.0
20170824,1,1,68672.0
20170825,1,1,69854.0
20170828,1,1,71285.0
20170829,1,1,70760.0
20170830,1,1,68829.0
20170831,1,1,68341.0
20170901,1,1,68160.0
20170905,1,1,67135.0
20170906,1,1,67760.0
20170907,1,1,67605.0
20170908,1,1,68799.0
20170911,1,1,66330.0
20170912,1,1,65611.0
20170913,1,1,65917.0
20170914,1,1,65336.0
20170915,1,1,65342.0
20170918,1,1,65786.0
20170919,1,1,65249.0
20170920,1,1,67467.0
20170921,1,1,67230.0
20170922,1,1,66567.0
20170925,1,1,67324.0
20170926,1,1,68474.0
20170927,1,1,69574.0
20170928,1,1,68911.0
20170929,1,1,68711.0
20171002,1,1,69774.0
20171003,1,1,69999.0
20171004,1,1,69661.0
20171005,1,1,70536.0
20171006,1,1,70055.0
20171009,1,1,69224.0
20171010,1,1,69386.0
20171011,1,1,69955.0
20171012,1,1,69855.0
20171013,1,1,69974.0
20171016,1,1,69311.0
20171017,1,1,69049.0
20171018,1,1,68443.0
20171019,1,1,68524.0
20171020,1,1,68730.0
20171023,1,1,68461.0
20171024,1,1,67711.0
20171025,1,1,67630.0
20171026,1,1,69755.0
20171027,1,1,70349.0
20171030,1,1,69243.0
20171031,1,1,68126.0
20171101,1,1,68013.0
20171102,1,1,67713.0
20171103,1,1,67877.0
20171106,1,1,67514.0
20171107,1,1,67864.0
20171108,1,1,67695.0
20171109,1,1,66327.0
20171110,1,1,65727.0
20171113,1,1,65727.0
20171114,1,1,66555.0
20171115,1,1,67024.0
20171116,1,1,66555.0
20171117,1,1,67786.0
20171120,1,1,66418.0
20171121,1,1,66755.0
20171122,1,1,69049.0
20171124,1,1,69893.0
20171127,1,1,70105.0
20171128,1,1,68724.0
20171129,1,1,68805.0
20171130,1,1,68833.0
20171201,1,1,68296.0
20171204,1,1,68408.0
20171205,1,1,67858.0
20171206,1,1,67323.0
20171207,1,1,68392.0
20171208,1,1,68854.0
20171211,1,1,68654.0
20171212,1,1,69298.0
20171213,1,1,67186.0
20171214,1,1,67468.0
20171215,1,1,67462.0
20171218,1,1,67212.0
20171219,1,1,66112.0
20171220,1,1,65844.0
20171221,1,1,65531.0
20171222,1,1,65150.0
20171226,1,1,65181.0
20171227,1,1,65706.0
20171228,1,1,65981.0
20171229,1,1,66581.0
20180102,1,1,66631.0
20180103,1,1,66431.0
20180104,1,1,67338.0
20180105,1,1,67438.0
20180108,1,1,66294.0
20180109,1,1,65392.0
20180110,1,1,65282.0
20180111,1,1,64564.0
20180112,1,1,65192.0
20180116,1,1,67054.0
20180117,1,1,65811.0
20180118,1,1,65942.0
20180119,1,1,66204.0
20180122,1,1,66098.0
20180123,1,1,67229.0
20180124,1,1,69911.0
20180125,1,1,69304.0
20180126,1,1,70486.0
20180129,1,1,69779.0
20180130,1,1,70136.0
20180131,1,1,69861.0
20180201,1,1,70268.0
20180202,1,1,70499.0
20180205,1,1,69243.0
20180206,1,1,67599.0
20180207,1,1,69155.0
20180208,1,1,68792.0
20180209,1,1,68705.0
20180212,1,1,67967.0
20180213,1,1,68105.0
20180214,1,1,67435.0
20180215,1,1,69160.0
20180216,1,1,67960.0
20180220,1,1,65860.0
20180221,1,1,64866.0
20180222,1,1,65035.0
20180223,1,1,65366.0
20180226,1,1,64991.0
20180227,1,1,64847.0
20180228,1,1,64484.0
20180301,1,1,63453.0
20180302,1,1,61756.0
20180305,1,1,61081.0
20180306,1,1,60081.0
20180307,1,1,59799.0
20180308,1,1,58318.0
20180309,1,1,57837.0
20180312,1,1,58549.0
20180313,1,1,57513.0
20180314,1,1,56850.0
20180315,1,1,55950.0
20180316,1,1,55506.0
20180319,1,1,56275.0
20180320,1,1,55494.0
20180321,1,1,56088.0
20180322,1,1,54673.0
20180323,1,1,56317.0
20180326,1,1,56935.0
20180327,1,1,55854.0
20180328,1,1,53440.0
20180329,1,1,52684.0
20180402,1,1,51695.0
20180403,1,1,52933.0
20180404,1,1,52927.0
20180405,1,1,54333.0
20180406,1,1,53095.0
20180409,1,1,52608.0
20180410,1,1,52558.0
20180411,1,1,52295.0
20180412,1,1,53064.0
20180413,1,1,53270.0
20180416,1,1,52102.0
20180417,1,1,51846.0
20180418,1,1,52240.0
20180419,1,1,51883.0
20180420,1,1,50570.0
20180423,1,1,52683.0
20180424,1,1,52339.0
20180425,1,1,53820.0
20180426,1,1,54776.0
20180427,1,1,54270.0
20180430,1,1,55058.0
20180501,1,1,56695.0
20180502,1,1,56808.0
20180503,1,1,56195.0
20180504,1,1,56045.0
20180507,1,1,56614.0
20180508,1,1,57483.0
20180509,1,1,56720.0
20180510,1,1,55129.0
20180511,1,1,54472.0
20180514,1,1,54860.0
20180515,1,1,54085.0
20180516,1,1,54572.0
20180517,1,1,55166.0
20180518,1,1,55404.0
20180521,1,1,55885.0
20180522,1,1,55722.0
20180523,1,1,55791.0
20180524,1,1,55110.0
20180525,1,1,55804.0
20180529,1,1,58660.0
20180530,1,1,56504.0
20180531,1,1,56335.0
20180601,1,1,55710.0
20180604,1,1,54260.0
20180605,1,1,54429.0
20180606,1,1,54647.0
20180607,1,1,55572.0
20180608,1,1,55341.0
20180611,1,1,54966.0
20180612,1,1,54547.0
20180613,1,1,55047.0
20180614,1,1,53661.0
20180615,1,1,53536.0
20180618,1,1,53317.0
20180619,1,1,53404.0
20180620,1,1,53623.0
20180621,1,1,52654.0
20180622,1,1,52198.0
20180625,1,1,51223.0
20180626,1,1,52642.0
20180627,1,1,53929.0
20180628,1,1,54454.0
20180629,1,1,53292.0
20180702,1,1,54098.0
20180703,1,1,53267.0
20180705,1,1,52873.0
20180706,1,1,53442.0
20180709,1,1,53879.0
20180710,1,1,54329.0
20180711,1,1,54192.0
20180712,1,1,54561.0
20180713,1,1,54498.0
20180716,1,1,54898.0
20180717,1,1,54817.0
20180718,1,1,54032.0
20180719,1,1,53751.0
20180720,1,1,52807.0
20180723,1,1,53313.0
20180724,1,1,53669.0
20180725,1,1,53832.0
20180726,1,1,54138.0
20180727,1,1,54244.0
20180730,1,1,53563.0
20180731,1,1,51667.0
20180801,1,1,50285.0
20180802,1,1,49544.0
20180803,1,1,49226.0
20180806,1,1,49669.0
20180807,1,1,49232.0
20180808,1,1,48482.0
20180809,1,1,49569.0
20180810,1,1,51028.0
20180813,1,1,51028.0
20180814,1,1,51184.0
20180815,1,1,51746.0
20180816,1,1,51209.0
20180817,1,1,50515.0
20180820,1,1,50327.0
20180821,1,1,51427.0
20180822,1,1,51439.0
20180823,1,1,50120.0
20180824,1,1,51145.0
20180827,1,1,51701.0
20180828,1,1,52020.0
20180829,1,1,52545.0
20180830,1,1,51438.0
20180831,1,1,50557.0
20180904,1,1,49980.0
20180905,1,1,49493.0
20180906,1,1,48837.0
20180907,1,1,48500.0
20180910,1,1,47957.0
20180911,1,1,47719.0
20180912,1,1,46628.0
20180913,1,1,46584.0
20180914,1,1,45678.0
20180917,1,1,46190.0
20180918,1,1,46453.0
20180919,1,1,46415.0
20180920,1,1,47909.0
20180921,1,1,47615.0
20180924,1,1,47921.0
20180925,1,1,48240.0
20180926,1,1,48065.0
20180927,1,1,47243.0
20180928,1,1,48012.0
20181001,1,1,48887.0
20181002,1,1,49006.0
20181003,1,1,50012.0
20181004,1,1,49643.0
20181005,1,1,49406.0
20181008,1,1,50199.0
20181009,1,1,50056.0
20181010,1,1,50162.0
20181011,1,1,49974.0
20181012,1,1,49530.0
20181015,1,1,49874.0
20181016,1,1,49493.0
20181017,1,1,48255.0
20181018,1,1,48250.0
20181019,1,1,47294.0
20181022,1,1,47619.0
20181023,1,1,47944.0
20181024,1,1,48994.0
20181025,1,1,49150.0
20181026,1,1,49313.0
20181029,1,1,49038.0
20181030,1,1,49794.0
20181031,1,1,50250.0
20181101,1,1,48806.0
20181102,1,1,49675.0
20181105,1,1,49213.0
20181106,1,1,49488.0
20181107,1,1,49234.0
20181108,1,1,48603.0
20181109,1,1,47697.0
20181112,1,1,48960.0
20181113,1,1,48628.0
20181114,1,1,47428.0
20181115,1,1,47422.0
20181116,1,1,46378.0
20181119,1,1,45894.0
20181120,1,1,44569.0
20181121,1,1,44481.0
20181123,1,1,44006.0
20181126,1,1,43106.0
20181127,1,1,42642.0
20181128,1,1,40917.0
20181129,1,1,40698.0
20181130,1,1,41892.0
20181203,1,1,41573.0
20181204,1,1,40748.0
20181205,1,1,41155.0
20181206,1,1,40030.0
20181207,1,1,39417.0
20181210,1,1,39730.0
20181211,1,1,39873.0
20181212,1,1,39555.0
20181213,1,1,38998.0
20181214,1,1,39460.0
20181217,1,1,38354.0
20181218,1,1,38098.0
20181219,1,1,35892.0
20181220,1,1,38261.0
20181221,1,1,36723.0
20181224,1,1,38173.0
20181226,1,1,36411.0
20181227,1,1,38104.0
20181228,1,1,38304.0
20181231,1,1,39148.0
20190102,1,1,38323.0
20190103,1,1,39286.0
20190104,1,1,38373.0
20190107,1,1,37273.0
20190108,1,1,37698.0
20190109,1,1,38211.0
20190110,1,1,37429.0
20190111,1,1,36904.0
20190114,1,1,37211.0
20190115,1,1,35892.0
20190116,1,1,36204.0
20190117,1,1,36007.0
20190118,1,1,36813.0
20190122,1,1,36426.0
20190123,1,1,36507.0
20190124,1,1,37732.0
20190125,1,1,36251.0
20190128,1,1,35795.0
20190129,1,1,35738.0
20190130,1,1,34987.0
20190131,1,1,34324.0
20190201,1,1,35187.0
20190204,1,1,35249.0
20190205,1,1,35024.0
20190206,1,1,34449.0
20190207,1,1,33977.0
20190208,1,1,34290.0
20190211,1,1,35533.0
20190212,1,1,34965.0
20190213,1,1,36258.0
20190214,1,1,35427.0
20190215,1,1,35483.0
20190219,1,1,35158.0
20190220,1,1,35233.0
20190221,1,1,35308.0
20190222,1,1,35321.0
20190225,1,1,35458.0
20190226,1,1,35102.0
20190227,1,1,34208.0
20190228,1,1,34306.0
20190301,1,1,34650.0
20190304,1,1,34043.0
20190305,1,1,33843.0
20190306,1,1,33806.0
20190307,1,1,34543.0
20190308,1,1,32485.0
20190311,1,1,32366.0
20190312,1,1,31610.0
20190313,1,1,31435.0
20190314,1,1,31104.0
20190315,1,1,30231.0
20190318,1,1,29943.0
20190319,1,1,29787.0
20190320,1,1,29030.0
20190321,1,1,27655.0
20190322,1,1,27611.0
20190325,1,1,27817.0
20190326,1,1,26917.0
20190327,1,1,26849.0
20190328,1,1,26052.0
20190329,1,1,25940.0
20190401,1,1,26190.0
20190402,1,1,26396.0
20190403,1,1,25977.0
20190404,1,1,26415.0
20190405,1,1,26558.0
20190408,1,1,25827.0
20190409,1,1,25365.0
20190410,1,1,25215.0
20190411,1,1,26183.0
20190412,1,1,25387.0
20190415,1,1,25406.0
20190416,1,1,25193.0
20190417,1,1,25356.0
20190418,1,1,24418.0
20190422,1,1,24756.0
20190423,1,1,24103.0
20190424,1,1,25572.0
20190425,1,1,24941.0
20190426,1,1,24634.0
20190429,1,1,24159.0
20190430,1,1,24053.0
20190501,1,1,24134.0
20190502,1,1,24559.0
20190503,1,1,24716.0
20190506,1,1,24797.0
20190507,1,1,25741.0
20190508,1,1,25759.0
20190509,1,1,25561.0
20190510,1,1,25399.0
20190513,1,1,25974.0
20190514,1,1,25349.0
20190515,1,1,25367.0
20190516,1,1,24561.0
20190517,1,1,24510.0
20190520,1,1,24298.0
20190521,1,1,25104.0
20190522,1,1,24754.0
20190523,1,1,23704.0
20190524,1,1,23310.0
20190528,1,1,23442.0
20190529,1,1,23879.0
20190530,1,1,23760.0
20190531,1,1,24510.0
20190603,1,1,25106.0
20190604,1,1,25075.0
20190605,1,1,24256.0
20190606,1,1,24750.0
20190607,1,1,25856.0
20190610,1,1,25263.0
20190611,1,1,25381.0
20190612,1,1,24769.0
20190613,1,1,24794.0
20190614,1,1,24008.0
20190617,1,1,23802.0
20190618,1,1,23977.0
20190619,1,1,22833.0
20190620,1,1,22517.0
20190621,1,1,22175.0
20190624,1,1,22663.0
20190625,1,1,22500.0
20190626,1,1,21681.0
20190627,1,1,21731.0
20190628,1,1,21738.0
20190701,1,1,20456.0
20190702,1,1,19831.0
20190703,1,1,19467.0
20190705,1,1,21061.0
20190708,1,1,21355.0
20190709,1,1,21580.0
20190710,1,1,20580.0
20190711,1,1,20611.0
20190712,1,1,19767.0
20190715,1,1,20024.0
20190716,1,1,21180.0
20190717,1,1,20730.0
20190718,1,1,20186.0
20190719,1,1,20467.0
20190722,1,1,20486.0
20190723,1,1,20817.0
20190724,1,1,21055.0
20190725,1,1,20479.0
20190726,1,1,20679.0
20190729,1,1,20529.0
20190730,1,1,20217.0
20190731,1,1,21323.0
20190801,1,1,20302.0
20190802,1,1,20852.0
20190805,1,1,21832.0
20190806,1,1,21238.0
20190807,1,1,21844.0
20190808,1,1,21588.0
20190809,1,1,22269.0
20190812,1,1,22782.0
20190813,1,1,20613.0
20190814,1,1,21025.0
20190815,1,1,20012.0
20190816,1,1,19937.0
20190819,1,1,19755.0
20190820,1,1,19030.0
20190821,1,1,19487.0
20190822,1,1,19343.0
20190823,1,1,17355.0
20190826,1,1,15999.0
20190827,1,1,16518.0
20190828,1,1,16412.0
20190829,1,1,16140.0
20190830,1,1,16665.0
20190903,1,1,16578.0
20190904,1,1,16196.0
20190905,1,1,15925.0
20190906,1,1,15775.0
20190909,1,1,16343.0
20190910,1,1,16562.0
20190911,1,1,16443.0
20190912,1,1,14551.0
20190913,1,1,14034.0
20190916,1,1,13140.0
20190917,1,1,14052.0
20190918,1,1,13765.0
20190919,1,1,13627.0
20190920,1,1,12821.0
20190923,1,1,12306.0
20190924,1,1,13056.0
20190925,1,1,11614.0
20190926,1,1,11808.0
20190927,1,1,11627.0
20190930,1,1,11577.0
20191001,1,1,10777.0
20191002,1,1,9958.0
20191003,1,1,9649.0
20191004,1,1,9574.0
20191007,1,1,9224.0
20191008,1,1,9649.0
20191009,1,1,8962.0
20191010,1,1,8025.0
20191011,1,1,9113.0
20191014,1,1,8775.0
20191015,1,1,9369.0
20191016,1,1,9763.0
20191017,1,1,10288.0
20191018,1,1,10519.0
20191021,1,1,10488.0
20191022,1,1,10044.0
20191023,1,1,10325.0
20191024,1,1,10032.0
20191025,1,1,9757.0
20191028,1,1,10300.0
20191029,1,1,9300.0
20191030,1,1,9300.0
20191031,1,1,8188.0
20191101,1,1,7663.0
20191104,1,1,7725.0
20191105,1,1,8042.0
20191106,1,1,7705.0
20191107,1,1,8430.0
20191108,1,1,8561.0
20191111,1,1,8317.0
20191112,1,1,8536.0
20191113,1,1,8480.0
20191114,1,1,7855.0
20191115,1,1,7961.0
20191118,1,1,7723.0
20191119,1,1,7642.0
20191120,1,1,7629.0
20191121,1,1,6759.0
20191122,1,1,6296.0
20191125,1,1,5710.0
20191126,1,1,5497.0
20191127,1,1,5696.0
20191129,1,1,5421.0
20191202,1,1,3902.0
20191203,1,1,3489.0
20191204,1,1,2730.0
20191205,1,1,3211.0
20191206,1,1,2830.0
20191209,1,1,2873.0
20191210,1,1,3180.0
20191211,1,1,3923.0
20191212,1,1,2488.0
20191213,1,1,2570.0
20191216,1,1,3188.0
20191217,1,1,3076.0
20191218,1,1,2770.0
20191219,1,1,2220.0
20191220,1,1,3039.0
20191223,1,1,2745.0
20191224,1,1,2845.0
20191226,1,1,2951.0
20191227,1,1,1920.0
20191230,1,1,1476.0
20191231,1,1,1863.0
20200102,1,1,1088.0
20200103,1,1,1651.0
20200106,1,1,1470.0
20200107,1,1,776.0
20200108,1,1,251.0
20200109,1,1,657.0
20200110,1,1,488.0
20200113,1,1,713.0
20200114,1,1,926.0
20200115,1,1,594.0
20200116,1,1,1069.0
20200117,1,1,1601.0
20200121,1,1,1244.0
20200122,1,1,1388.0
20200123,1,1,1544.0
20200124,1,1,1576.0
20200127,1,1,1363.0
20200128,1,1,1126.0
20200129,1,1,1188.0
20200130,1,1,1351.0
20200131,1,1,1812.0
20200203,1,1,1143.0
20200204,1,1,-19.0
20200205,1,1,-688.0
20200206,1,1,-257.0
20200207,1,1,-101.0
20200210,1,1,268.0
20200211,1,1,237.0
20200212,1,1,1287.0
20200213,1,1,1349.0
20200214,1,1,1355.0
20200218,1,1,2068.0
20200219,1,1,3793.0
20200220,1,1,4405.0
20200221,1,1,3118.0
20200224,1,1,1808.0
20200225,1,1,1762.0
20200226,1,1,1843.0
20200227,1,1,3193.0
20200228,1,1,5937.0
20200302,1,1,7562.0
20200303,1,1,8387.0
20200304,1,1,7775.0
20200305,1,1,9537.0
20200306,1,1,12312.0
20200309,1,1,17750.0
20200310,1,1,12093.0
20200311,1,1,12468.0
20200312,1,1,10856.0
20200313,1,1,14962.0
20200316,1,1,11450.0
20200317,1,1,15706.0
20200318,1,1,17368.0
20200319,1,1,22637.0
20200320,1,1,23687.0
20200323,1,1,22918.0
20200324,1,1,22487.0
20200325,1,1,21112.0
20200326,1,1,16868.0
20200327,1,1,15800.0
20200330,1,1,13864.0
20200331,1,1,13970.0
20200401,1,1,13226.0
20200402,1,1,11433.0
20200403,1,1,10464.0
20200406,1,1,9445.0
20200407,1,1,11026.0
20200408,1,1,10495.0
20200409,1,1,11858.0
20200413,1,1,12633.0
20200414,1,1,13689.0
20200415,1,1,12601.0
20200416,1,1,11414.0
20200417,1,1,11714.0
20200420,1,1,11576.0
20200421,1,1,11295.0
20200422,1,1,10592.0
20200423,1,1,11124.0
20200424,1,1,11155.0
20200427,1,1,10942.0
20200428,1,1,11324.0
20200429,1,1,11180.0
20200430,1,1,9474.0
20200501,1,1,9549.0
20200504,1,1,10586.0
20200505,1,1,11530.0
20200506,1,1,12605.0
20200507,1,1,12074.0
20200508,1,1,11455.0
20200511,1,1,11630.0
20200512,1,1,10548.0
20200513,1,1,10736.0
20200514,1,1,11411.0
20200515,1,1,11092.0
20200518,1,1,10289.0
20200519,1,1,11070.0
20200520,1,1,11276.0
20200521,1,1,11020.0
20200522,1,1,10133.0
20200526,1,1,11420.0
20200527,1,1,11558.0
20200528,1,1,12733.0
20200529,1,1,13026.0
20200601,1,1,13233.0
20200602,1,1,14908.0
20200603,1,1,15964.0
20200604,1,1,17558.0
20200605,1,1,17370.0
20200608,1,1,16145.0
20200609,1,1,16132.0
20200610,1,1,17400.0
20200611,1,1,16550.0
20200612,1,1,16124.0
20200615,1,1,15187.0
20200616,1,1,15780.0
20200617,1,1,16499.0
20200618,1,1,17068.0
20200619,1,1,17312.0
20200622,1,1,16312.0
20200623,1,1,16174.0
20200624,1,1,16318.0
20200625,1,1,16562.0
20200626,1,1,16449.0
20200629,1,1,15703.0
20200630,1,1,16003.0
20200701,1,1,15359.0
20200702,1,1,14062.0
20200706,1,1,14837.0
20200707,1,1,14718.0
20200708,1,1,14993.0
20200709,1,1,14493.0
20200710,1,1,13800.0
20200713,1,1,14107.0
20200714,1,1,14675.0
20200715,1,1,15075.0
20200716,1,1,14250.0
20200717,1,1,15457.0
20200720,1,1,15119.0
20200721,1,1,16807.0
20200722,1,1,16775.0
20200723,1,1,17813.0
20200724,1,1,18975.0
20200727,1,1,21088.0
20200728,1,1,21063.0
20200729,1,1,21632.0
20200730,1,1,22732.0
20200731,1,1,21094.0
20200803,1,1,18676.0
20200804,1,1,18176.0
20200805,1,1,17026.0
20200806,1,1,15988.0
20200807,1,1,15226.0
20200810,1,1,14757.0
20200811,1,1,15570.0
20200812,1,1,14496.0
20200813,1,1,14383.0
20200814,1,1,13514.0
20200817,1,1,12589.0
20200818,1,1,11804.0
20200819,1,1,9854.0
20200820,1,1,9960.0
20200821,1,1,9091.0
20200824,1,1,8979.0
20200825,1,1,9054.0
20200826,1,1,9185.0
20200827,1,1,8635.0
20200828,1,1,7730.0
20200831,1,1,8786.0
20200901,1,1,8568.0
20200902,1,1,7880.0
20200903,1,1,8005.0
20200904,1,1,6474.0
20200908,1,1,7168.0
20200909,1,1,7011.0
20200910,1,1,6711.0
20200911,1,1,6643.0
20200914,1,1,5774.0
20200915,1,1,5555.0
20200916,1,1,6755.0
20200917,1,1,6617.0
20200918,1,1,6617.0
20200921,1,1,7567.0
20200922,1,1,8030.0
20200923,1,1,8073.0
20200924,1,1,7961.0
20200925,1,1,8283.0
20200928,1,1,7664.0
20200929,1,1,6713.0
20200930,1,1,6250.0
20201001,1,1,6681.0
20201002,1,1,6069.0
20201005,1,1,7231.0
20201006,1,1,6763.0
20201007,1,1,7475.0
20201008,1,1,7325.0
20201009,1,1,7738.0
20201012,1,1,7225.0
20201013,1,1,6581.0
20201014,1,1,5881.0
20201015,1,1,6169.0
20201016,1,1,5969.0
20201019,1,1,5306.0
20201020,1,1,4788.0
20201021,1,1,6257.0
20201022,1,1,5338.0
20201023,1,1,5988.0
20201026,1,1,5282.0
20201027,1,1,5694.0
20201028,1,1,4464.0
20201029,1,1,5101.0
20201030,1,1,5414.0
20201102,1,1,5407.0
20201103,1,1,4739.0
20201104,1,1,3077.0
20201105,1,1,2671.0
20201106,1,1,3540.0
20201109,1,1,715.0
20201110,1,1,327.0
20201111,1,1,15.0
20201112,1,1,27.0
20201113,1,1,-185.0
20201116,1,1,-110.0
20201117,1,1,-273.0
20201118,1,1,-1180.0
20201119,1,1,-999.0
20201120,1,1,-1261.0
20201123,1,1,-2236.0
20201124,1,1,-1811.0
20201125,1,1,-1230.0
20201127,1,1,-292.0
20201130,1,1,-767.0
20201201,1,1,401.0
20201202,1,1,864.0
20201203,1,1,2070.0
20201204,1,1,1858.0
20201207,1,1,1776.0
20201208,1,1,1389.0
20201209,1,1,638.0
20201210,1,1,-69.0
20201211,1,1,400.0
20201214,1,1,-800.0
20201215,1,1,-231.0
20201216,1,1,-56.0
20201217,1,1,1788.0
20201218,1,1,1294.0
20201221,1,1,1369.0
20201222,1,1,-87.0
20201223,1,1,138.0
20201224,1,1,94.0
20201228,1,1,138.0
20201229,1,1,1025.0
20201230,1,1,1719.0
20201231,1,1,900.0
20210104,1,1,1413.0
20210105,1,1,2606.0
20210106,1,1,2088.0
20210107,1,1,1631.0
20210108,1,1,1419.0
20210111,1,1,2376.0
20210112,1,1,1513.0
20210113,1,1,2157.0
20210114,1,1,2057.0
20210115,1,1,3126.0
20210119,1,1,2526.0
20210120,1,1,2388.0
20210121,1,1,1726.0
20210122,1,1,1988.0
20210125,1,1,2326.0
20210126,1,1,1826.0
20210127,1,1,3219.0
20210128,1,1,2938.0
20210129,1,1,3526.0
20210201,1,1,4576.0
20210202,1,1,5319.0
20210203,1,1,5226.0
20210204,1,1,6513.0
20210205,1,1,5463.0
20210208,1,1,4878.0
20210209,1,1,5531.0
20210210,1,1,5549.0
20210211,1,1,5431.0
20210212,1,1,4993.0
20210216,1,1,4608.0
20210217,1,1,3639.0
20210218,1,1,4008.0
20210219,1,1,4152.0
20210222,1,1,4264.0
20210223,1,1,4302.0
20210224,1,1,5052.0
20210225,1,1,5808.0
20210226,1,1,5527.0
20210301,1,1,6096.0
20210302,1,1,5584.0
20210303,1,1,6065.0
20210304,1,1,8334.0
20210305,1,1,9452.0
20210308,1,1,10727.0
20210309,1,1,9765.0
20210310,1,1,9427.0
20210311,1,1,8746.0
20210312,1,1,9821.0
20210315,1,1,10215.0
20210316,1,1,10321.0
20210317,1,1,9450.0
20210318,1,1,8200.0
20210319,1,1,8243.0
20210322,1,1,8756.0
20210323,1,1,7822.0
20210324,1,1,8260.0
20210325,1,1,8310.0
20210326,1,1,8735.0
20210329,1,1,9204.0
20210330,1,1,10341.0
20210331,1,1,10679.0
20210401,1,1,9972.0
20210405,1,1,8991.0
20210406,1,1,8384.0
20210407,1,1,8265.0
20210408,1,1,8595.0
20210409,1,1,8001.0
20210412,1,1,8264.0
20210413,1,1,9139.0
20210414,1,1,9589.0
20210415,1,1,9920.0
20210416,1,1,9820.0
20210419,1,1,11301.0
20210420,1,1,11176.0
20210421,1,1,11176.0
20210422,1,1,10895.0
20210423,1,1,12132.0
20210426,1,1,11926.0
20210427,1,1,11233.0
20210428,1,1,11633.0
20210429,1,1,11826.0
20210430,1,1,11820.0
20210503,1,1,11064.0
20210504,1,1,11951.0
20210505,1,1,12064.0
20210506,1,1,11158.0
20210507,1,1,10088.0
20210510,1,1,9632.0
20210511,1,1,9882.0
20210512,1,1,7893.0
20210513,1,1,7699.0
20210514,1,1,8431.0
20210517,1,1,8443.0
20210518,1,1,8987.0
20210519,1,1,8631.0
20210520,1,1,8799.0
20210521,1,1,8437.0
20210524,1,1,8687.0
20210525,1,1,8881.0
20210526,1,1,7649.0
20210527,1,1,7095.0
20210528,1,1,6365.0
20210601,1,1,5646.0
20210602,1,1,6021.0
20210603,1,1,7871.0
20210604,1,1,6558.0
20210607,1,1,5902.0
20210608,1,1,6346.0
20210609,1,1,6440.0
20210610,1,1,6408.0
20210611,1,1,7571.0
20210614,1,1,7783.0
20210615,1,1,7696.0
20210616,1,1,9446.0
20210617,1,1,10546.0
20210618,1,1,10921.0
20210621,1,1,9419.0
20210622,1,1,8732.0
20210623,1,1,8782.0
20210624,1,1,8650.0
20210625,1,1,8638.0
20210628,1,1,8425.0
20210629,1,1,8663.0
20210630,1,1,9957.0
20210701,1,1,10588.0
20210702,1,1,10150.0
20210706,1,1,9807.0
20210707,1,1,9567.0
20210708,1,1,9979.0
20210709,1,1,9189.0
20210712,1,1,8777.0
20210713,1,1,7594.0
20210714,1,1,7600.0
20210715,1,1,8088.0
20210716,1,1,7807.0
20210719,1,1,8650.0
20210720,1,1,8407.0
20210721,1,1,7719.0
20210722,1,1,8207.0
20210723,1,1,7788.0
20210726,1,1,7600.0
20210727,1,1,7947.0
20210728,1,1,7865.0
20210729,1,1,9040.0
20210730,1,1,8297.0
20210802,1,1,9040.0
20210803,1,1,9053.0
20210804,1,1,8365.0
20210805,1,1,8034.0
20210806,1,1,8728.0
20210809,1,1,9010.0
20210810,1,1,9547.0
20210811,1,1,9222.0
20210812,1,1,9341.0
20210813,1,1,7641.0
20210816,1,1,7343.0
20210817,1,1,7805.0
20210818,1,1,7455.0
20210819,1,1,8018.0
20210820,1,1,7743.0
20210823,1,1,7224.0
20210824,1,1,6873.0
20210825,1,1,6773.0
20210826,1,1,6466.0
20210827,1,1,7204.0
20210830,1,1,7254.0
20210831,1,1,7248.0
20210901,1,1,6680.0
20210902,1,1,7061.0
20210903,1,1,6911.0
20210907,1,1,7030.0
20210908,1,1,6292.0
20210909,1,1,5685.0
20210910,1,1,6104.0
20210913,1,1,6354.0
20210914,1,1,5904.0
20210915,1,1,5666.0
20210916,1,1,6029.0
20210917,1,1,6104.0
20210920,1,1,6747.0
20210921,1,1,6885.0
20210922,1,1,6622.0
20210923,1,1,5445.0
20210924,1,1,6408.0
20210927,1,1,6839.0
20210928,1,1,7708.0
20210929,1,1,9058.0
20210930,1,1,8695.0
20211001,1,1,8177.0
20211004,1,1,7695.0
20211005,1,1,8627.0
20211006,1,1,9164.0
20211007,1,1,9345.0
20211008,1,1,9608.0
20211011,1,1,10952.0
20211012,1,1,11645.0
20211013,1,1,10608.0
20211014,1,1,11014.0
20211015,1,1,11670.0
20211018,1,1,11733.0
20211019,1,1,12133.0
20211020,1,1,12233.0
20211021,1,1,11123.0
20211022,1,1,11773.0
20211025,1,1,11192.0
20211026,1,1,10554.0
20211027,1,1,11085.0
20211028,1,1,9792.0
20211029,1,1,10904.0
20211101,1,1,9629.0
20211102,1,1,9922.0
20211103,1,1,9522.0
20211104,1,1,10085.0
20211105,1,1,9627.0
20211108,1,1,9296.0
20211109,1,1,9633.0
20211110,1,1,10052.0
20211111,1,1,10277.0
20211112,1,1,9996.0
20211115,1,1,10864.0
20211116,1,1,12302.0
20211117,1,1,11783.0
20211118,1,1,11221.0
20211119,1,1,11946.0
20211122,1,1,13627.0
20211123,1,1,13521.0
20211124,1,1,14533.0
20211126,1,1,11705.0
20211129,1,1,10724.0
20211130,1,1,11955.0
20211201,1,1,12199.0
20211202,1,1,11549.0
20211203,1,1,12268.0
20211206,1,1,11011.0
20211207,1,1,10655.0
20211208,1,1,11693.0
20211209,1,1,11099.0
20211210,1,1,11443.0
20211213,1,1,11074.0
20211214,1,1,10449.0
20211215,1,1,9913.0
20211216,1,1,8820.0
20211217,1,1,9845.0
20211220,1,1,9626.0
20211221,1,1,9951.0
20211222,1,1,9363.0
20211223,1,1,9563.0
20211227,1,1,10195.0
20211228,1,1,10407.0
20211229,1,1,9420.0
20211230,1,1,9301.0
20211231,1,1,9982.0
20220103,1,1,9145.0
20220104,1,1,9770.0
20220105,1,1,10082.0
20220106,1,1,9589.0
20220107,1,1,10176.0
20220110,1,1,9545.0
20220111,1,1,9970.0
20220112,1,1,11888.0
20220113,1,1,12332.0
20220114,1,1,11676.0
20220118,1,1,10041.0
20220119,1,1,10085.0
20220120,1,1,10635.0
20220121,1,1,10778.0
20220124,1,1,10928.0
20220125,1,1,10997.0
20220126,1,1,11028.0
20220127,1,1,12822.0
20220128,1,1,12691.0
20220131,1,1,11241.0
20220201,1,1,10860.0
20220202,1,1,10553.0
20220203,1,1,12622.0
20220204,1,1,13110.0
20220207,1,1,12878.0
20220208,1,1,12947.0
20220209,1,1,13116.0
20220210,1,1,13716.0
20220211,1,1,11678.0
20220214,1,1,11560.0
20220215,1,1,12335.0
20220216,1,1,12497.0
20220217,1,1,11689.0
20220218,1,1,10631.0
20220222,1,1,10606.0
20220223,1,1,11056.0
20220224,1,1,11899.0
20220225,1,1,11024.0
20220228,1,1,12218.0
20220301,1,1,13487.0
20220302,1,1,12793.0
20220303,1,1,13187.0
20220304,1,1,14393.0
20220307,1,1,15724.0
20220308,1,1,15412.0
20220309,1,1,13406.0
20220310,1,1,11999.0
20220311,1,1,12162.0
20220314,1,1,13487.0
20220315,1,1,13468.0
20220316,1,1,14568.0
20220317,1,1,15699.0
20220318,1,1,15537.0
20220321,1,1,15399.0
20220322,1,1,16568.0
20220323,1,1,16731.0
20220324,1,1,17562.0
20220325,1,1,17318.0
20220328,1,1,18531.0
20220329,1,1,19237.0
20220330,1,1,19329.0
20220331,1,1,18273.0
