EC,JY,BP,TY,FV,US,ES,NQ,EM,CL,NG,HO,GC,HG,SI,C_,S_,W_,SB,KC,CT,
20000131,0,0,0,281.25,734.38,-2375.0,0,0,0,0,0,-2629.2,0,0,0,275.0,0,0,0,0,1425.0,
20000229,0,1037.5,0,-328.12,500.0,-3675.0,0,0,0,0,0,-1743.0,-4050.0,0,0,475.0,0,0,0,0,1760.0,
20000331,0,-5625.0,0,-1956.25,-906.25,-3675.0,0,0,0,-5250.0,0,-5132.0,-4570.0,0,0,1075.0,0,0,0,0,1565.0,
20000428,0,-11662.5,0,-3846.88,-3253.12,-3675.0,0,0,0,-6840.0,0,-5132.0,-4570.0,0,0,875.0,-12.5,0,470.4,0,400.0,
20000531,-4850.0,-11387.5,900.0,-4850.0,-3412.5,-3675.0,0,0,0,-8070.0,10360.0,-5132.0,-4570.0,0,0,525.0,-126.0,0,1489.6,0,3815.0,
20000630,-6050.0,-11387.5,-375.0,-4850.0,-3412.5,-3675.0,0,0,0,-7720.0,11560.0,-5132.0,-4570.0,0,0,-237.5,-132.0,0,2531.2,0,875.0,
20000731,-6050.0,-11387.5,737.5,-4850.0,-3412.5,-3675.0,0,0,0,-11710.0,4540.0,-5132.0,-4570.0,0,0,537.5,-111.5,0,4681.6,-5881.25,3460.0,
20000831,-6050.0,-11387.5,3850.0,-4850.0,-3412.5,-3675.0,0,0,0,-11710.0,14620.0,-2360.0,-4570.0,0,0,-275.0,-127.0,0,4860.8,-5881.25,5170.0,
20000929,-7762.5,-11387.5,2225.0,-4850.0,-3412.5,-3675.0,0,0,0,-15960.0,18660.0,-4938.8,-4570.0,1200.0,0,-187.5,-121.5,-1087.5,3617.6,-5881.25,3760.0,
20001031,-3437.5,-11387.5,3887.5,-4850.0,-3412.5,-3675.0,-3037.5,-4960.0,0,-15960.0,11700.0,-4510.4,-4570.0,-16350.0,0,225.0,-63.5,-1087.5,4121.6,-5881.25,3980.0,
20001130,-6175.0,-11387.5,5450.0,-4850.0,-3412.5,-3675.0,2900.0,-4960.0,0,-15960.0,32690.0,-869.0,-4570.0,-17650.0,-56550.0,950.0,-84.0,-1087.5,3953.6,-5881.25,6670.0,
20001229,-10125.0,-11387.5,1112.5,-3771.88,-2412.5,-4331.25,2225.0,-4960.0,0,-16360.0,64550.0,-6396.2,-4570.0,-17650.0,-55100.0,1512.5,-75.5,-1087.5,4457.6,-5881.25,3635.0,
20010131,-11187.5,-11150.0,3137.5,-3412.5,-1881.25,-4893.75,325.0,-4960.0,0,-19710.0,23870.0,-9844.0,-4570.0,-17650.0,-55100.0,375.0,-60.0,-1087.5,4177.6,-5881.25,2915.0,
20010228,-12562.5,-9762.5,4187.5,-2693.75,-912.5,-3675.0,6875.0,-4960.0,0,-19710.0,19160.0,-9844.0,-4570.0,-17650.0,-55100.0,1050.0,-126.0,-1087.5,2246.0,-5881.25,6970.0,
20010330,-15862.5,-3162.5,6050.0,-2428.12,-459.38,-4768.75,10512.5,-2480.0,0,-19710.0,17050.0,-9844.0,-4570.0,-17650.0,-55100.0,87.5,-177.0,-1087.5,1893.6,-5881.25,11050.0,
20010430,-15862.5,-4712.5,5225.0,-4850.0,-1850.0,-6850.0,6262.5,-8010.0,0,-19710.0,13750.0,-9844.0,-4570.0,-17650.0,-55100.0,300.0,-272.0,-1087.5,880.4,-5881.25,10525.0,
20010531,-15862.5,-8150.0,6050.0,-5818.75,-2631.25,-5943.75,6100.0,-10210.0,0,-19710.0,2310.0,-9844.0,-5850.0,-17650.0,-55100.0,-437.5,-272.0,-1087.5,880.4,-5881.25,13155.0,
20010629,-15862.5,-4050.0,6450.0,-5615.62,-2631.25,-9087.5,7387.5,-10210.0,0,-19710.0,-1500.0,-9844.0,-5850.0,-17650.0,-55100.0,-212.5,-272.0,-1087.5,880.4,-5881.25,12190.0,
20010731,-15862.5,-3462.5,5612.5,-2521.88,-553.12,-9087.5,8212.5,-10210.0,0,-19710.0,-3860.0,-9844.0,-5850.0,-17650.0,-55100.0,862.5,-142.5,-1650.0,880.4,-5881.25,12015.0,
20010831,-16312.5,-8462.5,3675.0,-2131.25,-37.5,-9087.5,12225.0,-10210.0,0,-19710.0,5300.0,-9844.0,-5850.0,-60250.0,-55100.0,1537.5,-252.0,-2387.5,723.6,-5881.25,14110.0,
20010928,-16475.0,-8250.0,2862.5,150.0,2212.5,-9087.5,16787.5,-8630.0,0,-20190.0,6660.0,-11099.8,-5550.0,-60250.0,87400.0,650.0,-315.5,-2387.5,2157.2,-5881.25,16155.0,
20011031,-17725.0,-5537.5,3812.5,2884.38,3884.38,-9087.5,15937.5,-14680.0,0,-17940.0,-3040.0,-8600.8,-7100.0,-60250.0,-67650.0,200.0,-369.0,-2387.5,2034.0,-5881.25,18645.0,
20011130,-20125.0,-4350.0,5612.5,-1678.12,900.0,-13981.25,11975.0,-14680.0,0,-16200.0,-8450.0,-5891.8,-7100.0,27250.0,-67650.0,950.0,-369.0,-2387.5,886.4,-5881.25,15480.0,
20011231,-20125.0,1575.0,4000.0,-3490.62,-146.88,-13981.25,11512.5,-14680.0,0,-16600.0,-8450.0,-6202.6,-7100.0,-97800.0,-100200.0,375.0,-369.0,-2387.5,63.6,-5881.25,13640.0,
20020131,-20125.0,3987.5,6625.0,-2756.25,103.12,-13981.25,12450.0,-14680.0,0,-16240.0,-8450.0,-5291.2,-8000.0,-97800.0,-85250.0,225.0,-369.0,-2387.5,63.6,-5881.25,13585.0,
20020228,-20125.0,3325.0,6050.0,-2709.38,400.0,-13981.25,13625.0,-14680.0,0,-18500.0,-8450.0,-6967.0,-8560.0,-97800.0,-85250.0,300.0,-369.0,-2387.5,780.4,-5881.25,12545.0,
20020328,-20125.0,-4837.5,5850.0,-5165.62,-1571.88,-14356.25,11512.5,-14680.0,0,-18500.0,-3420.0,-9671.4,-9360.0,-97800.0,-85250.0,50.0,-474.0,-2387.5,511.6,-4606.25,12545.0,
20020430,-20125.0,-4837.5,3700.0,-7981.25,-3434.38,-17218.75,15112.5,-14680.0,-9250.0,-17520.0,1700.0,-8890.2,-9360.0,-97800.0,-85250.0,-50.0,-474.0,-2387.5,1150.0,-6237.5,12545.0,
20020531,-18050.0,-4925.0,2312.5,-7981.25,-3434.38,-17218.75,15600.0,-15540.0,-9250.0,-19500.0,-4080.0,-11023.8,-8670.0,-97800.0,-69250.0,625.0,-452.5,-2387.5,545.2,-6593.75,12545.0,
20020628,-10950.0,-562.5,6662.5,-7981.25,-3434.38,-17218.75,19475.0,-12430.0,-9250.0,-17950.0,-3800.0,-9377.4,-10030.0,-140350.0,-117800.0,1575.0,-469.5,-2387.5,1598.0,-7825.0,16310.0,
20020731,-12650.0,-1000.0,8775.0,-7981.25,-3575.0,-17218.75,23400.0,-10640.0,-37300.0,-17790.0,-6710.0,-9129.6,-11190.0,-171700.0,-117800.0,2287.5,-375.0,-1287.5,657.2,-7825.0,15790.0,
20020830,-11987.5,-187.5,8062.5,-9809.38,-2731.25,-18093.75,23175.0,-10220.0,-37300.0,-15830.0,-3290.0,-5883.0,-11190.0,-190550.0,-117800.0,3325.0,-354.5,512.5,455.6,-7825.0,14780.0,
20020930,-11587.5,-2562.5,9050.0,-5684.38,378.12,-13531.25,28225.0,-8060.0,-37300.0,-14360.0,5130.0,-4026.6,-11190.0,-190550.0,-117800.0,2500.0,-395.5,1837.5,-1050.4,-8612.5,13755.0,
20021031,-11125.0,-3500.0,8887.5,-6871.88,-168.75,-17125.0,24700.0,-11180.0,-59650.0,-17590.0,5310.0,-6492.0,-11190.0,-190550.0,-117800.0,2300.0,-295.0,2125.0,-20.0,-4318.75,14670.0,
20021129,-10325.0,-3612.5,8512.5,-10481.25,-3450.0,-19843.75,22175.0,-13690.0,-59650.0,-19050.0,5750.0,-11884.0,-11190.0,-190550.0,-117800.0,2000.0,-248.5,1000.0,36.0,-2575.0,16635.0,
20021231,-3625.0,-12.5,11525.0,-10515.62,-653.12,-15093.75,25025.0,-11090.0,-59650.0,-20870.0,11640.0,-11102.8,-10320.0,-204350.0,-117800.0,1712.5,-320.5,-1737.5,260.0,-6475.0,17125.0,
20030131,-312.5,-1200.0,14012.5,-10515.62,-1371.88,-15593.75,26237.5,-11040.0,-59650.0,-18560.0,19800.0,-8414.8,-8230.0,-204350.0,-117800.0,1837.5,-369.5,-2937.5,1413.6,-4562.5,17725.0,
20030228,425.0,325.0,9675.0,-10515.62,-200.0,-13312.5,26925.0,-11560.0,-59650.0,-15470.0,44760.0,-2555.8,-10110.0,-204350.0,-117800.0,1587.5,-341.0,-3712.5,1200.8,-6868.75,20690.0,
20030331,1337.5,425.0,9662.5,-10515.62,-403.12,-15031.25,26625.0,-11770.0,-59650.0,-28260.0,14350.0,-15210.4,-11450.0,-204350.0,-117800.0,1750.0,-318.5,-3950.0,338.4,-7056.25,20400.0,
20030430,4975.0,-300.0,11037.5,-10515.62,-153.12,-13750.0,23175.0,-13510.0,-59650.0,-23020.0,17600.0,-17688.0,-13070.0,-204350.0,-117800.0,1487.5,-289.5,-3750.0,-199.2,-3081.25,19380.0,
20030530,12775.0,-762.5,13737.5,-10890.62,1784.38,-8562.5,20812.5,-15330.0,-59650.0,-26780.0,26260.0,-17688.0,-12310.0,-204350.0,-117800.0,2137.5,-283.5,-4387.5,-333.6,-7168.75,18185.0,
20030630,8850.0,-987.5,14312.5,-11890.62,1221.88,-10437.5,20312.5,-15440.0,-77700.0,-27770.0,17860.0,-17688.0,-14240.0,-204350.0,-117800.0,1112.5,-288.5,-5075.0,-1201.2,-6137.5,14925.0,
20030731,5812.5,-1800.0,11675.0,-12581.25,-406.25,-13768.75,19512.5,-17080.0,-77700.0,-27770.0,10930.0,-17688.0,-14730.0,-204350.0,-85300.0,1575.0,-427.5,-3175.0,-1201.2,-5256.25,13240.0,
20030829,2562.5,1650.0,9762.5,-11675.0,1062.5,-14143.75,18587.5,-17080.0,-77700.0,-27770.0,11060.0,-17688.0,-14730.0,-204350.0,-150350.0,-212.5,-503.5,-1550.0,-1201.2,-5275.0,13250.0,
20030930,10737.5,6850.0,14737.5,-16581.25,-2546.88,-20300.0,19275.0,-17080.0,-77700.0,-27770.0,12050.0,-17688.0,-14730.0,-204350.0,-150350.0,-887.5,-408.0,-2587.5,-1201.2,-5462.5,14605.0,
20031031,9975.0,8137.5,16975.0,-14253.12,-890.62,-16862.5,16500.0,-17080.0,-77700.0,-27770.0,12680.0,-17688.0,-14730.0,-68150.0,-150350.0,-887.5,-336.5,-2125.0,-1201.2,-7056.25,18965.0,
20031128,15287.5,8575.0,18906.25,-12846.88,546.88,-15987.5,16087.5,-17080.0,-77700.0,-27770.0,13000.0,-17688.0,-14730.0,-201950.0,-150350.0,-887.5,-275.5,-262.5,-1201.2,-6306.25,15645.0,
20031231,22162.5,10875.0,22256.25,-14221.88,-703.12,-17456.25,13675.0,-17080.0,-69200.0,-27770.0,25640.0,-17688.0,-14730.0,-173200.0,-127850.0,-887.5,-249.0,-1750.0,-1201.2,-4693.75,18135.0,
20040130,21087.5,12750.0,25006.25,-15393.75,-1406.25,-19487.5,14650.0,-17790.0,-63900.0,-27770.0,17720.0,-17688.0,-16630.0,76800.0,14650.0,-1125.0,-177.5,-1150.0,-1201.2,-737.5,15965.0,
20040227,21600.0,8925.0,27925.0,-17100.0,-1484.38,-21537.5,15375.0,-18260.0,-52500.0,-27770.0,17910.0,-17688.0,-16630.0,578050.0,247150.0,212.5,60.5,-1062.5,-1201.2,-268.75,9855.0,
20040331,18987.5,1987.5,25862.5,-17100.0,-2640.62,-21537.5,14400.0,-18950.0,-92600.0,-27770.0,23080.0,-17688.0,-16630.0,613050.0,862150.0,1062.5,-29.5,-200.0,-1503.6,-1393.75,9855.0,
20040430,15100.0,1987.5,22162.5,-17100.0,984.38,-20850.0,13450.0,-18950.0,-92600.0,-27770.0,22370.0,-17688.0,-16630.0,231800.0,-90500.0,1075.0,23.0,-1100.0,-887.6,-3137.5,9855.0,
20040528,18112.5,1987.5,25787.5,-16975.0,2750.0,-18975.0,14162.5,-18950.0,-92600.0,-27770.0,28170.0,-17688.0,-16630.0,406800.0,-243100.0,262.5,-238.5,-2500.0,-764.4,3031.25,9855.0,
20040630,17712.5,1987.5,24243.75,-17928.12,2234.38,-20131.25,15175.0,-18950.0,-92600.0,-27770.0,25300.0,-17688.0,-16630.0,233050.0,-243100.0,-1812.5,-281.5,-3325.0,-58.8,-812.5,6105.0,
20040730,15575.0,1987.5,24662.5,-19243.75,1421.88,-21975.0,13200.0,-18950.0,-92600.0,-27770.0,24870.0,-17688.0,-16630.0,483050.0,-243100.0,-450.0,-424.5,-4987.5,602.0,-4131.25,6105.0,
20040831,17600.0,1987.5,23781.25,-19243.75,250.0,-24681.25,11312.5,-18950.0,-92600.0,-30250.0,14490.0,-17688.0,-16630.0,415550.0,-243100.0,-1475.0,-616.0,-4462.5,277.2,-1825.0,6105.0,
20040930,20887.5,1987.5,24031.25,-19243.75,171.88,-24681.25,11312.5,-18950.0,-92600.0,-22730.0,2050.0,-17688.0,-16630.0,703050.0,-243100.0,137.5,-669.5,-5262.5,1475.6,1831.25,6105.0,
20041029,25325.0,1987.5,25837.5,-19243.75,-453.12,-24681.25,11312.5,-18950.0,-92600.0,-20610.0,21350.0,-17431.8,-16630.0,556800.0,-243100.0,287.5,-669.5,-4775.0,960.4,-1150.0,6105.0,
20041130,31637.5,5137.5,30700.0,-19243.75,2093.75,-24681.25,11312.5,-18950.0,-92600.0,-23240.0,10300.0,-23114.0,-16820.0,798050.0,-243100.0,225.0,-669.5,-6025.0,1229.2,7493.75,6105.0,
20041231,34962.5,6087.5,30581.25,-19243.75,1390.62,-24681.25,11312.5,-18950.0,-92600.0,-30470.0,-3250.0,-23114.0,-18520.0,844300.0,-243100.0,175.0,-669.5,-6025.0,1453.2,9856.25,6105.0,
20050131,28425.0,4562.5,28750.0,-19243.75,1671.88,-24681.25,11312.5,-18950.0,-92600.0,-34940.0,-3250.0,-23114.0,-18810.0,800550.0,-243100.0,562.5,-669.5,-6025.0,1654.8,10456.25,6105.0,
20050228,31025.0,3337.5,31500.0,-19243.75,3343.75,-28012.5,11312.5,-18950.0,-92600.0,-34940.0,-3250.0,-23114.0,-19900.0,959300.0,-243100.0,-725.0,-579.5,-6025.0,1598.8,16531.25,6105.0,
20050331,27762.5,912.5,29050.0,-18806.25,3828.12,-28012.5,11312.5,-18950.0,-92600.0,-36790.0,-3250.0,-23114.0,-21830.0,969300.0,-243100.0,-1062.5,-602.0,-6575.0,1072.4,18350.0,6420.0,
20050429,26475.0,3237.5,30325.0,-21387.5,2468.75,-28012.5,11312.5,-18950.0,-121800.0,-41040.0,-9100.0,-23114.0,-21830.0,873050.0,-243100.0,-1475.0,-614.0,-7587.5,1027.6,18931.25,8430.0,
20050531,19312.5,-1037.5,24925.0,-21387.5,2156.25,-28012.5,11312.5,-18950.0,-121800.0,-41040.0,-9100.0,-23114.0,-21830.0,854300.0,-243100.0,-1475.0,-589.5,-7587.5,1139.6,15331.25,4225.0,
20050630,21400.0,-1075.0,26693.75,-21934.38,2031.25,-27856.25,11312.5,-18950.0,-121800.0,-44040.0,-9100.0,-23114.0,-21830.0,988050.0,-243100.0,-1475.0,-556.5,-7587.5,1778.0,11468.75,4100.0,
20050729,21225.0,-1075.0,28656.25,-23250.0,3718.75,-30937.5,11312.5,-18950.0,-121800.0,-39970.0,-9100.0,-27469.0,-21830.0,1324300.0,-243100.0,-1475.0,-530.5,-7587.5,2338.0,9631.25,925.0,
20050831,18812.5,-1075.0,25725.0,-23250.0,2546.88,-30937.5,11312.5,-18950.0,-121800.0,-31600.0,14120.0,-31488.0,-21830.0,1261800.0,-243100.0,-1475.0,-621.5,-7587.5,2606.8,8843.75,925.0,
20050930,22375.0,-1075.0,28318.75,-23250.0,4062.5,-30937.5,11312.5,-18950.0,-121800.0,-34300.0,38610.0,-36809.0,-21750.0,1531800.0,-243100.0,-1475.0,-549.5,-7587.5,3906.0,5993.75,925.0,
20051031,22825.0,-1075.0,27756.25,-23250.0,5031.25,-30937.5,11312.5,-18950.0,-121800.0,-40780.0,21450.0,-36809.0,-22290.0,1740550.0,-243100.0,-1475.0,-604.0,-7587.5,4018.0,7193.75,925.0,
20051130,25562.5,512.5,30281.25,-23250.0,4984.38,-30937.5,11312.5,-18950.0,-131900.0,-43220.0,25270.0,-36809.0,-19110.0,2028050.0,-243100.0,-1537.5,-682.5,-7587.5,5250.0,7325.0,925.0,
20051230,24612.5,-1812.5,30918.75,-23250.0,4578.12,-30937.5,11312.5,-18950.0,-130850.0,-39500.0,11650.0,-36809.0,-17090.0,2318050.0,-300650.0,-2125.0,-652.0,-7587.5,7770.0,11112.5,925.0,
20060131,20887.5,-4975.0,27075.0,-23250.0,5187.5,-30937.5,11312.5,-18950.0,-130850.0,-32620.0,-13210.0,-36809.0,-11430.0,2784300.0,-300650.0,-1975.0,-629.5,-7587.5,11510.8,15275.0,1135.0,
20060228,24000.0,-4975.0,28681.25,-23250.0,5734.38,-30937.5,11312.5,-18950.0,-130850.0,-39130.0,12810.0,-36809.0,-12590.0,2659300.0,-300650.0,-975.0,-548.5,-7587.5,10502.8,13587.5,995.0,
20060331,20875.0,-4975.0,29712.5,-23250.0,6484.38,-30937.5,11312.5,-18950.0,-130850.0,-33910.0,7850.0,-36809.0,-10310.0,3370550.0,-200650.0,-1112.5,-607.5,-7587.5,11376.4,11075.0,-675.0,
20060428,14962.5,-4975.0,24412.5,-23250.0,6765.62,-30156.25,11312.5,-18950.0,-130850.0,-28660.0,14400.0,-37149.2,-3530.0,5264300.0,854350.0,-462.5,-461.0,-7587.5,10850.0,12087.5,-675.0,
20060531,14275.0,-6912.5,26931.25,-23250.0,7312.5,-29531.25,11312.5,-18490.0,-130850.0,-29250.0,16110.0,-37888.4,-4080.0,6273050.0,266850.0,-350.0,-489.0,-8050.0,8643.6,8056.25,-675.0,
20060630,14600.0,-9712.5,25750.0,-23250.0,7515.62,-29968.75,11312.5,-18660.0,-130850.0,-26610.0,18910.0,-41731.0,-16630.0,5600550.0,-335700.0,-612.5,-427.0,-9700.0,9629.2,8862.5,-675.0,
20060731,10875.0,-9712.5,26950.0,-23250.0,6703.12,-31593.75,11312.5,-17205.0,-130850.0,-26140.0,-2160.0,-41731.0,-18080.0,6138050.0,-335700.0,-962.5,-401.0,-9700.0,8027.6,8206.25,-675.0,
20060831,10875.0,-9712.5,29150.0,-23250.0,5812.5,-32925.0,11312.5,-18490.0,-130850.0,-30280.0,-1950.0,-41731.0,-18080.0,5853050.0,-335700.0,-512.5,-481.0,-9700.0,7070.4,11450.0,-675.0,
20060929,10875.0,-9712.5,27137.5,-23250.0,5406.25,-32925.0,11312.5,-20255.0,-130850.0,-35820.0,-1950.0,-41815.0,-18080.0,5864300.0,-335700.0,212.5,-535.0,-9700.0,7126.4,11318.75,-675.0,
20061031,10875.0,-9712.5,29337.5,-23250.0,5359.38,-32925.0,11312.5,-20730.0,-130850.0,-31640.0,-1950.0,-38182.0,-18080.0,5576800.0,-335700.0,3125.0,-405.5,-8750.0,7350.4,11543.75,-2000.0,
20061130,12287.5,-9712.5,32962.5,-23250.0,4765.62,-32925.0,11312.5,-20730.0,-130850.0,-36040.0,-1950.0,-45868.0,-18080.0,5201800.0,-335700.0,6612.5,-266.0,-6825.0,6432.0,17562.5,-2000.0,
20061229,11987.5,-9712.5,32400.0,-23250.0,5859.38,-32925.0,11312.5,-20730.0,-130850.0,-33960.0,-1950.0,-37392.4,-18080.0,4390550.0,-385750.0,6600.0,-262.0,-7850.0,7126.4,18275.0,-1205.0,
20070131,9750.0,-9712.5,32812.5,-23250.0,6390.62,-32925.0,11312.5,-20730.0,-130850.0,-31050.0,-1950.0,-38887.6,-18080.0,3735400.0,-385750.0,7287.5,-280.0,-9525.0,8414.4,15068.75,-2300.0,
20070228,12062.5,-9712.5,32806.25,-23250.0,4968.75,-32925.0,11312.5,-20730.0,-140750.0,-34700.0,-1950.0,-42848.2,-18080.0,3735400.0,-385750.0,8862.5,-209.0,-8500.0,8459.2,15387.5,-3100.0,
20070330,13962.5,-9712.5,33006.25,-23250.0,5125.0,-32925.0,7662.5,-20730.0,-155650.0,-38780.0,-1950.0,-47060.4,-18080.0,3735400.0,-385750.0,5812.5,-123.0,-11000.0,9220.8,11918.75,-3100.0,
20070430,17487.5,-9712.5,34987.5,-23250.0,5093.75,-32925.0,7662.5,-20730.0,-155650.0,-38620.0,-1950.0,-47060.4,-18080.0,4351650.0,-385750.0,4262.5,-58.5,-11925.0,10094.4,10756.25,-2795.0,
20070531,14825.0,-9712.5,33787.5,-23250.0,6484.38,-32925.0,7662.5,-20730.0,-121950.0,-36920.0,-1950.0,-47060.4,-18080.0,3726600.0,-385750.0,3125.0,38.5,-11925.0,9825.6,12912.5,-3690.0,
20070629,16137.5,-9787.5,35418.75,-23015.62,6843.75,-34081.25,7662.5,-20730.0,-160800.0,-41970.0,-1950.0,-47060.4,-18080.0,3726600.0,-385750.0,2912.5,98.5,-11612.5,9624.0,13250.0,-1630.0,
20070731,17925.0,-14262.5,37156.25,-24734.38,5371.88,-36225.0,7662.5,-20730.0,-160800.0,-38830.0,580.0,-47060.4,-18080.0,3726600.0,-385750.0,2912.5,154.5,-9962.5,8716.8,13812.5,-845.0,
20070831,17125.0,-12062.5,36081.25,-25393.75,6606.25,-36225.0,7662.5,-20730.0,-160800.0,-47450.0,-3910.0,-47060.4,-18080.0,3662800.0,-400800.0,2912.5,92.5,-2687.5,9668.8,14393.75,-2810.0,
20070928,25200.0,-10162.5,37693.75,-25393.75,6934.38,-36225.0,7662.5,-20730.0,-160800.0,-47450.0,-3910.0,-47060.4,-17240.0,3662800.0,-400800.0,2912.5,253.0,5487.5,8918.4,19193.75,-795.0,
20071031,27912.5,-11175.0,39981.25,-25393.75,7246.88,-36225.0,7662.5,-20730.0,-160800.0,-40420.0,-3910.0,-47060.4,-12710.0,3662800.0,-400800.0,2912.5,368.5,-1062.5,9108.8,16456.25,-1255.0,
20071130,29575.0,-7475.0,38562.5,-25206.25,10012.5,-37756.25,7662.5,-20730.0,-160800.0,-46240.0,-10950.0,-48278.4,-13330.0,3382700.0,-1080900.0,2912.5,558.0,2812.5,9366.4,19400.0,-1565.0,
20071231,28912.5,-7462.5,33731.25,-25018.75,10184.38,-40306.25,7662.5,-20730.0,-160800.0,-38970.0,-10950.0,-42633.6,-8440.0,3382700.0,-1080900.0,4900.0,734.5,2787.5,8252.4,22025.0,710.0,
20080131,32275.0,-2312.5,34125.0,-21690.62,12903.12,-40306.25,4275.0,-21495.0,-191250.0,-43200.0,-10950.0,-51247.4,560.0,3382700.0,-1080900.0,7187.5,939.0,5012.5,9977.2,22756.25,600.0,
20080229,36350.0,237.5,34218.75,-21128.12,14153.12,-40306.25,6687.5,-19505.0,-191250.0,-33110.0,-10950.0,-51247.4,5260.0,3380150.0,-520900.0,9950.0,1694.0,12837.5,12508.4,33500.0,7635.0,
20080331,43150.0,5762.5,33275.0,-19456.25,14137.5,-40306.25,7050.0,-20350.0,-191250.0,-33370.0,-17960.0,-52700.6,-90.0,3380150.0,-1275950.0,10487.5,827.0,4987.5,9226.8,18725.0,1375.0,
20080430,41650.0,500.0,34006.25,-22596.88,11887.5,-40306.25,3750.0,-23370.0,-191250.0,-21490.0,-17960.0,-42120.8,-5730.0,3380150.0,-1275950.0,12737.5,1169.5,-1412.5,9361.2,21743.75,2290.0,
20080530,40862.5,-1487.5,33750.0,-26003.12,9840.62,-40306.25,3750.0,-23370.0,-191250.0,-7600.0,-17960.0,-20755.4,-3090.0,3380150.0,-1275950.0,12087.5,1318.5,-3387.5,7356.4,21162.5,-425.0,
20080630,42662.5,-1737.5,33943.75,-24487.5,10457.81,-40306.25,3750.0,-23370.0,-178650.0,5050.0,-17960.0,-10536.8,590.0,3380150.0,-1275950.0,19012.5,1569.0,1475.0,6791.2,28400.0,6015.0,
20080731,41000.0,-3975.0,33593.75,-23581.25,11239.06,-40306.25,3000.0,-23370.0,-201400.0,-10870.0,-3190.0,-29466.2,30.0,3380150.0,-1275950.0,11500.0,1178.5,-2275.0,7720.8,23206.25,3955.0,
20080829,35425.0,-5100.0,32987.5,-22909.38,11840.62,-40306.25,2225.0,-23370.0,-201400.0,-19490.0,8570.0,-40697.0,-12130.0,3082600.0,-1234500.0,6075.0,951.5,-1400.0,6410.4,25606.25,1595.0,
20080930,41637.5,-1400.0,34962.5,-23784.38,12137.5,-40306.25,7975.0,-22350.0,-201400.0,-47380.0,13620.0,-58718.8,-14260.0,3082600.0,-518500.0,10950.0,1411.0,-7462.5,7418.4,19868.75,-970.0,
20081031,59050.0,6625.0,45800.0,-25331.25,13160.94,-40306.25,17987.5,-17205.0,-178300.0,-35070.0,20170.0,-51465.4,-14260.0,3189950.0,754000.0,15250.0,1955.0,-8475.0,4926.8,14400.0,5510.0,
20081128,59562.5,10687.5,50393.75,-17440.62,16614.06,-40306.25,21587.5,-14185.0,-206550.0,-21690.0,22900.0,-36467.2,-14260.0,3189950.0,504000.0,17037.5,1990.0,-9725.0,4926.8,13237.5,3700.0,
20081231,32362.5,17737.5,55481.25,-12659.38,18957.81,-32978.12,21350.0,-14715.0,-206550.0,-11860.0,31780.0,-24497.2,-14260.0,3189950.0,-28500.0,14975.0,1955.0,-12200.0,4926.8,14756.25,3145.0,
20090130,32362.5,19100.0,56193.75,-15737.5,18075.0,-44321.88,25225.0,-14050.0,-206550.0,-8940.0,43830.0,-24157.0,-14260.0,3189950.0,-663500.0,16375.0,1998.5,-10062.5,4926.8,12187.5,2950.0,
20090227,32362.5,5812.5,56943.75,-18378.12,16489.06,-44996.88,29637.5,-12805.0,-206550.0,-12020.0,46020.0,-17164.0,-19040.0,3189950.0,-1793650.0,17375.0,2079.5,-7737.5,4926.8,14812.5,6025.0,
20090331,32362.5,1025.0,56787.5,-14331.25,18668.75,-44996.88,26612.5,-15215.0,-216100.0,-16920.0,50240.0,-21380.8,-19040.0,3189950.0,-1793650.0,15087.5,1954.0,-8300.0,4926.8,13368.75,4420.0,
20090430,32362.5,1025.0,53837.5,-17471.88,17043.75,-44996.88,22850.0,-18335.0,-216100.0,-18380.0,54270.0,-20074.6,-19040.0,3147400.0,-1793650.0,15150.0,1809.5,-8487.5,4926.8,13312.5,2780.0,
20090529,32362.5,1025.0,50562.5,-20803.12,15371.88,-46512.5,20450.0,-19175.0,-216100.0,-33570.0,49650.0,-34388.2,-19040.0,3147400.0,-1793650.0,13512.5,1682.5,-13525.0,5173.2,10787.5,4090.0,
20090630,27225.0,1025.0,52593.75,-20068.75,14431.25,-47215.62,20575.0,-19990.0,-216100.0,-30380.0,49650.0,-37155.6,-19040.0,3147400.0,-2101200.0,17600.0,1874.0,-19050.0,7715.6,5000.0,4345.0,
20090731,27225.0,1025.0,53993.75,-21084.38,12678.13,-49812.5,17125.0,-22505.0,-216100.0,-39940.0,51470.0,-44034.8,-19040.0,3147400.0,-2101200.0,18350.0,1873.0,-19050.0,8566.8,5000.0,5615.0,
20090831,27225.0,1025.0,51362.5,-21021.88,12678.13,-49812.5,15362.5,-22965.0,-216100.0,-39940.0,58230.0,-44034.8,-19040.0,2928550.0,-2101200.0,18837.5,1875.5,-19050.0,15040.4,225.0,5475.0,
20090930,27225.0,1025.0,49712.5,-22131.25,12678.13,-49812.5,13700.0,-25185.0,-216100.0,-39940.0,39960.0,-44034.8,-19040.0,2928550.0,-2133750.0,18125.0,1918.5,-19050.0,16160.4,225.0,7025.0,
20091030,27225.0,1025.0,52462.5,-23462.5,12678.13,-49812.5,14700.0,-25185.0,-216100.0,-39940.0,42000.0,-44034.8,-20590.0,2928550.0,-2133750.0,13950.0,1815.0,-21925.0,13270.8,225.0,9425.0,
20091130,27225.0,1025.0,52337.5,-23462.5,12678.13,-49812.5,11612.5,-25185.0,-216100.0,-39940.0,34240.0,-44034.8,-6400.0,2928550.0,-2133750.0,16525.0,1606.0,-17200.0,13080.4,225.0,12945.0,
20091231,27225.0,1025.0,50612.5,-23462.5,12678.13,-49812.5,10812.5,-25185.0,-216100.0,-39940.0,34240.0,-44034.8,-15010.0,2928550.0,-2133750.0,16375.0,1596.0,-19562.5,17907.6,225.0,13405.0,
20100129,27225.0,1025.0,49612.5,-23462.5,12678.13,-49812.5,12825.0,-25185.0,-216100.0,-39940.0,34240.0,-44034.8,-16250.0,2787250.0,-2133750.0,13937.5,1827.5,-21637.5,21211.6,225.0,10120.0,
20100226,27675.0,1025.0,44981.25,-23462.5,12678.13,-49812.5,11175.0,-25185.0,-216100.0,-39940.0,34240.0,-44034.8,-12740.0,2787250.0,-2133750.0,13937.5,1650.0,-21637.5,14155.6,225.0,7155.0,
20100331,29062.5,1025.0,42212.5,-23462.5,12678.13,-49812.5,8087.5,-25290.0,-216100.0,-39940.0,36460.0,-44034.8,-13180.0,2787250.0,-2133750.0,13937.5,1719.5,-21637.5,19179.2,225.0,6200.0,
20100430,31587.5,1025.0,40331.25,-23462.5,12678.13,-49812.5,7175.0,-24435.0,-216100.0,-39940.0,35950.0,-44034.8,-6560.0,2787250.0,-2133750.0,13937.5,1688.5,-21637.5,20792.0,225.0,7990.0,
20100528,43887.5,1025.0,40331.25,-23462.5,12678.13,-50031.25,11925.0,-27365.0,-255100.0,-43410.0,31740.0,-49188.2,-3130.0,2184600.0,-2133750.0,13937.5,1754.5,-21637.5,21867.2,225.0,5950.0,
20100630,44837.5,1025.0,40331.25,-20790.62,12678.13,-45187.5,15025.0,-28620.0,-255100.0,-46550.0,28110.0,-49242.4,-40.0,2070800.0,-2133750.0,13937.5,1812.5,-21637.5,19772.8,5962.5,4115.0,
20100730,34762.5,1025.0,40331.25,-19525.0,12678.13,-43968.75,11437.5,-28620.0,-255100.0,-46550.0,28110.0,-49242.4,-6240.0,2070800.0,-2133750.0,13937.5,1637.0,-15012.5,15841.6,9881.25,3100.0,
20100831,39662.5,1025.0,37287.5,-17712.5,12678.13,-37656.25,13937.5,-28620.0,-255100.0,-46550.0,28110.0,-49242.4,400.0,2070800.0,-2133750.0,13937.5,1522.0,-13800.0,15640.0,10687.5,3645.0,
20100930,27512.5,1025.0,37287.5,-17290.62,12678.13,-38968.75,9512.5,-28620.0,-255100.0,-46550.0,28110.0,-49242.4,6330.0,2070800.0,-1698300.0,15525.0,1793.5,-14387.5,13450.8,12412.5,11505.0,
20101029,26887.5,1025.0,37287.5,-17056.25,12678.13,-41750.0,7362.5,-28080.0,-255100.0,-46550.0,28110.0,-49242.4,11130.0,2070800.0,-326800.0,19837.5,2004.0,-12225.0,19767.6,20062.5,23175.0,
20101130,20487.5,1025.0,37287.5,-19228.12,12678.13,-45406.25,3450.0,-28180.0,-255100.0,-46550.0,28110.0,-49242.4,13980.0,2070800.0,1497200.0,17937.5,2089.0,-13562.5,18009.2,19218.75,19215.0,
20101231,20487.5,1025.0,37287.5,-18856.25,13967.19,-48925.0,7125.0,-26200.0,-255100.0,-46550.0,28110.0,-49242.4,17510.0,2070800.0,2859700.0,22187.5,2457.5,-8375.0,23127.6,33956.25,32950.0,
20110131,20487.5,1025.0,37287.5,-19215.62,13271.88,-47425.0,8600.0,-24920.0,-272750.0,-46550.0,28110.0,-49242.4,8820.0,2070800.0,1475700.0,23712.5,2433.0,-6050.0,25199.6,35568.75,44765.0,
20110228,20487.5,1025.0,37287.5,-17465.62,14748.44,-47143.75,10775.0,-23505.0,-248150.0,-48550.0,28110.0,-42568.6,16360.0,2070800.0,4301200.0,27287.5,2405.5,-7237.5,20137.2,45656.25,56160.0,
20110331,20487.5,-4125.0,37287.5,-17450.0,14896.88,-46987.5,10525.0,-23795.0,-285900.0,-38800.0,28110.0,-35277.4,19360.0,2070800.0,6335200.0,25400.0,2478.0,-19475.0,17516.4,42825.0,60660.0,
20110429,20650.0,-4125.0,37287.5,-19559.38,13217.19,-49175.0,12462.5,-22505.0,-285900.0,-31590.0,28110.0,-28418.8,31010.0,2070800.0,11690700.0,28562.5,2468.0,-20775.0,12073.2,56212.5,34435.0,
20110531,14737.5,-4125.0,37287.5,-23421.88,10620.31,-52787.5,11675.0,-23085.0,-285900.0,-42820.0,28110.0,-37776.4,29050.0,2070800.0,6543700.0,28112.5,2463.5,-20775.0,7285.6,42993.75,34110.0,
20110630,14737.5,-4125.0,37287.5,-23703.12,10675.0,-52787.5,10250.0,-29410.0,-285900.0,-52770.0,28110.0,-42257.8,25650.0,2070800.0,4807200.0,23137.5,2300.0,-20775.0,5443.6,43368.75,30780.0,
20110729,14737.5,-4125.0,37287.5,-20343.75,12925.0,-52787.5,8900.0,-29415.0,-285900.0,-52770.0,28110.0,-35827.6,38490.0,2070800.0,7444200.0,24012.5,2329.0,-20775.0,9330.0,33600.0,32730.0,
20110831,14737.5,-2500.0,37287.5,-17000.0,14026.56,-50818.75,3487.5,-33370.0,-299550.0,-58600.0,28110.0,-36474.4,58540.0,2070800.0,8275200.0,29112.5,2473.5,-20775.0,9184.4,51862.5,30710.0,
20110930,14737.5,-3412.5,36550.0,-15937.5,13964.06,-44225.0,8075.0,-33645.0,-299550.0,-58600.0,28110.0,-49271.8,37600.0,2815800.0,2271100.0,20362.5,2049.5,-20775.0,4267.6,29606.25,33520.0,
20111031,9137.5,-5487.5,34150.0,-16968.75,14089.06,-47818.75,1912.5,-33645.0,-299550.0,-58600.0,28110.0,-37553.8,47890.0,1947000.0,2271100.0,17087.5,1932.5,-20775.0,4805.2,28875.0,32470.0,
20111130,9137.5,-4512.5,34150.0,-16687.5,14120.31,-45475.0,2075.0,-33645.0,-299550.0,-58600.0,28110.0,-38948.2,50400.0,1947000.0,2271100.0,17087.5,2016.0,-20775.0,4184.0,32606.25,38160.0,
20111230,9137.5,-3125.0,34150.0,-14906.25,14737.5,-42037.5,1750.0,-33645.0,-299550.0,-58600.0,28110.0,-43606.0,32050.0,1947000.0,2271100.0,17087.5,1870.0,-20775.0,4184.0,28837.5,37715.0,
20120131,9137.5,-1575.0,34150.0,-13781.25,15526.56,-41412.5,725.0,-33645.0,-299550.0,-58600.0,30690.0,-37864.6,49410.0,1947000.0,2271100.0,17087.5,1790.0,-20775.0,4184.0,24412.5,36990.0,
20120229,9137.5,-6212.5,34150.0,-15078.13,14651.56,-45193.75,725.0,-30955.0,-299550.0,-58600.0,29560.0,-31354.6,46500.0,1947000.0,1102100.0,17087.5,1790.0,-20775.0,4184.0,19987.5,38395.0,
20120330,9137.5,-3175.0,34150.0,-16546.87,12843.75,-49100.0,725.0,-28400.0,-299550.0,-58600.0,34460.0,-32858.2,42560.0,1947000.0,1103550.0,17087.5,1790.0,-20775.0,4184.0,16225.0,36855.0,
20120430,9137.5,-8900.0,34150.0,-13750.0,11903.12,-43975.0,725.0,-29030.0,-299550.0,-58600.0,32870.0,-32266.0,41790.0,1947000.0,1103550.0,17087.5,1790.0,-20775.0,4184.0,17312.5,38915.0,
20120531,13725.0,-11787.5,34587.5,-12093.75,11903.12,-37131.25,725.0,-33665.0,-299550.0,-52360.0,27390.0,-40682.4,23970.0,1947000.0,698500.0,17087.5,1895.0,-20775.0,5449.6,24400.0,47840.0,
20120629,9975.0,-8887.5,32925.0,-12656.25,11903.12,-38881.25,725.0,-35380.0,-299550.0,-50790.0,25180.0,-40963.8,23970.0,1947000.0,698500.0,17087.5,1735.5,-20775.0,3668.8,20631.25,47950.0,
20120731,14412.5,-12250.0,32900.0,-11375.0,11903.12,-35818.75,725.0,-36085.0,-299550.0,-53890.0,25180.0,-46764.0,23970.0,1947000.0,698500.0,22012.5,1716.0,-17112.5,1726.0,19243.75,47945.0,
20120831,11050.0,-12250.0,31625.0,-12312.5,11903.12,-35443.75,725.0,-36085.0,-299550.0,-62300.0,25180.0,-52677.2,23970.0,1947000.0,695950.0,21675.0,1527.5,-17050.0,1726.0,22862.5,44985.0,
20120928,4350.0,-12250.0,31081.25,-12546.87,11903.12,-37475.0,725.0,-36085.0,-299550.0,-63920.0,25180.0,-52677.2,27560.0,1803200.0,2116950.0,19500.0,1527.5,-16400.0,1726.0,19581.25,48290.0,
20121031,5662.5,-12250.0,29881.25,-13000.0,11903.12,-37537.5,725.0,-36085.0,-299550.0,-63920.0,27270.0,-52677.2,22080.0,1803200.0,700900.0,19475.0,1527.5,-18300.0,1726.0,26650.0,48580.0,
20121130,2512.5,-12512.5,29881.25,-12390.63,11903.12,-36787.5,725.0,-38130.0,-299550.0,-63920.0,25960.0,-52677.2,17790.0,1803200.0,700900.0,19325.0,1527.5,-18350.0,1726.0,28168.75,46660.0,
20121231,2512.5,-5162.5,29881.25,-13250.0,11903.12,-39350.0,725.0,-38755.0,-299550.0,-63920.0,23860.0,-52677.2,17790.0,1803200.0,700900.0,16600.0,1527.5,-22625.0,1726.0,30718.75,46045.0,
20130131,2512.5,2400.0,29881.25,-14750.0,11903.12,-43381.25,725.0,-38755.0,-299550.0,-63920.0,21600.0,-52677.2,17790.0,1803200.0,700900.0,18712.5,1527.5,-23675.0,1726.0,29537.5,44940.0,
20130228,2512.5,4337.5,31887.5,-14484.37,11903.12,-43068.75,725.0,-38755.0,-299550.0,-63920.0,21600.0,-52677.2,12860.0,1803200.0,700900.0,16862.5,1527.5,-23675.0,1726.0,30943.75,46110.0,
20130328,2512.5,6300.0,31931.25,-14046.87,11903.12,-42381.25,725.0,-38755.0,-281850.0,-63920.0,22170.0,-52677.2,12860.0,1803200.0,700900.0,16450.0,1527.5,-23675.0,1726.0,33212.5,47695.0,
20130430,2512.5,10987.5,29675.0,-12671.87,11903.12,-38475.0,725.0,-38755.0,-254250.0,-63920.0,25360.0,-52677.2,5770.0,1686850.0,358350.0,13837.5,1527.5,-23675.0,1726.0,33981.25,47200.0,
20130531,2512.5,15037.5,31837.5,-14956.24,12535.94,-45368.75,-587.5,-38755.0,-221550.0,-63920.0,21770.0,-52677.2,5770.0,1686850.0,358350.0,13237.5,1527.5,-23675.0,1726.0,37000.0,43145.0,
20130628,2512.5,13125.0,31687.5,-12299.99,13903.12,-41181.25,-3762.5,-38755.0,-249150.0,-63920.0,18690.0,-52677.2,5950.0,1686850.0,368300.0,18975.0,1527.5,-23675.0,1726.0,39493.75,45470.0,
20130731,2512.5,11325.0,31450.0,-12174.99,13582.81,-39400.0,-3762.5,-38755.0,-188250.0,-63920.0,18690.0,-52677.2,-220.0,1686850.0,368300.0,21387.5,1627.0,-23675.0,1726.0,40168.75,46055.0,
20130830,2512.5,11862.5,29881.25,-10018.74,15270.31,-37243.75,-3762.5,-38755.0,-252050.0,-63920.0,18690.0,-52677.2,-220.0,1686850.0,478200.0,22237.5,1542.0,-23675.0,1726.0,41031.25,45210.0,
20130930,2512.5,11887.5,28093.75,-12128.12,13903.12,-38712.5,-3762.5,-38755.0,-226950.0,-63920.0,18690.0,-52677.2,-220.0,1686850.0,70650.0,24262.5,1685.5,-23675.0,1726.0,42006.25,47070.0,
20131031,2512.5,12062.5,27287.5,-13096.87,13262.5,-40150.0,-3762.5,-38755.0,-183850.0,-63920.0,18690.0,-52677.2,-220.0,1686850.0,70650.0,24925.0,1674.0,-23675.0,1938.8,45118.75,42785.0,
20131129,2512.5,17200.0,29237.5,-11112.49,14028.12,-36087.5,-3762.5,-38755.0,-124950.0,-62900.0,18690.0,-52677.2,-220.0,1686850.0,70650.0,25112.5,1717.5,-23675.0,914.4,43075.0,41700.0,
20131231,2512.5,20425.0,30475.0,-8784.37,15637.5,-33650.0,-3762.5,-38755.0,-82150.0,-68930.0,18590.0,-52677.2,-220.0,1686850.0,70650.0,25237.5,1784.0,-23675.0,1216.8,43131.25,40200.0,
20140131,2512.5,17025.0,29662.5,-11487.49,14325.0,-38931.25,-3762.5,-38755.0,-168550.0,-68930.0,25720.0,-52677.2,-220.0,1686850.0,70650.0,24637.5,1858.5,-22062.5,2180.0,37693.75,40200.0,
20140228,2512.5,16400.0,31718.75,-10268.74,15090.62,-42137.5,-3762.5,-38755.0,-223350.0,-68930.0,22380.0,-52677.2,-2190.0,1686850.0,70650.0,23162.5,1690.0,-24387.5,237.2,50243.75,40200.0,
20140331,2512.5,18062.5,31125.0,-9237.49,15996.87,-43468.75,-3762.5,-38755.0,-223350.0,-75770.0,20000.0,-52677.2,-5970.0,1728100.0,70650.0,24437.5,1621.5,-24237.5,360.4,49343.75,40200.0,
20140430,2512.5,16775.0,32493.75,-10159.37,15496.87,-43468.75,-3762.5,-38755.0,-223350.0,-75770.0,24440.0,-52677.2,-5940.0,1698050.0,70650.0,25287.5,1706.0,-23025.0,304.4,59825.0,40200.0,
20140530,2512.5,16287.5,31750.0,-11253.12,15192.19,-43468.75,-3762.5,-38755.0,-223350.0,-75770.0,21710.0,-52677.2,-5940.0,1698050.0,70650.0,22625.0,1525.5,-27737.5,-76.4,49193.75,40200.0,
20140630,2512.5,15712.5,33831.25,-10909.37,15489.06,-43468.75,-3762.5,-38755.0,-223350.0,-75770.0,20900.0,-52677.2,-5940.0,1698050.0,70650.0,23250.0,1480.0,-27475.0,629.2,48293.75,41680.0,
20140731,2512.5,17662.5,32462.5,-10346.87,16114.06,-43468.75,-3762.5,-38770.0,-223350.0,-75770.0,14890.0,-52677.2,-5940.0,1698050.0,70650.0,26337.5,1480.0,-25112.5,-1106.8,55775.0,47000.0,
20140829,4050.0,19137.5,31968.75,-11518.74,16114.06,-43468.75,-3762.5,-34825.0,-223350.0,-78240.0,12650.0,-52677.2,-5940.0,1698050.0,70650.0,25950.0,1581.0,-26775.0,-1134.4,58081.25,45150.0,
20140930,10300.0,25212.5,34281.25,-10378.12,16692.19,-43468.75,-3762.5,-35570.0,-223350.0,-73440.0,12090.0,-52677.2,-5940.0,1698050.0,469650.0,28150.0,1563.0,-22487.5,-3408.0,55137.5,47750.0,
20141031,11612.5,27862.5,35568.75,-15896.88,13220.31,-46125.0,-9737.5,-45585.0,-234100.0,-62820.0,14570.0,-49699.4,-11010.0,1698050.0,945150.0,25350.0,1441.5,-25225.0,-3379.6,53131.25,46210.0,
20141128,12787.5,33912.5,37868.75,-15806.25,13045.31,-44593.75,-9775.0,-45630.0,-234100.0,-48430.0,5550.0,-35012.0,-11010.0,1698050.0,1220150.0,24750.0,1567.0,-27525.0,-3379.6,52925.0,48395.0,
20141231,16900.0,34850.0,38162.5,-15806.25,13045.31,-42656.25,-9775.0,-45630.0,-234100.0,-35550.0,5200.0,-21252.8,-11010.0,1698050.0,1198650.0,24337.5,1574.5,-29837.5,-3379.6,45106.25,48300.0,
20150130,27037.5,32787.5,41393.75,-15681.25,13045.31,-35937.5,-9775.0,-45630.0,-234100.0,-30520.0,7180.0,-15675.2,-11010.0,1389150.0,-6900.0,25687.5,1681.5,-32350.0,-3379.6,43343.75,48755.0,
20150227,28300.0,34787.5,39000.0,-19246.88,13045.31,-25375.0,-9775.0,-45630.0,-234100.0,-32040.0,6750.0,-40677.4,-11010.0,1435350.0,-6900.0,24525.0,1534.0,-32350.0,-3379.6,35318.75,45970.0,
20150331,33812.5,34887.5,42743.75,-19246.88,13045.31,-23343.75,-9775.0,-45630.0,-234100.0,-29880.0,7690.0,-40693.8,-11010.0,1435350.0,-6900.0,25375.0,1662.0,-32350.0,-2416.4,30993.75,46885.0,
20150430,27412.5,34487.5,39512.5,-19246.88,13045.31,-27625.0,-9775.0,-45630.0,-234100.0,-41910.0,6580.0,-40693.8,-11010.0,1435350.0,-6900.0,25875.0,1599.0,-32350.0,-3816.4,26218.75,44495.0,
20150529,30950.0,38437.5,39918.75,-19246.88,13045.31,-36831.25,-9775.0,-45630.0,-234100.0,-42580.0,7670.0,-40693.8,-11010.0,1435350.0,-6900.0,26612.5,1515.0,-32350.0,-2472.4,26218.75,46260.0,
20150630,28787.5,36931.25,37193.75,-19246.88,13045.31,-32050.0,-9775.0,-45630.0,-234100.0,-41750.0,5770.0,-40693.8,-11010.0,1435350.0,-6900.0,23087.5,1499.0,-32350.0,-3021.2,26218.75,44480.0,
20150731,31100.0,38368.75,37912.5,-19246.88,13045.31,-37143.75,-9775.0,-45630.0,-234100.0,-29400.0,6930.0,-40693.8,-10720.0,1354050.0,-6900.0,20762.5,1676.5,-36450.0,-1531.6,26218.75,46330.0,
20150831,27750.0,31412.5,39550.0,-19246.88,13045.31,-39881.25,-15600.0,-52260.0,-258250.0,-31480.0,7200.0,-47640.6,-16590.0,1354050.0,-6900.0,20762.5,1780.0,-36450.0,-1027.6,26218.75,46935.0,
20150930,28500.0,32475.0,41018.75,-19246.88,13045.31,-39881.25,-15600.0,-52260.0,-258250.0,-27370.0,8850.0,-46472.6,-16590.0,1354050.0,-6900.0,20762.5,1814.5,-36450.0,-3480.4,26218.75,48215.0,
20151030,30625.0,31100.0,39087.5,-19246.88,13045.31,-39881.25,-15600.0,-52260.0,-258250.0,-28870.0,10880.0,-46472.6,-16590.0,1354050.0,-6900.0,20762.5,1771.5,-36450.0,-1671.2,26218.75,46775.0,
20151130,36037.5,31100.0,41356.25,-19246.88,13045.31,-39881.25,-15600.0,-52260.0,-258250.0,-23930.0,11740.0,-46472.6,-16590.0,1347750.0,-6900.0,20762.5,1710.5,-36450.0,-1212.0,26218.75,47115.0,
20151231,32162.5,31100.0,43387.5,-19246.88,13045.31,-39881.25,-15600.0,-52260.0,-258250.0,-19320.0,10720.0,-45586.4,-16590.0,1315200.0,-6900.0,20762.5,1455.0,-36450.0,-864.8,26218.75,46795.0,
20160129,32756.25,28787.5,46462.5,-19246.88,13045.31,-39881.25,-17912.5,-53890.0,-291650.0,-15900.0,11110.0,-43688.0,-16590.0,1315200.0,-6900.0,20762.5,1358.5,-36450.0,-3216.8,26218.75,47870.0,
20160229,32175.0,36331.25,48500.0,-19918.75,12545.31,-41037.5,-17887.5,-52655.0,-291650.0,-16030.0,16980.0,-44318.0,-8720.0,1315200.0,-94500.0,20762.5,1358.5,-36450.0,-1850.4,26218.75,50185.0,
20160331,25587.5,36793.75,45643.75,-21859.38,11471.87,-41131.25,-21012.5,-56590.0,-291650.0,-20620.0,14500.0,-48173.6,-8600.0,1175150.0,-94500.0,20762.5,1358.5,-36450.0,-741.6,26218.75,49215.0,
20160429,24925.0,42718.75,44143.75,-21859.38,11471.87,-44368.75,-21012.5,-56590.0,-291650.0,-28200.0,12310.0,-51823.0,-3110.0,1175150.0,-94500.0,20650.0,1358.5,-36450.0,344.8,26218.75,46280.0,
20160531,29112.5,38550.0,45056.25,-21859.38,11471.87,-44368.75,-21012.5,-56590.0,-291650.0,-31380.0,11210.0,-51823.0,-10410.0,1175150.0,-94500.0,21300.0,1358.5,-36450.0,1655.2,26218.75,46365.0,
20160630,29393.75,46831.25,52675.0,-21859.38,11471.87,-44368.75,-21012.5,-56590.0,-291650.0,-30610.0,11420.0,-51823.0,-100.0,1175150.0,-94500.0,19337.5,1358.5,-36450.0,4836.0,28637.5,46480.0,
20160729,28218.75,48237.5,52681.25,-21859.38,11471.87,-45775.0,-21012.5,-56590.0,-291650.0,-23880.0,10940.0,-51823.0,3590.0,1175150.0,-289550.0,18962.5,1358.5,-36450.0,3402.4,28843.75,51415.0,
20160831,28656.25,46418.75,53412.5,-21859.38,11471.87,-49918.75,-21012.5,-56590.0,-291650.0,-26980.0,11050.0,-51823.0,-1020.0,1175150.0,-289550.0,19912.5,1286.0,-36450.0,4533.6,29162.5,47185.0,
20160930,27275.0,49125.0,54243.75,-21859.38,11471.87,-49918.75,-21012.5,-56590.0,-291650.0,-30520.0,11240.0,-51823.0,-450.0,1175150.0,-289550.0,18850.0,1186.5,-36450.0,7826.4,30850.0,48435.0,
20161031,30900.0,44812.5,58887.5,-21859.38,11471.87,-49918.75,-21012.5,-56590.0,-291650.0,-29140.0,12440.0,-51823.0,-5420.0,1175150.0,-289550.0,17950.0,1186.5,-36450.0,6224.8,35575.0,48825.0,
20161130,35681.25,45550.0,57287.5,-18281.25,13260.93,-43887.5,-21012.5,-56590.0,-254950.0,-31720.0,15700.0,-51823.0,4500.0,1810150.0,-289550.0,18262.5,1186.5,-36450.0,4253.6,30493.75,50185.0,
20161230,36062.5,47506.25,58237.5,-18046.88,13440.62,-43262.5,-21012.5,-56590.0,-196150.0,-36000.0,19420.0,-51823.0,6720.0,1491400.0,-289550.0,18087.5,1186.5,-36450.0,3150.8,25412.5,49720.0,
20170131,32975.0,43931.25,56781.25,-18234.38,13237.49,-43450.0,-21012.5,-56590.0,-188950.0,-35090.0,13350.0,-51823.0,750.0,2046400.0,-289550.0,17662.5,1186.5,-36450.0,1600.0,30100.0,51865.0,
20170228,35768.75,43518.75,57943.75,-18343.75,13401.56,-44262.5,-20387.5,-55130.0,-87450.0,-36290.0,6070.0,-51823.0,-3500.0,2012650.0,-289550.0,17662.5,1186.5,-36450.0,1600.0,27493.75,52565.0,
20170331,34212.5,42325.0,57000.0,-18328.12,13378.12,-43450.0,-20562.5,-53005.0,-107750.0,-32880.0,3890.0,-51823.0,-3230.0,1858900.0,-289550.0,17662.5,1186.5,-36450.0,3089.6,26256.25,53060.0,
20170428,31725.0,42543.75,55612.5,-19484.38,12698.43,-45575.0,-19500.0,-50165.0,-80750.0,-31610.0,3890.0,-51823.0,-4940.0,1746400.0,-289550.0,17662.5,1186.5,-36450.0,3795.2,24043.75,53830.0,
20170531,29312.5,41818.75,55212.5,-20062.5,12792.18,-46418.75,-17975.0,-45910.0,-67950.0,-30600.0,3890.0,-51823.0,-5650.0,1677650.0,-302100.0,17662.5,1186.5,-36450.0,5206.4,22175.0,52885.0,
20170630,31950.0,43593.75,56118.75,-19296.88,13268.74,-46293.75,-17475.0,-48720.0,-38150.0,-28320.0,3890.0,-51823.0,-2340.0,2005150.0,-302100.0,17662.5,1186.5,-36450.0,6393.6,19231.25,47550.0,
20170731,36868.75,41331.25,57193.75,-19656.25,12956.24,-45575.0,-15125.0,-44125.0,16050.0,-32450.0,3890.0,-51823.0,-5450.0,2456400.0,-302100.0,17662.5,1186.5,-39612.5,5161.6,18225.0,47415.0,
20170831,37512.5,41237.5,55462.5,-20750.0,12604.68,-48700.0,-15025.0,-41960.0,26850.0,-29510.0,3890.0,-48710.8,-10210.0,2973900.0,-302100.0,17662.5,1186.5,-41212.5,5732.8,18225.0,46200.0,
20170929,36918.75,43468.75,58581.25,-19078.12,13604.68,-45418.75,-12725.0,-42125.0,66450.0,-33950.0,3890.0,-45850.6,-15350.0,2615150.0,-302100.0,17662.5,1186.5,-41600.0,6068.8,18225.0,42940.0,
20171031,34625.0,44800.0,57718.75,-18703.12,13917.18,-45075.0,-9887.5,-36780.0,164350.0,-36660.0,3890.0,-42889.6,-15350.0,2980150.0,-302100.0,17662.5,1186.5,-41600.0,5352.0,18225.0,42940.0,
20171130,37462.5,43818.75,59150.0,-17812.5,14760.93,-44325.0,-6125.0,-34395.0,259250.0,-39470.0,3890.0,-42171.4,-15350.0,2887650.0,-302100.0,17662.5,1186.5,-41600.0,4971.2,18225.0,42940.0,
20171229,39556.25,43543.75,59318.75,-17812.5,14940.62,-45606.25,-4725.0,-33600.0,305350.0,-36450.0,3890.0,-35010.4,-15350.0,3478900.0,-302100.0,17662.5,1186.5,-41600.0,4881.6,18225.0,45205.0,
20180131,44206.25,40093.75,63337.5,-15343.75,16393.74,-40418.75,2762.5,-22525.0,445450.0,-32140.0,3890.0,-35081.8,-16740.0,3216400.0,-302100.0,17662.5,1186.5,-41600.0,7043.2,18225.0,44530.0,
20180228,41325.0,42556.25,60700.0,-13812.5,17174.99,-36043.75,-12925.0,-24475.0,146700.0,-35230.0,3890.0,-41923.6,-19260.0,3058900.0,-302100.0,17662.5,1186.5,-39937.5,6875.2,18225.0,47355.0,
20180329,43093.75,43275.0,62450.0,-14906.25,16643.74,-39231.25,-12925.0,-29895.0,146700.0,-31930.0,3890.0,-36988.6,-19300.0,2791400.0,-302100.0,17975.0,1186.5,-42137.5,8028.8,18225.0,46620.0,
20180430,40150.0,39956.25,60687.5,-13390.62,17596.87,-36450.0,-12925.0,-29515.0,146700.0,-28300.0,3890.0,-31600.0,-19300.0,2912650.0,-302100.0,18625.0,1186.5,-39162.5,8700.8,18225.0,47810.0,
20180531,39631.25,37943.75,58481.25,-14203.12,15804.69,-37731.25,-12925.0,-22235.0,146700.0,-29830.0,3890.0,-29277.4,-19300.0,2890150.0,-302100.0,18287.5,1186.5,-38375.0,7536.0,18225.0,52465.0,
20180629,39181.25,37943.75,58875.0,-13953.12,15340.62,-37606.25,-12925.0,-20440.0,146700.0,-22720.0,3890.0,-29063.2,-19300.0,2642650.0,-302100.0,17362.5,1175.0,-39625.0,8140.8,18225.0,47850.0,
20180731,39168.75,37943.75,59412.5,-13187.5,15340.62,-35575.0,-12925.0,-16880.0,146700.0,-28110.0,3890.0,-32099.8,-19300.0,1955000.0,-302100.0,16725.0,1192.0,-37000.0,10044.8,18225.0,50685.0,
20180831,40775.0,37943.75,60575.0,-14031.25,15340.62,-36825.0,-12925.0,-8550.0,146700.0,-27070.0,3890.0,-27660.4,-21670.0,1955000.0,-392150.0,17087.5,1211.0,-37412.5,9988.8,15250.0,47000.0,
20180928,39862.5,37943.75,59812.5,-12546.88,15301.56,-33106.25,-12925.0,-8670.0,137350.0,-23620.0,3890.0,-23233.6,-20620.0,1955000.0,-392150.0,17525.0,1187.0,-39237.5,9316.8,15250.0,44075.0,
20181031,43943.75,37943.75,61625.0,-12203.12,15395.31,-30731.25,-9650.0,-28260.0,129300.0,-31560.0,4120.0,-27311.8,-23820.0,1955000.0,-392150.0,17175.0,1235.5,-39662.5,9188.4,12587.5,44320.0,
20181130,44362.5,37943.75,61906.25,-13218.75,14817.18,-32512.5,-12012.5,-28260.0,129300.0,-24570.0,17630.0,-25421.4,-23820.0,1955000.0,-392150.0,16450.0,1233.5,-38900.0,8796.4,10656.25,45345.0,
20181231,41856.25,38331.25,61662.5,-13362.5,14650.0,-32218.75,637.5,-28260.0,14750.0,-19050.0,910.0,-19121.4,-23820.0,1955000.0,-392150.0,16100.0,1244.0,-39525.0,7889.2,10962.5,41990.0,
20190131,42306.25,38887.5,59468.75,-12909.38,14821.88,-31531.25,-9325.0,-28260.0,14750.0,-27430.0,-350.0,-27437.4,-20950.0,1955000.0,-374700.0,16100.0,1073.0,-38862.5,8673.2,10962.5,43090.0,
20190228,43468.75,36037.5,58612.5,-13378.12,14525.0,-33750.0,-13337.5,-28260.0,14750.0,-30860.0,-1490.0,-33733.2,-21860.0,1946200.0,-374700.0,16100.0,1046.5,-39662.5,8729.2,10962.5,41150.0,
20190329,44781.25,35987.5,60000.0,-11159.38,15790.62,-28562.5,-17125.0,-30785.0,14750.0,-33780.0,-1490.0,-31385.4,-23620.0,1946200.0,-374700.0,16100.0,957.5,-39575.0,8449.2,10962.5,41150.0,
20190430,45056.25,35987.5,59918.75,-11706.25,15603.12,-30750.0,-17125.0,-22795.0,14750.0,-38580.0,-2180.0,-35858.4,-24900.0,1946200.0,-374700.0,16100.0,957.5,-38125.0,8236.4,10962.5,41150.0,
20190531,46050.0,35987.5,62581.25,-8628.12,17329.69,-24500.0,-17125.0,-34550.0,14750.0,-44330.0,-970.0,-25883.4,-22360.0,1946200.0,-374700.0,17050.0,910.0,-43087.5,7967.6,11900.0,42265.0,
20190628,42806.25,36831.25,61918.75,-7409.38,18118.75,-22625.0,-17125.0,-39755.0,-2700.0,-50230.0,490.0,-30041.4,-12100.0,1946200.0,-374700.0,16937.5,821.5,-41875.0,8550.0,13718.75,43265.0,
20190731,46793.75,35487.5,65425.0,-7956.25,17517.19,-22625.0,-17125.0,-39755.0,-2700.0,-50230.0,1240.0,-31356.0,-9690.0,1946200.0,-427250.0,15712.5,821.5,-43875.0,8090.8,10043.75,44385.0,
20190830,48518.75,37956.25,65593.75,-3659.38,19939.06,-12968.75,-22762.5,-39755.0,-46650.0,-50230.0,720.0,-25753.2,-530.0,1946200.0,-433850.0,13487.5,821.5,-44775.0,7100.0,7425.0,46890.0,
20190930,48856.25,36418.75,64525.0,-5065.62,19110.94,-15906.25,-22762.5,-39755.0,-46650.0,-50230.0,-6490.0,-40864.0,-6180.0,1946200.0,-497400.0,12575.0,821.5,-44775.0,7100.0,7425.0,45890.0,
20191031,46181.25,36225.0,60618.75,-5081.25,19165.62,-16843.75,-22762.5,-39755.0,-46650.0,-50230.0,-6490.0,-40864.0,-1990.0,1946200.0,-497400.0,12587.5,821.5,-45637.5,6909.6,7425.0,44085.0,
20191129,48050.0,34368.75,60743.75,-6018.75,18931.25,-19250.0,-22762.5,-39755.0,-46650.0,-50230.0,-10130.0,-40864.0,-6200.0,1946200.0,-497400.0,12587.5,821.5,-43987.5,7424.8,8925.0,43625.0,
20191231,44862.5,34368.75,58525.0,-6956.25,18571.88,-22312.5,-22562.5,-38925.0,-46650.0,-50230.0,-10130.0,-40864.0,-1160.0,1946200.0,-497400.0,12587.5,874.0,-43137.5,7962.4,12918.75,41780.0,
20200131,46906.25,34368.75,58993.75,-3721.88,20282.81,-14687.5,-22912.5,-34015.0,-46650.0,-50230.0,-10130.0,-36697.6,5320.0,2123700.0,-662450.0,12587.5,665.0,-43387.5,9295.2,2237.5,39505.0,
20200228,47893.75,30025.0,61612.5,-628.12,22712.5,-7968.75,-21687.5,-49220.0,129350.0,-43980.0,-10130.0,-30351.4,3200.0,1931150.0,-662450.0,12587.5,728.0,-44825.0,8768.8,-1025.0,39630.0,
20200331,39637.5,22868.75,63750.0,3309.38,25321.88,843.75,-2625.0,-61065.0,490650.0,-19700.0,-10130.0,-10367.8,6190.0,1833550.0,-190450.0,12750.0,811.5,-42637.5,9928.4,-3193.75,44810.0,
20200430,39637.5,22868.75,62837.5,3684.38,25446.88,2812.5,-19262.5,-72130.0,242750.0,-18060.0,-10130.0,-3295.0,15950.0,1833550.0,-752500.0,13787.5,832.0,-44862.5,9984.4,-3193.75,41710.0,
20200529,39637.5,22868.75,64562.5,3684.38,25587.5,156.25,-26237.5,-72130.0,127950.0,-34710.0,-10130.0,-11842.0,21700.0,1833550.0,-752500.0,13500.0,793.0,-45037.5,9379.6,-3193.75,41580.0,
20200630,38575.0,22868.75,64118.75,3793.75,25704.69,343.75,-35575.0,-72130.0,-121050.0,-38490.0,-10130.0,-18137.8,26580.0,1833550.0,-980050.0,12712.5,755.0,-46700.0,8203.6,-3193.75,39935.0,
20200731,45400.0,22868.75,59675.0,4700.0,26087.5,4062.5,-35575.0,-72130.0,-121050.0,-39490.0,-10130.0,-19712.8,45120.0,1932300.0,277950.0,10887.5,638.5,-46700.0,7442.0,-2237.5,39045.0,
20200831,47150.0,22868.75,57981.25,3871.88,25993.75,-2500.0,-34600.0,-72130.0,-121050.0,-41830.0,-5610.0,-19431.4,44390.0,1727250.0,2466950.0,10887.5,478.0,-46700.0,7419.6,1550.0,37795.0,
20200930,44600.0,22868.75,60950.0,4153.12,25993.75,-1937.5,-43837.5,-83790.0,-198600.0,-39440.0,-6640.0,-16697.2,36080.0,1727250.0,-83050.0,12025.0,498.0,-46700.0,6467.6,-5237.5,36890.0,
20201030,43593.75,22868.75,60593.75,2840.62,25564.06,-5750.0,-43837.5,-83790.0,-198600.0,-35010.0,1630.0,-13912.6,34520.0,1727250.0,-7050.0,13000.0,522.0,-46700.0,5678.4,-7593.75,35865.0,
20201130,47287.5,22868.75,58200.0,2793.75,25993.75,-3312.5,-43837.5,-83790.0,-198600.0,-44560.0,-3090.0,-25903.6,24620.0,1727250.0,-533550.0,14375.0,716.0,-46700.0,5846.4,-7687.5,37480.0,
20201231,50981.25,22868.75,56231.25,2700.0,26126.56,-5031.25,-43837.5,-83790.0,-198600.0,-47740.0,-6520.0,-30632.8,36040.0,1901000.0,1375950.0,17275.0,961.5,-46700.0,6944.0,-5831.25,40465.0,
20210129,49693.75,22868.75,55675.0,1653.12,25837.5,-9500.0,-43837.5,-83790.0,-198600.0,-51420.0,-6270.0,-35437.6,31560.0,1993500.0,1626950.0,20425.0,1072.5,-46700.0,7324.8,-7818.75,41725.0,
20210226,48925.0,22868.75,55675.0,-2896.88,23568.75,-9612.5,-43837.5,-83790.0,-198600.0,-51840.0,-4200.0,-37953.0,19410.0,3334750.0,1389950.0,20450.0,1338.5,-46700.0,8019.2,-2362.5,45820.0,
20210331,44681.25,25700.0,55675.0,-1115.62,24139.06,-4987.5,-43837.5,-83790.0,-198600.0,-54180.0,-5830.0,-41031.6,18090.0,3092250.0,435950.0,21287.5,1487.5,-46700.0,6137.6,-7612.5,41845.0,
20210430,48312.5,24250.0,55675.0,-2209.38,23600.0,-7643.75,-43837.5,-83790.0,-198600.0,-49760.0,-2600.0,-34622.4,23300.0,4273500.0,1106450.0,26737.5,1961.0,-45450.0,8612.8,-881.25,45445.0,
20210528,50462.5,24775.0,55675.0,-2115.62,23685.94,-6925.0,-43837.5,-83790.0,-198600.0,-47020.0,-2050.0,-29754.6,37060.0,4797250.0,2176950.0,25912.5,2131.0,-49012.5,9038.4,6956.25,42465.0,
20210630,46218.75,26056.25,55675.0,-2678.12,24107.81,-11143.75,-43837.5,-83790.0,-198600.0,-39870.0,4590.0,-25974.6,23690.0,3826000.0,1266950.0,23037.5,2012.5,-50287.5,9632.0,5981.25,43855.0,
20210730,46231.25,24725.0,55675.0,-4821.88,23092.19,-15112.5,-43837.5,-88445.0,-198600.0,-39390.0,7230.0,-23148.0,28250.0,4309750.0,943450.0,20425.0,2062.5,-50287.5,9654.4,13406.25,46100.0,
20210831,45600.0,24993.75,55675.0,-4821.88,22776.56,-13362.5,-43837.5,-88445.0,-198600.0,-44840.0,11860.0,-25894.8,28340.0,4041000.0,172950.0,19787.5,1786.0,-50287.5,11816.0,19537.5,47670.0,
20210930,42906.25,26381.25,55675.0,-4821.88,22620.31,-9612.5,-43837.5,-88445.0,-198600.0,-38310.0,26760.0,-17146.2,22230.0,3326000.0,-1072600.0,19912.5,1776.0,-50287.5,12376.0,18825.0,54305.0,
20211029,42512.5,28893.75,55675.0,-4681.25,23612.5,-11237.5,-43837.5,-88445.0,-198600.0,-29770.0,22350.0,-11257.8,24920.0,4023500.0,-1072600.0,21487.5,1905.0,-50287.5,11177.6,22556.25,58830.0,
20211130,39425.0,28118.75,55675.0,-4790.62,23964.06,-12518.75,-43837.5,-95415.0,-198600.0,-41110.0,13760.0,-26007.8,24180.0,3803500.0,-1072600.0,21450.0,1602.0,-53750.0,10427.2,33187.5,54610.0,
20211231,38475.0,29918.75,55675.0,-4446.88,24385.94,-10831.25,-43837.5,-95415.0,-198600.0,-50950.0,5390.0,-33181.0,29390.0,4262250.0,-1072600.0,22737.5,1668.0,-53575.0,10740.8,30862.5,57705.0,
20220131,40337.5,29906.25,55675.0,-1946.88,26159.38,-6018.75,-43837.5,-101190.0,-198600.0,-50950.0,16830.0,-31984.0,26170.0,3914750.0,-1072600.0,24375.0,2082.5,-53575.0,10001.6,34237.5,65190.0,
20220228,40675.0,29806.25,55675.0,-1415.62,27081.25,-7081.25,-43837.5,-101190.0,-198600.0,-47050.0,12110.0,-22928.8,36600.0,4239750.0,-1072600.0,27612.5,2467.5,-53037.5,9419.2,33412.5,60965.0,
20220331,42268.75,35675.0,55675.0,3146.88,30675.0,-456.25,-43837.5,-101190.0,-198600.0,-42490.0,24510.0,-4885.6,41930.0,4981000.0,-1072600.0,30512.5,2338.5,-49437.5,11424.0,30975.0,69250.0,
20220429,48643.75,41956.25,55512.5,6865.62,32690.62,8918.75,-43837.5,-101190.0,-198600.0,-38080.0,40530.0,22679.0,37700.0,4124750.0,-1072600.0,33750.0,3050.5,-46950.0,11043.2,29362.5,74220.0,
20220531,46731.25,41437.5,55475.0,6568.75,32409.38,10168.75,-52450.0,-115470.0,-255950.0,-28100.0,49540.0,19226.6,31370.0,3115850.0,-1307650.0,30750.0,2737.5,-45362.5,11323.2,32793.75,70895.0,
20220630,49281.25,45950.0,58012.5,7490.62,33112.5,10981.25,-52450.0,-115470.0,-255950.0,-37010.0,22330.0,14837.6,27260.0,3084550.0,-1307650.0,24512.5,2224.0,-55537.5,10315.2,32362.5,49435.0,
20220729,52825.0,44562.5,58081.25,4881.25,31635.94,5606.25,-52450.0,-115470.0,-255950.0,-44150.0,50380.0,3014.6,9580.0,3188300.0,-1477700.0,25587.5,2249.5,-55950.0,9240.0,27525.0,50485.0,
20220831,55306.25,48418.75,61643.75,9115.62,34542.19,13762.5,-52450.0,-115470.0,-255950.0,-55720.0,59360.0,7987.4,9460.0,3033250.0,-1477700.0,22875.0,2129.5,-57137.5,9632.0,34293.75,41895.0,
20220930,57737.5,51600.0,64375.0,13959.38,37854.69,23200.0,-49125.0,-115470.0,-251200.0,-55720.0,35750.0,-10736.2,5180.0,3033250.0,-1477700.0,21575.0,2496.5,-61637.5,9396.8,29156.25,36950.0,
20221031,56962.5,54068.75,62468.75,15428.12,38768.75,29106.25,-59150.0,-115470.0,-329450.0,-55720.0,10100.0,8268.8,1490.0,3033250.0,-1477700.0,21575.0,1914.0,-59675.0,9721.6,15137.5,43620.0,
20221130,50650.0,47837.5,58856.25,12521.88,36792.19,22606.25,-59150.0,-115470.0,-329450.0,-55720.0,10100.0,-4776.4,1490.0,3033250.0,-1477700.0,21575.0,1745.5,-55337.5,11580.8,18062.5,37315.0,
20221230,46581.25,49881.25,58731.25,13725.0,37432.81,24262.5,-59150.0,-115470.0,-329450.0,-55720.0,10100.0,-7653.4,1490.0,3033250.0,-1477700.0,21575.0,1745.5,-55162.5,12040.0,19037.5,37935.0,
20230131,44850.0,50087.5,57175.0,11506.25,36120.31,19731.25,-59150.0,-115470.0,-329450.0,-55720.0,17760.0,-13961.8,3640.0,3033250.0,-1477700.0,21575.0,1745.5,-53625.0,13966.4,13618.75,36510.0,
20230228,48606.25,45537.5,58900.0,14365.62,38307.81,24387.5,-59150.0,-121510.0,-329450.0,-55720.0,17130.0,-28208.2,-4530.0,3033250.0,-1477700.0,21575.0,1745.5,-50837.5,12073.6,11912.5,37605.0,
20230331,44712.5,48825.0,57037.5,11100.0,35854.69,18450.0,-59150.0,-121510.0,-329450.0,-55720.0,22440.0,-35978.2,-4530.0,3033250.0,-1477700.0,19837.5,1588.5,-50175.0,14515.2,17837.5,38230.0,
20230428,42900.0,45975.0,55637.5,10818.75,35620.31,17950.0,-59150.0,-121510.0,-329450.0,-55720.0,20500.0,-38888.4,-8440.0,3033250.0,-1550300.0,19837.5,1779.5,-47250.0,19107.2,8356.25,39220.0,
20230531,47437.5,43043.75,56581.25,11553.12,36284.38,21262.5,-59150.0,-124250.0,-329450.0,-55720.0,21940.0,-38888.4,-9840.0,3033250.0,-1550300.0,17350.0,2053.0,-45275.0,17662.4,8356.25,37880.0,
20230630,44093.75,43043.75,54887.5,13756.25,38268.75,22700.0,-58187.5,-103520.0,-329450.0,-55720.0,16620.0,-38888.4,-9840.0,3033250.0,-1550300.0,17350.0,1391.5,-48112.5,13703.6,8356.25,39435.0,
20230731,36981.25,43043.75,51412.5,14615.62,38542.19,25168.75,-51875.0,-93110.0,-329450.0,-55720.0,18260.0,-32853.0,-9840.0,3033250.0,-1550300.0,16462.5,1353.0,-48850.0,11895.2,8356.25,37260.0,
20230831,36981.25,43043.75,51412.5,14990.62,38440.62,27918.75,-56800.0,-99490.0,-329450.0,-61450.0,16920.0,-27493.8,-9840.0,3033250.0,-1550300.0,17750.0,1394.0,-45662.5,11895.2,8356.25,35710.0,
20230929,36981.25,43043.75,51112.5,17959.38,40003.12,35825.0,-64400.0,-112930.0,-329450.0,-61450.0,15310.0,-19618.8,-9840.0,3033250.0,-1550300.0,17825.0,1091.5,-42637.5,11895.2,8356.25,36045.0,
20231031,36981.25,43043.75,51462.5,19850.0,40885.94,40168.75,-64400.0,-120455.0,-329450.0,-61450.0,8850.0,-36024.0,-19530.0,3033250.0,-1550300.0,17725.0,1149.0,-43375.0,11895.2,8356.25,39010.0,
20231130,36981.25,43043.75,49262.5,16225.0,38510.94,33168.75,-64400.0,-90550.0,-329450.0,-61450.0,16580.0,-44146.4,-19530.0,3033250.0,-1550300.0,17525.0,1107.0,-45462.5,11895.2,8356.25,39590.0,
20231229,36981.25,45925.0,49262.5,13768.75,37148.44,27243.75,-61437.5,-69790.0,-178500.0,-61450.0,19460.0,-44146.4,-19530.0,3033250.0,-1550300.0,18100.0,1311.0,-46962.5,15042.4,8356.25,39120.0,
20240131,36981.25,42268.75,49262.5,13206.25,36765.62,21537.5,-58912.5,-65415.0,-151700.0,-61450.0,23600.0,-44146.4,-19530.0,3033250.0,-1550300.0,19250.0,1419.0,-45325.0,11066.4,8356.25,37035.0,
20240229,36981.25,40375.0,49262.5,10468.75,34770.31,21537.5,-47250.0,-48605.0,-75400.0,-61450.0,26000.0,-44146.4,-19530.0,3033250.0,-1550300.0,20187.5,1459.5,-44375.0,13799.2,8356.25,40885.0,
20240328,36981.25,40375.0,49262.5,10468.75,34770.31,21537.5,-37012.5,-40760.0,37900.0,-61450.0,26970.0,-44146.4,-9330.0,3033250.0,-1550300.0,19562.5,1322.5,-43575.0,12869.6,8356.25,36790.0,
20240430,36981.25,40250.0,49262.5,10468.75,34770.31,21537.5,-49087.5,-58835.0,-180400.0,-61450.0,24690.0,-44146.4,-2880.0,3894500.0,-2050400.0,19325.0,1569.5,-45725.0,16352.8,6743.75,32270.0,
20240531,36981.25,40437.5,49262.5,10468.75,34770.31,21537.5,-37662.5,-38440.0,-100600.0,-61450.0,24280.0,-44146.4,1410.0,3988250.0,-2570450.0,19350.0,1444.0,-46262.5,17596.0,2681.25,33410.0,
20240628,36981.25,41450.0,49262.5,10468.75,34770.31,21537.5,-26362.5,-11715.0,-32800.0,-61450.0,24420.0,-44146.4,790.0,3462000.0,-2570450.0,21287.5,1516.5,-51137.5,15356.0,2681.25,35140.0,
20240718,36981.25,39937.5,49262.5,10468.75,34770.31,21537.5,-22712.5,-12275.0,116100.0,-61450.0,19660.0,-44146.4,12470.0,3182000.0,-2570450.0,22100.0,1137.5,-51137.5,16879.2,2681.25,35520.0,
