20100104     0.00
20100105 -1609.38
20100106  -760.76
20100107  -379.51
20100108  -554.51
20100111  -223.26
20100112 -2992.01
20100113 -1382.64
20100114 -2542.01
20100115 -3939.83
20100119 -3264.83
20100120 -4274.76
20100121 -4274.76
20100122 -4274.76
20100125 -4274.76
20100126 -4274.76
20100127 -4274.76
20100128 -4274.76
20100129 -4274.76
20100201 -4274.76
20100202 -4274.76
20100203 -4274.76
20100204 -4274.76
20100205 -5304.90
20100208 -5328.34
20100209 -6020.53
20100210 -6136.15
20100211 -6814.28
20100212 -6736.15
20100216 -7268.96
20100217 -7993.96
20100218 -8438.00
20100219 -8438.00
20100222 -8438.00
20100223 -8438.00
20100224 -8438.00
20100225 -8438.00
20100226 -8438.00
20100301 -8438.00
20100302 -8438.00
20100303 -8438.00
20100304 -8438.00
20100305 -8438.00
20100308 -8438.00
20100309 -8438.00
20100310 -8520.67
20100311 -8270.67
20100312 -8245.67
20100315 -8283.17
20100316 -7833.17
20100317 -7520.67
20100318 -7508.17
20100319 -7758.17
20100322 -7470.67
20100323 -7095.67
20100324 -7345.67
20100325 -7433.17
20100326 -7395.67
20100329 -7133.17
20100330 -7095.67
20100331 -7308.17
20100401 -6883.17
20100402 -6883.17
20100405 -6420.67
20100406 -6283.17
20100407 -6620.67
20100408 -6958.17
20100409 -6720.82
20100412 -6720.82
20100413 -6695.82
20100414 -6020.82
20100415 -5920.82
20100416 -6833.32
20100419 -6570.82
20100420 -6070.82
20100421 -6320.82
20100422 -6258.32
20100423 -5733.32
20100426 -5933.32
20100427 -7100.18
20100428 -8006.43
20100429 -7318.93
20100430 -6516.16
20100503 -7776.79
20100504 -4689.29
20100505 -3211.96
20100506     0.00
20100507  -828.12
20100510 -4859.06
20100511 -4727.19
20100512 -6250.62
20100513 -6058.12
20100514 -3019.06
20100517 -3940.94
20100518 -1667.50
20100519 -1651.88
20100520     0.00
20100521     0.00
20100524  -765.62
20100525  -592.19
20100526 -1676.56
20100527 -5763.35
20100528 -5188.26
20100601 -4082.01
20100602 -6467.95
20100603 -7617.95
20100604  -922.64
20100607     0.00
20100608   -15.62
20100609  -257.81
20100610 -5092.19
20100611 -2429.69
20100614 -4054.69
20100615 -6050.12
20100616 -5370.44
20100617 -3057.94
20100618 -3964.19
20100621 -4456.37
20100622 -2393.87
20100623 -1104.81
20100624 -1393.87
20100625  -800.12
20100628     0.00
20100629     0.00
20100630     0.00
20100701     0.00
20100702  -773.44
20100706     0.00
20100707 -2781.25
20100708 -3945.33
20100709 -4070.33
20100712 -4070.33
20100713 -4070.33
20100714 -4070.33
20100715 -4070.33
20100716 -4070.33
20100719 -4070.33
20100720 -4070.33
20100721 -4070.33
20100722 -4070.33
20100723 -4070.33
20100726 -4070.33
20100727 -4070.33
20100728 -4070.33
20100729 -4070.33
20100730 -4070.33
20100802 -4070.33
20100803 -4070.33
20100804 -4070.33
20100805 -4070.33
20100806 -4070.33
20100809 -4070.33
20100810 -4070.33
20100811 -4075.02
20100812 -4700.02
20100813 -3621.89
20100816  -739.08
20100817 -2489.08
20100818 -2168.77
20100819  -590.64
20100820 -1660.95
20100823 -1262.52
20100824     0.00
20100825 -1328.12
20100826   -85.94
20100827 -4073.81
20100830 -4439.43
20100831 -3783.18
20100901 -5626.93
20100902 -6283.18
20100903 -7775.40
20100907 -7775.40
20100908 -7775.40
20100909 -7775.40
20100910 -7775.40
20100913 -7775.40
20100914 -7940.74
20100915 -7600.74
20100916 -7395.74
20100917 -7335.74
20100920 -6632.12
20100921 -6644.62
20100922 -7014.62
20100923 -7437.12
20100924 -5564.62
20100927 -6059.62
20100928 -5834.62
20100929 -5862.12
20100930 -6344.62
20101001 -6089.62
20101004 -6704.62
20101005 -5541.12
20101006 -5972.83
20101007 -5693.46
20101008 -5291.72
20101011 -4937.34
20101012 -5172.97
20101013 -4032.03
20101014 -4785.47
20101015 -4487.97
20101018 -3358.90
20101019 -4268.90
20101020 -3904.84
20101021 -4983.51
20101022 -4695.64
20101025 -4654.08
20101026 -4967.23
20101027 -5012.23
20101028 -4947.23
20101029 -4997.23
20101101 -4694.73
20101102 -3782.23
20101103 -3277.23
20101104 -1918.19
20101105 -2050.69
20101108 -2329.76
20101109 -3557.30
20101110 -3697.30
20101111 -3847.30
20101112 -4622.30
20101115 -4794.07
20101116 -6744.07
20101117 -6087.82
20101118 -5556.57
20101119 -6244.07
20101122 -7056.57
20101123 -7587.82
20101124 -5525.32
20101126 -6556.57
20101129 -5712.82
20101130 -7775.32
20101201 -5337.82
20101202 -5091.48
20101203 -4872.73
20101206 -6700.85
20101207 -2013.35
20101208  -537.16
20101209  -552.79
20101210     0.00
20101213 -1125.00
20101214     0.00
20101215     0.00
20101216  -921.88
20101217 -4312.50
20101220 -3531.25
20101221 -4109.38
20101222 -3304.69
20101223 -2312.50
20101227 -3537.19
20101228 -2677.38
20101229 -6798.98
20101230 -6220.85
20101231 -7798.98
20110103 -7142.91
20110104 -7096.03
20110105 -3849.16
20110106 -5127.28
20110107 -6999.16
20110110 -7521.03
20110111 -6724.16
20110112 -5902.28
20110113 -7249.16
20110114 -6023.08
20110118 -4811.20
20110119 -7098.70
20110120 -5416.13
20110121 -6619.25
20110124 -6336.13
20110125 -8364.88
20110126 -5691.75
20110127 -6679.88
20110128 -9019.09
20110131 -8206.59
20110201 -7519.09
20110202 -7112.84
20110203 -6675.34
20110204 -5456.59
20110207 -5951.06
20110208 -4514.81
20110209 -5649.81
20110210 -4872.31
20110211 -5023.56
20110214 -5459.81
20110215 -5571.06
20110216 -5508.71
20110217 -5241.21
20110218 -4973.71
20110222 -7653.30
20110223 -7915.80
20110224 -7915.80
20110225 -7915.80
20110228 -7915.80
20110301 -7915.80
20110302 -7915.80
20110303 -7915.80
20110304 -7915.80
20110307 -7915.80
20110308 -7915.80
20110309 -7915.80
20110310 -7915.80
20110311 -7915.80
20110314 -7915.80
20110315 -8757.54
20110316 -8210.67
20110317 -8421.61
20110318 -8577.86
20110321 -8976.29
20110322 -9093.48
20110323 -9116.92
20110324 -9445.04
20110325 -9549.73
20110328 -9549.73
20110329 -9549.73
20110330 -9549.73
20110331 -9549.73
20110401 -9549.73
20110404 -9549.73
20110405 -9549.73
20110406 -9549.73
20110407 -9549.73
20110408 -9549.73
20110411 -9549.73
20110412 -9549.73
20110413 -9549.73
20110414 -9549.73
20110415 -9549.73
20110418 -9549.73
20110419 -9549.73
20110420 -9549.73
20110421 -9549.73
20110425 -9549.73
20110426 -10149.36
20110427 -9945.61
20110428 -9063.61
20110429 -8291.42
20110502 -8040.48
20110503 -7758.30
20110504 -7635.80
20110505 -7181.17
20110506 -6877.10
20110509 -6156.17
20110510 -7036.95
20110511 -7016.01
20110512 -8044.85
20110513 -7587.04
20110516 -7019.85
20110517 -6548.23
20110518 -7938.86
20110519 -8998.76
20110520 -8925.80
20110523 -8825.10
20110524 -8528.22
20110525 -8559.47
20110526 -6645.41
20110527 -6590.72
20110531 -6067.28
20110601 -3864.16
20110602 -5496.97
20110603 -4528.22
20110606 -4668.85
20110607 -4809.47
20110608 -3215.72
20110609 -4457.91
20110610 -3183.97
20110613 -3895.85
20110614 -6575.36
20110615 -4638.15
20110616 -4000.20
20110617 -4824.89
20110620 -5633.95
20110621 -7843.64
20110622 -7817.70
20110623 -5743.33
20110624 -5246.14
20110627 -6941.45
20110628 -10066.45
20110629 -11001.42
20110630 -11546.74
20110701 -11546.74
20110705 -11546.74
20110706 -11546.74
20110707 -11546.74
20110708 -11546.74
20110711 -11546.74
20110712 -11546.74
20110713 -11546.74
20110714 -11546.74
20110715 -11546.74
20110718 -11546.74
20110719 -11546.74
20110720 -11546.74
20110721 -11546.74
20110722 -11546.74
20110725 -11546.74
20110726 -11546.74
20110727 -11546.74
20110728 -11546.74
20110729 -11546.74
20110801 -11348.33
20110802 -8661.67
20110803 -8531.98
20110804 -2194.52
20110805 -4491.39
20110808     0.00
20110809 -1427.50
20110810     0.00
20110811 -7803.75
20110812 -6012.50
20110815 -8922.19
20110816 -6811.25
20110817 -5614.38
20110818  -808.75
20110819     0.00
20110822  -389.69
20110823 -5181.88
20110824 -7711.11
20110825 -7087.20
20110826 -9171.51
20110829 -13797.76
20110830 -11960.68
20110831 -13907.56
20110901 -11500.06
20110902 -6746.93
20110906 -6350.68
20110907 -9110.68
20110908 -8041.93
20110909 -5336.93
20110912 -6091.31
20110913 -8180.06
20110914 -9040.77
20110915 -10728.27
20110916 -10368.90
20110919 -7103.27
20110920 -7525.15
20110921 -5431.40
20110922 -2357.11
20110923 -4794.61
20110926 -8700.86
20110927 -11559.79
20110928 -11559.79
20110929 -11559.79
20110930 -11559.79
20111003 -11451.36
20111004 -14147.66
20111005 -16302.66
20111006 -18172.66
20111007 -17987.66
20111010 -20827.55
20111011 -20827.55
20111012 -20827.55
20111013 -20827.55
20111014 -20827.55
20111017 -20827.55
20111018 -20827.55
20111019 -20827.55
20111020 -20827.55
20111021 -20827.55
20111024 -20827.55
20111025 -20827.55
20111026 -20827.55
20111027 -20827.55
20111028 -20827.55
20111031 -20827.55
20111101 -20827.55
20111102 -20827.55
20111103 -20827.55
20111104 -20827.55
20111107 -20827.55
20111108 -20827.55
20111109 -20827.55
20111110 -20827.55
20111111 -20827.55
20111114 -20827.55
20111115 -20827.55
20111116 -20827.55
20111117 -20827.55
20111118 -20827.55
20111121 -20827.55
20111122 -20827.55
20111123 -20827.55
20111125 -20827.55
20111128 -20827.55
20111129 -20827.55
20111130 -20827.55
20111201 -20827.55
20111202 -20827.55
20111205 -20827.55
20111206 -20827.55
20111207 -20827.55
20111208 -20843.66
20111209 -21023.35
20111212 -20921.79
20111213 -20913.97
20111214 -20929.60
20111215 -20937.41
20111216 -20701.40
20111219 -20247.84
20111220 -23138.46
20111221 -24333.78
20111222 -24107.21
20111223 -26594.99
20111227 -26032.49
20111228 -23188.74
20111229 -23079.37
20111230 -22485.62
20120103 -24782.49
20120104 -25933.54
20120105 -25824.16
20120106 -25574.16
20120109 -25464.79
20120110 -25605.41
20120111 -25121.04
20120112 -25355.41
20120113 -24777.29
20120117 -24730.41
20120118 -25058.54
20120119 -25748.23
20120120 -25811.36
20120123 -25806.36
20120124 -25756.36
20120125 -25296.36
20120126 -26146.84
20120127 -26177.46
20120130 -26271.80
20120131 -25967.42
20120201 -25239.92
20120202 -24775.55
20120203 -24512.73
20120206 -23965.55
20120207 -24365.86
20120208 -24165.02
20120209 -24186.04
20120210 -24823.54
20120213 -24013.54
20120214 -23911.04
20120215 -24556.04
20120216 -24202.35
20120217 -24187.35
20120221 -23994.85
20120222 -24439.85
20120223 -23649.85
20120224 -23622.35
20120227 -23292.35
20120228 -22599.85
20120229 -23564.85
20120301 -23159.85
20120302 -23154.85
20120305 -23704.85
20120306 -24210.97
20120307 -24210.97
20120308 -24210.97
20120309 -24210.97
20120312 -24210.97
20120313 -24330.02
20120314 -21134.84
20120315 -21087.65
20120316 -20712.96
20120319 -18275.46
20120320 -18268.90
20120321 -20375.46
20120322 -21033.59
20120323 -22286.71
20120326 -21243.59
20120327 -22794.19
20120328 -23369.50
20120329 -23564.50
20120330 -23714.50
20120402 -23189.50
20120403 -23185.32
20120404 -24241.27
20120405 -25303.77
20120406 -27210.02
20120409 -27821.83
20120410 -27821.83
20120411 -27821.83
20120412 -27821.83
20120413 -27821.83
20120416 -27821.83
20120417 -27821.83
20120418 -27821.83
20120419 -27821.83
20120420 -27821.83
20120423 -27821.83
20120424 -27821.83
20120425 -27821.83
20120426 -27821.83
20120427 -27821.83
20120430 -27821.83
20120501 -27821.83
20120502 -27821.83
20120503 -27821.83
20120504 -27821.83
20120507 -28079.12
20120508 -27797.87
20120509 -28270.26
20120510 -28520.26
20120511 -27442.13
20120514 -26129.63
20120515 -25864.01
20120516 -25410.88
20120517 -23298.38
20120518 -22789.01
20120521 -24632.76
20120522 -26020.26
20120523 -24085.88
20120524 -25454.63
20120525 -24642.13
20120529 -25410.88
20120530 -21473.38
20120531 -20651.51
20120601 -15145.47
20120604 -17062.97
20120605 -18839.22
20120606 -23934.22
20120607 -24314.22
20120608 -26195.82
20120611 -26354.38
20120612 -27448.13
20120613 -26416.88
20120614 -26479.38
20120615 -26010.63
20120618 -25979.38
20120619 -26666.88
20120620 -27073.13
20120621 -26448.13
20120622 -27573.13
20120625 -26385.63
20120626 -26760.63
20120627 -26604.38
20120628 -25823.13
20120629 -27698.13
20120702 -26073.13
20120703 -27135.63
20120705 -26760.63
20120706 -25791.88
20120709 -25073.13
20120710 -24666.88
20120711 -24510.63
20120712 -24041.88
20120713 -24479.38
20120716 -23885.63
20120717 -24729.38
20120718 -24385.63
20120719 -25073.13
20120720 -23885.63
20120723 -23556.66
20120724 -22798.85
20120725 -22853.53
20120726 -23236.35
20120727 -24655.58
20120730 -24655.58
20120731 -24655.58
20120801 -24655.58
20120802 -24655.58
20120803 -24655.58
20120806 -24655.58
20120807 -24655.58
20120808 -24655.58
20120809 -24655.58
20120810 -24655.58
20120813 -24655.58
20120814 -24825.43
20120815 -24590.43
20120816 -24160.22
20120817 -23797.72
20120820 -23742.72
20120821 -23975.22
20120822 -23842.72
20120823 -24860.22
20120824 -24092.72
20120827 -24012.72
20120828 -24077.72
20120829 -24092.72
20120830 -25155.22
20120831 -24843.14
20120903 -24811.89
20120904 -25425.96
20120905 -25410.33
20120906 -25483.86
20120907 -25267.61
20120910 -26711.05
20120911 -26631.68
20120912 -25982.30
20120913 -25102.41
20120914 -21811.16
20120917 -22766.16
20120918 -23178.66
20120919 -23533.66
20120920 -23794.91
20120921 -24053.66
20120924 -25082.41
20120925 -27276.16
20120926 -28083.28
20120927 -28083.28
20120928 -28083.28
20121001 -28083.28
20121002 -28083.28
20121003 -28083.28
20121004 -28083.28
20121005 -28083.28
20121008 -28083.28
20121009 -28083.28
20121010 -28083.28
20121011 -28083.28
20121012 -28083.28
20121015 -28083.28
20121016 -28083.28
20121017 -28083.28
20121018 -28083.28
20121019 -28083.28
20121022 -28083.28
20121023 -28083.28
20121024 -28083.28
20121025 -28083.28
20121026 -28083.28
20121029 -28083.28
20121030 -28083.28
20121031 -28083.28
20121101 -28083.28
20121102 -28083.28
20121105 -28083.28
20121106 -28083.28
20121107 -28083.28
20121108 -28128.12
20121109 -28298.12
20121112 -28308.12
20121113 -27898.12
20121114 -27421.80
20121115 -27184.30
20121116 -28117.62
20121119 -31367.62
20121120 -32918.25
20121121 -33724.50
20121123 -34797.74
20121126 -34016.49
20121127 -33563.37
20121128 -32797.74
20121129 -32907.12
20121130 -32641.49
20121203 -33157.12
20121204 -32641.49
20121205 -32297.74
20121206 -31969.62
20121207 -33250.87
20121210 -33000.87
20121211 -34100.36
20121212 -34560.85
20121213 -34560.85
20121214 -34560.85
20121217 -34560.85
20121218 -34560.85
20121219 -34560.85
20121220 -34560.85
20121221 -34560.85
20121224 -34560.85
20121226 -34560.85
20121227 -34560.85
20121228 -34560.85
20121231 -34560.85
20130102 -34560.85
20130103 -34560.85
20130104 -35126.47
20130107 -35392.10
20130108 -36298.35
20130109 -36946.79
20130110 -35798.35
20130111 -36470.22
20130114 -36853.04
20130115 -37696.79
20130116 -37876.47
20130117 -36914.25
20130118 -37540.82
20130122 -37273.63
20130123 -37300.13
20130124 -37100.13
20130125 -35118.88
20130128 -34522.52
20130129 -33942.83
20130130 -34063.15
20130131 -34702.21
20130201 -33277.21
20130204 -35095.96
20130205 -33322.52
20130206 -34636.58
20130207 -35600.00
20130208 -35550.29
20130211 -35611.22
20130212 -34440.91
20130213 -33328.41
20130214 -34726.85
20130215 -34961.22
20130219 -34153.41
20130220 -35406.54
20130221 -36652.42
20130222 -36652.42
20130225 -36652.42
20130226 -36652.42
20130227 -36652.42
20130228 -36652.42
20130301 -36652.42
20130304 -36652.42
20130305 -36652.42
20130306 -36652.42
20130307 -36652.42
20130308 -36652.42
20130311 -36652.42
20130312 -36652.42
20130313 -36652.42
20130314 -36652.42
20130315 -36652.42
20130318 -36652.42
20130319 -36652.42
20130320 -36652.42
20130321 -36652.42
20130322 -36652.42
20130325 -36652.42
20130326 -36652.42
20130327 -36652.42
20130328 -36652.42
20130329 -36652.42
20130401 -36652.42
20130402 -36652.42
20130403 -36618.33
20130404 -36024.58
20130405 -34746.11
20130408 -35816.43
20130409 -36167.99
20130410 -37574.48
20130411 -37129.17
20130412 -35347.29
20130415 -36125.73
20130416 -35681.04
20130417 -36305.73
20130418 -36213.40
20130419 -36705.59
20130422 -36518.09
20130423 -36619.65
20130424 -36439.96
20130425 -36711.00
20130426 -35527.88
20130429 -35197.25
20130430 -35092.57
20130501 -34313.19
20130502 -33426.00
20130503 -35607.11
20130506 -35107.11
20130507 -34777.11
20130508 -34059.61
20130509 -34347.11
20130510 -33747.11
20130513 -33574.61
20130514 -32427.11
20130515 -31999.61
20130516 -32367.11
20130517 -31127.11
20130520 -31087.11
20130521 -31027.11
20130522 -32109.09
20130523 -33389.09
20130524 -33389.09
20130528 -33710.99
20130529 -34986.54
20130530 -34394.98
20130531 -35769.67
20130603 -36379.47
20130604 -36438.22
20130605 -37491.35
20130606 -37983.85
20130607 -36882.28
20130610 -36351.03
20130611 -37435.00
20130612 -36513.13
20130613 -38106.88
20130614 -39739.69
20130617 -38780.49
20130618 -38733.62
20130619 -35300.30
20130620 -32198.73
20130621 -29776.86
20130624 -29081.55
20130625 -28073.73
20130626 -29589.36
20130627 -31026.86
20130628 -31222.17
20130701 -31058.11
20130702 -31612.14
20130703 -30815.27
20130705 -25330.89
20130708 -27260.58
20130709 -27549.64
20130710 -26627.77
20130711 -29609.21
20130712 -30146.23
20130715 -30401.22
20130716 -30852.47
20130717 -30891.85
20130718 -31011.22
20130719 -31039.97
20130722 -30979.97
20130723 -31509.97
20130724 -31294.97
20130725 -31242.47
20130726 -30707.47
20130729 -31007.47
20130730 -30494.97
20130731 -30757.47
20130801 -29174.97
20130802 -28522.47
20130805 -28597.47
20130806 -29686.55
20130807 -30161.65
20130808 -30161.65
20130809 -30161.65
20130812 -30161.65
20130813 -30161.65
20130814 -30161.65
20130815 -30161.65
20130816 -30161.65
20130819 -30161.65
20130820 -30161.65
20130821 -30161.65
20130822 -30161.65
20130823 -30161.65
20130826 -30161.65
20130827 -30161.65
20130828 -30161.65
20130829 -30161.65
20130830 -30161.65
20130903 -30161.65
20130904 -30161.65
20130905 -29955.43
20130906 -30322.62
20130909 -30681.99
20130910 -30409.93
20130911 -30799.62
20130912 -30844.62
20130913 -30804.62
20130916 -31431.81
20130917 -30971.81
20130918 -29982.54
20130919 -29785.04
20130920 -30850.04
20130923 -31487.54
20130924 -31415.04
20130925 -32017.54
20130926 -31160.04
20130927 -31520.04
20130930 -33267.31
20131001 -33267.31
20131002 -33267.31
20131003 -33267.31
20131004 -33267.31
20131007 -33267.31
20131008 -33267.31
20131009 -33267.31
20131010 -33267.31
20131011 -33267.31
20131014 -33267.31
20131015 -33267.31
20131016 -33267.31
20131017 -33208.03
20131018 -32242.17
20131021 -32133.42
20131022 -30419.36
20131023 -30724.77
20131024 -30548.52
20131025 -29601.34
20131028 -29317.59
20131029 -28619.77
20131030 -29375.09
20131031 -30619.77
20131101 -32342.90
20131104 -31209.15
20131105 -32575.74
20131106 -32200.74
20131107 -33805.10
20131108 -34585.52
20131111 -34565.21
20131112 -34815.21
20131113 -33854.27
20131114 -33107.40
20131115 -32858.96
20131118 -32971.46
20131119 -33326.15
20131120 -33601.15
20131121 -32877.71
20131122 -32463.65
20131125 -32354.27
20131126 -32176.15
20131127 -32165.21
20131129 -32148.79
20131202 -32724.73
20131203 -33131.32
20131204 -33269.76
20131205 -33524.45
20131206 -33223.11
20131209 -32933.11
20131210 -32983.11
20131211 -33893.11
20131212 -34103.11
20131213 -34336.96
20131216 -34336.96
20131217 -34336.96
20131218 -34336.96
20131219 -34336.96
20131220 -34336.96
20131223 -34336.96
20131224 -34336.96
20131226 -34371.04
20131227 -34601.04
20131230 -34691.04
20131231 -34331.04
20140102 -34821.04
20140103 -35376.04
20140106 -35917.62
20140107 -35917.62
20140108 -35917.62
20140109 -36079.94
20140110 -36697.13
20140113 -36697.13
20140114 -36697.13
20140115 -36697.13
20140116 -36697.13
20140117 -36697.13
20140121 -36697.13
20140122 -36697.13
20140123 -36697.13
20140124 -36697.13
20140127 -36697.13
20140128 -36697.13
20140129 -36697.13
20140130 -36697.13
20140131 -36697.13
20140203 -35885.00
20140204 -36635.00
20140205 -37385.00
20140206 -37760.00
20140207 -37478.75
20140210 -37510.00
20140211 -37947.50
20140212 -38541.25
20140213 -37701.07
20140214 -37594.82
20140218 -36908.57
20140219 -37662.32
20140220 -37572.32
20140221 -37337.32
20140224 -37117.32
20140225 -36326.07
20140226 -36152.32
20140227 -35066.07
20140228 -35542.35
20140303 -36406.73
20140304 -35927.98
20140305 -35679.23
20140306 -36554.23
20140307 -37426.91
20140310 -37884.41
20140311 -38484.41
20140312 -38359.41
20140313 -39711.26
20140314 -40074.49
20140317 -40761.99
20140318 -40574.49
20140319 -41574.49
20140320 -41480.74
20140321 -40886.99
20140324 -40449.49
20140325 -40480.74
20140326 -39949.49
20140327 -39324.49
20140328 -40011.99
20140331 -40324.49
20140401 -40918.24
20140402 -41573.73
20140403 -41573.73
20140404 -41573.73
20140407 -41573.73
20140408 -41573.73
20140409 -41573.73
20140410 -41573.73
20140411 -41803.97
20140414 -42328.97
20140415 -42748.97
20140416 -42953.97
20140417 -43388.97
20140421 -43948.97
20140422 -44667.66
20140423 -44667.66
20140424 -44667.66
20140425 -44667.66
20140428 -44667.66
20140429 -44667.66
20140430 -44667.66
20140501 -44773.25
20140502 -44273.25
20140505 -44742.00
20140506 -44398.25
20140507 -44460.75
20140508 -44319.46
20140509 -44866.33
20140512 -45538.21
20140513 -44678.83
20140514 -42990.80
20140515 -42006.42
20140516 -42350.17
20140519 -42811.11
20140520 -42092.36
20140521 -42928.30
20140522 -43436.11
20140523 -42686.11
20140527 -42139.24
20140528 -39990.80
20140529 -40381.42
20140530 -40720.54
20140602 -42729.64
20140603 -42949.95
20140604 -42762.45
20140605 -41853.24
20140606 -40880.74
20140609 -40915.74
20140610 -40768.24
20140611 -41138.24
20140612 -42353.24
20140613 -42013.24
20140616 -41893.24
20140617 -41673.24
20140618 -40440.74
20140619 -40513.24
20140620 -40278.24
20140623 -40265.74
20140624 -40753.24
20140625 -40673.24
20140626 -40618.24
20140627 -40338.24
20140630 -40158.24
20140701 -39022.11
20140702 -38822.11
20140703 -37814.61
20140707 -38369.61
20140708 -39675.60
20140709 -39338.10
20140710 -39813.10
20140711 -39575.60
20140714 -39213.32
20140715 -39498.32
20140716 -38960.82
20140717 -41102.93
20140718 -39180.43
20140721 -39157.93
20140722 -38100.43
20140723 -37312.93
20140724 -38075.43
20140725 -38081.68
20140728 -38291.68
20140729 -38290.43
20140730 -39502.93
20140731 -41170.65
20140801 -41170.65
20140804 -41170.65
20140805 -41170.65
20140806 -41685.84
20140807 -40975.94
20140808 -40982.69
20140811 -41045.19
20140812 -41560.82
20140813 -40553.01
20140814 -39763.94
20140815 -38310.82
20140818 -39576.44
20140819 -40154.57
20140820 -40803.01
20140821 -40303.01
20140822 -40217.07
20140825 -39920.19
20140826 -39935.82
20140827 -38990.51
20140828 -38107.69
20140829 -38326.44
20140902 -40702.37
20140903 -40877.37
20140904 -40877.37
20140905 -40877.37
20140908 -40877.37
20140909 -40877.37
20140910 -40877.37
20140911 -40877.37
20140912 -40877.37
20140915 -40877.37
20140916 -40877.37
20140917 -40877.37
20140918 -39950.60
20140919 -36986.53
20140922 -49364.66
20140923 -63789.66
20140924 -45088.10
20140925 -72432.84
20140926 -72537.53
20140929 -72537.53
20140930 -72537.53
20141001 -72537.53
20141002 -72537.53
20141003 -72537.53
20141006 -72537.53
20141007 -72148.31
20141008 -71359.24
20141009 -71124.87
20141010 -69696.89
20141013 -52248.02
20141014 -53955.83
20141015 -23699.01
20141016 -26249.95
20141017 -59549.95
20141020 -63439.95
20141021 -89815.03
20141022 -78315.03
20141023 -101825.67
20141024 -101841.52
20141027 -101396.21
20141028 -102114.96
20141029 -103255.58
20141030 -102747.77
20141031 -106239.48
20141103 -108938.85
20141104 -107010.73
20141105 -96371.35
20141106 -87647.60
20141107 -86234.48
20141110 -81964.79
20141111 -80689.16
20141112 -78799.79
20141113 -76329.16
20141114 -74446.98
20141117 -73974.79
20141118 -69628.54
20141119 -70311.98
20141120 -65324.48
20141121 -55503.54
20141124 -53142.29
20141125 -49918.23
20141126 -48131.98
20141128 -46681.35
20141201 -59011.90
20141202 -59783.46
20141203 -59319.40
20141204 -58370.33
20141205 -61855.92
20141208 -72331.54
20141209 -91399.49
20141210 -90618.24
20141211 -90461.99
20141212 -89576.83
20141215 -89967.45
20141216 -88889.33
20141217 -90639.33
20141218 -91805.26
20141219 -91649.01
20141222 -91586.51
20141223 -92034.08
20141224 -92034.08
20141226 -92034.08
20141229 -92034.08
20141230 -92034.08
20141231 -92034.08
20150102 -92034.08
20150105 -91331.01
20150106 -90355.07
20150107 -90112.88
20150108 -91847.26
20150109 -90472.26
20150112 -88800.38
20150113 -88191.01
20150114 -86659.76
20150115 -85003.51
20150116 -86378.51
20150120 -86112.88
20150121 -87487.88
20150122 -88581.63
20150123 -86425.38
20150126 -86995.69
20150127 -86808.19
20150128 -84459.76
20150129 -85662.88
20150130 -83639.44
20150202 -84022.26
20150203 -86824.23
20150204 -87133.45
20150205 -87305.33
20150206 -89425.04
20150209 -89534.42
20150210 -89784.42
20150211 -90068.79
20150212 -90068.79
20150213 -90068.79
20150217 -89987.33
20150218 -89902.33
20150219 -89357.33
20150220 -88719.39
20150223 -88601.89
20150224 -86086.97
20150225 -85731.97
20150226 -84344.47
20150227 -92691.97
20150302 -79339.47
20150303 -86411.97
20150304 -97069.47
20150305 -93401.97
20150306 -113010.60
20150309 -113010.60
20150310 -113010.60
20150311 -113010.60
20150312 -113010.60
20150313 -113010.60
20150316 -113010.60
20150317 -113010.60
20150318 -113010.60
20150319 -113010.60
20150320 -113010.60
20150323 -113010.60
20150324 -113010.60
20150325 -113010.60
20150326 -113010.60
20150327 -113010.60
20150330 -113010.60
20150331 -113010.60
20150401 -113010.60
20150402 -113010.60
20150403 -112939.86
20150406 -113174.23
20150407 -113291.42
20150408 -113307.04
20150409 -113588.29
20150410 -113642.98
20150413 -113510.17
20150414 -113330.48
20150415 -113221.11
20150416 -113049.23
20150417 -113072.67
20150420 -113189.86
20150421 -113275.79
20150422 -113502.36
20150423 -113330.48
20150424 -113236.58
20150427 -113404.71
20150428 -113751.58
20150429 -114858.60
20150430 -116513.14
20150501 -116055.18
20150504 -115211.43
20150505 -114492.68
20150506 -112742.68
20150507 -114398.93
20150508 -114648.93
20150511 -111617.68
20150512 -112744.61
20150513 -111650.86
20150514 -112494.61
20150515 -115728.98
20150518 -112947.73
20150519 -112135.23
20150520 -112088.36
20150521 -114256.60
20150522 -113819.10
20150526 -114444.10
20150527 -114428.47
20150528 -114553.47
20150529 -114910.41
20150601 -114910.41
20150602 -114910.41
20150603 -113782.94
20150604 -115892.32
20150605 -113407.94
20150608 -113954.82
20150609 -112814.19
20150610 -111173.57
20150611 -114282.94
20150612 -114361.07
20150615 -114829.82
20150616 -115986.07
20150617 -115897.46
20150618 -114522.46
20150619 -116759.96
20150622 -116759.96
20150623 -116759.96
20150624 -116759.96
20150625 -116759.96
20150626 -116759.96
20150629 -118793.85
20150630 -119093.85
20150701 -133893.85
20150702 -131693.85
20150706 -129493.85
20150707 -136362.67
20150708 -110837.67
20150709 -111937.67
20150710 -135025.17
20150713 -158908.89
20150714 -159283.89
20150715 -159396.39
20150716 -159506.22
20150717 -158461.22
20150720 -158036.22
20150721 -158131.22
20150722 -159121.22
20150723 -159061.22
20150724 -162501.73
20150727 -150586.73
20150728 -164916.73
20150729 -178336.73
20150730 -178131.73
20150731 -171136.73
20150803 -161076.73
20150804 -155801.73
20150805 -157066.73
20150806 -147977.85
20150807 -142577.85
20150810 -165777.85
20150811 -145977.85
20150812 -151191.03
20150813 -152742.59
20150814 -160216.03
20150817 -165617.59
20150818 -168086.34
20150819 -161878.92
20150820 -121169.54
20150821 -69749.74
20150824     0.00
20150825 -6447.19
20150826 -68300.70
20150827 -113287.89
20150828 -114711.33
20150831 -97989.45
20150901 -50777.26
20150902 -78756.01
20150903 -79716.33
20150904 -55081.82
20150908 -91742.26
20150909 -85283.11
20150910 -88476.86
20150911 -101826.86
20150914 -95698.73
20150915 -121942.48
20150916 -137429.98
20150917 -125511.23
20150918 -99548.15
20150921 -114871.59
20150922 -89512.21
20150923 -85340.34
20150924 -75802.84
20150925 -86665.34
20150928 -53148.57
20150929 -56287.63
20150930 -82174.51
20151001 -84864.51
20151002 -106518.81
20151005 -122880.27
20151006 -121608.71
20151007 -122833.40
20151008 -124722.46
20151009 -124222.46
20151012 -123316.21
20151013 -123284.96
20151014 -121083.03
20151015 -122676.78
20151016 -122614.28
20151019 -123208.03
20151020 -124942.41
20151021 -123387.72
20151022 -123231.47
20151023 -125364.28
20151026 -124239.28
20151027 -123200.22
20151028 -124720.34
20151029 -127335.49
20151030 -127335.49
20151102 -127335.49
20151103 -127335.49
20151104 -127335.49
20151105 -127335.49
20151106 -127486.01
20151109 -127486.01
20151110 -127689.14
20151111 -127556.32
20151112 -127611.01
20151113 -127845.39
20151116 -127954.76
20151117 -127931.32
20151118 -127861.01
20151119 -127884.45
20151120 -127829.76
20151123 -127868.82
20151124 -127946.95
20151125 -127923.51
20151127 -128009.45
20151130 -127962.57
20151201 -128394.22
20151202 -128394.22
20151203 -128394.22
20151204 -128394.22
20151207 -128394.22
20151208 -128394.22
20151209 -128394.22
20151210 -128394.22
20151211 -128394.22
20151214 -128394.22
20151215 -128394.22
20151216 -128394.22
20151217 -128394.22
20151218 -128394.22
20151221 -128394.22
20151222 -128394.22
20151223 -128394.22
20151224 -128394.22
20151228 -128394.22
20151229 -128394.22
20151230 -128394.22
20151231 -128394.22
20160104 -128394.22
20160105 -128394.22
20160106 -128394.22
20160107 -128394.22
20160108 -128394.22
20160111 -128959.74
20160112 -129497.24
20160113 -127226.37
20160114 -158783.64
20160115 -115917.39
20160119 -115742.39
20160120 -94057.22
20160121 -102380.34
20160122 -129165.97
20160125 -106435.34
20160126 -133225.97
20160127 -110140.02
20160128 -122554.05
20160129 -164059.32
20160201 -171164.40
20160202 -165547.21
20160203 -167642.64
20160204 -166550.46
20160205 -161693.27
20160208 -173826.63
20160209 -170253.19
20160210 -160150.69
20160211 -131494.75
20160212 -167518.19
20160216 -194056.05
20160217 -227805.08
20160218 -224546.09
20160219 -221042.71
20160222 -241022.04
20160223 -240193.91
20160224 -240154.85
20160225 -238764.22
20160226 -241709.54
20160229 -241217.35
20160301 -244826.72
20160302 -245478.29
20160303 -245442.35
20160304 -245804.85
20160307 -245804.85
20160308 -245804.85
20160309 -245804.85
20160310 -245804.85
20160311 -245804.85
20160314 -245804.85
20160315 -245804.85
20160316 -245804.85
20160317 -245804.85
20160318 -245804.85
20160321 -245804.85
20160322 -245804.85
20160323 -245804.85
20160324 -245804.85
20160328 -245804.85
20160329 -245804.85
20160330 -245804.85
20160331 -245804.85
20160401 -245804.85
20160404 -245804.85
20160405 -245804.85
20160406 -245804.85
20160407 -245804.85
20160408 -245804.85
20160411 -245804.85
20160412 -245804.85
20160413 -245804.85
20160414 -245804.85
20160415 -245804.85
20160418 -245804.85
20160419 -245804.85
20160420 -245804.85
20160421 -245804.85
20160422 -245804.85
20160425 -245804.85
20160426 -245804.85
20160427 -245804.85
20160428 -245804.85
20160429 -245804.85
20160502 -245804.85
20160503 -245804.85
20160504 -245804.85
20160505 -245804.85
20160506 -245804.85
20160509 -245804.85
20160510 -245804.85
20160511 -245804.85
20160512 -245804.85
20160513 -245804.85
20160516 -245804.85
20160517 -245804.85
20160518 -245804.85
20160519 -245804.85
20160520 -245804.85
20160523 -245804.85
20160524 -245804.85
20160525 -245804.85
20160526 -245804.85
20160527 -245804.85
20160531 -245804.85
20160601 -245804.85
20160602 -245804.85
20160603 -244984.80
20160606 -245484.80
20160607 -245109.80
20160608 -244734.80
20160609 -244047.30
20160610 -243112.48
20160613 -242440.61
20160614 -242245.30
20160615 -241471.86
20160616 -240190.61
20160617 -241854.67
20160620 -243581.23
20160621 -244715.88
20160622 -244551.82
20160623 -244974.42
20160624 -243297.04
20160627 -237057.35
20160628 -239226.72
20160629 -241267.97
20160630 -242809.22
20160701 -241920.16
20160705 -237616.41
20160706 -239052.97
20160707 -238901.72
20160708 -235761.63
20160711 -226631.94
20160712 -216961.63
20160713 -212963.19
20160714 -201153.13
20160715 -204757.20
20160718 -200456.88
20160719 -197388.76
20160720 -191369.70
20160721 -201136.57
20160722 -196284.70
20160725 -202573.45
20160726 -204437.51
20160727 -204545.01
20160728 -212842.86
20160729 -212215.36
20160801 -212125.98
20160802 -213622.40
20160803 -213311.15
20160804 -212805.84
20160805 -212559.90
20160808 -212832.74
20160809 -212582.74
20160810 -212787.74
20160811 -212417.74
20160812 -212332.74
20160815 -211962.74
20160816 -212447.74
20160817 -212537.74
20160818 -212537.74
20160819 -212537.74
20160822 -212537.74
20160823 -212537.74
20160824 -212537.74
20160825 -212537.74
20160826 -212537.74
20160829 -212537.74
20160830 -212537.74
20160831 -212537.74
20160901 -212537.74
20160902 -212537.74
20160906 -212537.74
20160907 -212537.74
20160908 -212537.74
20160909 -212537.74
20160912 -212537.74
20160913 -212537.74
20160914 -212537.74
20160915 -212537.74
20160916 -212537.74
20160919 -212537.74
20160920 -212537.74
20160921 -212537.74
20160922 -212537.74
20160923 -212537.74
20160926 -212537.74
20160927 -212537.74
20160928 -212537.74
20160929 -212537.74
20160930 -212537.74
20161003 -212537.74
20161004 -212537.74
20161005 -212537.74
20161006 -212512.30
20161007 -212911.44
20161010 -211708.31
20161011 -212052.06
20161012 -211684.88
20161013 -213169.25
20161014 -210981.75
20161017 -212114.56
20161018 -212723.94
20161019 -212781.63
20161020 -213234.76
20161021 -213453.51
20161024 -213132.71
20161025 -213507.71
20161026 -214026.46
20161027 -213573.65
20161028 -213963.62
20161031 -214447.99
20161101 -214675.79
20161102 -208847.67
20161103 -205153.92
20161104 -201122.67
20161107 -241116.42
20161108 -251360.72
20161109 -385072.06
20161110 -364291.97
20161111 -362550.41
20161114 -356378.85
20161115 -351501.04
20161116 -357327.29
20161117 -352827.60
20161118 -352621.35
20161121 -347800.10
20161122 -340018.22
20161123 -332603.85
20161125 -323193.22
20161128 -331507.29
20161129 -329022.76
20161130 -326967.07
20161201 -318460.82
20161202 -324196.76
20161205 -320919.41
20161206 -318142.84
20161207 -290874.09
20161208 -278080.97
20161209 -261084.77
20161212 -261159.82
20161213 -245380.13
20161214 -254270.76
20161215 -249296.07
20161216 -249785.45
20161219 -246733.26
20161220 -239121.07
20161221 -241147.95
20161222 -243123.57
20161223 -243307.01
20161227 -241864.51
20161228 -246319.54
20161229 -246594.92
20161230 -247565.52
20170103 -247565.52
20170104 -247565.52
20170105 -247565.52
20170106 -247036.46
20170109 -246676.46
20170110 -246491.46
20170111 -246186.46
20170112 -246421.46
20170113 -245891.46
20170116 -245891.46
20170117 -246311.46
20170118 -246026.46
20170119 -246046.46
20170120 -245951.46
20170123 -245846.46
20170124 -245191.46
20170125 -244186.46
20170126 -244161.46
20170127 -243866.46
20170130 -244626.46
20170131 -245309.29
20170201 -244979.29
20170202 -245329.29
20170203 -244849.29
20170206 -244794.29
20170207 -244414.29
20170208 -244124.29
20170209 -243704.29
20170210 -243414.29
20170213 -242764.29
20170214 -242429.29
20170215 -241749.29
20170216 -241939.29
20170217 -241434.29
20170221 -241250.42
20170222 -241055.42
20170223 -241347.92
20170224 -241010.42
20170227 -240762.92
20170228 -241342.92
20170301 -232934.38
20170302 -242434.38
20170303 -245404.88
20170306 -248092.38
20170307 -252942.38
20170308 -257567.38
20170309 -257474.60
20170310 -255678.20
20170313 -255607.89
20170314 -260107.89
20170315 -252584.45
20170316 -253700.08
20170317 -256225.08
20170320 -256425.80
20170321 -276011.44
20170322 -276011.44
20170323 -276011.44
20170324 -276011.44
20170327 -276011.44
20170328 -276011.44
20170329 -276011.44
20170330 -276011.44
20170331 -276011.44
20170403 -276139.28
20170404 -276139.28
20170405 -276076.78
20170406 -275967.40
20170407 -277710.04
20170410 -277249.10
20170411 -275124.10
20170412 -275092.85
20170413 -273131.92
20170417 -273897.54
20170418 -271264.73
20170419 -271991.29
20170420 -273124.10
20170421 -272944.42
20170424 -274789.43
20170425 -275820.68
20170426 -276276.93
20170427 -276276.93
20170428 -276276.93
20170501 -275895.95
20170502 -275715.95
20170503 -276245.95
20170504 -275995.95
20170505 -275545.95
20170508 -275400.95
20170509 -274985.95
20170510 -275000.95
20170511 -275095.95
20170512 -274730.95
20170515 -274485.95
20170516 -274025.95
20170517 -276334.90
20170518 -276592.71
20170519 -276733.34
20170522 -276819.27
20170523 -277256.77
20170524 -276913.02
20170525 -275986.80
20170526 -275766.18
20170529 -275766.18
20170530 -275341.49
20170531 -275128.99
20170601 -274249.67
20170602 -270871.85
20170605 -274612.79
20170606 -276072.17
20170607 -275831.23
20170608 -274413.10
20170609 -269421.56
20170612 -272215.31
20170613 -261930.94
20170614 -254977.81
20170615 -256465.31
20170616 -255081.42
20170619 -241940.80
20170620 -243575.17
20170621 -249659.55
20170622 -252778.30
20170623 -253297.05
20170626 -250018.92
20170627 -258100.86
20170628 -260675.00
20170629 -275375.00
20170630 -270875.00
20170703 -257275.00
20170705 -258675.00
20170706 -272875.00
20170707 -263875.00
20170710 -264975.00
20170711 -264175.00
20170712 -252575.00
20170713 -249975.00
20170714 -241375.00
20170717 -242775.00
20170718 -248875.00
20170719 -241181.70
20170720 -242694.20
20170721 -249081.70
20170724 -251031.70
20170725 -244656.70
20170726 -236094.20
20170727 -226456.70
20170728 -223344.20
20170731 -216756.70
20170801 -210344.20
20170802 -204981.70
20170803 -203369.20
20170804 -199056.70
20170807 -194281.70
20170808 -197719.20
20170809 -199497.72
20170810 -205247.72
20170811 -205231.51
20170814 -205379.95
20170815 -205614.33
20170816 -205426.83
20170817 -205340.89
20170818 -205340.89
20170821 -205270.58
20170822 -205434.64
20170823 -205254.95
20170824 -205387.76
20170825 -205309.64
20170828 -205223.70
20170829 -205865.69
20170830 -206107.88
20170831 -205558.81
20170901 -206960.37
20170904 -206960.37
20170905 -204924.75
20170906 -205797.25
20170907 -203812.56
20170908 -204989.75
20170911 -205735.06
20170912 -206479.41
20170913 -206730.03
20170914 -207520.03
20170915 -206445.16
20170918 -198340.16
20170919 -194335.16
20170920 -190680.16
20170921 -195857.66
20170922 -199522.66
20170925 -202816.15
20170926 -204591.15
20170927 -200241.15
20170928 -197878.65
20170929 -194866.15
20171002 -178414.18
20171003 -168043.86
20171004 -167968.86
20171005 -153864.18
20171006 -158937.61
20171009 -157401.68
20171010 -150114.18
20171011 -146603.24
20171012 -148796.99
20171013 -145911.05
20171016 -138420.43
20171017 -133098.55
20171018 -116218.86
20171019 -116943.86
20171020 -99776.68
20171023 -105381.36
20171024 -87420.43
20171025 -98077.32
20171026 -93136.69
20171027 -89620.60
20171030 -100339.18
20171031 -96093.11
20171101 -91441.86
20171102 -84476.23
20171103 -82756.23
20171106 -78196.23
20171107 -78146.23
20171108 -77123.73
20171109 -85513.73
20171110 -89243.73
20171113 -86663.73
20171114 -99083.73
20171115 -100587.79
20171116 -99975.28
20171117 -100530.28
20171120 -100475.28
20171121 -99205.28
20171122 -99005.28
20171124 -98525.28
20171127 -98530.28
20171128 -98390.28
20171129 -101044.20
20171130 -71789.44
20171201 -77814.40
20171204 -71237.84
20171205 -84706.59
20171206 -86628.46
20171207 -78422.21
20171208 -68858.15
20171211 -59970.65
20171212 -47345.65
20171213 -37303.46
20171214 -46744.09
20171215 -33311.28
20171218 -17753.94
20171219 -23526.75
20171220 -27389.11
20171221 -23150.67
20171222 -24522.23
20171226 -22573.80
20171227 -23707.86
20171228 -22739.42
20171229 -30702.78
20180102 -26855.90
20180103 -15855.92
20180104     0.00
20180105     0.00
20180108 -1243.44
20180109     0.00
20180110 -2263.75
20180111     0.00
20180112     0.00
20180115     0.00
20180116     0.00
20180117     0.00
20180118 -15165.00
20180119 -2545.94
20180122     0.00
20180123     0.00
20180124     0.00
20180125     0.00
20180126     0.00
20180129 -18236.25
20180130 -31085.19
20180131 -30850.19
20180201 -30356.76
20180202 -30816.26
20180205 -32982.75
20180206 -35187.09
20180207 -33663.66
20180208 -33007.41
20180209 -33616.78
20180212 -33382.41
20180213 -33671.47
20180214 -31374.59
20180215 -32140.22
20180216 -32569.91
20180219 -32569.91
20180220 -32038.66
20180221 -30444.91
20180222 -31233.97
20180223 -32648.03
20180226 -32907.20
20180227 -33162.51
20180228 -35396.26
20180301 -38985.82
20180302 -38218.32
20180305 -36763.32
20180306 -36158.32
20180307 -35823.32
20180308 -34813.32
20180309 -32333.32
20180312 -31503.32
20180313 -33153.32
20180314 -33658.32
20180315 -33408.32
20180316 -33938.32
20180319 -36685.59
20180320 -36685.59
20180321 -36685.59
20180322 -36685.59
20180323 -32059.59
20180326 -93047.09
20180327 -57659.59
20180328 -57347.09
20180329 -87822.09
20180402 -24922.09
20180403 -70034.59
20180404 -99822.09
20180405 -120859.59
20180406 -63859.59
20180409 -73122.09
20180410 -108822.09
20180411 -89722.09
20180412 -118500.62
20180413 -119300.62
20180416 -119300.62
20180417 -119300.62
20180418 -119300.62
20180419 -119300.62
20180420 -119300.62
20180423 -119300.62
20180424 -119463.27
20180425 -119369.52
20180426 -119447.64
20180427 -119517.96
20180430 -119580.46
20180501 -119424.21
20180502 -119510.14
20180503 -119603.89
20180504 -119817.77
20180507 -119817.77
20180508 -119817.77
20180509 -119817.77
20180510 -119817.77
20180511 -119817.77
20180514 -119872.81
20180515 -119088.05
20180516 -118869.30
20180517 -118361.48
20180518 -119619.30
20180521 -119697.42
20180522 -119705.23
20180523 -121486.48
20180524 -122263.41
20180525 -122759.23
20180528 -122759.23
20180529 -122805.52
20180530 -125204.62
20180531 -124517.12
20180601 -126665.55
20180604 -127907.74
20180605 -127447.02
20180606 -128535.08
20180607 -128853.42
20180608 -129112.17
20180611 -129097.17
20180612 -128398.42
20180613 -128615.92
20180614 -126323.42
20180615 -126543.42
20180618 -126747.17
20180619 -126690.92
20180620 -126064.67
20180621 -127105.92
20180622 -127405.92
20180625 -127570.92
20180626 -127664.67
20180627 -126633.42
20180628 -126945.92
20180629 -126914.67
20180702 -127164.67
20180703 -126570.92
20180704 -126570.92
20180705 -126414.67
20180706 -126258.42
20180709 -126789.67
20180710 -126914.67
20180711 -126445.92
20180712 -126633.42
20180713 -126227.17
20180716 -126789.67
20180717 -126883.42
20180718 -127195.92
20180719 -126633.42
20180720 -127727.17
20180723 -127839.67
20180724 -128341.87
20180725 -128323.64
20180726 -116061.14
20180727 -128411.14
20180730 -142023.64
20180731 -130336.14
20180801 -141248.64
20180802 -138761.14
20180803 -127711.14
20180806 -121386.14
20180807 -107698.64
20180808 -114323.64
20180809 -118698.64
20180810 -135748.64
20180813 -150839.88
20180814 -150064.88
20180815 -150989.88
20180816 -150989.88
20180817 -150989.88
20180820 -151963.62
20180821 -147063.62
20180822 -156063.62
20180823 -160663.62
20180824 -148563.62
20180827 -119563.62
20180828 -118726.12
20180829 -110701.29
20180830 -125433.79
20180831 -127388.79
20180904 -128326.29
20180905 -132166.29
20180906 -128948.58
20180907 -136173.58
20180910 -141573.58
20180911 -149506.90
20180912 -149506.90
20180913 -149506.90
20180914 -149479.97
20180917 -149472.16
20180918 -148720.98
20180919 -144134.75
20180920 -117985.92
20180921 -115792.17
20180924 -130448.42
20180925 -138918.73
20180926 -150685.92
20180927 -144978.10
20180928 -144657.79
20181001 -123235.92
20181002 -111275.67
20181003 -101712.98
20181004 -124014.42
20181005 -153934.00
20181008 -153785.56
20181009 -154574.63
20181010 -152434.43
20181011 -156138.65
20181012 -160273.36
20181015 -156648.98
20181016 -165928.36
20181017 -164905.86
20181018 -159836.48
20181019 -158247.42
20181022 -158836.48
20181023 -158867.16
20181024 -149640.28
20181025 -152489.03
20181026 -177708.97
20181029 -141675.22
20181030 -187705.22
20181031 -213216.47
20181101 -241723.97
20181102 -272648.51
20181105 -273187.61
20181106 -274402.61
20181107 -278380.11
20181108 -277142.61
20181109 -275166.36
20181112 -271803.86
20181113 -272288.86
20181114 -271565.75
20181115 -276310.75
20181116 -276330.75
20181119 -269528.25
20181120 -244303.04
20181121 -248428.04
20181122 -247615.54
20181123 -226048.04
20181126 -264818.04
20181127 -280578.04
20181128 -345617.77
20181129 -350542.77
20181130 -365342.77
20181203 -392792.77
20181204 -392792.77
20181205 -392792.77
20181206 -442026.89
20181207 -393940.95
20181210 -404733.81
20181211 -398576.31
20181212 -414860.06
20181213 -414856.62
20181214 -363275.37
20181217 -313401.00
20181218 -304436.31
20181219 -269459.27
20181220 -236828.64
20181221 -168834.89
20181224 -89926.14
20181226 -225324.27
20181227 -251190.52
20181228 -238171.46
20181231 -262124.58
20190102 -271010.21
20190103 -240312.90
20190104 -321275.40
20190107 -334734.78
20190108 -359745.72
20190109 -369430.90
20190110 -382888.82
20190111 -382263.82
20190114 -373301.32
20190115 -386235.70
20190116 -400154.64
20190117 -400498.39
20190118 -401084.32
20190121 -401084.32
20190122 -400435.89
20190123 -400732.76
20190124 -400162.45
20190125 -400717.14
20190128 -400576.51
20190129 -400146.82
20190130 -399724.95
20190131 -398982.76
20190201 -399842.14
20190204 -400185.89
20190205 -399935.89
20190206 -399904.64
20190207 -399279.64
20190208 -399123.39
20190211 -399545.26
20190212 -399779.64
20190213 -400280.35
20190214 -400030.35
20190215 -400139.72
20190218 -400139.72
20190219 -400022.53
20190220 -400053.78
20190221 -400272.79
20190222 -400272.79
20190225 -400272.79
20190226 -400272.79
20190227 -400272.79
20190228 -400272.79
20190301 -400272.79
20190304 -400272.79
20190305 -400272.79
20190306 -400272.79
20190307 -400272.79
20190308 -400272.79
20190311 -400272.79
20190312 -400272.79
20190313 -400272.79
20190314 -400272.79
20190315 -400272.79
20190318 -400272.79
20190319 -400272.79
20190320 -401137.55
20190321 -398637.55
20190322 -401620.71
20190325 -400851.65
20190326 -400210.71
20190327 -399665.09
20190328 -399682.27
20190329 -399595.09
20190401 -399994.46
20190402 -399227.90
20190403 -399186.65
20190404 -399359.46
20190405 -399177.90
20190408 -398792.90
20190409 -399397.90
20190410 -398437.90
20190411 -398917.90
20190412 -398217.90
20190415 -398307.90
20190416 -397672.90
20190417 -397467.90
20190418 -397012.90
20190422 -396567.90
20190423 -394502.90
20190424 -394307.90
20190425 -395292.90
20190426 -394457.90
20190429 -394987.90
20190430 -395706.90
20190501 -396100.67
20190502 -396366.29
20190503 -396264.73
20190506 -396108.48
20190507 -395913.17
20190508 -396053.79
20190509 -395905.36
20190510 -395889.73
20190513 -395635.28
20190514 -396080.59
20190515 -394838.40
20190516 -395689.96
20190517 -395361.84
20190520 -395986.84
20190521 -396432.15
20190522 -395424.34
20190523 -392471.21
20190524 -393471.21
20190528 -391635.28
20190529 -391237.78
20190530 -398923.72
20190531 -359408.10
20190603 -362495.60
20190604 -411601.85
20190605 -432958.10
20190606 -456006.75
20190607 -454592.69
20190610 -456389.56
20190611 -456692.69
20190612 -456348.94
20190613 -455075.50
20190614 -455145.81
20190617 -454841.12
20190618 -454231.75
20190619 -453805.19
20190620 -453869.54
20190621 -463561.72
20190624 -455569.54
20190625 -474772.66
20190626 -477785.16
20190627 -476888.29
20190628 -472282.04
20190701 -463302.58
20190702 -451241.64
20190703 -432216.64
20190705 -444044.33
20190708 -453813.08
20190709 -455241.20
20190710 -446611.75
20190711 -424586.75
20190712 -400811.75
20190715 -397424.25
20190716 -399336.75
20190717 -410136.75
20190718 -412511.75
20190719 -420636.75
20190722 -415436.75
20190723 -399686.75
20190724 -407711.75
20190725 -417168.86
20190726 -416268.86
20190729 -416406.36
20190730 -416881.36
20190731 -417468.86
20190801 -417468.86
20190802 -417468.86
20190805 -415642.85
20190806 -497445.97
20190807 -497233.47
20190808 -540795.97
20190809 -531752.22
20190812 -488456.91
20190813 -534664.72
20190814 -445741.29
20190815 -456186.60
20190816 -489511.60
20190819 -512650.66
20190820 -492778.79
20190821 -522849.10
20190822 -523835.04
20190823 -465858.47
20190826 -493877.22
20190827 -472031.91
20190828 -500597.54
20190829 -526289.87
20190830 -526102.37
20190903 -524774.24
20190904 -524446.12
20190905 -527087.09
20190906 -527087.09
20190909 -527087.09
20190910 -527087.09
20190911 -527087.09
20190912 -527087.09
20190913 -527087.09
20190916 -527087.09
20190917 -527087.09
20190918 -527087.09
20190919 -527087.09
20190920 -527087.09
20190923 -527087.09
20190924 -527087.09
20190925 -527087.09
20190926 -527087.09
20190927 -527087.09
20190930 -527087.09
20191001 -527087.09
20191002 -527087.09
20191003 -527190.11
20191004 -527174.49
20191007 -527471.36
20191008 -527330.74
20191009 -527596.36
20191010 -527932.30
20191011 -528302.42
20191014 -528302.42
20191015 -528302.42
20191016 -528302.42
20191017 -528302.42
20191018 -528302.42
20191021 -528302.42
20191022 -528302.42
20191023 -528302.42
20191024 -528302.42
20191025 -528302.42
20191028 -528540.60
20191029 -529330.60
20191030 -528210.60
20191031 -528630.60
20191101 -527230.60
20191104 -526408.10
20191105 -526695.60
20191106 -526590.60
20191107 -526446.90
20191108 -529286.90
20191111 -526886.90
20191112 -525656.90
20191113 -515866.90
20191114 -517296.90
20191115 -494469.40
20191118 -488499.40
20191119 -499801.90
20191120 -512003.85
20191121 -517453.85
20191122 -505678.85
20191125 -486532.14
20191126 -476397.14
20191127 -473017.14
20191129 -481762.14
20191202 -511163.23
20191203 -513528.86
20191204 -513528.86
20191205 -513528.86
20191206 -513528.86
20191209 -513528.86
20191210 -513528.86
20191211 -513528.86
20191212 -513986.78
20191213 -515376.21
20191216 -512608.75
20191217 -512844.07
20191218 -511948.13
20191219 -510502.50
20191220 -508882.62
20191223 -501419.18
20191224 -506001.37
20191226 -492554.81
20191227 -494732.62
20191230 -513274.18
20191231 -505596.37
20200102 -468364.18
20200103 -496238.24
20200106 -492346.06
20200107 -503703.24
20200108 -516576.32
20200109 -515371.32
20200110 -540238.61
20200113 -528638.61
20200114 -522853.61
20200115 -513403.61
20200116 -490897.35
20200117 -485752.35
20200121 -496122.35
20200122 -499489.85
20200123 -499427.35
20200124 -522527.35
20200127 -561641.95
20200128 -562805.33
20200129 -561867.83
20200130 -560888.87
20200131 -559662.31
20200203 -559576.37
20200204 -561936.88
20200205 -562899.07
20200206 -561693.83
20200207 -561311.11
20200210 -557943.29
20200211 -559198.29
20200212 -558493.92
20200213 -558467.67
20200214 -557207.67
20200218 -556062.36
20200219 -554518.61
20200220 -555187.98
20200221 -556796.53
20200224 -553765.28
20200225 -556797.67
20200226 -535747.67
20200227 -395743.89
20200228 -371487.64
20200302 -486150.14
20200303 -421934.52
20200304 -535798.58
20200305 -438000.14
20200306 -400309.52
20200309 -189369.29
20200310 -308866.16
20200311 -168290.54
20200312     0.00
20200313 -219562.81
20200316     0.00
20200317 -81314.69
20200318     0.00
20200319     0.00
20200320     0.00
20200323     0.00
20200324 -207097.00
20200325 -249645.72
20200326 -396476.50
20200327 -294002.43
20200330 -374644.62
20200331 -331443.37
20200401 -214915.25
20200402 -275175.87
20200403 -238415.56
20200406 -412883.68
20200407 -414742.75
20200408 -499354.00
20200409 -538288.68
20200413 -509366.50
20200414 -578162.12
20200415 -519696.81
20200416 -523828.37
20200417 -607768.06
20200420 -539519.62
20200421 -481760.25
20200422 -526233.68
20200423 -523966.50
20200424 -555332.12
20200427 -591459.13
20200428 -601437.26
20200429 -601406.01
20200430 -601335.70
20200501 -601460.70
20200504 -601390.38
20200505 -601437.26
20200506 -601468.51
20200507 -601054.45
20200508 -601195.07
20200511 -601366.95
20200512 -601249.76
20200513 -601140.38
20200514 -601062.26
20200515 -601093.51
20200518 -601437.26
20200519 -601273.20
20200520 -601179.45
20200521 -601210.70
20200522 -601179.45
20200526 -601257.57
20200527 -601202.88
20200528 -601249.76
20200529 -601023.20
20200601 -601015.38
20200602 -601124.76
20200603 -601316.42
20200604 -601316.42
20200605 -601316.42
20200608 -601316.42
20200609 -601316.42
20200610 -601316.42
20200611 -601316.42
20200612 -601316.42
20200615 -601316.42
20200616 -601316.42
20200617 -601316.42
20200618 -601316.42
20200619 -601316.42
20200622 -601316.42
20200623 -601316.42
20200624 -601316.42
20200625 -601316.42
20200626 -601316.42
20200629 -601316.42
20200630 -601316.42
20200701 -601316.42
20200702 -601316.42
20200706 -601316.42
20200707 -601316.42
20200708 -601316.42
20200709 -601316.42
20200710 -601316.42
20200713 -609537.64
20200714 -608612.64
20200715 -607872.64
20200716 -611302.64
20200717 -609087.64
20200720 -602517.64
20200721 -604517.64
20200722 -605452.64
20200723 -610572.64
20200724 -613230.16
20200727 -609452.03
20200728 -611141.41
20200729 -608565.78
20200730 -604843.72
20200731 -602804.35
20200803 -600604.35
20200804 -598058.41
20200805 -598998.10
20200806 -595342.47
20200807 -599065.60
20200810 -600486.85
20200811 -637597.40
20200812 -607447.40
20200813 -610762.40
20200814 -614692.40
20200817 -613332.40
20200818 -616682.40
20200819 -626727.40
20200820 -620122.40
20200821 -599427.40
20200824 -559942.40
20200825 -562742.40
20200826 -545135.44
20200827 -530055.44
20200828 -514012.94
20200831 -531342.94
20200901 -505372.94
20200902 -453980.44
20200903 -543398.34
20200904 -579212.34
20200908 -579212.34
20200909 -579212.34
20200910 -579212.34
20200911 -579212.34
20200914 -579212.34
20200915 -579212.34
20200916 -579212.34
20200917 -579212.34
20200918 -579212.34
20200921 -579212.34
20200922 -579212.34
20200923 -579212.34
20200924 -579212.34
20200925 -579212.34
20200928 -579212.34
20200929 -579212.34
20200930 -579212.34
20201001 -579212.34
20201002 -579212.34
20201005 -579313.36
20201006 -579782.11
20201007 -578750.86
20201008 -579282.11
20201009 -579125.86
20201012 -580566.94
20201013 -581464.44
20201014 -584046.94
20201015 -585926.94
20201016 -587103.19
20201019 -589651.94
20201020 -588448.28
20201021 -587318.50
20201022 -587046.94
20201023 -587061.00
20201026 -592097.31
20201027 -592878.56
20201028 -593202.00
20201029 -592838.50
20201030 -592229.13
20201102 -592588.50
20201103 -591604.13
20201104 -595211.45
20201105 -596527.47
20201106 -596527.47
20201109 -600907.16
20201110 -577711.53
20201111 -572673.72
20201112 -610040.60
20201113 -563644.03
20201116 -513968.72
20201117 -531046.85
20201118 -567724.03
20201119 -561009.66
20201120 -587777.16
20201123 -552471.53
20201124 -500356.53
20201125 -516042.47
20201127 -510367.16
20201130 -534755.28
20201201 -508876.85
20201202 -501422.78
20201203 -495904.97
20201204 -465069.03
20201207 -479564.35
20201208 -467595.69
20201209 -484524.44
20201210 -491362.56
20201211 -490567.69
20201214 -504595.19
20201215 -466537.69
20201216 -468580.19
20201217 -453287.69
20201218 -463245.19
20201221 -507873.00
20201222 -507343.00
20201223 -508518.00
20201224 -507453.00
20201228 -504888.00
20201229 -504723.00
20201230 -504713.00
20201231 -503833.00
20210104 -505952.79
20210105 -505952.79
20210106 -505039.58
20210107 -504441.28
20210108 -504066.86
20210111 -507353.11
20210112 -507269.36
20210113 -507324.68
20210114 -507351.24
20210115 -510357.49
20210119 -506973.74
20210120 -500869.05
20210121 -498211.24
20210122 -499542.80
20210125 -498712.55
20210126 -498512.55
20210127 -506112.55
20210128 -504502.55
20210129 -510147.55
20210201 -510147.55
20210202 -510495.59
20210203 -513674.91
20210204 -510234.91
20210205 -508618.69
20210208 -507324.94
20210209 -507411.19
20210210 -508755.56
20210211 -506701.81
20210212 -503780.56
20210216 -501525.33
20210217 -503182.20
20210218 -504790.64
20210219 -503993.14
20210222 -506016.07
20210223 -505969.19
20210224 -504977.01
20210225 -500781.69
20210226 -501969.19
20210301 -502773.88
20210302 -503617.63
20210303 -501906.69
20210304 -499555.13
20210305 -499594.19
20210308 -513003.03
20210309 -511356.90
20210310 -465010.03
20210311 -445073.19
20210312 -412084.12
20210315 -394388.81
20210316 -406754.44
20210317 -388465.37
20210318 -399943.50
20210319 -426159.12
20210322 -416137.25
20210323 -448859.12
20210324 -448418.50
20210325 -457262.25
20210326 -432054.99
20210329 -422489.36
20210330 -433158.11
20210331 -435006.55
20210401 -423153.07
20210405 -381543.70
20210406 -393460.36
20210407 -391932.24
20210408 -384988.19
20210409 -354134.81
20210412 -359437.31
20210413 -361832.31
20210414 -360547.31
20210415 -324404.81
20210416 -307557.31
20210419 -323402.31
20210420 -352799.81
20210421 -317137.31
20210422 -353317.31
20210423 -325660.44
20210426 -330070.44
20210427 -330577.94
20210428 -343717.94
20210429 -341455.44
20210430 -344800.44
20210503 -345042.94
20210504 -346380.44
20210505 -346142.94
20210506 -344455.44
20210507 -342917.94
20210510 -365916.20
20210511 -434912.87
20210512 -434912.87
20210513 -434912.87
20210514 -434912.87
20210517 -434912.87
20210518 -434912.87
20210519 -434912.87
20210520 -434912.87
20210521 -434912.87
20210524 -434912.87
20210525 -434912.87
20210526 -434912.87
20210527 -434912.87
20210528 -434912.87
20210601 -434912.87
20210602 -434912.87
20210603 -434912.87
20210604 -434912.87
20210607 -434912.87
20210608 -434912.87
20210609 -434912.87
20210610 -435256.42
20210611 -435855.90
20210614 -436988.71
20210615 -437035.58
20210616 -438740.53
20210617 -436834.28
20210618 -436043.70
20210621 -437591.99
20210622 -437568.55
20210623 -437787.30
20210624 -437607.61
20210625 -438936.03
20210628 -437794.92
20210629 -436777.11
20210630 -436228.98
20210701 -436903.04
20210702 -432676.17
20210706 -429980.23
20210707 -428096.79
20210708 -428809.54
20210709 -428875.79
20210712 -427933.44
20210713 -430538.76
20210714 -427819.38
20210715 -428949.69
20210716 -432369.07
20210719 -431319.07
20210720 -431959.69
20210721 -434780.68
20210722 -434509.18
20210723 -430828.83
20210726 -429325.65
20210727 -440570.97
20210728 -452210.03
20210729 -436995.97
20210730 -453026.59
20210802 -462595.97
20210803 -431247.84
20210804 -462640.34
20210805 -435172.49
20210806 -423053.42
20210809 -432445.92
20210810 -418953.52
20210811 -397228.52
20210812 -392348.52
20210813 -389203.52
20210816 -377063.52
20210817 -410473.52
20210818 -453232.55
20210819 -453232.55
20210820 -453232.55
20210823 -453232.55
20210824 -453232.55
20210825 -453232.55
20210826 -453232.55
20210827 -453232.55
20210830 -453495.20
20210831 -453732.70
20210901 -453695.20
20210902 -452995.20
20210903 -453032.70
20210907 -453795.20
20210908 -454132.70
20210909 -455145.20
20210910 -456753.30
20210913 -456753.30
20210914 -456753.30
20210915 -456753.30
20210916 -456753.30
20210917 -456753.30
20210920 -479150.43
20210921 -475050.43
20210922 -508150.43
20210923 -559650.43
20210924 -562650.43
20210927 -569499.19
20210928 -512807.97
20210929 -521878.28
20210930 -467804.84
20211001 -513187.65
20211004 -483315.78
20211005 -514131.40
20211006 -524868.90
20211007 -568516.67
20211008 -568313.41
20211011 -567493.10
20211012 -568977.48
20211013 -570039.98
20211014 -570954.04
20211015 -569360.29
20211018 -569133.73
20211019 -567704.04
20211020 -571819.16
20211021 -570300.69
20211022 -563550.69
20211025 -556831.94
20211026 -557556.99
20211027 -585007.11
20211028 -556782.11
20211029 -545837.40
20211101 -534758.34
20211102 -519316.78
20211103 -504418.65
20211104 -502940.84
20211105 -481911.54
20211108 -472504.04
20211109 -485891.54
20211110 -515761.89
20211111 -526101.81
20211112 -521103.37
20211115 -521087.75
20211116 -534529.51
20211117 -554334.83
20211118 -555847.64
20211119 -580600.76
20211122 -582451.39
20211123 -595976.87
20211124 -599600.03
20211126 -605442.22
20211129 -605309.40
20211130 -605878.15
20211201 -605878.15
20211202 -605878.15
20211203 -605510.89
20211206 -607135.89
20211207 -607760.89
20211208 -608854.64
20211209 -608385.89
20211210 -608354.64
20211213 -607198.39
20211214 -607448.39
20211215 -607917.14
20211216 -607542.14
20211217 -607104.64
20211220 -607698.39
20211221 -608885.89
20211222 -608292.14
20211223 -609198.39
20211227 -608917.14
20211228 -609010.89
20211229 -609571.83
20211230 -609571.83
20211231 -609571.83
20220103 -609571.83
20220104 -612232.49
20220105 -650627.72
20220106 -667219.35
20220107 -667639.66
20220110 -704670.69
20220111 -705655.07
20220112 -706006.63
20220113 -706725.38
20220114 -704670.69
20220117 -1701459.12
20220118 -701701.94
20220119 -703061.32
20220120 -702975.38
20220121 -702269.43
20220124 -741638.97
20220125 -724982.87
20220126 -710962.87
20220127 -705140.37
20220128 -775040.37
20220131 -828785.06
20220201 -860027.37
20220202 -869303.24
20220203 -868514.18
20220204 -871785.97
20220207 -869770.97
20220208 -872008.15
20220209 -878770.65
20220210 -868705.34
20220211 -862141.98
20220214 -859984.16
20220215 -869326.66
20220216 -869700.73
20220217 -858362.96
20220218 -845921.02
20220221 -1713747.34
20220222 -793672.72
20220223 -736666.16
20220224 -758157.10
20220225 -850833.97
20220228 -836627.72
20220301 -771949.36
20220302 -839642.19
20220303 -829607.19
20220304 -816396.94
20220307 -724508.35
20220308 -703945.85
20220309 -784925.85
20220310 -769098.35
20220311 -799354.77
20220314 -791370.33
20220315 -862619.39
20220316 -930038.21
20220317 -976052.94
20220318 -1009277.24
20220321 -1003988.18
20220322 -1002128.81
20220323 -1003863.18
20220324 -1003300.68
20220325 -998644.43
20220328 -999410.06
20220329 -1001706.93
20220330 -1002667.87
20220331 -1003683.49
20220401 -1003683.49
20220404 -1003683.49
20220405 -1003683.49
20220406 -1003683.49
20220407 -1003683.49
20220408 -1003683.49
20220411 -1003683.49
20220412 -1003683.49
20220413 -1003683.49
20220414 -1003683.49
20220418 -1003683.49
20220419 -1003683.49
20220420 -1003683.49
20220421 -1003683.49
20220422 -1003683.49
20220425 -1003683.49
20220426 -1004298.55
20220427 -1004158.55
20220428 -1013073.55
20220429 -1001018.55
20220502 -1040411.89
20220503 -1046001.89
20220504 -1148476.89
20220505 -1029111.89
20220506 -1015766.89
20220509 -940926.89
20220510 -936631.89
20220511 -894646.89
20220512 -885096.89
20220513 -940606.89
20220516 -941746.89
20220517 -990256.89
20220518 -876880.78
20220519 -852505.78
20220520 -852855.78
20220523 -919345.78
20220524 -918160.78
20220525 -934940.52
20220526 -941680.52
20220527 -949650.52
20220531 -952077.58
20220601 -952077.58
20220602 -952077.58
20220603 -952077.58
20220606 -952077.58
20220607 -952077.58
20220608 -952077.58
20220609 -952077.58
20220610 -949937.38
20220613 -859461.62
20220614 -845241.62
20220615 -880491.62
20220616 -797856.62
20220617 -795646.62
20220621 -866856.62
20220622 -861226.62
20220623 -884761.62
20220624 -974321.62
20220627 -991740.20
20220628 -991740.20
20220629 -991740.20
20220630 -991740.20
20220701 -991740.20
20220705 -991740.20
20220706 -991740.20
20220707 -991740.20
20220708 -991740.20
20220711 -991740.20
20220712 -991740.20
20220713 -991740.20
20220714 -991740.20
20220715 -991740.20
20220718 -991740.20
20220719 -991740.20
20220720 -991740.20
20220721 -991740.20
20220722 -991740.20
20220725 -991740.20
20220726 -991740.20
20220727 -991740.20
20220728 -991740.20
20220729 -991740.20
20220801 -991740.20
20220802 -991740.20
20220803 -991740.20
20220804 -991740.20
20220805 -991740.20
20220808 -991740.20
20220809 -991740.20
20220810 -991740.20
20220811 -991740.20
20220812 -991740.20
20220815 -991740.20
20220816 -1002094.05
20220817 -1020894.05
20220818 -1018494.05
20220819 -1051089.05
20220822 -1123403.70
20220823 -1123403.70
20220824 -1123403.70
20220825 -1123403.70
20220826 -1123403.70
20220829 -1123403.70
20220830 -1123403.70
20220831 -1123403.70
20220901 -1123403.70
20220902 -1123403.70
20220906 -1123403.70
20220907 -1123403.70
20220908 -1123403.70
20220909 -1123403.70
20220912 -1123403.70
20220913 -1123403.70
20220914 -1123403.70
20220915 -1123403.70
20220916 -1123403.70
20220919 -1123403.70
20220920 -1123403.70
20220921 -1123403.70
20220922 -1123403.70
20220923 -1109748.18
20220926 -1077148.18
20220927 -1063148.18
20220928 -1117848.18
20220929 -1071348.18
20220930 -1022948.18
20221003 -1103518.84
20221004 -1193318.84
20221005 -1196428.84
20221006 -1194788.84
20221007 -1185983.84
20221010 -1183643.84
20221011 -1180853.84
20221012 -1180763.84
20221013 -1307836.06
20221014 -1262741.06
20221017 -1322266.06
20221018 -1358636.06
20221019 -1346126.06
20221020 -1334176.06
20221021 -1415986.06
20221024 -1433630.06
20221025 -1433630.06
20221026 -1433630.06
20221027 -1433630.06
20221028 -1433630.06
20221031 -1433630.06
20221101 -1433630.06
20221102 -1433630.06
20221103 -1433630.06
20221104 -1433630.06
20221107 -1433630.06
20221108 -1433630.06
20221109 -1433630.06
20221110 -1433630.06
20221111 -1433630.06
20221114 -1433630.06
20221115 -1433630.06
20221116 -1433630.06
20221117 -1433630.06
20221118 -1433630.06
20221121 -1433630.06
20221122 -1433630.06
20221123 -1433630.06
20221125 -1433630.06
20221128 -1433630.06
20221129 -1433630.06
20221130 -1433630.06
20221201 -1433630.06
20221202 -1433630.06
20221205 -1433630.06
20221206 -1433630.06
20221207 -1433630.06
20221208 -1433630.06
20221209 -1433630.06
20221212 -1433630.06
20221213 -1433630.06
20221214 -1433630.06
20221215 -1433630.06
20221216 -1433630.06
20221219 -1433630.06
20221220 -1433630.06
20221221 -1433630.06
20221222 -1433630.06
20221223 -1433630.06
20221227 -1433630.06
20221228 -1433630.06
20221229 -1433630.06
20221230 -1433630.06
20230103 -1433630.06
20230104 -1433630.06
20230105 -1433630.06
20230106 -1433630.06
20230109 -1433630.06
20230110 -1433630.06
20230111 -1433630.06
20230112 -1433630.06
20230113 -1433630.06
20230117 -1433630.06
20230118 -1433630.06
20230119 -1433630.06
20230120 -1433630.06
20230123 -1433630.06
20230124 -1433630.06
20230125 -1433630.06
20230126 -1433630.06
20230127 -1433864.70
20230130 -1438949.70
20230131 -1435269.70
20230201 -1430024.70
20230202 -1421374.70
20230203 -1425829.70
20230206 -1427999.70
20230207 -1422774.70
20230208 -1427404.70
20230209 -1429799.70
20230210 -1431384.70
20230213 -1427499.70
20230214 -1425689.70
20230215 -1423709.70
20230216 -1428659.70
20230217 -1430509.70
20230221 -1433044.70
20230222 -1433044.70
20230223 -1433044.70
20230224 -1449978.82
20230227 -1458278.82
20230228 -1435578.82
20230301 -1436678.82
20230302 -1469178.82
20230303 -1508778.82
20230306 -1512478.82
20230307 -1453778.82
20230308 -1448678.82
20230309 -1393278.82
20230310 -1359178.82
20230313 -1348178.82
20230314 -1382878.82
20230315 -1352178.82
20230316 -1391078.82
20230317 -1349778.82
20230320 -1388278.82
20230321 -1398127.55
20230322 -1398520.32
20230323 -1401680.32
20230324 -1412455.32
20230327 -1434190.32
20230328 -1431010.32
20230329 -1457860.32
20230330 -1469620.32
20230331 -1506825.32
20230403 -1519111.74
20230404 -1520131.74
20230405 -1522916.74
20230406 -1521096.74
20230407 -1521096.74
20230410 -1521351.74
20230411 -1523016.74
20230412 -1525466.74
20230413 -1520316.74
20230414 -1520886.74
20230417 -1520781.74
20230418 -1520651.74
20230419 -1520851.74
20230420 -1523026.74
20230421 -1524817.07
20230424 -1524817.07
20230425 -1524817.07
20230426 -1524817.07
20230427 -1524817.07
20230428 -1524817.07
20230501 -1524817.07
20230502 -1524817.07
20230503 -1524817.07
20230504 -1524817.07
20230505 -1524817.07
20230508 -1524817.07
20230509 -1524817.07
20230510 -1524817.07
20230511 -1524817.07
20230512 -1524817.07
20230515 -1524817.07
20230516 -1524817.07
20230517 -1524930.98
20230518 -1519920.98
20230519 -1520640.98
20230522 -1519750.98
20230523 -1523225.98
20230524 -1524795.98
20230525 -1518270.98
20230526 -1511150.98
20230530 -1509865.98
20230531 -1511790.98
20230601 -1508355.98
20230602 -1506295.98
20230605 -1506025.98
20230606 -1506070.98
20230607 -1511170.98
20230608 -1512160.55
20230609 -1511375.55
20230612 -1506355.55
20230613 -1504110.55
20230614 -1502105.55
20230615 -1506480.16
20230616 -1520600.16
20230620 -1545630.16
20230621 -1561980.16
20230622 -1561065.16
20230623 -1587495.16
20230626 -1592116.14
20230627 -1570916.14
20230628 -1579116.14
20230629 -1553916.14
20230630 -1524916.14
20230703 -1525516.14
20230705 -1538316.14
20230706 -1588758.13
20230707 -1588758.13
20230710 -1588758.13
20230711 -1588758.13
20230712 -1588758.13
20230713 -1589019.77
20230714 -1589364.77
20230717 -1586434.77
20230718 -1563714.98
20230719 -1552924.98
20230720 -1545464.98
20230721 -1546809.98
20230724 -1528084.98
20230725 -1523549.98
20230726 -1518548.73
20230727 -1543848.73
20230728 -1527748.73
20230731 -1517448.73
20230801 -1511248.73
20230802 -1546648.73
20230803 -1564248.94
20230804 -1608288.50
20230807 -1568188.50
20230808 -1584088.50
20230809 -1603388.50
20230810 -1598488.50
20230811 -1588488.50
20230814 -1586488.50
20230815 -1622888.50
20230816 -1641488.50
20230817 -1646259.74
20230818 -1646259.74
20230821 -1646259.74
20230822 -1646259.74
20230823 -1646259.74
20230824 -1646259.74
20230825 -1646259.74
20230828 -1646259.74
20230829 -1646259.74
20230830 -1646259.74
20230831 -1646259.74
20230901 -1646259.74
20230905 -1646259.74
20230906 -1646259.74
20230907 -1646259.74
20230908 -1646259.74
20230911 -1646259.74
20230912 -1646259.74
20230913 -1646259.74
20230914 -1646259.74
20230915 -1646259.74
20230918 -1646259.74
20230919 -1646259.74
20230920 -1646259.74
20230921 -1646259.74
20230922 -1646259.74
20230925 -1646259.74
20230926 -1639904.54
20230927 -1631984.54
20230928 -1644499.54
20230929 -1627934.54
20231002 -1621599.54
20231003 -1572494.54
20231004 -1589179.54
20231005 -1585739.54
20231006 -1620344.54
20231009 -1641995.10
20231010 -1655495.10
20231011 -1661095.10
20231012 -1669745.10
20231013 -1669745.10
20231016 -1669745.10
20231017 -1669745.10
20231018 -1669745.10
20231019 -1669745.10
20231020 -1661315.44
20231023 -1643175.44
20231024 -1666065.44
20231025 -1646800.44
20231026 -1613715.44
20231027 -1577940.44
20231030 -1632265.44
20231031 -1645540.44
20231101 -1672225.44
20231102 -1717728.85
20231103 -1717728.85
20231106 -1717728.85
20231107 -1717728.85
20231108 -1717728.85
20231109 -1717728.85
20231110 -1717728.85
20231113 -1717728.85
20231114 -1717728.85
20231115 -1717728.85
20231116 -1717728.85
20231117 -1717728.85
20231120 -1717763.74
20231121 -1719688.74
20231122 -1718508.74
20231124 -1719073.74
20231127 -1719318.74
20231128 -1718533.74
20231129 -1719018.74
20231130 -1719783.74
20231201 -1694451.49
20231204 -1701046.49
20231205 -1708151.49
20231206 -1717721.49
20231207 -1712754.66
20231208 -1701354.66
20231211 -1685054.66
20231212 -1668238.61
20231213 -1612103.61
20231214 -1597088.61
20231215 -1593943.61
20231218 -1589853.61
20231219 -1562888.61
20231220 -1616623.61
20231221 -1581718.61
20231222 -1582848.61
20231226 -1565378.61
20231227 -1553583.61
20231228 -1551738.61
20231229 -1554778.61
20240102 -1583466.97
20240103 -1583466.97
20240104 -1583466.97
20240105 -1583466.97
20240108 -1583466.97
20240109 -1583466.97
20240110 -1583466.97
20240111 -1583466.97
20240112 -1583466.97
20240116 -1583466.97
20240117 -1583466.97
20240118 -1583466.97
20240119 -1583466.97
20240122 -1585699.99
20240123 -1584244.99
20240124 -1582449.99
20240125 -1582179.99
20240126 -1584329.99
20240129 -1580749.99
20240130 -1583099.99
20240131 -1590024.99
20240201 -1586134.99
20240202 -1580214.99
20240205 -1580869.99
20240206 -1581669.99
20240207 -1578034.99
20240208 -1577504.99
20240209 -1574084.99
20240212 -1575569.99
20240213 -1581334.99
20240214 -1577249.99
20240215 -1576614.99
20240216 -1579989.99
20240220 -1581107.85
20240221 -1581107.85
20240222 -1581107.85
20240223 -1581107.85
20240226 -1581107.85
20240227 -1581107.85
20240228 -1581107.85
20240229 -1581107.85
20240301 -1581107.85
20240304 -1581107.85
20240305 -1581107.85
20240306 -1581107.85
20240307 -1581107.85
20240308 -1581107.85
20240311 -1581107.85
20240312 -1581107.85
20240313 -1581107.85
20240314 -1581107.85
20240315 -1581107.85
20240318 -1581107.85
20240319 -1581107.85
20240320 -1581107.85
20240321 -1592050.48
20240322 -1625850.48
20240325 -1642750.48
20240326 -1644650.48
20240327 -1598250.48
20240328 -1595050.48
20240401 -1623250.48
20240402 -1661850.48
20240403 -1664450.48
20240404 -1678200.48
20240405 -1678200.48
20240408 -1678200.48
20240409 -1678200.48
20240410 -1678200.48
20240411 -1678200.48
20240412 -1678200.48
20240415 -1678200.48
20240416 -1678200.48
20240417 -1678200.48
20240418 -1678200.48
20240419 -1721370.80
20240422 -1747370.80
20240423 -1773170.80
20240424 -1768570.80
20240425 -1729370.80
20240426 -1744670.80
20240429 -1756470.80
20240430 -1699870.80
20240501 -1707470.80
20240502 -1738770.80
20240503 -1783770.80
