20100104     0.00
20100105     0.00
20100106     0.00
20100107  -459.20
20100108  -985.60
20100111 -1859.20
20100112 -1176.00
20100113  -414.40
20100114  -548.00
20100115  -564.80
20100119     0.00
20100120     0.00
20100121     0.00
20100122 -1257.60
20100125  -427.70
20100126  -825.20
20100127  -353.00
20100128     0.00
20100129     0.00
20100201 -3645.65
20100202 -5648.75
20100203 -4048.40
20100204 -2694.95
20100205     0.00
20100208 -3621.25
20100209 -8415.00
20100210 -9910.00
20100211 -9553.75
20100212 -9022.50
20100216 -12203.75
20100217 -9278.75
20100218 -8760.00
20100219 -9891.25
20100222 -8660.00
20100223 -7216.25
20100224 -7991.25
20100225 -6285.00
20100226 -8385.00
20100301 -7766.25
20100302 -8872.50
20100303 -10312.50
20100304 -5242.50
20100305 -6072.50
20100308 -6087.50
20100309 -6146.25
20100310 -7267.55
20100311 -4819.65
20100312 -4786.40
20100315 -4607.80
20100316 -3629.80
20100317 -3828.10
20100318 -2432.10
20100319 -2835.30
20100322 -1039.30
20100323  -126.90
20100324 -1108.90
20100325     0.00
20100326  -897.75
20100329 -2088.33
20100330 -2810.23
20100331 -1717.93
20100401 -1779.88
20100402 -1186.13
20100405     0.00
20100406     0.00
20100407  -708.02
20100408 -1066.17
20100409 -2072.57
20100412 -2005.57
20100413 -6313.37
20100414 -6089.37
20100415 -2437.77
20100416 -8287.27
20100419 -9458.72
20100420 -9258.47
20100421 -8085.52
20100422 -8725.42
20100423 -10976.22
20100426 -11693.22
20100427 -10820.62
20100428 -13621.92
20100429 -10026.02
20100430 -9406.73
20100503 -10058.20
20100504 -13123.05
20100505 -10679.80
20100506 -2948.50
20100507 -3744.97
20100510 -10251.57
20100511 -7588.55
20100512 -6106.00
20100513 -6022.30
20100514 -2062.45
20100517  -733.65
20100518     0.00
20100519 -2763.73
20100520 -1180.80
20100521 -1261.42
20100524     0.00
20100525     0.00
20100526 -1975.62
20100527 -8974.37
20100528 -6011.88
20100601 -3976.25
20100602 -4772.50
20100603 -6733.75
20100604     0.00
20100607     0.00
20100608 -1648.13
20100609 -6975.00
20100610 -10870.63
20100611 -9325.63
20100614 -7260.38
20100615 -4147.90
20100616 -6451.48
20100617 -5792.83
20100618 -6859.28
20100621 -9542.90
20100622 -10283.68
20100623 -10107.00
20100624 -7616.40
20100625 -6462.40
20100628 -8082.05
20100629 -9667.47
20100630 -8190.75
20100701 -10531.85
20100702 -12114.57
20100706 -14997.65
20100707 -13345.12
20100708 -12819.02
20100709 -13772.25
20100712 -12923.45
20100713 -12648.17
20100714 -13110.30
20100715 -10353.02
20100716 -11351.00
20100719 -12581.62
20100720 -15335.60
20100721 -16254.67
20100722 -14605.70
20100723 -14888.00
20100726 -14284.80
20100727 -14890.05
20100728 -13857.00
20100729 -12343.90
20100730 -12240.50
20100802 -10542.15
20100803 -9096.85
20100804 -9893.92
20100805 -11201.60
20100806 -10492.60
20100809 -11346.30
20100810 -12827.95
20100811 -16688.95
20100812 -16071.87
20100813 -15471.00
20100816 -15498.60
20100817 -15784.55
20100818 -15160.65
20100819 -13786.30
20100820 -13226.77
20100823 -12573.62
20100824 -12986.57
20100825 -12826.55
20100826 -14025.87
20100827 -14409.32
20100830 -14146.07
20100831 -8229.52
20100901 -10093.85
20100902 -9060.45
20100903 -10479.55
20100907 -7502.55
20100908 -6904.70
20100909 -7722.45
20100910 -11913.95
20100913 -10840.75
20100914 -6113.35
20100915 -6613.15
20100916 -5033.95
20100917 -3913.35
20100920 -1211.75
20100921 -4431.75
20100922   -39.35
20100923     0.00
20100924     0.00
20100927     0.00
20100928     0.00
20100929     0.00
20100930 -1120.87
20101001     0.00
20101004  -928.77
20101005     0.00
20101006     0.00
20101007  -908.72
20101008     0.00
20101011     0.00
20101012  -158.68
20101013     0.00
20101014     0.00
20101015 -4433.10
20101018     0.00
20101019 -13011.88
20101020 -4703.65
20101021 -11082.60
20101022 -11023.20
20101025 -3798.65
20101026 -4744.70
20101027 -8980.35
20101028 -7558.45
20101029 -3460.90
20101101 -5950.05
20101102 -1487.15
20101103 -3404.80
20101104     0.00
20101105     0.00
20101108     0.00
20101109     0.00
20101110 -13206.00
20101111 -16445.25
20101112 -35550.20
20101115 -35657.80
20101116 -44009.12
20101117 -44497.25
20101118 -44106.62
20101119 -44327.88
20101122 -45106.00
20101123 -45478.50
20101124 -44623.50
20101126 -43401.00
20101129 -42681.63
20101130 -41997.25
20101201 -42691.00
20101202 -43187.88
20101203 -46025.38
20101206 -45353.50
20101207 -44918.50
20101208 -49484.75
20101209 -50998.50
20101210 -50711.62
20101213 -53136.62
20101214 -51780.38
20101215 -51405.38
20101216 -51717.88
20101217 -52749.13
20101220 -52618.90
20101221 -48707.95
20101222 -49594.13
20101223 -44980.88
20101227 -44249.18
20101228 -41111.68
20101229 -43153.88
20101230 -48689.30
20101231 -45957.42
20110103 -46651.80
20110104 -52098.68
20110105 -50701.80
20110106 -52054.93
20110107 -54426.80
20110110 -54348.68
20110111 -54189.30
20110112 -49661.18
20110113 -51620.55
20110114 -52473.05
20110118 -52058.68
20110119 -53552.43
20110120 -52594.30
20110121 -49117.43
20110124 -54603.05
20110125 -55531.80
20110126 -53583.68
20110127 -52449.30
20110128 -56531.33
20110131 -53596.33
20110201 -49618.83
20110202 -48963.83
20110203 -57072.08
20110204 -58140.83
20110207 -58299.58
20110208 -57518.33
20110209 -53864.58
20110210 -55173.95
20110211 -57633.95
20110214 -56982.70
20110215 -56625.83
20110216 -57116.45
20110217 -50874.58
20110218 -45745.20
20110222 -41784.10
20110223 -42461.60
20110224 -44014.10
20110225 -46652.85
20110228 -40965.35
20110301 -35060.35
20110302 -31726.60
20110303 -32884.10
20110304 -27342.85
20110307 -21609.10
20110308 -21707.85
20110309 -17916.60
20110310 -31521.60
20110311 -28755.35
20110314 -27370.35
20110315 -38676.60
20110316 -37512.35
20110317 -41794.15
20110318 -35783.65
20110321 -29678.03
20110322 -29159.28
20110323 -24577.40
20110324 -23712.58
20110325 -27625.08
20110328 -27722.58
20110329 -28722.58
20110330 -24942.57
20110331 -21082.58
20110401 -21987.58
20110404 -17812.58
20110405 -17391.33
20110406 -13912.58
20110407 -11987.58
20110408 -1037.58
20110411 -4562.58
20110412 -11197.58
20110413 -10717.58
20110414  -805.88
20110415     0.00
20110418 -1072.20
20110419     0.00
20110420     0.00
20110421     0.00
20110425     0.00
20110426 -7695.80
20110427     0.00
20110428     0.00
20110429     0.00
20110502 -9951.90
20110503 -37124.13
20110504 -43440.75
20110505 -51496.33
20110506 -49122.03
20110509 -53789.57
20110510 -57251.27
20110511 -55781.55
20110512 -56858.35
20110513 -56804.62
20110516 -56533.02
20110517 -56634.72
20110518 -57181.37
20110519 -55819.65
20110520 -57957.32
20110523 -57086.82
20110524 -57105.45
20110525 -58485.75
20110526 -57676.37
20110527 -58007.00
20110531 -58186.37
20110601 -57193.25
20110602 -59234.50
20110603 -59277.62
20110606 -59454.50
20110607 -59455.12
20110608 -57945.40
20110609 -61739.22
20110610 -61028.22
20110613 -61301.10
20110614 -63496.40
20110615 -62418.55
20110616 -60684.62
20110617 -58475.00
20110620 -55073.00
20110621 -56006.23
20110622 -57410.55
20110623 -52773.55
20110624 -53692.52
20110627 -54782.70
20110628 -59561.32
20110629 -63040.60
20110630 -62940.20
20110701 -62103.50
20110705 -65696.50
20110706 -66006.90
20110707 -64871.10
20110708 -65967.80
20110711 -67590.60
20110712 -66004.70
20110713 -65782.20
20110714 -65113.60
20110715 -68439.60
20110718 -67443.20
20110719 -69117.40
20110720 -76105.60
20110721 -75954.00
20110722 -71745.20
20110725 -71307.20
20110726 -70803.20
20110727 -70830.40
20110728 -71945.60
20110729 -70588.80
20110801 -71552.10
20110802 -69076.40
20110803 -66972.65
20110804 -72859.52
20110805 -79341.40
20110808 -65225.15
20110809 -60963.80
20110810 -60462.52
20110811 -70985.32
20110812 -70879.07
20110815 -72151.57
20110816 -67705.95
20110817 -68114.70
20110818 -64872.82
20110819 -61837.20
20110822 -58889.07
20110823 -61310.95
20110824 -71654.70
20110825 -74232.20
20110826 -72547.82
20110829 -69866.57
20110830 -67850.95
20110831 -67605.32
20110901 -67540.32
20110902 -67099.70
20110906 -70007.20
20110907 -70819.70
20110908 -68987.20
20110909 -70592.20
20110912 -71052.82
20110913 -73517.82
20110914 -76349.70
20110915 -79562.20
20110916 -78334.08
20110919 -75787.20
20110920 -76115.33
20110921 -75671.57
20110922 -68889.88
20110923 -37869.02
20110926 -40480.77
20110927 -54923.67
20110928 -43771.30
20110929 -46774.70
20110930 -38118.22
20111003 -35841.05
20111004 -31628.10
20111005 -37336.30
20111006 -48799.60
20111007 -42954.32
20111010 -54778.72
20111011 -58921.67
20111012 -62690.07
20111013 -59561.90
20111014 -63329.40
20111017 -60913.15
20111018 -59510.02
20111019 -56148.15
20111020 -52117.52
20111021 -56123.15
20111024 -59120.65
20111025 -65789.40
20111026 -70482.52
20111027 -70631.90
20111028 -70850.65
20111031 -72884.05
20111101 -72146.55
20111102 -72159.05
20111103 -73384.05
20111104 -74111.55
20111107 -69649.05
20111108 -68071.55
20111109 -68916.55
20111110 -70036.55
20111111 -69226.55
20111114 -69394.05
20111115 -68724.05
20111116 -64279.05
20111117 -67634.05
20111118 -67662.85
20111121 -68364.75
20111122 -66956.75
20111123 -67329.75
20111125 -65087.57
20111128 -63956.47
20111129 -64658.37
20111130 -65941.75
20111201 -67010.37
20111202 -66142.57
20111205 -65113.17
20111206 -65357.67
20111207 -64297.07
20111208 -68091.67
20111209 -63169.07
20111212 -64375.87
20111213 -61235.12
20111214 -53714.57
20111215 -54696.07
20111216 -55921.30
20111219 -57670.00
20111220 -63487.37
20111221 -62077.60
20111222 -63618.25
20111223 -63274.50
20111227 -63536.90
20111228 -58758.05
20111229 -56393.65
20111230 -59635.95
20120103 -65991.65
20120104 -66614.15
20120105 -65244.15
20120106 -65476.65
20120109 -64286.65
20120110 -66721.65
20120111 -64434.15
20120112 -65696.65
20120113 -65692.90
20120117 -64711.65
20120118 -66329.77
20120119 -66609.17
20120120 -66669.17
20120123 -69631.87
20120124 -71322.77
20120125 -74717.12
20120126 -69275.72
20120127 -70093.12
20120130 -71383.32
20120131 -70637.07
20120201 -67846.45
20120202 -69201.45
20120203 -76016.45
20120206 -78481.45
20120207 -77919.15
20120208 -79536.65
20120209 -78094.15
20120210 -81699.15
20120213 -80996.65
20120214 -82785.40
20120215 -79277.90
20120216 -79769.15
20120217 -81097.90
20120221 -77190.40
20120222 -73843.30
20120223 -70545.30
20120224 -68310.85
20120227 -70368.75
20120228 -69728.90
20120229 -91184.80
20120301 -88595.25
20120302 -90309.55
20120305 -89675.65
20120306 -88671.40
20120307 -85537.65
20120308 -84690.15
20120309 -83257.65
20120312 -83213.90
20120313 -83068.90
20120314 -83057.65
20120315 -84426.40
20120316 -80875.77
20120319 -80355.77
20120320 -83337.02
20120321 -82950.15
20120322 -81670.77
20120323 -83870.77
20120326 -82472.65
20120327 -86614.17
20120328 -85900.42
20120329 -83079.17
20120330 -82834.17
20120402 -84330.42
20120403 -84364.17
20120404 -83681.67
20120405 -86800.42
20120406 -86800.42
20120409 -86524.17
20120410 -84611.67
20120411 -87096.67
20120412 -87734.17
20120413 -86017.30
20120416 -84890.90
20120417 -84202.17
20120418 -83342.45
20120419 -82788.27
20120420 -82085.12
20120423 -83185.22
20120424 -82783.00
20120425 -79475.80
20120426 -81270.42
20120427 -80730.00
20120430 -82187.95
20120501 -83695.05
20120502 -84153.30
20120503 -85820.30
20120504 -84828.87
20120507 -85882.67
20120508 -84382.32
20120509 -82139.15
20120510 -82500.05
20120511 -78363.07
20120514 -70782.82
20120515 -68842.80
20120516 -61603.02
20120517 -69672.37
20120518 -72103.70
20120521 -72637.90
20120522 -67165.80
20120523 -55601.62
20120524 -61387.52
20120525 -65426.07
20120529 -61432.77
20120530 -58258.02
20120531 -53780.20
20120601 -56422.47
20120604 -56249.05
20120605 -57798.25
20120606 -67322.17
20120607 -67764.12
20120608 -65694.27
20120611 -63186.20
20120612 -64296.75
20120613 -62690.20
20120614 -65278.07
20120615 -67633.10
20120618 -65244.87
20120619 -71323.97
20120620 -66267.72
20120621 -63858.97
20120622 -65103.35
20120625 -68594.60
20120626 -71813.35
20120627 -72053.97
20120628 -69371.47
20120629 -86113.35
20120702 -82650.22
20120703 -85995.22
20120705 -80748.12
20120706 -80577.27
20120709 -75913.27
20120710 -76101.60
20120711 -76183.55
20120712 -77210.20
20120713 -74948.42
20120716 -73931.75
20120717 -74837.47
20120718 -71805.15
20120719 -66875.40
20120720 -63762.50
20120723 -66531.10
20120724 -71575.97
20120725 -71637.62
20120726 -76159.15
20120727 -77199.97
20120730 -72808.87
20120731 -73163.07
20120801 -74232.67
20120802 -78050.07
20120803 -77482.37
20120806 -79925.37
20120807 -80850.37
20120808 -80135.37
20120809 -77625.37
20120810 -78510.37
20120813 -80660.37
20120814 -80797.87
20120815 -78972.87
20120816 -79310.37
20120817 -77646.00
20120820 -75834.12
20120821 -69532.87
20120822 -68802.80
20120823 -62003.30
20120824 -61150.02
20120827 -60590.12
20120828 -60398.52
20120829 -61311.62
20120830 -66305.42
20120831 -58266.52
20120903 -53716.52
20120904 -52001.22
20120905 -52711.62
20120906 -48357.32
20120907 -40142.27
20120910 -43362.02
20120911 -43195.72
20120912 -42654.32
20120913 -30493.12
20120914 -29057.12
20120917 -37006.52
20120918 -37080.72
20120919 -36818.12
20120920 -37940.62
20120921 -37321.02
20120924 -42830.02
20120925 -43626.52
20120926 -45163.22
20120927 -38464.42
20120928 -40005.52
20121001 -35410.72
20121002 -36548.42
20121003 -37974.72
20121004 -37904.62
20121005 -41694.62
20121008 -45504.62
20121009 -47274.62
20121010 -45882.12
20121011 -44004.62
20121012 -46627.12
20121015 -54528.37
20121016 -52504.62
20121017 -49172.12
20121018 -51269.62
20121019 -58598.37
20121022 -61697.12
20121023 -61999.62
20121024 -61872.32
20121025 -62334.32
20121026 -63310.22
20121029 -63465.92
20121030 -63653.92
20121031 -64031.92
20121101 -64502.32
20121102 -62869.47
20121105 -62017.57
20121106 -64796.27
20121107 -62694.47
20121108 -61937.52
20121109 -60904.55
20121112 -61009.92
20121113 -59036.22
20121114 -60698.02
20121115 -60455.90
20121116 -58235.35
20121119 -62376.40
20121120 -61567.22
20121121 -61842.27
20121123 -61261.02
20121126 -60640.97
20121127 -61957.45
20121128 -63260.92
20121129 -64264.40
20121130 -66777.52
20121203 -67916.90
20121204 -66028.77
20121205 -68868.77
20121206 -71384.40
20121207 -73153.15
20121210 -70521.90
20121211 -71538.15
20121212 -70456.90
20121213 -69200.10
20121214 -69227.75
20121217 -71133.15
20121218 -70264.40
20121219 -68871.90
20121220 -67468.15
20121221 -72199.40
20121224 -71404.40
20121226 -72094.40
20121227 -72031.90
20121228 -71723.15
20121231 -70656.90
20130102 -71804.40
20130103 -73185.65
20130104 -73936.90
20130107 -74764.40
20130108 -74505.65
20130109 -73658.77
20130110 -73107.52
20130111 -74570.02
20130114 -75700.02
20130115 -78276.90
20130116 -77544.67
20130117 -75094.67
20130118 -75832.17
20130122 -75204.67
20130123 -77011.77
20130124 -75618.07
20130125 -74427.37
20130128 -74623.47
20130129 -73105.97
20130130 -71748.47
20130131 -72535.97
20130201 -70880.97
20130204 -73530.97
20130205 -71910.97
20130206 -73068.47
20130207 -74745.97
20130208 -77368.47
20130211 -75902.22
20130212 -75634.72
20130213 -75065.97
20130214 -73487.22
20130215 -71810.17
20130219 -68306.57
20130220 -65122.92
20130221 -67245.42
20130222 -65799.17
20130225 -71351.67
20130226 -75539.17
20130227 -72547.92
20130228 -67129.17
20130301 -66382.92
20130304 -66534.17
20130305 -67816.67
20130306 -67846.67
20130307 -71441.67
20130308 -71477.97
20130311 -71077.07
20130312 -74209.57
20130313 -71329.47
20130314 -70004.67
20130315 -69978.67
20130318 -69490.92
20130319 -66627.17
20130320 -67509.67
20130321 -69605.92
20130322 -68414.67
20130325 -68434.67
20130326 -67797.17
20130327 -65119.67
20130328 -65134.05
20130329 -65134.05
20130401 -65107.17
20130402 -61937.80
20130403 -59900.92
20130404 -59004.02
20130405 -60739.12
20130408 -62139.50
20130409 -67393.77
20130410 -65888.50
20130411 -65818.80
20130412 -58951.60
20130415 -32110.30
20130416 -37655.45
20130417 -37544.37
20130418 -35974.55
20130419 -35083.77
20130422 -40368.02
20130423 -36870.25
20130424 -39223.00
20130425 -49676.07
20130426 -47815.87
20130429 -48033.85
20130430 -49318.10
20130501 -45838.20
20130502 -53129.35
20130503 -55093.45
20130506 -55114.35
20130507 -54416.22
20130508 -54864.97
20130509 -54847.47
20130510 -54833.20
20130513 -54535.70
20130514 -53606.95
20130515 -50374.85
20130516 -50557.95
20130517 -47065.15
20130520 -48175.55
20130521 -46959.05
20130522 -43452.60
20130523 -45236.42
20130524 -45011.65
20130528 -41846.62
20130529 -43415.00
20130530 -43706.35
20130531 -42906.22
20130603 -42819.95
20130604 -41927.07
20130605 -42003.95
20130606 -43007.82
20130607 -41033.70
20130610 -41006.45
20130611 -37513.77
20130612 -35116.67
20130613 -37712.15
20130614 -37470.70
20130617 -38767.47
20130618 -37493.10
20130619 -37911.22
20130620 -38138.72
20130621 -41478.10
20130624 -41006.85
20130625 -39474.35
20130626 -39954.97
20130627 -38395.60
20130628 -42032.47
20130701 -44928.72
20130702 -46995.60
20130703 -43866.85
20130705 -39972.07
20130708 -42500.47
20130709 -40000.42
20130710 -37273.37
20130711 -41277.87
20130712 -40609.32
20130715 -41916.32
20130716 -42743.37
20130717 -43244.85
20130718 -43623.72
20130719 -44090.67
20130722 -44899.50
20130723 -43566.05
20130724 -44750.80
20130725 -44945.80
20130726 -46848.52
20130729 -46886.07
20130730 -47516.70
20130731 -45834.82
20130801 -40404.82
20130802 -42431.70
20130805 -42471.07
20130806 -42556.70
20130807 -43361.70
20130808 -46646.70
20130809 -46486.70
20130812 -49321.70
20130813 -49938.40
20130814 -47638.40
20130815 -43075.60
20130816 -40600.60
20130819 -43640.20
20130820 -44375.82
20130821 -45145.20
20130822 -46099.57
20130823 -38615.82
20130826 -34900.82
20130827 -30063.15
20130828 -31153.15
20130829 -35580.65
20130830 -40439.40
20130903 -33144.40
20130904 -41905.65
20130905 -44605.65
20130906 -41048.77
20130909 -42968.15
20130910 -47881.27
20130911 -49188.15
20130912 -53140.95
20130913 -53440.95
20130916 -54252.20
20130917 -53347.20
20130918 -53085.95
20130919 -54267.82
20130920 -55800.32
20130923 -58044.07
20130924 -57299.70
20130925 -55147.25
20130926 -56382.25
20130927 -56048.75
20130930 -57835.12
20131001 -58264.15
20131002 -60476.97
20131003 -59518.27
20131004 -60082.45
20131007 -59512.37
20131008 -59723.77
20131009 -61052.37
20131010 -61756.77
20131011 -61219.07
20131014 -61154.67
20131015 -61401.67
20131016 -61008.22
20131017 -59541.92
20131018 -59219.42
20131021 -59652.15
20131022 -55421.05
20131023 -53710.20
20131024 -53596.15
20131025 -53248.32
20131028 -53068.35
20131029 -53423.70
20131030 -52801.82
20131031 -54401.82
20131101 -52986.20
20131104 -51784.32
20131105 -50759.95
20131106 -51656.82
20131107 -52541.82
20131108 -54485.57
20131111 -55556.82
20131112 -55124.32
20131113 -54823.07
20131114 -55515.57
20131115 -57901.82
20131118 -56438.57
20131119 -56084.07
20131120 -55226.82
20131121 -56546.02
20131122 -54000.32
20131125 -53654.47
20131126 -53014.57
20131127 -50708.72
20131129 -52821.57
20131202 -50809.97
20131203 -52055.77
20131204 -57957.67
20131205 -55073.87
20131206 -55485.00
20131209 -53942.70
20131210 -58319.85
20131211 -56062.27
20131212 -51978.95
20131213 -52903.47
20131216 -54982.22
20131217 -52697.52
20131218 -55329.12
20131219 -49659.70
20131220 -52456.32
20131223 -51625.55
20131224 -51770.02
20131226 -54257.12
20131227 -55823.92
20131230 -52969.80
20131231 -54631.52
20140102 -58940.25
20140103 -59145.67
20140106 -59347.55
20140107 -60730.15
20140108 -58937.37
20140109 -60901.17
20140110 -61982.75
20140113 -62003.85
20140114 -63576.90
20140115 -65501.95
20140116 -65858.35
20140117 -65320.75
20140121 -65240.75
20140122 -64857.95
20140123 -64569.15
20140124 -60043.80
20140127 -63476.60
20140128 -62017.37
20140129 -56006.90
20140130 -60928.77
20140131 -62571.10
20140203 -58760.47
20140204 -54041.72
20140205 -55413.60
20140206 -60406.72
20140207 -61846.10
20140210 -61679.85
20140211 -61784.22
20140212 -59804.85
20140213 -59264.85
20140214 -57680.47
20140218 -46336.72
20140219 -40394.22
20140220 -43351.85
20140221 -41903.12
20140224 -34751.80
20140225 -34147.42
20140226 -38129.87
20140227 -35527.50
20140228 -32872.95
20140303 -22751.77
20140304 -27392.72
20140305 -22682.67
20140306 -21033.12
20140307 -20200.25
20140310 -19401.30
20140311 -19175.35
20140312 -19507.30
20140313 -17793.05
20140314 -20529.30
20140317 -22441.80
20140318 -21728.05
20140319 -25996.80
20140320 -31310.55
20140321 -32516.80
20140324 -34229.30
20140325 -36654.30
20140326 -35534.30
20140327 -34984.30
20140328 -35284.30
20140331 -34679.30
20140401 -33164.30
20140402 -37301.80
20140403 -37229.92
20140404 -38738.05
20140407 -39511.57
20140408 -38599.07
20140409 -37961.57
20140410 -38611.57
20140411 -39574.07
20140414 -38911.57
20140415 -37627.97
20140416 -37551.17
20140417 -37307.47
20140421 -37636.57
20140422 -38384.57
20140423 -39613.02
20140424 -43618.02
20140425 -42968.02
20140428 -41270.52
20140429 -40088.02
20140430 -40473.02
20140501 -44020.52
20140502 -44633.02
20140505 -44493.02
20140506 -43383.02
20140507 -44098.02
20140508 -46095.52
20140509 -46520.52
20140512 -46786.15
20140513 -46458.02
20140514 -45945.52
20140515 -45772.35
20140516 -46025.27
20140519 -46403.95
20140520 -46112.82
20140521 -46075.32
20140522 -46022.82
20140523 -44800.95
20140527 -45011.57
20140528 -44171.75
20140529 -45600.52
20140530 -45374.15
20140602 -45677.65
20140603 -47376.72
20140604 -47093.72
20140605 -50226.02
20140606 -50569.32
20140609 -50026.52
20140610 -50197.82
20140611 -51378.62
20140612 -51702.92
20140613 -52163.72
20140616 -52465.92
20140617 -51473.62
20140618 -52989.12
20140619 -54122.87
20140620 -52567.87
20140623 -53662.87
20140624 -52315.37
20140625 -51462.87
20140626 -53490.37
20140627 -52617.87
20140630 -50220.37
20140701 -48967.87
20140702 -47312.87
20140703 -49247.87
20140707 -48012.87
20140708 -47395.37
20140709 -45375.37
20140710 -40647.87
20140711 -39447.87
20140714 -47637.62
20140715 -45435.02
20140716 -48301.97
20140717 -45605.22
20140718 -48039.97
20140721 -46049.67
20140722 -45487.77
20140723 -44853.77
20140724 -48162.07
20140725 -47310.37
20140728 -47943.87
20140729 -47017.97
20140730 -44786.67
20140731 -44961.27
20140801 -44555.57
20140804 -46701.97
20140805 -45064.17
20140806 -46621.97
20140807 -45082.07
20140808 -47757.25
20140811 -47348.62
20140812 -45244.57
20140813 -42933.47
20140814 -42981.52
20140815 -43278.97
20140818 -43206.42
20140819 -43076.85
20140820 -41733.82
20140821 -43789.87
20140822 -42804.15
20140825 -42170.55
20140826 -43380.05
20140827 -44519.45
20140828 -47484.55
20140829 -47438.65
20140902 -47433.25
20140903 -47149.25
20140904 -42877.95
20140905 -43442.35
20140908 -40980.15
20140909 -40692.95
20140910 -39734.12
20140911 -39081.80
20140912 -37829.07
20140915 -37514.00
20140916 -39732.10
20140917 -39439.82
20140918 -36466.52
20140919 -30299.85
20140922 -30548.20
20140923 -32534.00
20140924 -30939.40
20140925 -29716.85
20140926 -28099.35
20140929 -29401.85
20140930 -24769.35
20141001 -26094.35
20141002 -26231.85
20141003 -20206.85
20141006 -26616.85
20141007 -29289.35
20141008 -28556.60
20141009 -31086.75
20141010 -29285.37
20141013 -30776.60
20141014 -27158.55
20141015 -28855.75
20141016 -29950.97
20141017 -30223.22
20141020 -28874.15
20141021 -30289.20
20141022 -27966.37
20141023 -30004.05
20141024 -29796.25
20141027 -29691.25
20141028 -31051.25
20141029 -30601.25
20141030 -30873.75
20141031 -28673.75
20141103 -28563.75
20141104 -26173.75
20141105 -21354.75
20141106 -17783.65
20141107 -23678.85
20141110 -24404.00
20141111 -25314.45
20141112 -26263.20
20141113 -24705.70
20141114 -33850.70
20141117 -34755.70
20141118 -33735.70
20141119 -33595.70
20141120 -34945.70
20141121 -35605.70
20141124 -34875.70
20141125 -33185.70
20141126 -32785.70
20141128 -25245.70
20141201 -28095.70
20141202 -25975.70
20141203 -26210.05
20141204 -26061.95
20141205 -24404.80
20141208 -19417.75
20141209 -23129.65
20141210 -19783.15
20141211 -17583.50
20141212 -16798.10
20141215 -19634.45
20141216 -17987.57
20141217 -16542.52
20141218 -16119.95
20141219 -19020.00
20141222 -13326.85
20141223 -14989.50
20141224 -12357.35
20141226 -9713.90
20141229 -8698.15
20141230 -7750.60
20141231 -4747.30
20150102 -1699.05
20150105     0.00
20150106  -924.20
20150107 -3430.45
20150108 -2832.95
20150109 -3657.95
20150112     0.00
20150113     0.00
20150114 -5680.00
20150115     0.00
20150116  -421.87
20150120     0.00
20150121 -2802.17
20150122     0.00
20150123  -185.37
20150126 -4094.75
20150127 -4436.00
20150128 -1813.50
20150129 -6822.25
20150130 -6229.75
20150202 -8092.87
20150203 -14469.75
20150204 -10492.25
20150205 -10615.38
20150206 -11757.25
20150209 -11402.25
20150210 -11357.25
20150211 -11769.75
20150212 -12887.25
20150213 -14457.25
20150217 -13597.25
20150218 -12338.50
20150219 -11354.12
20150220 -12127.87
20150223 -10731.00
20150224 -11004.12
20150225 -11133.97
20150226 -10810.77
20150227 -10795.62
20150302 -10078.77
20150303 -6235.97
20150304 -8037.77
20150305 -6154.77
20150306 -2671.02
20150309 -1286.87
20150310     0.00
20150311     0.00
20150312 -2591.18
20150313     0.00
20150316 -4480.25
20150317 -3343.15
20150318 -7149.85
20150319 -9636.65
20150320 -15493.85
20150323 -18746.05
20150324 -16585.00
20150325 -21375.90
20150326 -21979.93
20150327 -20507.85
20150330 -16196.05
20150331 -15442.60
20150401 -18554.40
20150402 -23471.68
20150403 -23884.18
20150406 -26946.43
20150407 -25972.78
20150408 -23243.03
20150409 -23314.50
20150410 -22328.10
20150413 -21739.08
20150414 -21971.30
20150415 -22696.00
20150416 -24433.85
20150417 -24229.80
20150420 -22355.05
20150421 -23873.33
20150422 -26004.50
20150423 -25747.30
20150424 -25830.90
20150427 -28590.90
20150428 -28725.90
20150429 -29415.90
20150430 -28010.90
20150501 -29570.90
20150504 -28946.52
20150505 -26754.03
20150506 -22078.40
20150507 -26699.03
20150508 -27762.77
20150511 -28325.28
20150512 -26852.77
20150513 -25427.17
20150514 -23473.33
20150515 -23054.00
20150518 -24431.50
20150519 -32409.00
20150520 -33087.75
20150521 -32485.25
20150522 -31871.50
20150526 -33115.10
20150527 -33033.65
20150528 -33035.80
20150529 -34395.60
20150601 -35316.75
20150602 -37838.90
20150603 -37761.50
20150604 -38974.27
20150605 -36385.25
20150608 -37492.83
20150609 -37910.15
20150610 -38952.32
20150611 -38956.05
20150612 -37603.77
20150615 -38383.82
20150616 -37968.32
20150617 -38490.07
20150618 -39835.57
20150619 -39132.47
20150622 -38055.67
20150623 -37915.27
20150624 -38737.77
20150625 -37339.77
20150626 -36921.87
20150629 -36571.27
20150630 -34575.97
20150701 -35133.47
20150702 -35728.47
20150706 -32064.72
20150707 -29365.97
20150708 -30354.72
20150709 -29772.22
20150710 -30402.22
20150713 -30255.97
20150714 -32167.22
20150715 -28792.22
20150716 -28152.22
20150717 -25927.22
20150720 -22069.73
20150721 -23689.12
20150722 -21016.82
20150723 -22493.67
20150724 -20287.52
20150727 -20518.77
20150728 -21139.12
20150729 -23151.42
20150730 -23004.87
20150731 -22975.52
20150803 -19025.52
20150804 -20601.17
20150805 -19716.80
20150806 -19963.97
20150807 -19811.67
20150810 -24593.37
20150811 -20951.87
20150812 -25100.40
20150813 -22402.52
20150814 -21989.07
20150817 -22466.82
20150818 -22626.32
20150819 -23412.10
20150820 -25354.45
20150821 -22605.35
20150824 -16529.35
20150825 -20731.42
20150826 -20980.47
20150827 -29104.07
20150828 -32700.77
20150831 -36372.17
20150901 -35979.57
20150902 -34741.97
20150903 -36237.12
20150904 -35357.12
20150908 -37388.37
20150909 -36425.87
20150910 -35220.87
20150911 -35879.62
20150914 -38598.37
20150915 -37603.37
20150916 -37740.87
20150917 -36842.12
20150918 -35714.62
20150921 -35422.12
20150922 -34382.12
20150923 -34863.37
20150924 -35643.37
20150925 -37960.87
20150928 -37655.87
20150929 -36670.87
20150930 -36615.25
20151001 -36157.82
20151002 -35101.67
20151005 -35744.10
20151006 -33132.17
20151007 -32748.92
20151008 -34869.07
20151009 -34542.77
20151012 -33554.77
20151013 -32795.22
20151014 -30476.52
20151015 -30620.47
20151016 -34404.92
20151019 -37133.62
20151020 -35847.62
20151021 -36935.72
20151022 -36305.32
20151023 -35803.72
20151026 -33330.52
20151027 -33299.42
20151028 -29599.32
20151029 -36785.12
20151030 -37677.42
20151102 -36829.12
20151103 -35520.40
20151104 -34722.40
20151105 -34379.25
20151106 -29096.50
20151109 -27137.27
20151110 -25306.50
20151111 -25355.77
20151112 -24930.30
20151113 -22478.77
20151116 -23225.10
20151117 -22051.85
20151118 -20225.92
20151119 -24514.57
20151120 -22513.20
20151123 -21735.62
20151124 -24958.57
20151125 -25235.62
20151127 -20765.30
20151130 -21667.60
20151201 -23640.57
20151202 -19655.07
20151203 -26310.02
20151204 -29907.02
20151207 -24503.62
20151208 -25434.62
20151209 -25388.82
20151210 -24278.62
20151211 -22095.02
20151214 -19744.82
20151215 -20259.82
20151216 -22019.82
20151217 -15744.82
20151218 -19159.82
20151221 -23004.82
20151222 -22449.82
20151223 -24044.82
20151224 -26324.82
20151228 -23569.82
20151229 -25779.82
20151230 -23259.82
20151231 -23544.82
20160104 -24174.82
20160105 -24034.82
20160106 -22059.82
20160107 -22199.82
20160108 -23179.82
20160111 -22061.70
20160112 -20342.70
20160113 -20977.47
20160114 -22350.75
20160115 -19700.75
20160119 -18894.50
20160120 -15721.37
20160121 -17744.50
20160122 -21601.37
20160125 -19538.25
20160126 -20156.37
20160127 -22004.50
20160128 -24021.62
20160129 -23321.55
20160201 -20220.60
20160202 -18457.92
20160203 -19184.05
20160204 -14224.05
20160205 -14889.65
20160208 -5086.25
20160209 -2177.17
20160210 -3314.72
20160211     0.00
20160212 -5628.35
20160216 -12359.25
20160217 -13684.55
20160218 -11157.08
20160219 -9816.50
20160222 -14727.30
20160223 -13585.85
20160224 -11028.35
20160225 -10920.23
20160226 -14848.98
20160229 -12770.85
20160301 -14042.73
20160302 -12495.17
20160303 -10267.27
20160304 -9743.48
20160307 -9603.87
20160308 -11109.87
20160309 -10527.47
20160310 -9584.67
20160311 -10257.47
20160314 -11965.18
20160315 -15397.18
20160316 -12017.92
20160317 -5380.52
20160318 -6854.17
20160321 -6962.02
20160322 -4852.23
20160323 -10847.88
20160324 -13547.42
20160328 -13929.02
20160329 -14091.12
20160330 -15598.67
20160331 -14834.83
20160401 -17826.47
20160404 -19816.47
20160405 -19471.47
20160406 -20022.72
20160407 -19223.98
20160408 -18070.22
20160411 -15400.22
20160412 -14733.97
20160413 -15378.97
20160414 -17160.22
20160415 -16260.22
20160418 -16727.73
20160419 -12010.22
20160420 -10452.72
20160421 -10997.72
20160422 -12545.22
20160425 -13222.72
20160426 -10697.72
20160427 -8805.22
20160428 -6890.22
20160429 -5601.47
20160502 -5772.72
20160503 -8950.22
20160504 -11713.97
20160505 -13806.47
20160506 -12886.47
20160509 -17713.97
20160510 -13603.97
20160511 -11186.47
20160512 -12108.97
20160513 -13072.77
20160516 -11309.77
20160517 -9886.92
20160518 -12141.87
20160519 -15732.57
20160520 -15659.42
20160523 -17091.82
20160524 -16020.87
20160525 -13127.37
20160526 -13221.17
20160527 -11677.92
20160531 -12252.77
20160601 -11796.12
20160602 -7671.97
20160603 -12567.82
20160606 -10361.72
20160607 -9205.32
20160608 -5427.12
20160609 -6857.77
20160610 -8861.32
20160613 -8782.40
20160614 -8565.77
20160615 -9633.50
20160616 -10464.97
20160617 -9247.25
20160620 -9381.90
20160621 -10581.52
20160622 -12459.27
20160623 -13884.47
20160624 -15353.07
20160627 -12605.47
20160628 -10684.47
20160629 -9243.57
20160630 -7987.67
20160701 -1936.17
20160705 -3412.87
20160706 -1208.87
20160707 -4614.67
20160708 -3659.67
20160711 -2964.67
20160712 -8715.92
20160713 -6562.17
20160714 -6329.67
20160715 -8759.67
20160718 -9988.42
20160719 -9778.42
20160720 -13288.42
20160721 -12340.92
20160722 -11238.42
20160725 -9738.42
20160726 -9643.42
20160727 -6835.92
20160728 -1800.92
20160729 -2645.92
20160801     0.00
20160802     0.00
20160803 -2081.25
20160804 -3252.50
20160805 -8055.00
20160808 -10380.00
20160809 -9795.00
20160810 -7157.50
20160811 -9365.00
20160812 -12817.50
20160815 -15022.50
20160816 -14717.50
20160817 -15460.00
20160818 -16152.50
20160819 -16080.00
20160822 -17270.00
20160823 -17870.00
20160824 -16097.50
20160825 -13431.25
20160826 -16035.00
20160829 -17290.62
20160830 -15893.12
20160831 -15665.62
20160901 -17674.37
20160902 -20200.45
20160906 -18951.70
20160907 -20012.95
20160908 -20350.45
20160909 -21046.70
20160912 -21220.45
20160913 -21087.95
20160914 -20576.70
20160915 -20682.32
20160916 -21376.90
20160919 -18991.70
20160920 -17708.10
20160921 -17483.45
20160922 -18584.55
20160923 -20264.70
20160926 -19213.05
20160927 -18044.65
20160928 -18463.85
20160929 -19055.45
20160930 -18247.45
20161003 -18697.05
20161004 -17726.25
20161005 -14410.25
20161006 -11964.25
20161007 -12738.30
20161010 -13780.60
20161011 -13501.40
20161012 -14255.70
20161013 -13682.05
20161014 -12337.00
20161017 -13095.75
20161018 -13822.55
20161019 -14332.20
20161020 -15120.55
20161021 -14183.50
20161024 -14697.20
20161025 -17404.60
20161026 -14855.80
20161027 -14985.05
20161028 -20271.30
20161031 -19974.42
20161101 -24029.20
20161102 -23978.52
20161103 -22393.82
20161104 -20176.32
20161107 -20966.12
20161108 -21408.87
20161109 -21280.67
20161110 -22467.97
20161111 -20807.10
20161114 -19435.57
20161115 -21736.10
20161116 -21899.42
20161117 -19342.00
20161118 -18984.22
20161121 -20485.10
20161122 -20610.60
20161123 -17370.20
20161125 -17603.27
20161128 -20421.52
20161129 -21251.67
20161130 -18179.67
20161201 -15294.42
20161202 -16937.50
20161205 -16693.40
20161206 -14879.30
20161207 -15687.45
20161208 -13420.85
20161209 -9301.90
20161212 -11690.60
20161213 -10248.22
20161214 -12061.70
20161215 -5787.17
20161216 -6458.87
20161219 -6553.82
20161220 -6186.85
20161221 -5925.22
20161222 -3179.17
20161223 -2382.97
20161227 -4401.02
20161228 -4463.77
20161229 -10576.90
20161230 -12525.55
20170103 -14970.12
20170104 -17522.62
20170105 -20062.52
20170106 -18407.52
20170109 -20678.77
20170110 -21956.27
20170111 -22040.02
20170112 -22875.02
20170113 -23127.52
20170117 -23341.27
20170118 -23231.27
20170119 -23378.77
20170120 -23566.27
20170123 -24173.77
20170124 -24046.27
20170125 -23288.77
20170126 -24246.27
20170127 -23828.77
20170130 -24471.27
20170131 -24061.27
20170201 -24977.52
20170202 -25073.77
20170203 -25621.27
20170206 -25825.02
20170207 -27237.52
20170208 -27037.52
20170209 -28137.52
20170210 -28107.52
20170213 -30702.52
20170214 -29542.52
20170215 -29726.27
20170216 -29903.77
20170217 -28662.52
20170221 -25546.27
20170222 -28492.52
20170223 -25877.52
20170224 -25652.52
20170227 -24587.07
20170228 -27519.80
20170301 -29424.45
20170302 -34597.30
20170303 -36826.75
20170306 -37152.35
20170307 -35542.35
20170308 -36312.35
20170309 -35555.60
20170310 -34999.50
20170313 -34620.95
20170314 -33659.17
20170315 -35674.45
20170316 -35621.22
20170317 -36039.12
20170320 -35412.70
20170321 -33552.25
20170322 -33319.70
20170323 -33046.95
20170324 -32427.65
20170327 -31957.70
20170328 -32610.90
20170329 -34034.35
20170330 -35520.90
20170331 -34704.90
20170403 -34012.25
20170404 -33933.52
20170405 -34465.70
20170406 -34662.07
20170407 -35687.97
20170410 -35854.92
20170411 -36552.60
20170412 -36190.82
20170413 -34906.95
20170417 -34420.72
20170418 -33146.45
20170419 -33729.72
20170420 -33232.05
20170421 -32533.42
20170424 -34363.75
20170425 -36509.57
20170426 -34990.62
20170427 -35485.70
20170428 -37447.82
20170501 -37257.57
20170502 -36444.70
20170503 -36215.25
20170504 -33687.25
20170505 -34338.17
20170508 -35015.32
20170509 -33524.40
20170510 -36283.65
20170511 -36884.70
20170512 -36712.80
20170515 -37671.05
20170516 -37280.95
20170517 -38550.40
20170518 -37845.40
20170519 -37079.15
20170522 -38732.90
20170523 -38809.15
20170524 -38510.40
20170525 -38821.65
20170526 -39515.40
20170530 -39570.05
20170531 -37632.05
20170601 -36574.00
20170602 -35730.20
20170605 -37690.07
20170606 -36564.00
20170607 -37562.57
20170608 -38558.45
20170609 -39046.30
20170612 -39248.80
20170613 -37868.07
20170614 -36305.80
20170615 -39314.05
20170616 -37826.07
20170619 -36950.35
20170620 -36381.47
20170621 -33254.85
20170622 -32305.95
20170623 -35189.15
20170626 -37473.87
20170627 -37304.72
20170628 -37601.62
20170629 -38026.67
20170630 -37330.12
20170703 -37149.57
20170705 -35345.57
20170706 -35897.70
20170707 -30832.17
20170710 -31728.25
20170711 -31738.85
20170712 -34388.60
20170713 -36355.97
20170714 -38453.22
20170717 -39939.27
20170718 -39070.47
20170719 -39337.42
20170720 -37852.42
20170721 -37343.67
20170724 -39906.17
20170725 -41824.92
20170726 -40553.67
20170727 -40169.92
20170728 -38262.42
20170731 -36786.17
20170801 -39519.77
20170802 -38278.07
20170803 -39828.87
20170804 -42211.37
20170807 -41970.12
20170808 -42668.87
20170809 -42932.62
20170810 -45751.37
20170811 -44483.87
20170814 -47496.00
20170815 -51197.22
20170816 -50980.05
20170817 -52485.17
20170818 -52607.07
20170821 -51924.02
20170822 -53000.32
20170823 -51850.15
20170824 -52982.67
20170825 -52802.67
20170828 -50653.92
20170829 -49183.30
20170830 -51190.80
20170831 -52511.42
20170901 -52195.17
20170905 -52200.17
20170906 -53042.05
20170907 -49128.92
20170908 -50027.05
20170911 -54220.80
20170912 -54976.82
20170913 -56354.32
20170914 -56049.32
20170915 -56944.32
20170918 -57880.72
20170919 -58340.37
20170920 -59655.37
20170921 -59885.37
20170922 -59235.37
20170925 -59485.37
20170926 -59295.37
20170927 -59655.37
20170928 -59810.37
20170929 -60136.00
20171002 -61913.50
20171003 -62011.62
20171004 -62331.62
20171005 -62603.50
20171006 -63663.50
20171009 -64401.00
20171010 -65152.87
20171011 -65101.62
20171012 -66257.87
20171013 -66547.87
20171016 -66729.12
20171017 -67207.25
20171018 -66991.62
20171019 -68366.62
20171020 -68316.62
20171023 -68547.87
20171024 -68360.37
20171025 -68079.12
20171026 -68001.00
20171027 -67532.25
20171030 -68464.12
20171031 -68205.20
20171101 -68384.55
20171102 -70051.02
20171103 -69061.65
20171106 -68786.02
20171107 -68981.02
20171108 -69464.77
20171109 -69680.02
20171110 -70232.92
20171113 -70047.52
20171114 -71953.62
20171115 -72697.32
20171116 -72464.42
20171117 -71818.72
20171120 -74495.52
20171121 -74197.52
20171122 -72559.52
20171124 -71439.12
20171127 -72811.32
20171128 -75173.32
20171129 -75517.22
20171130 -75488.52
20171201 -74931.32
20171204 -75656.72
20171205 -74160.92
20171206 -75449.22
20171207 -73291.72
20171208 -72174.22
20171211 -70677.22
20171212 -68139.37
20171213 -71542.72
20171214 -72393.12
20171215 -72403.67
20171218 -75786.92
20171219 -75226.17
20171220 -76394.75
20171221 -75287.25
20171222 -76299.12
20171226 -78227.87
20171227 -80229.75
20171228 -81044.12
20171229 -81304.75
20180102 -79615.37
20180103 -78877.87
20180104 -77359.75
20180105 -78147.25
20180108 -78891.00
20180109 -78403.50
20180110 -77009.12
20180111 -76954.12
20180112 -75311.62
20180116 -74336.00
20180117 -73201.47
20180118 -74328.80
20180119 -75367.32
20180122 -74363.97
20180123 -70504.50
20180124 -64869.65
20180125 -64529.87
20180126 -65514.27
20180129 -68050.22
20180130 -69253.10
20180131 -70280.55
20180201 -68562.97
20180202 -70819.80
20180205 -74618.45
20180206 -76443.92
20180207 -79634.37
20180208 -80010.22
20180209 -79871.02
20180212 -80608.22
20180213 -79888.22
20180214 -79988.62
20180215 -79561.90
20180216 -78925.60
20180220 -78754.45
20180221 -78088.10
20180222 -80066.55
20180223 -80109.65
20180226 -80852.30
20180227 -79281.35
20180228 -80140.05
20180301 -80495.95
20180302 -80164.07
20180305 -80172.82
20180306 -80070.32
20180307 -80385.32
20180308 -80687.25
20180309 -81638.12
20180312 -81753.30
20180313 -81163.60
20180314 -82024.15
20180315 -81619.87
20180316 -81252.82
20180319 -80648.50
20180320 -80022.02
20180321 -79734.60
20180322 -81109.10
20180323 -78238.85
20180326 -77300.22
20180327 -79585.12
20180328 -82605.52
20180329 -82732.32
20180402 -81722.72
20180403 -80850.47
20180404 -81388.97
20180405 -81942.32
20180406 -82242.37
20180409 -84423.52
20180410 -84292.17
20180411 -84503.77
20180412 -84762.57
20180413 -84636.17
20180416 -85354.17
20180417 -84327.07
20180418 -83665.37
20180419 -83179.07
20180420 -83699.62
20180423 -84115.52
20180424 -84881.87
20180425 -83438.17
20180426 -82358.75
20180427 -83508.05
20180430 -82778.15
20180501 -81127.20
20180502 -81556.27
20180503 -82340.95
20180504 -81349.97
20180507 -80611.55
20180508 -82669.72
20180509 -79902.32
20180510 -82071.17
20180511 -81890.80
20180514 -81981.85
20180515 -77342.42
20180516 -75776.97
20180517 -75173.47
20180518 -75859.85
20180521 -76571.95
20180522 -77225.70
20180523 -76728.82
20180524 -79521.10
20180525 -80886.10
20180529 -79842.35
20180530 -82147.35
20180531 -81742.97
20180601 -82220.37
20180604 -84068.40
20180605 -85235.90
20180606 -85054.65
20180607 -86397.15
20180608 -86312.15
20180611 -85394.65
20180612 -85854.65
20180613 -84158.40
20180614 -80217.15
20180615 -81758.40
20180618 -81848.40
20180619 -81439.65
20180620 -81273.40
20180621 -80710.90
20180622 -82187.15
20180625 -81607.15
20180626 -80304.65
20180627 -78838.40
20180628 -76449.65
20180629 -77513.40
20180702 -73849.65
20180703 -75774.70
20180705 -76910.50
20180706 -80587.85
20180709 -80282.15
20180710 -77904.60
20180711 -77886.45
20180712 -78063.75
20180713 -75460.60
20180716 -75927.20
20180717 -74047.25
20180718 -73238.75
20180719 -72796.80
20180720 -74826.05
20180723 -73516.25
20180724 -74126.95
20180725 -75945.70
20180726 -73625.25
20180727 -73637.25
20180730 -75328.80
20180731 -76396.40
20180801 -74100.50
20180802 -73272.45
20180803 -75489.90
20180806 -74189.25
20180807 -75084.12
20180808 -74499.47
20180809 -74538.07
20180810 -69336.65
20180813 -65810.35
20180814 -65723.90
20180815 -60081.95
20180816 -64204.10
20180817 -64148.45
20180820 -64442.65
20180821 -66812.25
20180822 -66016.57
20180823 -63343.12
20180824 -68466.95
20180827 -70031.17
20180828 -68069.67
20180829 -67498.75
20180830 -65486.50
20180831 -66121.37
20180904 -63656.37
20180905 -65763.87
20180906 -65332.62
20180907 -65645.00
20180910 -65252.50
20180911 -64377.50
20180912 -66978.75
20180913 -65537.70
20180914 -64406.35
20180917 -64397.30
20180918 -62970.42
20180919 -64329.80
20180920 -66422.30
20180921 -67450.42
20180924 -66064.80
20180925 -65634.17
20180926 -67360.42
20180927 -67898.55
20180928 -70693.55
20181001 -65429.17
20181002 -68039.80
20181003 -66157.30
20181004 -69395.42
20181005 -68171.67
20181008 -66506.67
20181009 -66306.20
20181010 -69575.60
20181011 -73254.07
20181012 -71994.20
20181015 -67751.00
20181016 -68868.85
20181017 -64909.37
20181018 -66546.32
20181019 -66825.17
20181022 -69511.70
20181023 -66909.77
20181024 -68025.15
20181025 -67378.70
20181026 -69473.60
20181029 -72719.40
20181030 -73329.75
20181031 -73617.85
20181101 -73136.60
20181102 -70686.60
20181105 -69660.15
20181106 -70459.20
20181107 -69806.95
20181108 -68723.60
20181109 -67656.80
20181112 -67157.85
20181113 -60312.65
20181114 -54983.90
20181115 -64128.90
20181116 -66173.90
20181119 -66693.90
20181120 -63554.52
20181121 -65143.90
20181123 -60567.02
20181126 -62591.40
20181127 -63349.52
20181128 -62148.27
20181129 -63723.90
20181130 -63063.27
20181203 -64680.15
20181204 -63795.77
20181205 -63192.02
20181206 -61501.40
20181207 -60352.65
20181210 -59868.90
20181211 -59660.77
20181212 -59080.77
20181213 -61839.52
20181214 -61624.52
20181217 -57420.15
20181218 -52914.52
20181219 -54448.67
20181220 -51632.00
20181221 -51687.45
20181224 -46967.15
20181226 -50643.45
20181227 -46875.40
20181228 -46568.45
20181231 -45972.12
20190102 -45772.00
20190103 -44318.20
20190104 -48665.12
20190107 -48709.97
20190108 -50994.35
20190109 -51039.35
20190110 -53336.85
20190111 -53114.97
20190114 -52425.60
20190115 -52920.60
20190116 -52879.40
20190117 -54410.92
20190118 -57314.32
20190122 -58310.07
20190123 -59031.52
20190124 -59793.45
20190125 -60948.45
20190128 -60549.70
20190129 -59768.45
20190130 -59389.70
20190131 -57150.95
20190201 -57952.20
20190204 -59170.95
20190205 -58464.70
20190206 -58649.07
20190207 -56648.45
20190208 -55974.70
20190211 -57734.70
20190212 -59431.57
20190213 -56798.12
20190214 -56493.12
20190215 -56516.87
20190219 -53660.62
20190220 -51113.62
20190221 -54375.22
20190222 -53638.22
20190225 -56486.72
20190226 -56514.82
20190227 -56591.07
20190228 -56973.57
20190301 -59729.82
20190304 -58259.20
20190305 -59143.32
20190306 -59065.72
20190307 -57794.57
20190308 -64759.37
20190311 -62750.07
20190312 -64783.62
20190313 -66969.72
20190314 -66453.22
20190315 -67447.67
20190318 -66549.60
20190319 -66722.72
20190320 -63229.60
20190321 -62663.97
20190322 -63057.10
20190325 -62981.47
20190326 -61765.85
20190327 -61662.10
20190328 -63290.85
20190329 -64557.10
20190401 -63343.97
20190402 -60863.97
20190403 -61914.60
20190404 -61031.47
20190405 -58905.25
20190408 -59719.00
20190409 -61561.50
20190410 -60846.50
20190411 -59416.50
20190412 -59340.25
20190415 -59647.75
20190416 -58725.25
20190417 -57439.00
20190418 -57064.00
20190422 -57449.00
20190423 -54972.75
20190424 -54870.25
20190425 -57444.00
20190426 -61934.00
20190429 -60132.75
20190430 -60996.70
20190501 -60263.60
20190502 -59941.00
20190503 -62159.60
20190506 -61299.00
20190507 -61712.40
20190508 -62577.65
20190509 -62710.75
20190510 -62919.80
20190513 -62266.70
20190514 -64988.07
20190515 -64743.52
20190516 -65127.62
20190517 -63122.52
20190520 -64189.05
20190521 -63879.97
20190522 -63890.30
20190523 -63538.67
20190524 -64494.47
20190528 -64717.77
20190529 -64724.05
20190530 -61559.60
20190531 -56742.27
20190603 -54394.17
20190604 -54669.80
20190605 -54664.80
20190606 -52885.42
20190607 -53006.67
20190610 -56540.42
20190611 -56433.55
20190612 -53839.80
20190613 -53556.05
20190614 -54052.30
20190617 -53653.55
20190618 -53804.17
20190619 -54007.30
20190620 -49731.67
20190621 -50791.05
20190624 -47160.42
20190625 -48732.92
20190626 -50354.17
20190627 -51890.42
20190628 -50477.92
20190701 -56100.42
20190702 -54254.80
20190703 -51615.42
20190705 -55912.92
20190708 -56807.92
20190709 -58161.05
20190710 -57880.42
20190711 -58133.55
20190712 -58038.55
20190715 -58256.05
20190716 -59016.05
20190717 -56578.55
20190718 -54391.10
20190719 -54700.27
20190722 -53504.17
20190723 -54403.95
20190724 -53172.30
20190725 -55379.47
20190726 -54830.62
20190729 -54577.25
20190730 -53787.12
20190731 -55330.25
20190801 -54898.37
20190802 -53742.75
20190805 -51385.87
20190806 -50139.00
20190807 -39627.12
20190808 -45138.70
20190809 -48249.67
20190812 -44046.17
20190813 -48627.25
20190814 -44256.55
20190815 -44908.95
20190816 -45552.65
20190819 -47375.37
20190820 -45763.65
20190821 -46420.77
20190822 -48386.70
20190823 -42363.50
20190826 -43104.32
20190827 -38150.90
20190828 -37817.75
20190829 -39551.67
20190830 -39640.77
20190903 -31534.27
20190904 -29380.17
20190905 -37172.25
20190906 -41523.87
20190909 -41956.25
20190910 -47088.40
20190911 -48007.50
20190912 -48105.25
20190913 -48997.10
20190916 -47843.60
20190917 -50716.10
20190918 -51566.10
20190919 -53303.60
20190920 -52966.10
20190923 -50908.60
20190924 -50251.10
20190925 -53891.10
20190926 -54718.60
20190927 -55256.10
20190930 -53624.85
20191001 -54468.60
20191002 -55472.35
20191003 -55728.60
20191004 -55603.60
20191007 -55516.10
20191008 -56578.60
20191009 -57812.35
20191010 -58487.35
20191011 -57656.10
20191014 -57862.35
20191015 -58037.35
20191016 -57999.85
20191017 -57581.10
20191018 -58506.10
20191021 -58924.85
20191022 -59693.60
20191023 -59662.35
20191024 -59962.35
20191025 -60974.85
20191028 -60743.60
20191029 -60793.60
20191030 -60987.35
20191031 -61774.85
20191101 -61268.60
20191104 -61424.85
20191105 -60762.35
20191106 -60306.10
20191107 -59218.60
20191108 -57242.35
20191111 -57832.35
20191112 -57679.22
20191113 -58619.85
20191114 -60402.20
20191115 -60475.55
20191118 -61030.70
20191119 -62842.85
20191120 -60270.65
20191121 -57209.95
20191122 -57633.55
20191125 -54591.00
20191126 -55647.05
20191127 -53628.35
20191129 -56187.85
20191202 -53261.90
20191203 -57728.70
20191204 -57750.95
20191205 -57066.05
20191206 -55950.30
20191209 -55083.80
20191210 -53546.70
20191211 -53496.50
20191212 -54285.75
20191213 -56241.90
20191216 -53437.10
20191217 -54497.00
20191218 -54607.80
20191219 -56194.65
20191220 -56577.10
20191223 -57482.90
20191224 -53335.00
20191226 -52719.10
20191227 -49942.10
20191230 -49334.55
20191231 -50976.50
20200102 -50986.30
20200103 -47614.70
20200106 -45925.55
20200107 -45339.85
20200108 -49931.75
20200109 -51845.45
20200110 -50252.25
20200113 -51633.95
20200114 -54139.75
20200115 -53920.75
20200116 -53779.05
20200117 -53016.65
20200121 -51655.90
20200122 -51613.95
20200123 -52004.75
20200124 -49238.85
20200127 -46645.45
20200128 -46695.85
20200129 -43675.60
20200130 -40410.47
20200131 -38694.32
20200203 -35357.60
20200204 -36054.20
20200205 -36513.05
20200206 -37827.47
20200207 -36721.50
20200210 -34603.35
20200211 -35079.57
20200212 -36350.17
20200213 -38500.20
20200214 -40982.85
20200218 -41047.85
20200219 -43544.10
20200220 -41368.47
20200221 -40495.35
20200224 -30835.97
20200225 -35578.47
20200226 -35967.85
20200227 -34009.72
20200228 -32225.35
20200302 -38464.72
20200303 -38794.10
20200304 -39107.85
20200305 -35782.00
20200306 -26958.37
20200309 -12636.67
20200310 -21383.65
20200311 -19918.42
20200312 -18899.75
20200313 -10445.60
20200316     0.00
20200317 -4873.20
20200318     0.00
20200319 -8047.90
20200320 -7092.55
20200323 -22734.40
20200324 -30192.00
20200325 -32352.55
20200326 -31125.45
20200327 -29875.35
20200330 -26220.95
20200331 -25883.75
20200401 -23898.15
20200402 -32113.15
20200403 -34045.55
20200406 -33572.35
20200407 -32963.95
20200408 -36042.75
20200409 -33779.95
20200413 -31228.75
20200414 -28044.35
20200415 -30797.55
20200416 -32137.55
20200417 -31872.75
20200420 -26925.55
20200421 -18938.35
20200422 -21567.95
20200423 -24287.95
20200424 -24503.95
20200427 -19431.10
20200428 -19672.90
20200429 -21978.40
20200430 -26637.40
20200501 -28174.40
20200504 -27708.50
20200505 -34087.85
20200506 -33837.90
20200507 -33655.10
20200508 -36611.55
20200511 -36791.15
20200512 -36516.75
20200513 -37257.95
20200514 -37861.95
20200515 -37422.35
20200518 -37956.55
20200519 -35791.55
20200520 -35141.55
20200521 -38734.15
20200522 -37145.15
20200526 -37669.50
20200527 -36164.50
20200528 -33839.50
20200529 -29793.80
20200601 -28141.75
20200602 -28835.35
20200603 -28929.85
20200604 -26421.65
20200605 -27210.60
20200608 -28645.83
20200609 -27831.75
20200610 -26182.13
20200611 -30126.93
20200612 -32664.08
20200615 -30659.93
20200616 -27926.92
20200617 -29324.02
20200618 -29746.68
20200619 -27196.23
20200622 -25985.58
20200623 -25327.38
20200624 -30596.98
20200625 -28047.38
20200626 -27394.28
20200629 -30734.28
20200630 -28001.15
20200701 -30722.40
20200702 -29759.28
20200706 -27043.65
20200707 -26652.40
20200708 -22081.77
20200709 -26928.02
20200710 -26374.27
20200713 -22195.53
20200714 -24222.40
20200715 -22181.78
20200716 -24533.65
20200717 -23119.90
20200720 -20734.90
20200721 -11672.40
20200722  -999.28
20200723     0.00
20200724     0.00
20200727     0.00
20200728  -595.62
20200729     0.00
20200730 -4588.13
20200731     0.00
20200803     0.00
20200804     0.00
20200805     0.00
20200806     0.00
20200807 -10689.27
20200810 -3463.05
20200811 -31696.67
20200812 -42363.42
20200813 -41853.52
20200814 -39603.48
20200817 -38394.52
20200818 -37838.67
20200819 -37941.67
20200820 -38666.78
20200821 -39589.62
20200824 -38554.02
20200825 -36196.78
20200826 -36769.62
20200827 -34483.08
20200828 -34847.23
20200831 -34717.52
20200901 -35363.48
20200902 -36604.52
20200903 -34910.78
20200904 -32583.27
20200908 -33050.77
20200909 -34290.78
20200910 -32102.03
20200911 -29983.28
20200914 -32468.27
20200915 -33961.73
20200916 -35890.38
20200917 -34599.58
20200918 -33859.58
20200921 -35269.58
20200922 -33064.57
20200923 -34265.83
20200924 -36344.57
20200925 -34637.07
20200928 -35710.82
20200929 -37605.82
20200930 -35899.58
20201001 -34887.08
20201002 -35458.33
20201005 -35485.82
20201006 -34477.07
20201007 -33903.00
20201008 -33456.27
20201009 -32897.82
20201012 -34300.25
20201013 -34521.05
20201014 -32598.25
20201015 -31703.15
20201016 -31221.90
20201019 -29584.60
20201020 -29737.45
20201021 -29121.00
20201022 -30704.27
20201023 -29560.22
20201026 -29689.22
20201027 -30252.65
20201028 -31257.65
20201029 -32168.95
20201030 -32791.25
20201102 -34075.55
20201103 -36220.55
20201104 -36337.47
20201105 -36329.12
20201106 -37175.02
20201109 -38171.12
20201110 -37833.87
20201111 -39084.80
20201112 -39731.32
20201113 -39874.65
20201116 -38850.32
20201117 -38336.77
20201118 -36713.72
20201119 -36325.37
20201120 -38570.02
20201123 -38687.22
20201124 -37024.17
20201125 -37067.52
20201127 -31906.27
20201130 -32160.02
20201201 -40127.52
20201202 -40096.27
20201203 -39176.27
20201204 -40348.77
20201207 -40787.52
20201208 -41633.77
20201209 -42756.27
20201210 -40643.77
20201211 -40902.52
20201214 -39717.52
20201215 -39342.22
20201216 -38662.07
20201217 -36246.12
20201218 -36224.82
20201221 -37149.37
20201222 -43448.07
20201223 -42962.97
20201224 -42059.22
20201228 -43787.97
20201229 -41085.47
20201230 -39846.72
20201231 -39509.02
20210104 -40561.62
20210105 -36284.67
20210106 -37507.82
20210107 -38845.82
20210108 -36990.20
20210111 -37538.67
20210112 -34010.12
20210113 -35820.77
20210114 -32815.55
20210115 -36165.07
20210119 -37625.20
20210120 -37948.55
20210121 -38259.32
20210122 -42386.55
20210125 -40618.47
20210126 -39440.97
20210127 -38908.77
20210128 -40711.77
20210129 -40014.27
20210201 -38901.77
20210202 -51681.77
20210203 -48105.52
20210204 -46886.77
20210205 -48986.77
20210208 -47386.77
20210209 -47175.52
20210210 -48800.52
20210211 -47608.02
20210212 -45585.52
20210216 -44546.77
20210217 -42900.52
20210218 -45337.40
20210219 -46371.05
20210222 -45295.05
20210223 -42992.90
20210224 -39344.95
20210225 -37637.05
20210226 -42403.22
20210301 -44078.27
20210302 -46760.00
20210303 -42888.55
20210304 -39110.35
20210305 -35168.47
20210308 -34748.47
20210309 -39905.35
20210310 -41804.72
20210311 -39855.35
20210312 -39509.72
20210315 -40141.60
20210316 -40466.60
20210317 -42825.97
20210318 -45041.60
20210319 -44099.72
20210322 -44876.60
20210323 -46780.35
20210324 -46150.97
20210325 -45186.60
20210326 -45272.85
20210329 -44481.60
20210330 -41343.87
20210331 -46488.37
20210401 -46364.30
20210405 -45901.15
20210406 -48790.17
20210407 -48900.90
20210408 -49373.82
20210409 -49361.80
20210412 -50599.22
20210413 -51711.95
20210414 -51344.10
20210415 -53678.47
20210416 -53317.22
20210419 -54562.20
20210420 -53647.72
20210421 -50862.32
20210422 -50491.60
20210423 -48402.22
20210426 -44599.52
20210427 -43031.57
20210428 -43924.77
20210429 -46756.85
20210430 -48176.47
20210503 -46655.85
20210504 -49868.75
20210505 -45598.30
20210506 -39533.40
20210507 -36393.10
20210510 -38423.10
20210511 -34948.65
20210512 -39593.60
20210513 -44033.70
20210514 -43042.95
20210517 -38041.85
20210518 -35829.20
20210519 -40634.15
20210520 -40302.10
20210521 -42226.50
20210524 -41916.05
20210525 -39237.10
20210526 -38012.05
20210527 -38133.75
20210528 -33574.95
20210601 -32845.35
20210602 -32017.80
20210603 -38310.30
20210604 -33074.20
20210607 -32811.30
20210608 -33264.20
20210609 -33385.55
20210610 -32388.95
20210611 -35585.10
20210614 -39088.22
20210615 -40731.35
20210616 -41288.00
20210617 -38028.00
20210618 -40791.75
20210621 -41333.70
20210622 -40577.95
20210623 -38891.60
20210624 -37450.45
20210625 -34434.80
20210628 -38088.55
20210629 -37713.55
20210630 -40511.05
20210701 -38161.05
20210702 -37842.30
20210706 -40849.80
20210707 -42291.67
20210708 -41436.67
20210709 -42987.92
20210712 -43016.05
20210713 -43745.42
20210714 -43906.67
20210715 -43409.17
20210716 -43383.55
20210719 -40732.30
20210720 -39234.17
20210721 -38754.17
20210722 -31846.05
20210723 -32702.92
20210726 -25990.42
20210727 -26317.30
20210728 -28091.67
20210729 -32509.80
20210730 -39437.92
20210802 -38681.05
20210803 -37761.05
20210804 -36622.92
20210805 -37131.05
20210806 -37631.05
20210809 -33298.55
20210810 -33374.80
20210811 -36157.60
20210812 -35366.70
20210813 -39755.00
20210816 -38625.40
20210817 -38254.10
20210818 -36769.85
20210819 -35986.70
20210820 -34174.40
20210823 -39880.65
20210824 -42991.90
20210825 -42338.90
20210826 -38153.65
20210827 -39087.95
20210830 -40416.35
20210831 -40121.95
20210901 -37932.35
20210902 -37414.75
20210903 -37018.35
20210907 -38615.15
20210908 -35143.95
20210909 -34253.95
20210910 -35446.75
20210913 -31756.75
20210914 -31306.75
20210915 -30066.75
20210916 -32746.75
20210917 -32411.75
20210920 -35641.12
20210921 -40736.65
20210922 -42654.15
20210923 -39879.15
20210924 -36149.15
20210927 -30957.90
20210928 -27414.77
20210929 -25874.77
20210930 -26519.15
20211001 -30984.15
20211004 -29094.15
20211005 -23720.40
20211006 -30506.02
20211007 -30072.90
20211008 -32862.90
20211011 -33169.77
20211012 -32031.65
20211013 -35316.02
20211014 -35271.02
20211015 -34426.02
20211018 -34506.65
20211019 -33697.17
20211020 -34088.55
20211021 -35103.07
20211022 -33740.42
20211025 -33294.17
20211026 -34286.05
20211027 -36748.55
20211028 -38404.17
20211029 -36782.30
20211101 -36849.17
20211102 -36989.17
20211103 -40198.55
20211104 -42057.92
20211105 -39984.07
20211108 -39071.57
20211109 -37840.32
20211110 -37042.82
20211111 -37125.32
20211112 -37466.57
20211115 -36546.57
20211116 -37241.57
20211117 -33952.82
20211118 -37642.67
20211119 -39646.72
20211122 -42783.07
20211123 -39039.32
20211124 -37520.57
20211126 -41948.55
20211129 -46024.80
20211130 -47173.55
20211201 -39151.10
20211202 -36443.50
20211203 -37894.10
20211206 -30238.30
20211207 -34286.07
20211208 -35875.65
20211209 -35199.40
20211210 -41499.40
20211213 -39035.65
20211214 -35970.65
20211215 -34750.65
20211216 -39915.65
20211217 -39264.40
20211220 -40756.90
20211221 -42359.40
20211222 -44385.65
20211223 -42421.90
20211227 -44111.90
20211228 -44690.65
20211229 -44815.65
20211230 -43213.15
20211231 -45584.40
20220103 -44503.15
20220104 -41466.90
20220105 -42710.65
20220106 -39418.75
20220107 -40433.82
20220110 -43106.17
20220111 -42848.52
20220112 -44136.12
20220113 -45616.75
20220114 -44506.90
20220118 -44032.45
20220119 -38229.32
20220120 -34110.57
20220121 -38164.95
20220124 -42320.57
20220125 -37417.45
20220126 -36425.57
20220127 -39394.95
20220128 -38344.32
20220131 -36932.45
20220201 -34204.95
20220202 -33671.20
20220203 -36846.82
20220204 -32429.32
20220207 -31667.45
20220208 -32926.82
20220209 -27352.45
20220210 -28925.57
20220211 -27541.82
20220214 -26941.82
20220215 -30605.57
20220216 -26544.95
20220217 -28618.07
20220218 -29671.82
20220222 -24263.70
20220223 -23206.20
20220224 -26983.70
20220225 -35639.32
20220228 -27177.45
20220301 -6061.65
20220302 -3929.85
20220303 -2980.05
20220304     0.00
20220307     0.00
20220308     0.00
20220309 -29478.80
20220310 -26684.60
20220311 -24756.55
20220314 -34478.50
20220315 -35870.37
20220316 -39079.75
20220317 -39242.25
20220318 -41061.00
20220321 -39314.12
20220322 -38601.62
20220323 -37029.75
20220324 -36021.00
20220325 -32521.00
20220328 -35707.25
20220329 -39574.75
20220330 -37121.62
20220331 -37001.62
