-----------------------------------------
Sys Name : TF-System#2_1R
Mkt Symb : TY Mkt Name : TenYr
Profit/Loss : 29978.95
Num Trades : 31
Percent Wins : 0.484
Avg Win  : 3036.29
Avg Loss : -975.96
Avg Trade: 967.06
Max DrawDown: 11250.98
Avg DrawDown: 4071.13
AVG Monthly Return: 203.93844
Monthly StdDev: 1302.00934
-----------------------------------------
20100129          0          0
20100226          0          0
20100331          0          0
20100430          0          0
20100528       2500       2500
20100630       2672       5172
20100730       1266       6438
20100831       2625       9062
20100930        422       9484
20101029        234       9719
20101130      -1097       8622
20101231       1172       9794       9794
20110131       -359       9434
20110228        516       9950
20110331       -424       9526
20110429          0       9526
20110531       2875      12401
20110630       -281      12119
20110729       3359      15479
20110831       4312      19791
20110930       1062      20854
20111031      -2285      18569
20111130          0      18569
20111230       -203      18366       8572
20120131       1125      19491
20120229      -1016      18475
20120330      -1145      17330
20120430       -955      16375
20120531       1375      17750
20120629       -562      17188
20120731       1281      18469
20120831      -1520      16949
20120928          0      16949
20121031          0      16949
20121130          0      16949
20121231          0      16949      -1417
20130131          0      16949
20130228          0      16949
20130329          0      16949
20130430        906      17856
20130531      -1770      16086
20130628       1016      17101
20130731        125      17226
20130830        984      18211
20130930      -1158      17052
20131031       -109      16943
20131129       -719      16224
20131231      -1051      15173      -1776
20140131          0      15173
20140228          0      15173
20140331          0      15173
20140430          0      15173
20140530        719      15892
20140630       -344      15548
20140731      -1301      14247
20140829        125      14372
20140930      -1255      13117
20141031        297      13414
20141128       1312      14727
20141231       -250      14477       -696
20150130       4078      18555
20150227      -3519      15035
20150331          0      15035
20150430          0      15035
20150529          0      15035
20150630      -1109      13926
20150731      -1018      12908
20150831       -812      12095
20150930       1672      13767
20151030      -1047      12720
20151130       -300      12420
20151231          0      12420      -2057
20160129          0      12420
20160229       1281      13701
20160331       -125      13576
20160429      -1144      12432
20160531          0      12432
20160630       1359      13792
20160729         62      13854
20160831      -1410      12444
20160930          0      12444
20161031        188      12631
20161130       1732      14363
20161230        234      14598       2178
20170131       -188      14410
20170228       -627      13783
20170331          0      13783
20170428        234      14018
20170531        875      14893
20170630       -766      14127
20170731       -301      13826
20170831          0      13826
20170929      -1442      12384
20171031       -641      11743
20171130        656      12400
20171229          0      12400      -2198
20180131       2469      14868
20180228        969      15837
20180329      -1094      14743
20180430       1516      16259
20180531       -706      15553
20180629          0      15553
20180731          0      15553
20180831          0      15553
20180928        -47      15506
20181031        344      15850
20181130       -658      15192
20181231       1234      16426       4027
20190131        453      16879
20190228       -797      16082
20190329       2219      18301
20190430       -547      17754
20190531       2750      20504
20190628       1219      21723
20190731       -547      21176
20190830       3641      24817
20190930      -2786      22031
20191031          0      22031
20191129          0      22031
20191231          0      22031       5605
20200131        641      22672
20200228       3203      25875
20200331       3938      29813
20200430        375      30188
20200529        266      30453
20200630      -2128      28325
20200731        109      28434
20200831      -1144      27291
20200930          0      27291
20201030        281      27572
20201130      -1831      25741
20201231         94      25835       3804
20210129       1047      26882
20210226       3219      30101
20210331       1781      31882
20210430      -1094      30788
20210528      -1409      29379
20210630          0      29379
20210730       1109      30488
20210831       -406      30082
20210930       -723      29359
20211029        328      29687
20211130      -1315      28371
20211231          0      28371       2536
20220131        656      29028
20220228        469      29496
20220331        483      29979       1608
-----------------------------------------
-----------------------------------------
Sys Name : TF-System#2_1R
Mkt Symb : FV Mkt Name : FiveYr
Profit/Loss : 19980.87
Num Trades : 31
Percent Wins : 0.355
Avg Win  : 2972.83
Avg Loss : -638.51
Avg Trade: 644.54
Max DrawDown: 10257.68
Avg DrawDown: 2270.51
AVG Monthly Return: 135.92429
Monthly StdDev: 796.94943
-----------------------------------------
20100129          0          0
20100226          0          0
20100331          0          0
20100430          0          0
20100528       1109       1109
20100630       1680       2789
20100730       1477       4266
20100831       1242       5508
20100930        547       6055
20101029        711       6766
20101130      -1243       5522
20101231        203       5726       5726
20110131       -695       5030
20110228        555       5585
20110331       -147       5438
20110429        156       5594
20110531       1797       7391
20110630         55       7446
20110729       2250       9696
20110831       2031      11727
20110930        -62      11665
20111031       -792      10873
20111130          0      10873
20111230          0      10873       5147
20120131          0      10873
20120229          0      10873
20120330       -562      10310
20120430       -527       9783
20120531          0       9783
20120629          0       9783
20120731          0       9783
20120831          0       9783
20120928       -805       8979
20121031          0       8979
20121130          0       8979
20121231          0       8979      -1894
20130131        -78       8901
20130228       -521       8379
20130329          0       8379
20130430        312       8692
20130531       -559       8133
20130628       1367       9500
20130731       -320       9180
20130830        773       9953
20130930       -623       9330
20131031         55       9385
20131129         94       9479
20131231       -953       8525       -454
20140131          0       8525
20140228          0       8525
20140331          0       8525
20140430          0       8525
20140530        227       8752
20140630       -958       7794
20140731          0       7794
20140829       -234       7560
20140930       -489       7071
20141031        359       7430
20141128        789       8219
20141231      -1145       7074      -1451
20150130       1055       8129
20150227      -1946       6183
20150331          0       6183
20150430       -711       5472
20150529       -417       5055
20150630          0       5055
20150731          0       5055
20150831       -242       4813
20150930       1078       5891
20151030       -818       5073
20151130          0       5073
20151231          0       5073      -2001
20160129          0       5073
20160229         70       5144
20160331      -1434       3710
20160429          0       3710
20160531          0       3710
20160630        453       4163
20160729       -148       4015
20160831       -834       3181
20160930          0       3181
20161031       -102       3079
20161130       1154       4233
20161230        180       4412       -661
20170131       -203       4209
20170228       -617       3592
20170331          0       3592
20170428        148       3740
20170531        430       4170
20170630       -477       3694
20170731       -163       3531
20170831          0       3531
20170929       -874       2657
20171031       -336       2321
20171130        656       2977
20171229        180       3157      -1255
20180131       1453       4610
20180228        484       5094
20180329       -531       4563
20180430        953       5516
20180531       -495       5021
20180629          0       5021
20180731          0       5021
20180831          0       5021
20180928        133       5154
20181031       -427       4727
20181130          0       4727
20181231        945       5672       2516
20190131        172       5844
20190228       -453       5391
20190329       1266       6657
20190430       -188       6469
20190531       1523       7993
20190628        789       8782
20190731       -602       8180
20190830       1977      10157
20190930      -1401       8756
20191031          0       8756
20191129          0       8756
20191231          0       8756       3083
20200131        422       9178
20200228       1961      11138
20200331       2609      13748
20200430        125      13873
20200529        312      14185
20200630        117      14303
20200731        383      14685
20200831       -558      14128
20200930          0      14128
20201030        -47      14081
20201130       -713      13367
20201231       -109      13258       4502
20210129       -442      12815
20210226       1000      13815
20210331        570      14386
20210430       -539      13847
20210528       -549      13298
20210630          0      13298
20210730        320      13618
20210831       -708      12911
20210930        -47      12864
20211029        992      13856
20211130       -250      13606
20211231        422      14028        770
20220131       1773      15801
20220228        586      16387
20220331       3594      19981       5953
-----------------------------------------
-----------------------------------------
Sys Name : TF-System#2_1R
Mkt Symb : US Mkt Name : 30YrBnd
Profit/Loss : 44364.0
Num Trades : 37
Percent Wins : 0.459
Avg Win  : 6214.9
Avg Loss : -3066.96
Avg Trade: 1199.03
Max DrawDown: 31542.6
Avg DrawDown: 10488.61
AVG Monthly Return: 301.79592
Monthly StdDev: 3241.49685
-----------------------------------------
20100129      -3769      -3769
20100226          0      -3769
20100331          0      -3769
20100430          0      -3769
20100528       4219        450
20100630       4844       5294
20100730       1219       6512
20100831       7688      14200
20100930      -1312      12887
20101029      -3331       9556
20101130      -1812       7744
20101231       5156      12900      12900
20110131       1500      14400
20110228      -1281      13119
20110331       -269      12850
20110429          0      12850
20110531       2969      15818
20110630      -1812      14006
20110729       5094      19100
20110831       9156      28256
20110930       6594      34850
20111031      -7205      27645
20111130          0      27645
20111230      -1250      26395      13494
20120131      -3175      23220
20120229          0      23220
20120330       -969      22251
20120430      -3051      19200
20120531       3781      22981
20120629      -1750      21231
20120731       3062      24294
20120831      -3300      20994
20120928      -5050      15944
20121031          0      15944
20121130          0      15944
20121231          0      15944     -10451
20130131        312      16256
20130228      -1812      14444
20130329       -269      14174
20130430        562      14737
20130531      -4018      10719
20130628        344      11063
20130731       1781      12844
20130830        750      13594
20130930      -1145      12449
20131031       -438      12012
20131129      -2611       9401
20131231          0       9401      -6543
20140131          0       9401
20140228       -344       9057
20140331        156       9213
20140430       1719      10932
20140530       3281      14213
20140630       -281      13932
20140731      -4299       9633
20140829       4125      13758
20140930      -3862       9896
20141031        406      10302
20141128       2969      13271
20141231       1938      15209       5808
20150130       6719      21927
20150227      -7049      14878
20150331          0      14878
20150430          0      14878
20150529        531      15410
20150630       4781      20191
20150731      -3801      16390
20150831      -4156      12233
20150930       -924      11309
20151030          0      11309
20151130          0      11309
20151231          0      11309      -3900
20160129       1812      13122
20160229       4844      17965
20160331        -94      17872
20160429      -2800      15072
20160531          0      15072
20160630       5625      20697
20160729       2094      22790
20160831      -2625      20165
20160930      -1674      18492
20161031       1562      20054
20161130      10094      30148
20161230        625      30773      19464
20170131       -188      30586
20170228      -1332      29253
20170331      -3425      25828
20170428          0      25828
20170531      -2362      23466
20170630      -1281      22185
20170731      -1830      20355
20170831          0      20355
20170929      -3580      16775
20171031          0      16775
20171130          0      16775
20171229          0      16775     -13998
20180131       2094      18869
20180228       3375      22244
20180329      -3188      19057
20180430       -488      18569
20180531      -2550      16018
20180629          0      16018
20180731          0      16018
20180831          0      16018
20180928         31      16050
20181031       2375      18425
20181130      -2457      15968
20181231        438      16405       -370
20190131        688      17093
20190228      -1594      15499
20190329       5188      20686
20190430      -3737      16949
20190531       4438      21387
20190628       1875      23262
20190731          0      23262
20190830      10438      33699
20190930      -2938      30762
20191031      -2675      28087
20191129          0      28087
20191231          0      28087      11682
20200131          0      28087
20200228       8594      36681
20200331       8812      45493
20200430       1969      47462
20200529      -1094      46368
20200630      -3580      42788
20200731        156      42945
20200831      -3549      39396
20200930          0      39396
20201030       1125      40521
20201130      -1250      39271
20201231       1719      40989      12902
20210129       4469      45458
20210226       7938      53396
20210331       4625      58021
20210430      -2656      55364
20210528      -3050      52314
20210630        906      53220
20210730       3969      57189
20210831       -188      57002
20210930      -1706      55296
20211029      -3344      51952
20211130       -989      50963
20211231      -4080      46883       5894
20220131       -469      46414
20220228        594      47008
20220331      -2644      44364      -2519
-----------------------------------------
