Date,ES,NQ,NG,HO,
20100104,1,0,0,0,500462.0
20100105,1,0,0,0,500638.0
20100106,1,0,0,0,500675.0
20100107,1,0,0,0,500900.0
20100108,1,0,0,0,501100.0
20100111,1,0,0,0,501150.0
20100112,1,0,0,0,500725.0
20100113,1,0,0,0,501100.0
20100114,1,0,0,0,501288.0
20100115,1,0,0,0,500638.0
20100119,1,0,0,0,501312.0
20100120,1,0,0,0,500725.0
20100121,1,0,0,0,499575.0
20100122,1,0,0,0,498575.0
20100125,1,0,0,0,498650.0
20100126,1,0,0,0,498388.0
20100127,0,0,0,0,498150.0
20100128,0,0,0,0,498150.0
20100129,0,0,0,0,498150.0
20100201,0,0,0,0,498150.0
20100202,0,0,0,0,498150.0
20100203,0,0,0,0,498150.0
20100204,0,0,0,0,498150.0
20100205,0,0,0,0,498150.0
20100208,0,0,0,0,498150.0
20100209,0,0,0,0,498150.0
20100210,0,0,0,0,498150.0
20100211,0,0,0,0,498150.0
20100212,0,0,0,0,498150.0
20100216,0,0,0,0,498150.0
20100217,0,0,0,0,498150.0
20100218,0,0,0,0,498150.0
20100219,0,0,0,0,498150.0
20100222,0,0,0,0,498150.0
20100223,0,0,0,0,498150.0
20100224,0,0,0,0,498150.0
20100225,0,0,0,0,498150.0
20100226,0,0,0,0,498150.0
20100301,0,0,0,0,498150.0
20100302,0,0,0,0,498150.0
20100303,0,0,0,0,498150.0
20100304,0,0,0,0,498150.0
20100305,0,0,0,0,498150.0
20100308,0,0,0,0,498150.0
20100309,0,0,0,0,498150.0
20100310,0,0,0,0,498150.0
20100311,1,0,0,0,498575.0
20100312,1,0,0,0,498600.0
20100315,1,0,0,0,498562.0
20100316,1,0,0,0,499012.0
20100317,1,0,0,0,499325.0
20100318,1,0,0,0,499338.0
20100319,1,0,0,0,499088.0
20100322,1,0,0,0,499375.0
20100323,1,0,0,0,499750.0
20100324,1,0,0,0,499500.0
20100325,1,0,0,0,499412.0
20100326,1,0,0,0,499450.0
20100329,1,0,0,0,499712.0
20100330,1,0,0,0,499750.0
20100331,1,0,0,0,499538.0
20100401,1,0,0,0,499962.0
20100405,1,0,0,0,500425.0
20100406,1,0,0,0,500562.0
20100407,1,0,0,0,500225.0
20100408,1,0,0,0,500462.0
20100409,1,0,0,0,500900.0
20100412,1,0,0,0,500900.0
20100413,1,0,0,0,500925.0
20100414,1,0,0,0,501600.0
20100415,1,0,0,0,501700.0
20100416,1,0,0,0,500788.0
20100419,1,0,0,0,501050.0
20100420,1,0,0,0,501550.0
20100421,1,0,0,0,501300.0
20100422,1,0,0,0,501362.0
20100423,1,0,0,0,501888.0
20100426,1,0,0,0,501688.0
20100427,1,0,0,0,500325.0
20100428,1,0,0,0,500775.0
20100429,1,0,0,0,501538.0
20100430,1,0,0,0,500450.0
20100503,1,0,0,0,501200.0
20100504,1,0,0,0,499900.0
20100505,1,0,0,0,499475.0
20100506,0,0,0,0,495938.0
20100507,0,0,0,0,495938.0
20100510,0,0,0,0,495938.0
20100511,0,0,0,0,495938.0
20100512,0,0,0,0,495938.0
20100513,0,0,0,0,495938.0
20100514,0,0,0,0,495938.0
20100517,0,0,0,0,495938.0
20100518,0,0,0,0,495938.0
20100519,0,0,0,0,495938.0
20100520,0,0,0,0,495938.0
20100521,0,0,0,0,495938.0
20100524,0,0,0,0,495938.0
20100525,0,0,0,0,495938.0
20100526,0,0,0,0,495938.0
20100527,0,0,0,0,495938.0
20100528,0,0,0,0,495938.0
20100601,0,0,0,0,495938.0
20100602,0,0,0,0,495938.0
20100603,0,0,0,0,495938.0
20100604,0,0,0,0,495938.0
20100607,0,0,0,0,495938.0
20100608,0,0,0,0,495938.0
20100609,0,0,0,0,495938.0
20100610,0,0,0,0,495938.0
20100611,0,0,0,0,495938.0
20100614,0,0,0,0,495938.0
20100615,0,0,0,0,495938.0
20100616,0,0,0,0,495938.0
20100617,0,0,0,0,495938.0
20100618,0,0,0,0,495938.0
20100621,0,0,0,0,495938.0
20100622,0,0,0,0,495938.0
20100623,0,0,0,0,495938.0
20100624,0,0,0,0,495938.0
20100625,0,0,0,0,495938.0
20100628,0,0,0,0,495938.0
20100629,0,0,0,0,495938.0
20100630,0,1,0,0,496458.0
20100701,0,1,0,0,496658.0
20100702,0,1,0,0,496792.0
20100706,0,1,0,0,496528.0
20100707,0,1,0,0,495428.0
20100708,0,1,0,0,495258.0
20100709,0,1,0,0,494988.0
20100712,0,1,0,0,494812.0
20100713,0,1,0,0,494368.0
20100714,0,1,0,0,494192.0
20100715,0,1,0,0,494232.0
20100716,0,1,0,0,495178.0
20100719,0,1,0,0,495108.0
20100720,0,1,0,0,494422.0
20100721,0,1,0,0,494908.0
20100722,0,1,0,0,494162.0
20100723,0,1,0,0,493742.0
20100726,0,1,0,0,493468.0
20100727,0,0,0,0,493418.0
20100728,0,0,0,0,493418.0
20100729,0,0,0,0,493418.0
20100730,0,0,0,0,493418.0
20100802,0,0,0,0,493418.0
20100803,0,0,0,0,493418.0
20100804,0,0,0,0,493418.0
20100805,0,0,0,0,493418.0
20100806,0,0,0,0,493418.0
20100809,0,0,0,0,493418.0
20100810,0,0,0,0,493418.0
20100811,0,0,0,0,493418.0
20100812,0,0,0,0,493418.0
20100813,0,0,0,0,493418.0
20100816,0,0,0,0,493418.0
20100817,0,0,0,0,493418.0
20100818,0,0,0,0,493418.0
20100819,0,0,0,0,493418.0
20100820,0,0,0,0,493418.0
20100823,0,0,0,0,493418.0
20100824,0,0,0,0,493418.0
20100825,0,0,0,0,493418.0
20100826,0,0,0,0,493418.0
20100827,0,0,0,0,493418.0
20100830,0,0,0,0,493418.0
20100831,0,0,0,0,493418.0
20100901,0,0,0,0,493418.0
20100902,0,0,0,0,493418.0
20100903,0,0,0,0,493418.0
20100907,0,0,0,0,493418.0
20100908,0,0,0,0,493418.0
20100909,0,0,0,0,493418.0
20100910,0,0,0,0,493418.0
20100913,0,0,0,0,493418.0
20100914,0,1,0,0,493552.0
20100915,1,1,0,0,494292.0
20100916,1,1,0,0,494585.0
20100917,1,1,0,0,494508.0
20100920,1,1,0,0,495925.0
20100921,1,1,0,0,495912.0
20100922,1,1,0,0,495542.0
20100923,1,1,0,0,495120.0
20100924,1,1,0,0,496992.0
20100927,1,1,0,0,496498.0
20100928,1,1,0,0,496722.0
20100929,1,1,0,0,496695.0
20100930,1,1,0,0,496212.0
20101001,1,1,0,0,496468.0
20101004,1,1,0,0,495742.0
20101005,1,1,0,0,497572.0
20101006,1,1,0,0,497338.0
20101007,1,1,0,0,497570.0
20101008,1,1,0,0,497905.0
20101011,1,1,0,0,498088.0
20101012,1,1,0,0,498430.0
20101013,1,1,0,0,499298.0
20101014,1,1,0,0,499380.0
20101015,1,1,0,0,500115.0
20101018,1,1,0,0,500268.0
20101019,1,1,0,0,499002.0
20101020,1,1,0,0,499878.0
20101021,1,1,0,0,499852.0
20101022,1,1,0,0,500582.0
20101025,1,1,0,0,500772.0
20101026,1,1,0,0,500922.0
20101027,1,1,0,0,500878.0
20101028,1,1,0,0,500942.0
20101029,1,1,0,0,500892.0
20101101,1,1,0,0,501195.0
20101102,1,1,0,0,502108.0
20101103,1,1,0,0,502612.0
20101104,1,1,0,0,504080.0
20101105,1,1,0,0,504260.0
20101108,1,1,0,0,504145.0
20101109,1,1,0,0,503540.0
20101110,1,1,0,0,503655.0
20101111,1,1,0,0,503465.0
20101112,1,1,0,0,501915.0
20101115,1,1,0,0,501812.0
20101116,1,1,0,0,500018.0
20101117,1,1,0,0,500280.0
20101118,1,1,0,0,502038.0
20101119,1,1,0,0,502048.0
20101122,1,1,0,0,502455.0
20101123,1,1,0,0,500758.0
20101124,1,1,0,0,502450.0
20101126,1,1,0,0,501548.0
20101129,1,1,0,0,501700.0
20101130,1,1,0,0,500780.0
20101201,1,1,0,0,502860.0
20101202,1,1,0,0,504342.0
20101203,1,1,0,0,504385.0
20101206,1,1,0,0,504375.0
20101207,1,1,0,0,504428.0
20101208,1,1,0,0,504912.0
20101209,1,1,0,0,505140.0
20101210,1,1,0,0,505845.0
20101213,1,1,0,0,505768.0
20101214,1,1,0,0,505862.0
20101215,1,1,0,0,505370.0
20101216,1,1,0,0,506055.0
20101217,1,1,0,0,505935.0
20101220,1,1,0,0,506212.0
20101221,1,1,0,0,506988.0
20101222,1,1,0,0,507190.0
20101223,1,1,0,0,507005.0
20101227,1,1,0,0,507008.0
20101228,1,1,0,0,506955.0
20101229,1,1,0,0,507102.0
20101230,1,1,0,0,506960.0
20101231,1,1,0,0,506715.0
20110103,1,1,0,0,508018.0
20110104,1,1,0,0,507918.0
20110105,1,1,0,0,508728.0
20110106,1,1,0,0,508782.0
20110107,1,1,0,0,508580.0
20110110,1,1,0,0,508670.0
20110111,1,1,0,0,508980.0
20110112,1,1,0,0,510010.0
20110113,1,1,0,0,509862.0
20110114,1,1,0,0,510620.0
20110118,1,1,0,0,511098.0
20110119,1,1,0,0,509560.0
20110120,1,1,0,0,509188.0
20110121,1,1,0,0,509112.0
20110124,1,1,0,0,510130.0
20110125,1,1,0,0,510145.0
20110126,1,1,0,0,510790.0
20110127,1,1,0,0,510992.0
20110128,1,1,0,0,508680.0
20110131,1,1,0,0,509470.0
20110201,1,1,0,0,511332.0
20110202,1,1,0,0,511140.0
20110203,1,1,0,0,511342.0
20110204,1,1,0,0,511858.0
20110207,1,1,0,0,512432.0
20110208,1,1,0,0,513088.0
20110209,1,1,0,0,512952.0
20110210,1,1,0,0,512918.0
20110211,1,1,0,0,513672.0
20110214,1,1,0,0,513768.0
20110215,1,1,0,0,513688.0
20110216,1,1,0,0,514235.0
20110217,1,1,0,0,514502.0
20110218,1,1,0,0,514770.0
20110222,1,1,0,0,511905.0
20110223,1,1,0,0,511090.0
20110224,1,1,0,0,511048.0
20110225,1,1,0,0,512598.0
20110228,1,1,0,0,513060.0
20110301,1,1,0,0,511025.0
20110302,1,1,0,0,511498.0
20110303,1,1,0,0,513668.0
20110304,1,1,0,0,512952.0
20110307,1,1,0,0,511685.0
20110308,1,1,0,0,512420.0
20110309,1,1,0,0,511730.0
20110310,1,1,0,0,510130.0
20110311,1,1,0,0,511158.0
20110314,1,1,0,0,510355.0
20110315,1,1,0,0,508702.0
20110316,1,1,0,0,506910.0
20110317,1,1,0,0,507998.0
20110318,1,1,0,0,508182.0
20110321,1,1,0,0,509780.0
20110322,1,1,0,0,509598.0
20110323,1,1,0,0,509940.0
20110324,1,1,0,0,511472.0
20110325,1,1,0,0,511880.0
20110328,1,1,0,0,511068.0
20110329,1,1,0,0,512315.0
20110330,1,1,0,0,512930.0
20110331,1,1,0,0,512815.0
20110401,1,1,0,0,513198.0
20110404,1,1,0,0,513312.0
20110405,1,1,0,0,512842.0
20110406,1,1,0,0,513000.0
20110407,1,1,0,0,513050.0
20110408,1,1,0,0,512588.0
20110411,1,1,0,0,512175.0
20110412,1,1,0,0,511312.0
20110413,1,1,0,0,511648.0
20110414,1,1,0,0,511568.0
20110415,1,1,0,0,512172.0
20110418,1,1,0,0,510890.0
20110419,1,1,0,0,511685.0
20110420,1,1,0,0,513552.0
20110421,1,1,0,0,514100.0
20110425,1,1,0,0,514128.0
20110426,1,1,0,0,514785.0
20110427,1,1,0,0,515770.0
20110428,1,1,0,0,515825.0
20110429,1,1,0,0,516042.0
20110502,1,1,0,0,515958.0
20110503,1,1,0,0,515435.0
20110504,1,1,0,0,514870.0
20110505,1,1,0,0,514370.0
20110506,1,1,0,0,514235.0
20110509,1,1,0,0,514908.0
20110510,1,1,0,0,515912.0
20110511,1,1,0,0,514848.0
20110512,1,1,0,0,515555.0
20110513,1,1,0,0,514140.0
20110516,1,1,0,0,513005.0
20110517,1,1,0,0,513060.0
20110518,1,1,0,0,514195.0
20110519,1,1,0,0,514508.0
20110520,1,1,0,0,513298.0
20110523,1,1,0,0,512112.0
20110524,1,1,0,0,511750.0
20110525,1,1,0,0,512055.0
20110526,1,1,0,0,512870.0
20110527,1,1,0,0,513190.0
20110531,1,1,0,0,514675.0
20110601,1,1,0,0,512030.0
20110602,1,1,0,0,512185.0
20110603,1,1,0,0,510602.0
20110606,1,1,0,0,509770.0
20110607,1,1,0,0,509752.0
20110608,1,1,0,0,508850.0
20110609,1,1,0,0,509470.0
20110610,1,1,0,0,507932.0
20110613,1,1,0,0,508098.0
20110614,1,1,0,0,509555.0
20110615,1,1,0,0,507490.0
20110616,1,1,0,0,507475.0
20110617,1,1,0,0,507655.0
20110620,1,1,0,0,507848.0
20110621,1,1,0,0,507680.0
20110622,1,1,0,0,507558.0
20110623,1,1,0,0,507260.0
20110624,1,1,0,0,507205.0
20110627,1,1,0,0,506992.0
20110628,1,1,0,0,507205.0
20110629,1,1,0,0,507492.0
20110630,1,0,0,0,507830.0
20110701,1,0,0,0,508792.0
20110705,1,0,0,0,508892.0
20110706,1,0,0,0,508842.0
20110707,1,0,0,0,509642.0
20110708,1,0,0,0,509142.0
20110711,1,0,0,0,507980.0
20110712,1,0,0,0,507592.0
20110713,1,0,0,0,507668.0
20110714,1,0,0,0,507392.0
20110715,1,0,0,0,507805.0
20110718,1,0,0,0,507080.0
20110719,1,0,0,0,508118.0
20110720,1,0,0,0,508118.0
20110721,1,0,0,0,509180.0
20110722,1,0,0,0,509105.0
20110725,1,1,0,0,508845.0
20110726,1,1,0,0,508482.0
20110727,1,1,0,0,505805.0
20110728,1,1,0,0,505938.0
20110729,1,1,0,0,505310.0
20110801,1,1,0,0,504608.0
20110802,1,0,0,0,501778.0
20110803,1,0,0,0,501815.0
20110804,1,0,0,0,504602.0
20110805,1,0,0,0,504652.0
20110808,1,1,0,0,511118.0
20110809,1,1,0,0,505752.0
20110810,1,1,0,0,509565.0
20110811,1,1,0,0,505855.0
20110812,0,1,0,0,504915.0
20110815,0,1,0,0,504335.0
20110816,0,1,0,0,504485.0
20110817,0,1,0,0,504960.0
20110818,0,1,0,0,506825.0
20110819,0,1,0,0,507645.0
20110822,0,1,0,0,507585.0
20110823,0,1,0,0,505985.0
20110824,0,1,0,0,505685.0
20110825,0,1,0,0,506245.0
20110826,0,1,0,0,505185.0
20110829,0,1,0,0,504065.0
20110830,0,0,0,0,504025.0
20110831,0,0,0,0,504025.0
20110901,0,0,0,0,504025.0
20110902,0,0,0,0,504025.0
20110906,0,0,0,0,504025.0
20110907,0,0,0,0,504025.0
20110908,0,0,0,0,504025.0
20110909,0,0,0,0,504025.0
20110912,0,0,0,0,504025.0
20110913,0,0,0,0,504025.0
20110914,0,0,0,0,504025.0
20110915,0,0,0,0,504025.0
20110916,0,0,0,0,504025.0
20110919,0,0,0,0,504025.0
20110920,0,0,0,0,504025.0
20110921,0,0,0,0,504025.0
20110922,0,0,0,0,504025.0
20110923,0,0,0,0,504025.0
20110926,0,0,0,0,504025.0
20110927,0,0,0,0,504025.0
20110928,0,0,0,0,504025.0
20110929,0,0,0,0,504025.0
20110930,0,0,0,0,504025.0
20111003,0,0,0,0,504025.0
20111004,0,0,0,0,504025.0
20111005,0,0,0,0,504025.0
20111006,0,0,0,0,504025.0
20111007,0,0,0,0,504025.0
20111010,0,0,0,0,504025.0
20111011,0,0,0,0,504025.0
20111012,0,0,0,0,504025.0
20111013,0,0,0,0,504025.0
20111014,0,0,0,0,504025.0
20111017,0,0,0,0,504025.0
20111018,0,0,0,0,504025.0
20111019,0,0,0,0,504025.0
20111020,0,0,0,0,504025.0
20111021,0,0,0,0,504025.0
20111024,0,0,0,0,504025.0
20111025,0,0,0,0,504025.0
20111026,0,0,0,0,504025.0
20111027,0,0,0,0,504025.0
20111028,0,0,0,0,504025.0
20111031,0,0,0,0,504025.0
20111101,0,0,0,0,504025.0
20111102,0,0,0,0,504025.0
20111103,0,0,0,0,504025.0
20111104,0,0,0,0,504025.0
20111107,0,0,0,0,504025.0
20111108,0,0,0,0,504025.0
20111109,0,0,0,0,504025.0
20111110,0,0,0,0,504025.0
20111111,0,0,0,0,504025.0
20111114,0,0,0,0,504025.0
20111115,0,0,0,0,504025.0
20111116,0,0,0,0,504025.0
20111117,0,0,0,0,504025.0
20111118,0,0,0,0,504025.0
20111121,0,0,0,0,504025.0
20111122,0,0,0,0,504025.0
20111123,0,0,0,0,504025.0
20111125,0,0,0,0,504025.0
20111128,0,0,0,0,504025.0
20111129,0,0,0,0,504025.0
20111130,0,0,0,0,504025.0
20111201,0,0,0,0,504025.0
20111202,0,0,0,0,504025.0
20111205,0,0,0,0,504025.0
20111206,0,0,0,0,504025.0
20111207,0,0,0,0,504025.0
20111208,0,0,0,0,504025.0
20111209,0,0,0,0,504025.0
20111212,0,0,0,0,504025.0
20111213,0,0,0,0,504025.0
20111214,0,0,0,0,504025.0
20111215,0,0,0,0,504025.0
20111216,0,0,0,0,504025.0
20111219,0,0,0,0,504025.0
20111220,0,0,0,0,504025.0
20111221,0,0,0,0,504025.0
20111222,0,0,0,0,504025.0
20111223,0,0,0,0,504025.0
20111227,0,0,0,0,504025.0
20111228,0,0,0,0,504025.0
20111229,0,0,0,0,504025.0
20111230,0,0,0,0,504025.0
20120103,0,0,0,0,504025.0
20120104,0,0,0,0,504025.0
20120105,0,0,0,0,504025.0
20120106,0,0,0,0,504025.0
20120109,0,0,0,0,504025.0
20120110,0,0,0,0,504025.0
20120111,0,0,0,0,504025.0
20120112,1,0,0,0,504038.0
20120113,1,0,0,0,503900.0
20120117,1,0,0,0,503912.0
20120118,1,0,0,0,504562.0
20120119,1,1,0,0,505075.0
20120120,1,1,0,0,505278.0
20120123,1,1,0,0,505295.0
20120124,1,1,0,0,505370.0
20120125,1,1,0,0,506268.0
20120126,1,1,0,0,505872.0
20120127,1,1,0,0,505795.0
20120130,1,1,0,0,505735.0
20120131,1,1,0,0,505742.0
20120201,1,1,0,0,506782.0
20120202,1,1,0,0,507012.0
20120203,1,1,0,0,508455.0
20120206,1,1,0,0,508510.0
20120207,1,1,0,0,508868.0
20120208,1,1,0,0,509290.0
20120209,1,1,0,0,509678.0
20120210,1,1,0,0,509040.0
20120213,1,1,0,0,509850.0
20120214,1,1,0,0,509952.0
20120215,1,1,0,0,509308.0
20120216,1,1,0,0,510652.0
20120217,1,1,0,0,510672.0
20120221,1,1,0,0,510865.0
20120222,1,1,0,0,510420.0
20120223,1,1,0,0,511210.0
20120224,1,1,0,0,511238.0
20120227,1,1,0,0,511568.0
20120228,1,1,0,0,512260.0
20120229,1,1,0,0,511730.0
20120301,1,1,0,0,512635.0
20120302,1,1,0,0,512352.0
20120305,1,1,0,0,511590.0
20120306,1,1,0,0,509935.0
20120307,1,1,0,0,510858.0
20120308,1,1,0,0,512128.0
20120309,1,1,0,0,512655.0
20120312,1,1,0,0,512720.0
20120313,1,1,0,0,514860.0
20120314,1,1,0,0,514935.0
20120315,1,1,0,0,515478.0
20120316,1,1,0,0,515548.0
20120319,1,1,0,0,516198.0
20120320,1,1,0,0,516152.0
20120321,1,1,0,0,516022.0
20120322,1,1,0,0,515518.0
20120323,1,1,0,0,515718.0
20120326,1,1,0,0,517732.0
20120327,1,1,0,0,517282.0
20120328,1,1,0,0,516815.0
20120329,1,1,0,0,516520.0
20120330,1,1,0,0,516620.0
20120402,1,1,0,0,517608.0
20120403,1,1,0,0,517460.0
20120404,1,1,1,0,516135.0
20120405,1,1,1,0,516850.0
20120406,1,1,1,0,516850.0
20120409,1,1,1,0,515402.0
20120410,1,1,1,0,514632.0
20120411,1,1,1,0,515598.0
20120412,1,1,1,0,517398.0
20120413,1,1,1,0,515462.0
20120416,1,1,1,0,514468.0
20120417,1,1,1,0,517072.0
20120418,1,1,1,0,516445.0
20120419,1,1,1,0,516378.0
20120420,1,1,1,0,516130.0
20120423,1,1,1,0,514225.0
20120424,1,1,1,0,514552.0
20120425,1,1,1,0,515785.0
20120426,1,1,1,0,517015.0
20120427,1,1,1,0,516832.0
20120430,1,1,1,0,515242.0
20120501,1,1,1,0,514718.0
20120502,1,1,1,0,515928.0
20120503,1,1,1,0,513772.0
20120504,1,1,1,0,511878.0
20120507,1,1,1,0,511690.0
20120508,1,1,1,0,510482.0
20120509,1,1,1,0,508718.0
20120510,1,1,1,0,508162.0
20120511,1,1,1,0,508158.0
20120514,1,1,1,0,509222.0
20120515,1,1,1,0,508685.0
20120516,1,1,0,0,508008.0
20120517,1,1,0,0,508015.0
20120518,1,1,0,0,507810.0
20120521,1,1,0,0,508065.0
20120522,1,1,0,0,507950.0
20120523,1,1,0,0,508005.0
20120524,1,1,0,0,507582.0
20120525,1,1,0,0,507712.0
20120529,1,1,0,0,507498.0
20120530,1,1,0,0,508172.0
20120531,1,1,0,0,508000.0
20120601,1,1,0,0,508382.0
20120604,1,1,0,0,508712.0
20120605,1,1,0,0,508508.0
20120606,1,1,0,0,508208.0
20120607,1,1,0,0,507888.0
20120608,1,1,0,0,507818.0
20120611,1,1,0,0,507965.0
20120612,1,1,0,0,507678.0
20120613,1,1,0,0,507790.0
20120614,1,1,0,0,507165.0
20120615,1,1,0,0,507182.0
20120618,1,1,0,0,507478.0
20120619,1,1,0,0,507502.0
20120620,1,1,0,0,507585.0
20120621,1,1,0,0,507900.0
20120622,1,1,0,0,507910.0
20120625,1,1,0,0,507982.0
20120626,1,1,0,0,507968.0
20120627,1,1,0,0,507658.0
20120628,1,1,0,0,507208.0
20120629,1,1,0,0,507148.0
20120702,1,1,0,0,507188.0
20120703,1,1,0,0,507208.0
20120705,1,1,0,0,507552.0
20120706,1,1,0,0,507370.0
20120709,1,1,0,0,507435.0
20120710,1,1,0,0,507562.0
20120711,1,1,0,0,507195.0
20120712,1,1,0,0,507070.0
20120713,1,1,0,0,506730.0
20120716,1,1,0,0,506832.0
20120717,1,1,0,0,506592.0
20120718,1,1,0,0,506815.0
20120719,1,1,0,0,507222.0
20120720,1,1,0,0,507130.0
20120723,1,1,0,0,507175.0
20120724,1,1,0,0,507272.0
20120725,1,1,0,0,506898.0
20120726,1,1,0,0,506490.0
20120727,1,1,0,0,506492.0
20120730,1,1,0,0,506468.0
20120731,1,1,0,0,506782.0
20120801,1,1,0,0,506752.0
20120802,1,1,0,0,507048.0
20120803,1,1,0,0,506748.0
20120806,0,1,0,0,506808.0
20120807,0,1,0,0,507278.0
20120808,0,1,0,0,507212.0
20120809,0,1,0,0,507432.0
20120810,0,1,0,0,507498.0
20120813,0,1,0,0,507638.0
20120814,0,1,0,0,507612.0
20120815,1,1,0,0,508010.0
20120816,1,1,0,0,508985.0
20120817,1,1,0,0,509348.0
20120820,1,1,0,0,509402.0
20120821,1,1,0,0,509170.0
20120822,1,1,0,0,509302.0
20120823,1,1,0,0,508285.0
20120824,1,1,0,0,509052.0
20120827,1,1,0,0,509132.0
20120828,1,1,0,0,509068.0
20120829,1,1,0,0,509052.0
20120830,1,1,0,0,507990.0
20120831,1,1,0,0,508735.0
20120903,1,1,0,0,508910.0
20120904,1,1,0,0,508855.0
20120905,1,1,0,0,508590.0
20120906,1,1,0,0,511125.0
20120907,1,1,0,0,511438.0
20120910,1,1,0,0,510080.0
20120911,1,1,0,0,510175.0
20120912,1,1,0,0,510965.0
20120913,1,1,0,0,512495.0
20120914,1,1,0,0,513505.0
20120917,1,1,0,0,513175.0
20120918,1,1,0,0,513200.0
20120919,1,1,0,0,513282.0
20120920,1,1,0,0,513302.0
20120921,1,1,0,0,513200.0
20120924,1,1,0,0,512890.0
20120925,1,1,0,0,511478.0
20120926,1,1,0,0,510385.0
20120927,1,1,0,0,511890.0
20120928,1,1,0,0,511102.0
20121001,1,1,0,0,511165.0
20121002,1,1,0,0,511505.0
20121003,1,1,0,0,511948.0
20121004,1,1,0,0,512768.0
20121005,1,1,0,0,512410.0
20121008,1,1,0,0,511588.0
20121009,1,1,0,0,510030.0
20121010,1,1,0,0,509318.0
20121011,1,1,0,0,509240.0
20121012,1,1,0,0,508825.0
20121015,1,1,0,0,509950.0
20121016,1,1,0,0,511318.0
20121017,1,1,0,0,511810.0
20121018,1,1,0,0,510780.0
20121019,1,1,0,0,508030.0
20121022,1,1,0,0,508805.0
20121023,1,1,0,0,507098.0
20121024,1,1,0,0,506822.0
20121025,1,1,0,0,506922.0
20121026,1,1,0,0,507105.0
20121029,1,1,0,0,507105.0
20121030,1,1,0,0,507105.0
20121031,1,1,0,0,506698.0
20121101,1,1,0,0,508408.0
20121102,1,1,0,0,506645.0
20121105,1,1,0,0,507395.0
20121106,1,1,0,0,508328.0
20121107,1,1,0,0,505200.0
20121108,1,1,0,0,503752.0
20121109,1,1,0,0,503948.0
20121112,1,1,0,0,504082.0
20121113,1,1,0,0,503310.0
20121114,1,1,0,0,501790.0
20121115,1,1,0,0,501552.0
20121116,0,1,0,0,501372.0
20121119,0,1,0,0,502422.0
20121120,0,1,0,0,502582.0
20121121,0,1,0,0,502632.0
20121123,0,1,0,0,503398.0
20121126,0,1,0,0,503628.0
20121127,0,1,0,0,503538.0
20121128,0,1,0,0,503922.0
20121129,0,1,0,0,504312.0
20121130,0,1,0,0,504228.0
20121203,0,1,0,0,504112.0
20121204,0,1,0,0,504002.0
20121205,0,1,0,0,503462.0
20121206,0,1,0,0,503792.0
20121207,0,1,0,0,503432.0
20121210,0,1,0,0,503722.0
20121211,0,1,0,0,504428.0
20121212,0,1,0,0,504118.0
20121213,0,1,0,0,503758.0
20121214,0,1,0,0,503282.0
20121217,0,1,0,0,504058.0
20121218,0,1,0,0,504848.0
20121219,0,1,0,0,504678.0
20121220,0,1,0,0,504618.0
20121221,0,1,0,0,504028.0
20121224,0,1,0,0,503792.0
20121226,0,1,0,0,503388.0
20121227,0,1,0,0,503268.0
20121228,0,1,0,0,502538.0
20121231,0,1,0,0,503922.0
20130102,0,1,0,0,505592.0
20130103,0,1,0,0,505328.0
20130104,0,1,0,0,505078.0
20130107,1,1,0,0,505210.0
20130108,1,1,0,0,504960.0
20130109,1,1,0,0,505295.0
20130110,1,1,0,0,506158.0
20130111,1,1,0,0,506305.0
20130114,1,1,0,0,505855.0
20130115,1,1,0,0,505615.0
20130116,1,1,0,0,505862.0
20130117,1,1,0,0,506665.0
20130118,1,1,0,0,506692.0
20130122,1,1,0,0,507562.0
20130123,1,1,0,0,507760.0
20130124,1,1,0,0,507020.0
20130125,1,1,0,0,507415.0
20130128,1,1,0,0,507668.0
20130129,1,1,0,0,508172.0
20130130,1,1,0,0,507545.0
20130131,1,1,0,0,507230.0
20130201,1,1,0,0,508535.0
20130204,1,1,0,0,506972.0
20130205,1,1,0,0,508352.0
20130206,1,1,0,0,508150.0
20130207,1,1,0,0,508170.0
20130208,1,1,0,0,509132.0
20130211,1,1,0,0,509128.0
20130212,1,1,0,0,509095.0
20130213,1,1,0,0,509335.0
20130214,1,1,0,0,509338.0
20130215,1,1,0,0,509142.0
20130219,1,1,0,0,510082.0
20130220,1,1,0,0,508168.0
20130221,1,1,0,0,507398.0
20130222,1,1,0,0,508508.0
20130225,1,1,0,0,506475.0
20130226,1,1,0,0,506848.0
20130227,1,1,0,0,508665.0
20130228,1,1,0,0,508490.0
20130301,1,1,0,0,508868.0
20130304,1,1,0,0,509555.0
20130305,1,1,0,0,510882.0
20130306,1,1,0,0,510782.0
20130307,1,1,0,0,511178.0
20130308,1,1,0,0,511570.0
20130311,1,1,0,0,512025.0
20130312,1,1,0,0,511688.0
20130313,1,1,0,0,511760.0
20130314,1,1,0,0,512190.0
20130315,1,1,0,0,511875.0
20130318,1,1,0,0,511468.0
20130319,1,1,0,0,511092.0
20130320,1,1,0,0,511545.0
20130321,1,1,0,0,510735.0
20130322,1,1,0,0,511860.0
20130325,1,1,0,0,511425.0
20130326,1,1,0,0,512248.0
20130327,1,1,0,0,512248.0
20130328,1,1,0,0,512748.0
20130329,1,1,0,0,512748.0
20130401,1,1,0,0,511950.0
20130402,1,1,0,0,512870.0
20130403,1,1,0,0,511555.0
20130404,1,1,0,0,511815.0
20130405,1,1,0,0,510950.0
20130408,1,1,0,0,511972.0
20130409,1,1,0,0,512502.0
20130410,1,1,0,0,514592.0
20130411,1,1,0,0,514842.0
20130412,1,1,0,0,514415.0
20130415,1,1,0,0,511235.0
20130416,1,1,0,0,513388.0
20130417,1,1,0,0,511180.0
20130418,1,1,0,0,509880.0
20130419,1,1,0,0,511130.0
20130422,1,1,0,0,512135.0
20130423,1,1,0,0,513525.0
20130424,1,1,0,0,513570.0
20130425,1,1,0,0,514358.0
20130426,1,1,0,0,513825.0
20130429,1,1,0,0,514978.0
20130430,1,1,0,0,515602.0
20130501,1,1,0,0,514522.0
20130502,1,1,0,0,516042.0
20130503,1,1,0,0,517515.0
20130506,1,1,0,0,518015.0
20130507,1,1,0,0,518345.0
20130508,1,1,0,0,519062.0
20130509,1,1,0,0,518775.0
20130510,1,1,0,0,519375.0
20130513,1,1,0,0,519548.0
20130514,1,1,0,0,520695.0
20130515,1,1,0,0,521122.0
20130516,1,1,0,0,520755.0
20130517,1,1,0,0,521995.0
20130520,1,1,0,0,522035.0
20130521,1,1,0,0,522095.0
20130522,1,1,0,0,521185.0
20130523,1,1,0,0,520735.0
20130524,1,1,0,0,520760.0
20130528,1,1,0,0,521185.0
20130529,1,1,0,0,520650.0
20130530,1,1,0,0,521265.0
20130531,1,1,0,0,519445.0
20130603,1,1,0,0,519912.0
20130604,1,1,0,0,519448.0
20130605,1,1,0,0,517560.0
20130606,1,1,0,0,518518.0
20130607,1,1,0,0,519925.0
20130610,1,1,0,0,520230.0
20130611,1,1,0,0,519010.0
20130612,1,1,0,0,517295.0
20130613,1,1,0,0,519490.0
20130614,1,1,0,0,518465.0
20130617,1,1,0,0,519782.0
20130618,1,1,0,0,520832.0
20130619,1,1,0,0,519112.0
20130620,1,1,0,0,515600.0
20130621,1,1,0,0,515300.0
20130624,1,1,0,0,513992.0
20130625,1,1,0,0,515040.0
20130626,1,1,0,0,516235.0
20130627,1,1,0,0,517115.0
20130628,1,1,0,0,516788.0
20130701,1,1,0,0,517478.0
20130702,1,1,0,0,517628.0
20130703,1,1,0,0,517980.0
20130705,1,1,0,0,519292.0
20130708,1,1,0,0,519750.0
20130709,1,1,0,0,520560.0
20130710,1,1,0,0,521150.0
20130711,1,1,0,0,523400.0
20130712,1,1,0,0,523552.0
20130715,1,1,0,0,524135.0
20130716,1,1,0,0,523778.0
20130717,1,1,0,0,524160.0
20130718,1,1,0,0,523775.0
20130719,1,1,0,0,524090.0
20130722,1,1,0,0,524262.0
20130723,1,1,0,0,523732.0
20130724,1,1,0,0,523948.0
20130725,1,1,0,0,524000.0
20130726,1,1,0,0,524535.0
20130729,1,1,0,0,524235.0
20130730,1,1,0,0,524748.0
20130731,1,1,0,0,524485.0
20130801,1,1,0,0,526068.0
20130802,1,1,0,0,526720.0
20130805,1,1,0,0,526645.0
20130806,1,1,0,0,525860.0
20130807,1,1,0,0,525532.0
20130808,1,1,0,0,526028.0
20130809,1,1,0,0,525378.0
20130812,1,1,0,0,525630.0
20130813,1,1,0,0,526078.0
20130814,1,1,0,0,525365.0
20130815,1,1,0,0,523008.0
20130816,1,1,0,0,522745.0
20130819,1,1,0,0,522460.0
20130820,1,1,0,0,522945.0
20130821,1,1,0,0,521875.0
20130822,1,1,0,0,523572.0
20130823,1,1,0,0,524300.0
20130826,1,1,0,0,523932.0
20130827,1,1,0,0,521402.0
20130828,1,1,0,0,521778.0
20130829,1,1,0,0,522428.0
20130830,1,1,0,0,521832.0
20130903,1,1,0,0,522480.0
20130904,1,1,0,0,524040.0
20130905,1,1,0,0,524010.0
20130906,1,1,0,0,524065.0
20130909,1,1,0,0,525550.0
20130910,1,1,0,0,526580.0
20130911,1,1,0,0,526808.0
20130912,1,1,0,0,526562.0
20130913,1,1,0,0,526790.0
20130916,1,1,0,0,527042.0
20130917,1,1,0,0,527852.0
20130918,1,1,0,0,529582.0
20130919,1,1,0,0,529780.0
20130920,1,1,0,0,528715.0
20130923,1,1,0,0,528078.0
20130924,1,1,0,0,528150.0
20130925,1,1,0,0,527548.0
20130926,1,1,0,0,528405.0
20130927,1,1,0,0,528045.0
20130930,1,1,0,0,527152.0
20131001,1,1,0,0,528645.0
20131002,1,1,0,0,528160.0
20131003,1,1,0,0,526792.0
20131004,1,1,0,0,528188.0
20131007,1,1,0,0,526748.0
20131008,1,1,0,0,524800.0
20131009,1,1,0,0,524348.0
20131010,1,1,0,0,527380.0
20131011,1,1,0,0,528720.0
20131014,1,1,0,0,529438.0
20131015,1,1,0,0,528675.0
20131016,1,1,0,0,530202.0
20131017,1,1,0,0,531668.0
20131018,1,1,0,0,532925.0
20131021,1,1,0,0,533252.0
20131022,1,1,0,0,533865.0
20131023,1,1,0,0,533148.0
20131024,1,1,0,0,534105.0
20131025,1,1,0,0,534435.0
20131028,1,1,0,0,534875.0
20131029,1,1,0,0,535315.0
20131030,1,1,0,0,535130.0
20131031,1,1,0,0,534190.0
20131101,1,1,0,0,534358.0
20131104,1,1,0,0,534960.0
20131105,1,1,0,0,534680.0
20131106,1,1,0,0,535055.0
20131107,1,1,0,0,532912.0
20131108,1,1,0,0,534770.0
20131111,1,1,0,0,534720.0
20131112,1,1,0,0,534800.0
20131113,1,1,0,0,536238.0
20131114,1,1,0,0,536858.0
20131115,1,1,0,0,537265.0
20131118,1,1,0,0,536378.0
20131119,1,1,0,0,536032.0
20131120,1,1,0,0,535578.0
20131121,1,1,0,0,536958.0
20131122,1,1,0,0,537722.0
20131125,1,1,0,0,537965.0
20131126,1,1,0,0,538305.0
20131127,1,1,0,0,538842.0
20131129,1,1,0,0,539210.0
20131202,1,1,0,0,538908.0
20131203,1,1,0,0,538350.0
20131204,1,1,0,0,538498.0
20131205,1,1,0,0,538035.0
20131206,1,1,0,0,539590.0
20131209,1,1,0,0,540080.0
20131210,1,1,0,0,539730.0
20131211,1,1,1,0,538568.0
20131212,1,1,1,0,538778.0
20131213,1,1,1,0,538162.0
20131216,1,1,1,0,538365.0
20131217,1,1,1,0,537898.0
20131218,1,1,1,0,540080.0
20131219,1,1,1,0,541718.0
20131220,1,1,1,0,542712.0
20131223,1,1,1,0,544225.0
20131224,1,1,1,0,544168.0
20131226,1,1,1,0,544852.0
20131227,1,1,1,0,543542.0
20131230,1,1,1,0,543955.0
20131231,1,1,1,0,542658.0
20140102,1,1,1,0,542352.0
20140103,1,1,1,0,541578.0
20140106,1,1,1,0,541085.0
20140107,1,1,1,0,542135.0
20140108,1,1,1,0,541712.0
20140109,1,1,1,0,539288.0
20140110,1,1,1,0,540280.0
20140113,1,1,1,0,540312.0
20140114,1,1,1,0,543448.0
20140115,1,1,1,0,543922.0
20140116,1,1,1,0,544170.0
20140117,1,1,1,0,543300.0
20140121,1,1,1,0,545058.0
20140122,1,1,1,0,547858.0
20140123,1,1,1,0,547420.0
20140124,1,1,1,0,548198.0
20140127,1,1,1,0,543950.0
20140128,1,1,1,0,547205.0
20140129,1,1,1,0,551035.0
20140130,1,1,0,0,552085.0
20140131,1,1,0,0,552088.0
20140203,1,1,0,0,548220.0
20140204,1,1,0,0,549210.0
20140205,1,1,0,0,549092.0
20140206,1,1,0,0,551052.0
20140207,1,1,0,0,553818.0
20140210,1,1,0,0,554270.0
20140211,1,1,0,0,555912.0
20140212,1,1,0,0,556322.0
20140213,1,1,0,0,557215.0
20140214,1,1,0,0,557952.0
20140218,1,1,0,0,558358.0
20140219,1,1,0,0,557348.0
20140220,1,1,0,0,558225.0
20140221,1,1,0,0,557985.0
20140224,1,1,0,0,559042.0
20140225,1,1,0,0,559065.0
20140226,1,1,0,0,558558.0
20140227,1,1,0,0,559712.0
20140228,1,1,0,0,559762.0
20140303,1,1,0,0,558508.0
20140304,1,1,0,0,560892.0
20140305,1,1,0,0,561172.0
20140306,1,1,0,0,561235.0
20140307,1,1,0,0,560968.0
20140310,1,1,0,0,560995.0
20140311,1,1,0,0,560015.0
20140312,1,1,0,0,560505.0
20140313,1,1,0,0,558350.0
20140314,1,1,0,0,557542.0
20140317,1,1,0,0,559040.0
20140318,1,1,0,0,560560.0
20140319,1,1,0,0,559570.0
20140320,1,1,0,0,560602.0
20140321,1,1,0,0,559102.0
20140324,1,1,0,0,558168.0
20140325,1,1,0,0,558910.0
20140326,1,1,0,0,557052.0
20140327,1,1,0,0,556582.0
20140328,1,1,0,0,557258.0
20140331,1,1,0,0,558422.0
20140401,1,1,0,0,560365.0
20140402,1,1,0,0,560788.0
20140403,1,1,0,0,560238.0
20140404,1,1,0,0,557222.0
20140407,1,1,0,0,555358.0
20140408,1,1,0,0,556292.0
20140409,1,1,0,0,558530.0
20140410,1,1,0,0,554422.0
20140411,1,1,0,0,552940.0
20140414,1,1,0,0,554102.0
20140415,1,1,0,0,555272.0
20140416,1,1,0,0,556140.0
20140417,1,1,0,0,556838.0
20140421,1,1,0,0,557722.0
20140422,1,1,0,0,558872.0
20140423,1,1,0,0,558212.0
20140424,1,1,0,0,558818.0
20140425,1,1,0,0,557082.0
20140428,1,1,0,0,557588.0
20140429,1,1,0,0,558335.0
20140430,1,1,0,0,558838.0
20140501,1,1,0,0,559095.0
20140502,1,1,0,0,558782.0
20140505,1,1,0,0,559075.0
20140506,1,1,0,0,557705.0
20140507,1,1,0,0,557995.0
20140508,1,1,0,0,557835.0
20140509,1,1,0,0,558108.0
20140512,1,1,0,0,560265.0
20140513,1,1,0,0,560360.0
20140514,1,1,0,0,559660.0
20140515,1,1,0,0,558100.0
20140516,1,1,0,0,558865.0
20140519,1,1,0,0,559850.0
20140520,1,1,0,0,558802.0
20140521,1,1,0,0,560392.0
20140522,1,1,0,0,560945.0
20140523,1,1,0,0,561822.0
20140527,1,1,0,0,563360.0
20140528,1,1,0,0,563242.0
20140529,1,1,0,0,564082.0
20140530,1,1,0,0,564258.0
20140602,1,1,0,0,564110.0
20140603,1,1,0,0,564188.0
20140604,1,1,0,0,564625.0
20140605,1,1,0,0,565922.0
20140606,1,1,0,0,566895.0
20140609,1,1,0,0,566860.0
20140610,1,1,0,0,567008.0
20140611,1,1,0,0,566638.0
20140612,1,1,0,0,565422.0
20140613,1,1,0,0,565762.0
20140616,1,1,0,0,565882.0
20140617,1,1,0,0,566102.0
20140618,1,1,0,0,567335.0
20140619,1,1,0,0,567262.0
20140620,1,1,0,0,567498.0
20140623,1,1,0,0,567510.0
20140624,1,1,0,0,567022.0
20140625,1,1,0,0,567740.0
20140626,1,1,0,0,567758.0
20140627,1,1,0,0,568200.0
20140630,1,1,0,0,568405.0
20140701,1,1,0,0,569952.0
20140702,1,1,0,0,570152.0
20140703,1,1,0,0,571160.0
20140707,1,1,0,0,570605.0
20140708,1,1,0,0,569260.0
20140709,1,1,0,0,570042.0
20140710,1,1,0,0,569332.0
20140711,1,1,0,0,570045.0
20140714,1,1,0,0,570905.0
20140715,1,1,0,0,570620.0
20140716,1,1,0,0,571158.0
20140717,1,1,0,0,569165.0
20140718,1,1,0,0,571150.0
20140721,1,1,0,0,570798.0
20140722,1,1,0,0,571730.0
20140723,1,1,0,0,572518.0
20140724,1,1,0,0,572442.0
20140725,1,1,0,0,571655.0
20140728,1,1,0,0,571820.0
20140729,1,1,0,0,571165.0
20140730,1,1,0,0,571590.0
20140731,1,1,0,0,567902.0
20140801,1,1,0,0,567360.0
20140804,1,1,0,0,568505.0
20140805,1,1,0,0,567055.0
20140806,1,1,0,0,567082.0
20140807,1,1,0,0,566368.0
20140808,1,1,0,0,567628.0
20140811,1,1,0,0,568695.0
20140812,1,1,0,0,568565.0
20140813,1,1,1,0,571602.0
20140814,1,1,1,0,571735.0
20140815,1,1,1,0,573325.0
20140818,1,1,1,0,574480.0
20140819,1,1,1,0,574538.0
20140820,1,1,1,0,575482.0
20140821,1,1,1,0,575295.0
20140822,1,1,1,0,575842.0
20140825,1,1,1,0,575410.0
20140826,1,1,1,0,576060.0
20140827,1,1,1,0,575455.0
20140828,1,1,1,0,574972.0
20140829,1,1,1,0,575245.0
20140902,1,1,1,0,577108.0
20140903,1,1,1,0,577082.0
20140904,1,1,1,0,577262.0
20140905,1,1,1,0,578280.0
20140908,1,1,1,0,577305.0
20140909,1,1,1,0,575148.0
20140910,1,1,1,0,576250.0
20140911,1,1,1,0,577620.0
20140912,1,1,1,0,576238.0
20140915,1,1,1,0,574730.0
20140916,1,1,1,0,575520.0
20140917,1,1,1,0,575592.0
20140918,1,1,1,0,577785.0
20140919,1,1,1,0,578408.0
20140922,1,1,1,0,576598.0
20140923,1,1,1,0,575922.0
20140924,1,1,1,0,576925.0
20140925,1,1,1,0,573355.0
20140926,1,1,1,0,574695.0
20140929,1,1,1,0,572915.0
20140930,1,1,1,0,573230.0
20141001,1,1,1,0,571728.0
20141002,1,1,1,0,572435.0
20141003,1,1,1,0,573212.0
20141006,1,1,1,0,574230.0
20141007,1,1,1,0,571225.0
20141008,1,1,1,0,575418.0
20141009,1,1,1,0,572475.0
20141010,1,1,1,0,568452.0
20141013,1,1,1,0,565355.0
20141014,1,1,1,0,567082.0
20141015,1,1,1,0,564648.0
20141016,1,1,1,0,564665.0
20141017,1,1,1,0,567740.0
20141020,1,1,1,0,570890.0
20141021,1,1,1,0,574490.0
20141022,1,1,1,0,573915.0
20141023,1,1,1,0,576455.0
20141024,1,1,1,0,577722.0
20141027,1,1,1,0,578275.0
20141028,1,1,1,0,579600.0
20141029,1,1,1,0,578208.0
20141030,1,1,1,0,578975.0
20141031,1,1,1,0,580885.0
20141103,1,1,1,0,579265.0
20141104,1,1,1,0,577885.0
20141105,1,1,1,0,577878.0
20141106,1,1,1,0,576645.0
20141107,1,1,1,0,576225.0
20141110,1,1,0,0,575655.0
20141111,1,1,0,0,576040.0
20141112,1,1,0,0,576270.0
20141113,1,1,0,0,576350.0
20141114,1,1,0,0,576890.0
20141117,1,1,0,0,576782.0
20141118,1,1,0,0,577735.0
20141119,1,1,0,0,577388.0
20141120,1,1,0,0,578050.0
20141121,1,1,0,0,578622.0
20141124,1,1,0,0,579565.0
20141125,1,1,0,0,579775.0
20141126,1,1,0,0,580518.0
20141128,1,1,0,0,580628.0
20141201,1,1,0,0,578818.0
20141202,1,1,0,0,579960.0
20141203,1,1,0,0,580385.0
20141204,1,1,0,0,580420.0
20141205,1,1,0,0,580615.0
20141208,1,1,0,0,579105.0
20141209,1,1,0,0,579240.0
20141210,1,1,0,0,576415.0
20141211,1,1,0,0,576850.0
20141212,1,1,0,0,574235.0
20141215,1,1,0,0,573362.0
20141216,1,1,0,0,570910.0
20141217,1,1,0,0,574598.0
20141218,1,1,0,0,579255.0
20141219,1,1,0,0,580000.0
20141222,1,1,0,0,580455.0
20141223,1,1,0,0,580505.0
20141224,1,1,0,0,580582.0
20141226,1,1,0,0,581412.0
20141229,1,1,0,0,581502.0
20141230,1,1,0,0,580488.0
20141231,1,1,0,0,578275.0
20150102,1,1,0,0,577592.0
20150105,1,1,0,0,575030.0
20150106,1,1,0,0,572765.0
20150107,1,1,0,0,575000.0
20150108,1,1,0,0,578390.0
20150109,1,1,0,0,576772.0
20150112,1,1,0,0,575450.0
20150113,1,1,0,0,574965.0
20150114,1,1,0,0,574280.0
20150115,1,1,0,0,572225.0
20150116,1,1,0,0,574325.0
20150120,1,1,0,0,575172.0
20150121,1,1,0,0,575975.0
20150122,1,1,0,0,579115.0
20150123,1,1,0,0,578535.0
20150126,1,1,0,0,579055.0
20150127,1,1,0,0,576045.0
20150128,1,1,0,0,573055.0
20150129,1,1,0,0,575635.0
20150130,1,1,0,0,573245.0
20150202,1,1,0,0,575555.0
20150203,1,1,0,0,577420.0
20150204,1,1,0,0,576575.0
20150205,1,1,0,0,578695.0
20150206,1,1,0,0,578195.0
20150209,1,1,0,0,577405.0
20150210,1,1,0,0,579628.0
20150211,1,1,0,0,580212.0
20150212,1,1,0,0,582090.0
20150213,1,1,0,0,583210.0
20150217,1,1,0,0,583430.0
20150218,1,1,0,0,583490.0
20150219,1,1,0,0,584022.0
20150220,1,1,0,0,585105.0
20150223,1,1,0,0,585222.0
20150224,1,1,0,0,585688.0
20150225,1,1,0,0,585242.0
20150226,1,1,0,0,585730.0
20150227,1,1,0,0,584982.0
20150302,1,1,0,0,586235.0
20150303,1,1,0,0,585362.0
20150304,1,1,0,0,584705.0
20150305,1,1,0,0,584972.0
20150306,1,1,0,0,582632.0
20150309,1,1,0,0,583152.0
20150310,1,1,0,0,579720.0
20150311,1,1,0,0,579120.0
20150312,1,1,0,0,580815.0
20150313,1,1,0,0,579652.0
20150316,1,1,0,0,581975.0
20150317,1,1,0,0,582218.0
20150318,1,1,0,0,584525.0
20150319,1,1,0,0,584010.0
20150320,1,1,0,0,585402.0
20150323,1,1,0,0,584968.0
20150324,1,1,0,0,584325.0
20150325,1,1,0,0,580652.0
20150326,1,1,0,0,580135.0
20150327,1,1,0,0,580635.0
20150330,1,1,0,0,582720.0
20150331,1,1,0,0,581122.0
20150401,1,1,0,0,580405.0
20150402,1,1,0,0,580615.0
20150403,1,1,0,0,579730.0
20150406,1,1,0,0,582002.0
20150407,1,1,0,0,581562.0
20150408,1,1,0,0,582790.0
20150409,1,1,0,0,583768.0
20150410,1,1,0,0,584565.0
20150413,1,1,0,0,583885.0
20150414,1,1,0,0,584000.0
20150415,1,1,1,0,584078.0
20150416,1,1,1,0,583258.0
20150417,1,1,1,0,581170.0
20150420,1,1,1,0,584095.0
20150421,1,1,1,0,584125.0
20150422,1,1,1,0,584612.0
20150423,1,1,1,0,586425.0
20150424,1,1,1,0,587618.0
20150427,1,1,1,0,587738.0
20150428,1,1,1,0,587695.0
20150429,1,1,1,0,585630.0
20150430,1,1,1,0,581750.0
20150501,1,1,1,0,583815.0
20150504,1,1,1,0,583928.0
20150505,1,1,1,0,581695.0
20150506,1,1,1,0,580558.0
20150507,1,1,1,0,582068.0
20150508,1,1,0,0,583225.0
20150511,1,1,0,0,582338.0
20150512,1,1,0,0,581990.0
20150513,1,1,0,0,582025.0
20150514,1,1,0,0,584505.0
20150515,1,1,0,0,584550.0
20150518,1,1,0,0,585270.0
20150519,1,1,0,0,585075.0
20150520,1,1,0,0,585060.0
20150521,1,1,0,0,585800.0
20150522,1,1,0,0,585625.0
20150526,1,1,0,0,583670.0
20150527,1,1,0,0,585720.0
20150528,1,1,0,0,585768.0
20150529,1,1,0,0,584345.0
20150601,1,1,0,0,584718.0
20150602,1,1,0,0,584222.0
20150603,1,1,0,0,585175.0
20150604,1,1,0,0,583705.0
20150605,1,1,0,0,583068.0
20150608,1,1,0,0,581382.0
20150609,1,1,0,0,581455.0
20150610,1,1,0,0,583950.0
20150611,1,1,0,0,584098.0
20150612,1,1,0,0,582538.0
20150615,1,1,0,0,581678.0
20150616,1,1,0,0,582828.0
20150617,1,1,0,0,582890.0
20150618,1,1,0,0,585695.0
20150619,1,1,0,0,584225.0
20150622,1,1,0,0,585635.0
20150623,1,1,0,0,585992.0
20150624,1,1,0,0,584632.0
20150625,1,1,0,0,584228.0
20150626,1,1,0,0,583740.0
20150629,1,1,0,0,579428.0
20150630,1,1,0,0,579872.0
20150701,1,1,0,0,581332.0
20150702,1,1,0,0,581355.0
20150706,1,1,0,0,581022.0
20150707,1,1,0,0,581475.0
20150708,1,1,0,0,578235.0
20150709,1,1,0,0,578195.0
20150710,1,1,0,0,580958.0
20150713,1,1,0,0,583828.0
20150714,1,1,0,0,584792.0
20150715,1,1,0,0,585285.0
20150716,1,1,0,0,587148.0
20150717,1,1,0,0,588280.0
20150720,1,1,0,0,588868.0
20150721,1,1,0,0,588398.0
20150722,1,1,0,0,587082.0
20150723,1,1,0,0,586668.0
20150724,1,1,0,0,584452.0
20150727,1,1,0,0,583018.0
20150728,1,1,0,0,584825.0
20150729,1,1,0,0,585718.0
20150730,1,1,0,0,586435.0
20150731,1,1,0,0,585968.0
20150803,1,1,0,0,585352.0
20150804,1,1,0,0,584528.0
20150805,1,1,0,0,585900.0
20150806,1,1,0,0,583812.0
20150807,1,1,0,0,583398.0
20150810,1,1,0,0,585650.0
20150811,1,1,0,0,583545.0
20150812,1,1,0,0,584225.0
20150813,1,1,0,0,583712.0
20150814,1,1,0,0,584452.0
20150817,1,1,0,0,585600.0
20150818,1,1,0,0,584922.0
20150819,1,1,0,0,583055.0
20150820,1,1,0,0,577942.0
20150821,1,1,0,0,571932.0
20150824,1,1,0,0,562970.0
20150825,1,1,0,0,563550.0
20150826,1,1,0,0,570532.0
20150827,1,1,0,0,575365.0
20150828,1,1,0,0,575490.0
20150831,1,1,0,0,573240.0
20150901,1,1,0,0,568308.0
20150902,1,1,0,0,571892.0
20150903,1,1,0,0,571232.0
20150904,1,1,0,0,569310.0
20150908,1,1,0,0,573600.0
20150909,1,1,0,0,571580.0
20150910,1,1,0,0,572662.0
20150911,1,1,0,0,573792.0
20150914,1,1,0,0,573170.0
20150915,1,1,0,0,575495.0
20150916,1,1,0,0,576995.0
20150917,1,1,0,0,576232.0
20150918,1,1,0,0,574035.0
20150921,1,1,0,0,574950.0
20150922,1,1,1,0,571910.0
20150923,1,1,1,0,571725.0
20150924,1,1,1,0,570682.0
20150925,1,1,1,0,570488.0
20150928,1,1,1,0,565360.0
20150929,1,1,1,0,565925.0
20150930,1,1,1,0,570022.0
20151001,1,1,1,0,571822.0
20151002,1,1,1,0,574430.0
20151005,1,1,1,0,577028.0
20151006,1,1,1,0,576095.0
20151007,1,1,1,0,577662.0
20151008,1,1,1,0,578805.0
20151009,1,1,1,0,579110.0
20151012,1,1,1,0,579265.0
20151013,1,1,1,0,578110.0
20151014,1,1,1,0,577115.0
20151015,1,1,1,0,581220.0
20151016,1,1,1,0,582235.0
20151019,1,1,1,0,582610.0
20151020,1,1,1,0,581325.0
20151021,1,1,1,0,580935.0
20151022,1,1,1,0,586410.0
20151023,1,1,1,0,589235.0
20151026,1,1,1,0,591382.0
20151027,1,1,1,0,591525.0
20151028,1,1,1,0,594185.0
20151029,1,1,1,0,594280.0
20151030,1,1,1,0,592808.0
20151102,1,1,1,0,595560.0
20151103,1,1,1,0,596325.0
20151104,1,1,1,0,595772.0
20151105,1,1,1,0,594430.0
20151106,1,1,1,0,594502.0
20151109,1,1,1,0,593170.0
20151110,1,1,1,0,593025.0
20151111,1,1,1,0,592920.0
20151112,1,1,1,0,590595.0
20151113,1,1,1,0,586820.0
20151116,1,1,1,0,589210.0
20151117,1,1,1,0,589595.0
20151118,1,1,1,0,593032.0
20151119,1,1,1,0,593868.0
20151120,1,1,1,0,596242.0
20151123,1,1,1,0,595092.0
20151124,1,1,1,0,594992.0
20151125,1,1,1,0,595630.0
20151127,1,1,1,0,596705.0
20151130,1,1,1,0,595688.0
20151201,1,1,1,0,597690.0
20151202,1,1,1,0,596990.0
20151203,1,1,1,0,593648.0
20151204,1,1,1,0,597505.0
20151207,1,1,1,0,598075.0
20151208,1,1,1,0,596658.0
20151209,1,1,1,0,594475.0
20151210,1,1,1,0,595852.0
20151211,1,1,1,0,592000.0
20151214,1,1,1,0,593932.0
20151215,1,1,1,0,596838.0
20151216,1,1,1,0,599630.0
20151217,1,1,1,0,596265.0
20151218,1,1,1,0,593208.0
20151221,1,1,1,0,594088.0
20151222,1,1,1,0,595928.0
20151223,1,1,1,0,596142.0
20151224,1,1,1,0,595680.0
20151228,1,1,1,0,593840.0
20151229,1,1,1,0,595435.0
20151230,1,1,1,0,595192.0
20151231,1,1,1,0,591848.0
20160104,1,1,1,0,588888.0
20160105,1,1,1,0,588700.0
20160106,1,1,1,0,587252.0
20160107,1,1,1,0,580302.0
20160108,1,1,1,0,577772.0
20160111,1,1,1,0,578900.0
20160112,1,1,1,0,581622.0
20160113,1,1,1,0,576588.0
20160114,1,1,1,0,581172.0
20160115,1,1,1,0,577252.0
20160119,0,1,1,0,578318.0
20160120,0,1,1,0,577818.0
20160121,0,0,1,0,577522.0
20160122,0,0,1,0,577512.0
20160125,0,0,1,0,577322.0
20160126,0,0,1,0,577292.0
20160127,0,0,1,0,577302.0
20160128,0,0,1,0,577052.0
20160129,0,0,1,0,575892.0
20160201,0,0,1,0,577352.0
20160202,0,0,1,0,578622.0
20160203,0,0,1,0,578492.0
20160204,0,0,1,0,579152.0
20160205,0,0,1,0,578242.0
20160208,0,0,1,0,577472.0
20160209,0,0,1,0,577892.0
20160210,0,0,1,0,578412.0
20160211,0,0,1,0,578932.0
20160212,0,0,1,0,579212.0
20160216,0,0,1,0,579842.0
20160217,0,0,1,0,579452.0
20160218,0,0,1,0,580352.0
20160219,0,0,1,0,580832.0
20160222,0,0,1,0,580662.0
20160223,0,0,1,0,581052.0
20160224,0,0,1,0,581002.0
20160225,0,0,1,0,581492.0
20160226,0,0,1,0,581432.0
20160229,0,0,1,0,582232.0
20160301,0,0,1,0,581922.0
20160302,0,0,1,0,582562.0
20160303,0,0,1,0,582952.0
20160304,0,0,1,0,582682.0
20160307,0,0,1,0,582442.0
20160308,0,0,1,0,582222.0
20160309,0,0,1,0,581822.0
20160310,0,0,1,0,581462.0
20160311,0,0,1,0,581122.0
20160314,0,0,1,0,581152.0
20160315,0,0,1,0,580832.0
20160316,0,0,1,0,580662.0
20160317,0,0,1,0,579982.0
20160318,0,0,1,0,580272.0
20160321,0,0,1,0,581062.0
20160322,0,0,1,0,580712.0
20160323,0,0,1,0,581402.0
20160324,0,0,1,0,581282.0
20160328,0,0,1,0,580742.0
20160329,0,0,1,0,580292.0
20160330,0,0,1,0,580142.0
20160331,0,0,1,0,580512.0
20160401,0,0,1,0,580542.0
20160404,0,0,1,0,580122.0
20160405,0,0,1,0,580562.0
20160406,0,0,1,0,580992.0
20160407,0,0,1,0,579922.0
20160408,0,0,1,0,580202.0
20160411,0,0,1,0,580982.0
20160412,0,0,1,0,580062.0
20160413,0,0,1,0,579742.0
20160414,0,0,1,0,580402.0
20160415,0,0,1,0,581082.0
20160418,0,0,1,0,580702.0
20160419,0,0,1,0,579222.0
20160420,1,0,1,0,579538.0
20160421,1,0,1,0,578785.0
20160422,1,0,1,0,578228.0
20160425,1,0,1,0,578860.0
20160426,1,0,1,0,579402.0
20160427,1,0,1,0,579575.0
20160428,1,0,1,0,579412.0
20160429,1,0,1,0,577738.0
20160502,1,0,1,0,579860.0
20160503,1,0,1,0,578552.0
20160504,1,0,1,0,577508.0
20160505,1,0,1,0,578008.0
20160506,0,0,1,0,577282.0
20160509,1,0,1,0,577500.0
20160510,1,0,1,0,578062.0
20160511,1,0,1,0,576938.0
20160512,1,0,1,0,577155.0
20160513,1,0,1,0,576982.0
20160516,1,0,1,0,578615.0
20160517,1,0,1,0,577462.0
20160518,1,0,1,0,577832.0
20160519,1,0,1,0,577315.0
20160520,1,0,1,0,577648.0
20160523,1,0,1,0,577480.0
20160524,1,0,1,0,579718.0
20160525,1,0,1,0,579980.0
20160526,1,0,1,0,580405.0
20160527,1,0,1,0,580600.0
20160531,1,0,1,0,579298.0
20160601,1,0,1,0,578518.0
20160602,1,0,1,0,578565.0
20160603,1,0,1,0,578335.0
20160606,1,0,1,0,578180.0
20160607,1,0,1,0,578750.0
20160608,1,0,1,0,579078.0
20160609,1,0,1,0,580380.0
20160610,1,0,1,0,578870.0
20160613,1,0,1,0,578285.0
20160614,1,0,1,0,578288.0
20160615,1,0,1,0,578072.0
20160616,1,0,1,0,578272.0
20160617,1,0,1,0,578128.0
20160620,1,0,1,0,580130.0
20160621,1,0,1,0,580652.0
20160622,1,0,1,0,579555.0
20160623,1,0,1,0,581215.0
20160624,1,0,1,0,576492.0
20160627,1,0,1,0,575288.0
20160628,1,0,1,0,578952.0
20160629,1,0,1,0,580595.0
20160630,1,0,1,0,582380.0
20160701,1,0,1,0,583310.0
20160705,1,0,1,0,580405.0
20160706,1,0,1,0,581188.0
20160707,1,0,1,0,580998.0
20160708,1,0,1,0,582662.0
20160711,1,0,1,0,582160.0
20160712,1,0,1,0,583255.0
20160713,1,0,1,0,583298.0
20160714,1,0,1,0,583760.0
20160715,1,0,1,0,583825.0
20160718,1,0,1,0,583848.0
20160719,1,0,1,0,583845.0
20160720,1,0,1,0,583582.0
20160721,1,0,1,0,583448.0
20160722,1,0,1,0,584772.0
20160725,1,0,1,0,584210.0
20160726,1,0,1,0,583910.0
20160727,1,0,1,0,583602.0
20160728,1,0,1,0,585945.0
20160729,1,0,1,0,586150.0
20160801,1,0,1,0,584912.0
20160802,1,0,1,0,583945.0
20160803,1,0,1,0,585218.0
20160804,1,0,1,0,585280.0
20160805,1,0,1,0,585535.0
20160808,1,0,1,0,585232.0
20160809,1,0,1,0,584002.0
20160810,1,0,1,0,583225.0
20160811,1,1,0,0,584070.0
20160812,1,1,0,0,584080.0
20160815,1,1,0,0,584738.0
20160816,1,1,0,0,583790.0
20160817,1,1,1,0,584130.0
20160818,1,1,1,0,583858.0
20160819,1,1,1,0,584640.0
20160822,1,1,1,0,583772.0
20160823,1,1,1,0,583245.0
20160824,1,1,1,0,581768.0
20160825,1,1,1,0,581112.0
20160826,1,1,1,0,580652.0
20160829,1,1,1,0,581510.0
20160830,1,1,1,0,581655.0
20160831,1,1,1,0,580722.0
20160901,1,1,1,0,581635.0
20160902,1,1,1,0,582528.0
20160906,1,1,1,0,584248.0
20160907,1,1,1,0,584682.0
20160908,1,1,1,0,582398.0
20160909,1,0,1,0,577162.0
20160912,1,1,1,0,579832.0
20160913,1,1,1,0,577610.0
20160914,1,1,0,0,576860.0
20160915,1,1,1,0,580122.0
20160916,1,1,1,0,580068.0
20160919,1,1,1,0,579552.0
20160920,1,1,1,0,580668.0
20160921,1,1,1,0,583060.0
20160922,1,1,1,0,583715.0
20160923,1,1,1,0,582258.0
20160926,1,1,1,0,580935.0
20160927,1,1,1,0,582450.0
20160928,1,1,1,0,582645.0
20160929,1,1,1,0,580998.0
20160930,1,1,1,0,581588.0
20161003,1,1,1,0,581305.0
20161004,1,1,1,0,581125.0
20161005,1,1,1,0,582640.0
20161006,1,1,1,0,582852.0
20161007,1,1,1,0,583532.0
20161010,1,1,1,0,585662.0
20161011,1,1,1,0,582732.0
20161012,1,1,1,0,582042.0
20161013,1,1,1,0,582740.0
20161014,1,1,1,0,582382.0
20161017,1,1,1,0,581752.0
20161018,1,1,1,0,582868.0
20161019,1,1,1,0,582302.0
20161020,1,1,1,0,582232.0
20161021,1,1,1,0,580630.0
20161024,1,1,1,0,580675.0
20161025,1,1,1,0,579458.0
20161026,1,1,0,0,577032.0
20161027,1,1,0,0,575572.0
20161028,1,1,0,0,575565.0
20161031,1,1,0,0,575192.0
20161101,1,1,0,0,573590.0
20161102,1,1,0,0,572205.0
20161103,1,1,0,0,570922.0
20161104,1,1,0,0,570412.0
20161107,1,1,0,0,575222.0
20161108,1,1,0,0,576078.0
20161109,1,1,0,0,577680.0
20161110,1,1,0,0,576495.0
20161111,1,1,0,0,576292.0
20161114,1,1,0,0,575172.0
20161115,1,1,0,0,577540.0
20161116,1,1,0,0,577560.0
20161117,1,1,0,0,579040.0
20161118,1,1,0,0,578465.0
20161121,1,1,0,0,579988.0
20161122,1,1,0,0,580765.0
20161123,1,1,0,0,580285.0
20161125,1,1,0,0,581190.0
20161128,1,1,0,0,580515.0
20161129,1,1,0,0,580945.0
20161130,1,1,0,0,579515.0
20161201,1,1,0,0,577588.0
20161202,1,1,0,0,577628.0
20161205,1,1,0,0,579080.0
20161206,1,1,0,0,579492.0
20161207,1,1,0,0,581930.0
20161208,1,1,0,0,582915.0
20161209,1,1,0,0,584148.0
20161212,1,1,0,0,583395.0
20161213,1,1,0,0,585682.0
20161214,1,1,0,0,584795.0
20161215,1,1,0,0,585165.0
20161216,1,1,0,0,584622.0
20161219,1,1,0,0,585320.0
20161220,1,1,0,0,585990.0
20161221,1,1,0,0,585560.0
20161222,1,1,0,0,585212.0
20161223,1,1,0,0,585390.0
20161227,1,1,0,0,585820.0
20161228,1,1,0,0,584282.0
20161229,1,1,0,0,584165.0
20161230,1,1,0,0,582638.0
20170103,1,1,0,0,584295.0
20170104,1,1,0,0,585428.0
20170105,1,1,0,0,585998.0
20170106,1,1,0,0,587200.0
20170109,1,1,0,0,587235.0
20170110,1,1,0,0,587358.0
20170111,1,1,0,0,588000.0
20170112,1,1,0,0,587415.0
20170113,1,1,0,0,588395.0
20170116,1,1,0,0,588070.0
20170117,1,1,0,0,587488.0
20170118,1,1,0,0,587960.0
20170119,1,1,0,0,587690.0
20170120,1,1,0,0,588010.0
20170123,1,1,0,0,587915.0
20170124,1,1,0,0,589195.0
20170125,1,1,0,0,591175.0
20170126,1,1,0,0,591200.0
20170127,1,1,0,0,591245.0
20170130,1,1,0,0,589835.0
20170131,1,1,0,0,589525.0
20170201,1,1,0,0,590240.0
20170202,1,1,0,0,589940.0
20170203,1,1,0,0,591195.0
20170206,1,1,0,0,591025.0
20170207,1,1,0,0,591505.0
20170208,1,1,0,0,591882.0
20170209,1,1,0,0,593002.0
20170210,1,1,0,0,593718.0
20170213,1,1,0,0,595042.0
20170214,1,1,0,0,595915.0
20170215,1,1,0,0,597270.0
20170216,1,1,0,0,596830.0
20170217,1,1,0,0,597460.0
20170221,1,1,0,0,598420.0
20170222,1,1,0,0,598615.0
20170223,1,1,0,0,598322.0
20170224,1,1,0,0,598660.0
20170227,1,1,0,0,598908.0
20170228,1,1,0,0,598328.0
20170301,1,1,0,0,600940.0
20170302,1,1,0,0,599940.0
20170303,1,1,0,0,600048.0
20170306,1,1,0,0,599540.0
20170307,1,1,0,0,598865.0
20170308,1,1,0,0,599005.0
20170309,1,1,0,0,599192.0
20170310,1,1,0,0,599765.0
20170313,1,1,0,0,600188.0
20170314,1,1,0,0,599475.0
20170315,1,1,0,0,601025.0
20170316,1,1,0,0,600870.0
20170317,1,1,0,0,600548.0
20170320,1,1,0,0,600498.0
20170321,1,1,0,0,597492.0
20170322,1,1,0,0,598055.0
20170323,1,1,0,0,597705.0
20170324,1,1,0,0,598428.0
20170327,1,1,0,0,598120.0
20170328,1,1,0,0,599290.0
20170329,1,1,0,0,600185.0
20170330,1,1,0,0,600590.0
20170331,1,1,0,0,600348.0
20170403,1,1,0,0,600105.0
20170404,1,1,0,0,600320.0
20170405,1,1,0,0,599265.0
20170406,1,1,0,0,599758.0
20170407,1,1,0,0,599652.0
20170410,1,1,0,0,599685.0
20170411,1,1,0,0,599200.0
20170412,1,1,0,0,598108.0
20170413,1,1,0,0,597170.0
20170417,1,1,0,0,598770.0
20170418,1,1,0,0,598262.0
20170419,1,1,0,0,598258.0
20170420,1,1,0,0,600070.0
20170421,1,1,0,0,599830.0
20170424,1,1,0,0,602195.0
20170425,1,1,0,0,603830.0
20170426,1,1,0,0,603452.0
20170427,1,1,0,0,604735.0
20170428,1,1,0,0,604250.0
20170501,1,1,0,0,605580.0
20170502,1,1,0,0,605698.0
20170503,1,1,0,0,605042.0
20170504,1,1,0,0,605405.0
20170505,1,1,0,0,606468.0
20170508,1,1,0,0,606475.0
20170509,1,1,0,0,606802.0
20170510,1,1,0,0,606888.0
20170511,1,1,0,0,606580.0
20170512,1,1,0,0,606832.0
20170515,1,1,0,0,607565.0
20170516,1,1,0,0,607950.0
20170517,1,1,0,0,603065.0
20170518,1,1,0,0,604400.0
20170519,1,1,0,0,605755.0
20170522,1,1,0,0,607292.0
20170523,1,1,0,0,607745.0
20170524,1,1,0,0,608340.0
20170525,1,1,0,0,609930.0
20170526,1,1,1,0,609868.0
20170529,1,1,1,0,609892.0
20170530,1,1,1,0,611362.0
20170531,1,1,1,0,612140.0
20170601,1,1,1,0,614270.0
20170602,1,1,1,0,616052.0
20170605,1,1,1,0,615955.0
20170606,1,1,1,0,614818.0
20170607,1,1,1,0,615430.0
20170608,1,1,1,0,615490.0
20170609,1,1,1,0,612385.0
20170612,1,1,1,0,611868.0
20170613,1,1,1,0,613822.0
20170614,1,1,1,0,613485.0
20170615,1,1,1,0,611622.0
20170616,1,1,1,0,611258.0
20170619,1,1,1,0,615152.0
20170620,1,1,1,0,613858.0
20170621,1,1,1,0,615062.0
20170622,1,1,1,0,614760.0
20170623,1,1,1,0,615102.0
20170626,1,1,1,0,613492.0
20170627,1,1,1,0,610532.0
20170628,1,1,1,0,612872.0
20170629,1,1,1,0,610258.0
20170630,1,1,1,0,610372.0
20170703,1,1,1,0,610142.0
20170705,1,1,1,0,612648.0
20170706,1,1,1,0,610098.0
20170707,1,1,1,0,612218.0
20170710,1,1,1,0,612432.0
20170711,1,1,1,0,611772.0
20170712,1,1,1,0,614482.0
20170713,1,1,1,0,615232.0
20170714,1,1,1,0,616482.0
20170717,1,1,1,0,616442.0
20170718,1,1,1,0,616280.0
20170719,1,1,1,0,617898.0
20170720,1,1,1,0,618255.0
20170721,1,1,1,0,618768.0
20170724,1,1,1,0,619732.0
20170725,1,1,1,0,619512.0
20170726,1,1,1,0,619930.0
20170727,1,1,1,0,618568.0
20170728,1,1,1,0,618755.0
20170731,1,1,1,0,619558.0
20170801,1,1,1,0,619655.0
20170802,1,1,1,0,620228.0
20170803,1,1,1,0,619835.0
20170804,1,1,1,0,620268.0
20170807,1,1,1,0,620992.0
20170808,1,1,1,0,620225.0
20170809,1,1,1,0,619718.0
20170810,1,1,1,0,614268.0
20170811,1,1,1,0,615382.0
20170814,1,1,1,0,618232.0
20170815,1,1,1,0,618525.0
20170816,1,1,1,0,619392.0
20170817,1,1,1,0,614638.0
20170818,1,1,1,0,614880.0
20170821,1,1,1,0,614108.0
20170822,1,1,1,0,617265.0
20170823,1,1,1,0,616202.0
20170824,1,1,1,0,615805.0
20170825,1,1,1,0,616162.0
20170828,1,1,1,0,616250.0
20170829,1,1,1,0,616692.0
20170830,1,1,1,0,618875.0
20170831,1,1,1,0,619692.0
20170901,1,1,1,0,619555.0
20170904,1,1,1,0,619242.0
20170905,1,1,1,0,618830.0
20170906,1,1,1,0,619152.0
20170907,1,1,1,0,619698.0
20170908,1,1,1,0,619360.0
20170911,1,1,1,0,621322.0
20170912,1,1,1,0,621512.0
20170913,1,1,1,0,621058.0
20170914,1,1,1,0,620148.0
20170915,1,1,1,0,621248.0
20170918,1,1,1,0,620132.0
20170919,1,1,1,0,620048.0
20170920,1,1,1,0,619422.0
20170921,1,1,1,0,617065.0
20170922,1,1,1,0,617550.0
20170925,1,1,1,0,615290.0
20170926,1,1,1,0,615655.0
20170927,1,1,1,0,617685.0
20170928,1,1,1,0,617358.0
20170929,1,1,1,0,618550.0
20171002,1,1,0,0,618562.0
20171003,1,1,0,0,619238.0
20171004,1,1,0,0,619532.0
20171005,1,1,0,0,621455.0
20171006,1,1,0,0,621175.0
20171009,1,1,0,0,621118.0
20171010,1,1,1,0,620820.0
20171011,1,1,1,0,621410.0
20171012,1,1,1,0,620080.0
20171013,1,1,1,0,620632.0
20171016,1,1,1,0,621758.0
20171017,1,1,1,0,621705.0
20171018,1,1,1,0,622845.0
20171019,1,1,1,0,622250.0
20171020,1,1,1,0,622770.0
20171023,1,1,1,0,620560.0
20171024,1,1,1,0,621212.0
20171025,1,1,1,0,621005.0
20171026,1,1,1,0,621870.0
20171027,1,1,1,0,626200.0
20171030,1,1,1,0,625848.0
20171031,1,1,1,0,627282.0
20171101,1,1,1,0,627232.0
20171102,1,1,1,0,626812.0
20171103,1,1,1,0,627718.0
20171106,1,1,1,0,626978.0
20171107,1,1,1,0,626748.0
20171108,1,1,1,0,627240.0
20171109,1,1,1,0,626100.0
20171110,1,1,1,0,625640.0
20171113,1,1,1,0,626280.0
20171114,1,1,1,0,626360.0
20171115,1,1,1,0,625385.0
20171116,1,1,1,0,628150.0
20171117,1,1,1,0,626718.0
20171120,1,1,1,0,627560.0
20171121,1,1,1,0,629842.0
20171122,1,1,1,0,630445.0
20171124,1,1,1,0,632760.0
20171127,1,1,1,0,631782.0
20171128,1,1,1,0,632025.0
20171129,1,1,1,0,629170.0
20171130,1,1,1,0,633130.0
20171201,1,1,1,0,632115.0
20171204,1,1,1,0,630968.0
20171205,1,1,1,0,631308.0
20171206,1,1,1,0,631702.0
20171207,1,1,1,0,634405.0
20171208,1,1,1,0,635238.0
20171211,1,1,1,0,636352.0
20171212,1,1,1,0,637755.0
20171213,1,1,1,0,637732.0
20171214,1,1,1,0,637228.0
20171215,1,1,1,0,641038.0
20171218,1,1,1,0,641068.0
20171219,1,1,1,0,640382.0
20171220,1,1,1,0,640572.0
20171221,1,1,1,0,641340.0
20171222,1,1,1,0,640392.0
20171226,1,1,1,0,640008.0
20171227,1,1,1,0,639032.0
20171228,1,1,1,0,637070.0
20171229,1,1,1,0,635442.0
20180102,1,1,1,0,637382.0
20180103,1,1,1,0,640158.0
20180104,1,1,1,0,642455.0
20180105,1,1,1,0,645528.0
20180108,1,1,1,0,645745.0
20180109,1,1,1,0,645120.0
20180110,1,1,1,0,645008.0
20180111,1,1,1,0,645162.0
20180112,1,1,0,0,646520.0
20180115,1,1,0,0,646808.0
20180116,1,1,0,0,645948.0
20180117,1,1,0,0,648240.0
20180118,1,1,0,0,647650.0
20180119,1,1,0,0,649042.0
20180122,1,1,0,0,651960.0
20180123,1,1,0,0,652868.0
20180124,1,1,0,0,652252.0
20180125,1,1,0,0,652270.0
20180126,1,1,0,0,655908.0
20180129,1,1,0,0,654102.0
20180130,1,1,0,0,651632.0
20180131,1,1,0,0,652115.0
20180201,1,1,0,0,650672.0
20180202,1,1,0,0,644530.0
20180205,1,1,0,0,630550.0
20180206,1,1,0,0,639365.0
20180207,1,1,0,0,636105.0
20180208,1,1,0,0,627598.0
20180209,0,1,0,0,630382.0
20180212,0,1,0,0,632662.0
20180213,0,1,0,0,633238.0
20180214,0,1,0,0,635768.0
20180215,0,1,0,0,638348.0
20180216,0,1,0,0,637762.0
20180219,0,1,0,0,637762.0
20180220,0,1,0,0,637838.0
20180221,0,1,0,0,637238.0
20180222,0,1,0,0,637802.0
20180223,0,1,0,0,640222.0
20180226,0,1,0,0,642028.0
20180227,0,1,0,0,640342.0
20180228,0,1,0,0,639328.0
20180301,0,1,0,0,637242.0
20180302,0,1,0,0,638122.0
20180305,0,1,0,0,639578.0
20180306,0,1,0,0,640182.0
20180307,0,1,0,0,640518.0
20180308,0,1,0,0,641528.0
20180309,0,1,0,0,644008.0
20180312,0,1,0,0,644838.0
20180313,0,1,0,0,643188.0
20180314,0,1,0,0,642682.0
20180315,0,1,0,0,642932.0
20180316,0,1,0,0,642402.0
20180319,0,1,0,0,639808.0
20180320,0,1,0,0,639872.0
20180321,0,1,0,0,639202.0
20180322,0,1,0,0,635362.0
20180323,0,1,0,0,632608.0
20180326,0,1,0,0,636992.0
20180327,0,1,0,0,632748.0
20180328,0,1,0,0,631068.0
20180329,0,1,0,0,633402.0
20180402,0,1,0,0,629388.0
20180403,0,1,0,0,630908.0
20180404,0,1,0,0,633172.0
20180405,0,1,0,0,633528.0
20180406,0,1,0,0,630618.0
20180409,0,1,0,0,631462.0
20180410,0,1,0,0,634008.0
20180411,0,1,0,0,633378.0
20180412,0,1,0,0,634938.0
20180413,0,1,0,0,634338.0
20180416,0,1,0,0,635762.0
20180417,0,1,0,0,638098.0
20180418,0,1,0,0,638392.0
20180419,0,1,0,0,637122.0
20180420,0,1,0,0,635048.0
20180423,0,1,0,0,634862.0
20180424,0,1,0,0,632058.0
20180425,0,1,0,0,632638.0
20180426,0,1,0,0,636218.0
20180427,0,1,0,0,634918.0
20180430,0,1,0,0,633782.0
20180501,0,1,0,0,635362.0
20180502,0,1,0,0,634192.0
20180503,0,1,0,0,634812.0
20180504,0,1,0,0,637018.0
20180507,0,1,0,0,638042.0
20180508,0,1,0,0,637932.0
20180509,0,1,0,0,639442.0
20180510,0,1,0,0,640822.0
20180511,0,1,0,0,640722.0
20180514,0,1,0,0,641002.0
20180515,0,1,0,0,639332.0
20180516,0,1,0,0,640268.0
20180517,0,1,0,0,639638.0
20180518,0,1,0,0,639002.0
20180521,0,1,0,0,639838.0
20180522,0,1,0,0,639708.0
20180523,0,1,0,0,640662.0
20180524,0,1,0,0,640668.0
20180525,0,1,0,0,640728.0
20180528,0,1,0,0,640728.0
20180529,0,1,0,0,640412.0
20180530,0,1,0,0,641268.0
20180531,0,1,0,0,641062.0
20180601,0,1,0,0,643182.0
20180604,0,1,0,0,644488.0
20180605,0,1,0,0,645108.0
20180606,0,1,0,0,645822.0
20180607,0,1,0,0,644738.0
20180608,0,1,0,0,644572.0
20180611,0,1,0,0,644962.0
20180612,0,1,0,0,645568.0
20180613,0,1,0,0,645662.0
20180614,0,1,0,0,647268.0
20180615,0,1,0,0,646672.0
20180618,0,1,0,0,646562.0
20180619,0,1,0,0,646088.0
20180620,0,1,0,0,647308.0
20180621,0,1,0,0,645798.0
20180622,0,1,0,0,645498.0
20180625,0,1,0,0,642512.0
20180626,0,1,0,0,643122.0
20180627,0,1,0,0,641008.0
20180628,0,1,0,0,642252.0
20180629,0,1,0,0,642378.0
20180702,0,1,0,0,643372.0
20180703,0,1,0,0,641518.0
20180704,0,1,0,0,641518.0
20180705,0,1,0,0,643558.0
20180706,0,1,0,0,645712.0
20180709,0,1,0,0,647048.0
20180710,0,1,0,0,647072.0
20180711,0,1,0,0,646118.0
20180712,0,1,0,0,648698.0
20180713,0,1,0,0,648902.0
20180716,0,1,0,0,647542.0
20180717,0,1,0,0,649478.0
20180718,0,1,0,0,649132.0
20180719,0,1,0,0,648398.0
20180720,0,1,0,0,648242.0
20180723,0,1,0,0,649652.0
20180724,0,1,0,0,649368.0
20180725,0,1,0,0,650432.0
20180726,0,1,0,0,649658.0
20180727,0,1,0,0,647068.0
20180730,0,1,0,0,645052.0
20180731,0,1,0,0,645938.0
20180801,0,1,0,0,646582.0
20180802,0,1,0,0,648758.0
20180803,0,1,0,0,649082.0
20180806,0,1,0,0,649922.0
20180807,0,1,0,0,650588.0
20180808,0,1,0,0,650472.0
20180809,0,1,0,0,650552.0
20180810,1,1,0,0,649570.0
20180813,1,1,0,0,648808.0
20180814,1,1,0,0,650398.0
20180815,1,1,0,0,647735.0
20180816,1,1,0,0,649210.0
20180817,1,1,0,0,649560.0
20180820,1,1,0,0,649858.0
20180821,1,1,0,0,650230.0
20180822,1,1,0,0,650920.0
20180823,1,1,0,0,650582.0
20180824,1,1,0,0,652945.0
20180827,1,1,0,0,655478.0
20180828,1,1,0,0,655715.0
20180829,1,1,0,0,658305.0
20180830,1,1,0,0,657272.0
20180831,1,1,0,0,657518.0
20180904,1,1,0,0,656880.0
20180905,1,1,0,0,654240.0
20180906,1,1,0,0,652292.0
20180907,1,1,0,0,651700.0
20180910,1,1,0,0,652410.0
20180911,1,1,0,0,653920.0
20180912,1,1,0,0,653332.0
20180913,1,1,0,0,655755.0
20180914,1,1,0,0,655428.0
20180917,1,1,0,0,652482.0
20180918,1,1,0,0,654460.0
20180919,1,1,0,0,654662.0
20180920,1,1,0,0,657532.0
20180921,1,1,0,0,656080.0
20180924,1,1,0,0,656378.0
20180925,1,1,1,0,656600.0
20180926,1,1,1,0,655232.0
20180927,1,1,1,0,657758.0
20180928,1,1,1,0,657188.0
20181001,1,1,1,0,659002.0
20181002,1,1,1,0,659192.0
20181003,1,1,1,0,660222.0
20181004,1,1,1,0,655375.0
20181005,1,1,1,0,652902.0
20181008,1,1,1,0,653245.0
20181009,1,1,1,0,653105.0
20181010,0,1,1,0,640582.0
20181011,0,1,1,0,639942.0
20181012,0,1,1,0,642158.0
20181015,0,1,1,0,641052.0
20181016,0,1,1,0,646568.0
20181017,0,1,1,0,646568.0
20181018,0,1,1,0,641838.0
20181019,0,1,1,0,641732.0
20181022,0,1,1,0,641588.0
20181023,0,1,1,0,642028.0
20181024,0,1,1,0,635488.0
20181025,0,0,1,0,636572.0
20181026,0,0,1,0,636262.0
20181029,0,0,1,0,635992.0
20181030,0,0,1,0,635882.0
20181031,0,0,1,0,636622.0
20181101,0,0,1,0,636382.0
20181102,0,0,1,0,636852.0
20181105,0,0,1,0,639682.0
20181106,0,0,1,0,639562.0
20181107,0,0,1,0,639562.0
20181108,0,0,1,0,639442.0
20181109,0,0,1,0,641202.0
20181112,0,0,1,0,641892.0
20181113,0,0,1,0,645022.0
20181114,0,0,1,0,652382.0
20181115,0,0,1,0,644392.0
20181116,0,0,0,0,643032.0
20181119,0,0,0,0,643032.0
20181120,0,0,0,0,643032.0
20181121,0,0,0,0,643032.0
20181122,0,0,0,0,643032.0
20181123,0,0,0,0,643032.0
20181126,0,0,0,0,643032.0
20181127,0,0,0,0,643032.0
20181128,0,0,0,0,643032.0
20181129,0,0,0,0,643032.0
20181130,0,0,0,0,643032.0
20181203,0,0,0,0,643032.0
20181204,0,0,0,0,643032.0
20181205,0,0,0,0,643032.0
20181206,0,0,0,0,643032.0
20181207,0,0,0,0,643032.0
20181210,0,0,0,0,643032.0
20181211,0,0,0,0,643032.0
20181212,0,0,0,0,643032.0
20181213,0,0,0,0,643032.0
20181214,0,0,0,0,643032.0
20181217,0,0,0,0,643032.0
20181218,0,0,0,0,643032.0
20181219,0,0,0,0,643032.0
20181220,0,0,0,0,643032.0
20181221,0,0,0,0,643032.0
20181224,0,0,0,0,643032.0
20181226,0,0,0,0,643032.0
20181227,0,0,0,0,643032.0
20181228,0,0,0,0,643032.0
20181231,0,0,0,0,643032.0
20190102,0,0,0,0,643032.0
20190103,0,0,0,0,643032.0
20190104,0,0,0,0,643032.0
20190107,0,0,0,0,643032.0
20190108,0,0,0,0,643032.0
20190109,0,0,0,0,643032.0
20190110,0,0,0,0,643032.0
20190111,0,0,0,0,643032.0
20190114,0,0,0,0,643032.0
20190115,0,0,0,0,643032.0
20190116,0,0,0,0,643032.0
20190117,0,0,0,0,643032.0
20190118,0,0,0,0,643032.0
20190121,0,0,0,0,643032.0
20190122,0,0,0,0,643032.0
20190123,0,0,0,0,643032.0
20190124,0,0,0,0,643032.0
20190125,0,0,0,0,643032.0
20190128,0,0,0,0,643032.0
20190129,0,0,0,0,643032.0
20190130,0,0,0,0,643032.0
20190131,0,0,0,0,643032.0
20190201,0,0,0,0,643032.0
20190204,0,0,0,0,643032.0
20190205,0,0,0,0,643032.0
20190206,0,0,0,0,643032.0
20190207,0,0,0,0,643032.0
20190208,0,0,0,0,643032.0
20190211,0,0,0,0,643032.0
20190212,0,0,0,0,643032.0
20190213,0,0,0,0,643032.0
20190214,0,0,0,0,643032.0
20190215,0,0,0,0,643032.0
20190218,0,0,0,0,643032.0
20190219,0,0,0,0,643032.0
20190220,0,0,0,0,643032.0
20190221,0,0,0,0,643032.0
20190222,0,0,0,0,643032.0
20190225,0,0,0,0,643032.0
20190226,0,0,0,0,643032.0
20190227,0,0,0,0,643032.0
20190228,0,0,0,0,643032.0
20190301,0,0,0,0,643032.0
20190304,0,0,0,0,643032.0
20190305,0,0,0,0,643032.0
20190306,0,0,0,0,643032.0
20190307,0,0,0,0,643032.0
20190308,0,0,0,0,643032.0
20190311,0,0,0,0,643032.0
20190312,0,0,0,0,643032.0
20190313,0,0,0,0,643032.0
20190314,0,0,0,0,643032.0
20190315,0,0,0,0,643032.0
20190318,0,0,0,0,643032.0
20190319,0,0,0,0,643032.0
20190320,0,0,0,0,643032.0
20190321,0,0,0,0,643032.0
20190322,0,0,0,0,643032.0
20190325,0,0,0,0,643032.0
20190326,0,0,0,0,643032.0
20190327,0,0,0,0,643032.0
20190328,0,0,0,0,643032.0
20190329,0,0,0,0,643032.0
20190401,0,0,0,0,643032.0
20190402,0,0,0,0,643032.0
20190403,0,0,0,0,643032.0
20190404,0,0,0,0,643032.0
20190405,0,0,0,0,643032.0
20190408,0,0,0,0,643032.0
20190409,0,0,0,0,643032.0
20190410,0,0,0,0,643032.0
20190411,0,0,0,0,643032.0
20190412,0,0,0,0,643032.0
20190415,0,0,0,0,643032.0
20190416,0,0,0,0,643032.0
20190417,0,0,1,0,643582.0
20190418,0,0,1,0,643852.0
20190422,0,0,1,0,643512.0
20190423,0,0,1,0,644202.0
20190424,0,0,1,0,644192.0
20190425,0,0,1,0,643712.0
20190426,0,0,1,0,643392.0
20190429,0,0,1,0,643262.0
20190430,0,0,1,0,643442.0
20190501,0,0,1,0,642992.0
20190502,0,0,1,0,643302.0
20190503,0,0,1,0,643522.0
20190506,0,0,1,0,643952.0
20190507,0,0,1,0,643822.0
20190508,0,0,1,0,643092.0
20190509,0,0,1,0,643242.0
20190510,0,0,1,0,643002.0
20190513,0,0,1,0,642982.0
20190514,0,0,1,0,642602.0
20190515,0,0,1,0,643182.0
20190516,0,0,1,0,642802.0
20190517,0,0,1,0,642882.0
20190520,0,0,1,0,642462.0
20190521,0,0,1,0,643062.0
20190522,0,0,1,0,643762.0
20190523,0,0,1,0,643412.0
20190524,0,0,1,0,643212.0
20190528,0,0,1,0,643482.0
20190529,0,0,1,0,643082.0
20190530,0,0,1,0,643852.0
20190531,0,0,1,0,644782.0
20190603,0,0,1,0,645292.0
20190604,0,0,1,0,645162.0
20190605,0,0,1,0,645542.0
20190606,0,0,1,0,646082.0
20190607,0,0,1,0,645952.0
20190610,0,0,1,0,645752.0
20190611,0,0,1,0,645332.0
20190612,0,0,1,0,645462.0
20190613,0,0,1,0,646072.0
20190614,0,0,1,0,645452.0
20190617,0,0,1,0,645462.0
20190618,0,0,1,0,646042.0
20190619,0,0,1,0,646562.0
20190620,0,0,1,0,647472.0
20190621,0,0,1,0,647462.0
20190624,0,0,1,0,646312.0
20190625,0,0,1,0,646292.0
20190626,0,0,1,0,646472.0
20190627,0,0,1,0,645912.0
20190628,0,0,1,0,646072.0
20190701,0,0,1,0,646482.0
20190702,0,0,1,0,646752.0
20190703,0,0,1,0,646252.0
20190705,0,0,1,0,644972.0
20190708,0,0,1,0,645122.0
20190709,0,0,1,0,644902.0
20190710,0,0,1,0,644712.0
20190711,0,0,1,0,644992.0
20190712,0,0,1,0,644622.0
20190715,0,0,1,0,645072.0
20190716,0,0,1,0,646092.0
20190717,0,0,1,0,646112.0
20190718,0,0,1,0,646282.0
20190719,0,0,1,0,646642.0
20190722,0,0,1,0,646032.0
20190723,0,0,1,0,646152.0
20190724,0,0,1,0,646952.0
20190725,0,0,1,0,646702.0
20190726,0,0,1,0,647472.0
20190729,0,0,1,0,647812.0
20190730,0,0,1,0,647602.0
20190731,0,0,1,0,646642.0
20190801,0,0,1,0,646952.0
20190802,0,0,1,0,647762.0
20190805,0,0,1,0,648272.0
20190806,0,0,1,0,647862.0
20190807,0,0,1,0,648142.0
20190808,0,0,1,0,647692.0
20190809,0,0,1,0,647782.0
20190812,0,0,1,0,647922.0
20190813,0,0,1,0,647502.0
20190814,0,0,1,0,647542.0
20190815,0,0,1,0,646652.0
20190816,0,0,1,0,646972.0
20190819,0,0,1,0,646872.0
20190820,0,0,1,0,646792.0
20190821,0,0,1,0,647272.0
20190822,0,0,1,0,647382.0
20190823,0,0,1,0,647452.0
20190826,0,0,1,0,646682.0
20190827,0,0,1,0,647092.0
20190828,0,0,1,0,646792.0
20190829,0,0,1,0,646052.0
20190830,0,0,1,0,646162.0
20190903,0,0,1,0,645432.0
20190904,0,0,1,0,646492.0
20190905,0,0,1,0,646392.0
20190906,0,0,1,0,647002.0
20190909,0,0,1,0,647892.0
20190910,0,0,1,0,647842.0
20190911,0,0,1,0,647562.0
20190912,0,0,1,0,647782.0
20190913,0,0,1,0,648182.0
20190916,0,0,1,0,648852.0
20190917,0,0,1,0,648722.0
20190918,0,0,1,0,648412.0
20190919,0,0,1,0,647422.0
20190920,0,0,1,0,647382.0
20190923,0,0,1,0,647312.0
20190924,0,0,1,0,647012.0
20190925,0,0,1,0,646942.0
20190926,0,0,1,0,646192.0
20190927,0,0,1,0,645802.0
20190930,0,0,1,0,645062.0
20191001,0,0,1,0,644592.0
20191002,0,0,1,0,644232.0
20191003,0,0,1,0,645052.0
20191004,0,0,1,0,645282.0
20191007,0,0,1,0,644792.0
20191008,0,0,1,0,644642.0
20191009,0,0,1,0,644102.0
20191010,0,0,1,0,643942.0
20191011,0,0,1,0,643902.0
20191014,0,0,1,0,644562.0
20191015,0,0,1,0,645152.0
20191016,0,0,1,0,644792.0
20191017,0,0,1,0,644942.0
20191018,0,0,1,0,644962.0
20191021,0,0,1,0,644142.0
20191022,0,0,1,0,644482.0
20191023,0,0,1,0,644582.0
20191024,0,0,1,0,644922.0
20191025,0,0,1,0,644862.0
20191028,0,0,1,0,645822.0
20191029,0,0,1,0,646662.0
20191030,0,0,1,0,647182.0
20191031,0,0,1,0,646602.0
20191101,0,0,1,0,647412.0
20191104,0,0,1,0,648482.0
20191105,0,0,1,0,648892.0
20191106,0,0,1,0,648552.0
20191107,0,0,1,0,647992.0
20191108,0,0,1,0,648162.0
20191111,0,0,1,0,646642.0
20191112,0,0,1,0,646482.0
20191113,0,0,1,0,646272.0
20191114,0,0,1,0,646742.0
20191115,0,0,1,0,647152.0
20191118,0,0,1,0,645932.0
20191119,0,0,1,0,645372.0
20191120,0,0,1,0,645862.0
20191121,0,0,1,0,645942.0
20191122,0,0,1,0,646822.0
20191125,1,0,1,0,646225.0
20191126,1,0,1,0,646265.0
20191127,1,0,1,0,646445.0
20191129,1,0,0,0,643605.0
20191202,1,0,0,0,642130.0
20191203,1,0,0,0,640968.0
20191204,1,0,0,0,641968.0
20191205,1,0,0,0,642305.0
20191206,1,0,0,0,643718.0
20191209,1,0,0,0,643142.0
20191210,1,0,0,0,643218.0
20191211,1,0,0,0,643568.0
20191212,1,0,0,0,644830.0
20191213,1,0,0,0,645042.0
20191216,1,0,0,0,646205.0
20191217,1,0,0,0,646055.0
20191218,1,0,0,0,646242.0
20191219,1,0,0,0,646868.0
20191220,1,0,0,0,647568.0
20191223,1,0,0,0,647642.0
20191224,1,0,0,0,647568.0
20191226,1,0,0,0,648505.0
20191227,1,0,0,0,648155.0
20191230,1,0,0,0,647455.0
20191231,1,0,0,0,647830.0
20200102,1,0,0,0,649230.0
20200103,1,0,1,0,648045.0
20200106,1,0,1,0,648395.0
20200107,1,0,1,0,647712.0
20200108,1,0,1,0,649172.0
20200109,1,0,1,0,649710.0
20200110,1,0,1,0,648788.0
20200113,1,0,1,0,650238.0
20200114,1,0,1,0,650100.0
20200115,1,0,1,0,651058.0
20200116,1,0,1,0,652625.0
20200117,1,0,1,0,653790.0
20200121,1,0,1,0,654595.0
20200122,1,0,1,0,654508.0
20200123,1,0,1,0,654610.0
20200124,1,0,1,0,653315.0
20200127,1,0,1,0,650535.0
20200128,1,0,1,0,652172.0
20200129,1,0,1,0,652315.0
20200130,1,0,1,0,653538.0
20200131,1,0,1,0,650130.0
20200203,1,0,1,0,651425.0
20200204,1,0,1,0,653595.0
20200205,1,0,1,0,655480.0
20200206,1,0,1,0,655982.0
20200207,1,0,1,0,655035.0
20200210,1,0,1,0,657330.0
20200211,1,0,1,0,657335.0
20200212,1,0,1,0,657925.0
20200213,1,0,1,0,657955.0
20200214,1,0,1,0,658020.0
20200218,1,0,1,0,655992.0
20200219,1,0,1,0,657152.0
20200220,1,0,1,0,656602.0
20200221,1,0,1,0,655252.0
20200224,1,0,1,0,650342.0
20200225,1,0,1,0,645575.0
20200226,1,0,1,0,644602.0
20200227,0,0,1,0,639928.0
20200228,0,0,1,0,640608.0
20200302,0,0,1,0,639888.0
20200303,0,0,1,0,639448.0
20200304,0,0,1,0,639178.0
20200305,0,0,1,0,639728.0
20200306,0,0,1,0,640368.0
20200309,0,0,1,0,639668.0
20200310,0,0,1,0,638088.0
20200311,0,0,1,0,637418.0
20200312,0,0,1,0,637048.0
20200313,0,0,1,0,637328.0
20200316,0,0,1,0,636788.0
20200317,0,0,1,0,635928.0
20200318,0,0,0,0,635178.0
20200319,0,0,1,0,634958.0
20200320,0,0,1,0,635458.0
20200323,0,0,1,0,635478.0
20200324,0,0,1,0,634968.0
20200325,0,0,1,0,635118.0
20200326,0,0,1,0,635368.0
20200327,0,0,1,0,635548.0
20200330,0,0,1,0,635358.0
20200331,0,0,1,0,635858.0
20200401,0,0,1,0,636388.0
20200402,0,0,1,0,636738.0
20200403,0,0,1,0,636048.0
20200406,0,0,1,0,634948.0
20200407,0,0,1,0,633738.0
20200408,0,0,1,0,634428.0
20200409,0,0,1,0,634928.0
20200413,0,0,1,0,635018.0
20200414,0,0,1,0,635758.0
20200415,0,0,1,0,636278.0
20200416,0,0,1,0,635398.0
20200417,0,0,1,0,634728.0
20200420,0,0,1,0,633018.0
20200421,0,0,0,0,632778.0
20200422,0,0,0,0,632778.0
20200423,0,0,0,0,632778.0
20200424,0,0,0,0,632778.0
20200427,0,0,0,0,632778.0
20200428,0,0,0,0,632778.0
20200429,0,0,0,0,632778.0
20200430,0,0,0,0,632778.0
20200501,0,0,0,0,632778.0
20200504,0,0,0,0,632778.0
20200505,0,0,0,0,632778.0
20200506,0,0,0,0,632778.0
20200507,0,0,0,0,632778.0
20200508,0,0,0,0,632778.0
20200511,0,0,0,0,632778.0
20200512,0,0,0,0,632778.0
20200513,0,0,0,0,632778.0
20200514,0,0,0,0,632778.0
20200515,0,0,0,0,632778.0
20200518,0,0,0,0,632778.0
20200519,0,0,0,0,632778.0
20200520,0,0,0,0,632778.0
20200521,0,0,0,0,632778.0
20200522,0,0,0,0,632778.0
20200526,0,0,0,0,632778.0
20200527,0,0,0,0,632778.0
20200528,0,0,0,0,632778.0
20200529,0,0,0,0,632778.0
20200601,0,0,0,0,632778.0
20200602,0,0,0,0,632778.0
20200603,0,0,0,0,632778.0
20200604,0,0,0,0,632778.0
20200605,0,0,0,0,632778.0
20200608,0,0,0,0,632778.0
20200609,0,0,0,0,632778.0
20200610,0,0,0,0,632778.0
20200611,0,0,0,0,632778.0
20200612,0,0,0,0,632778.0
20200615,0,0,0,0,632778.0
20200616,0,0,0,0,632778.0
20200617,0,0,0,0,632778.0
20200618,0,0,0,0,632778.0
20200619,0,0,1,0,632458.0
20200622,0,0,1,0,632508.0
20200623,0,0,1,0,632778.0
20200624,0,0,1,0,633078.0
20200625,0,0,1,0,634228.0
20200626,0,0,1,0,634248.0
20200629,0,0,1,0,632598.0
20200630,0,0,1,0,632178.0
20200701,0,0,1,0,632978.0
20200702,0,0,1,0,632348.0
20200706,0,0,1,0,631388.0
20200707,0,0,1,0,630928.0
20200708,0,0,1,0,631448.0
20200709,0,0,1,0,631898.0
20200710,0,0,1,0,631638.0
20200713,0,0,1,0,632298.0
20200714,0,0,1,0,632228.0
20200715,0,0,1,0,631908.0
20200716,0,0,1,0,632458.0
20200717,0,0,1,0,632508.0
20200720,0,0,1,0,633278.0
20200721,0,0,1,0,632938.0
20200722,0,0,1,0,632878.0
20200723,0,0,1,0,631838.0
20200724,0,0,1,0,631608.0
20200727,0,0,1,0,632418.0
20200728,0,0,1,0,631638.0
20200729,0,0,1,0,630978.0
20200730,0,0,1,0,631988.0
20200731,0,0,1,0,632288.0
20200803,0,0,0,0,629948.0
20200804,0,0,0,0,629948.0
20200805,0,0,0,0,629948.0
20200806,0,0,0,0,629948.0
20200807,0,0,0,0,629948.0
20200810,0,0,0,0,629948.0
20200811,0,0,0,0,629948.0
20200812,0,0,0,0,629948.0
20200813,0,0,0,0,629948.0
20200814,0,0,0,0,629948.0
20200817,0,0,0,0,629948.0
20200818,0,0,0,0,629948.0
20200819,0,0,0,0,629948.0
20200820,0,0,0,0,629948.0
20200821,0,0,0,0,629948.0
20200824,0,0,0,0,629948.0
20200825,0,0,0,0,629948.0
20200826,0,0,0,0,629948.0
20200827,0,0,0,0,629948.0
20200828,0,0,0,0,629948.0
20200831,0,0,0,0,629948.0
20200901,0,0,0,0,629948.0
20200902,0,0,0,0,629948.0
20200903,0,0,0,0,629948.0
20200904,0,0,0,0,629948.0
20200908,0,0,0,0,629948.0
20200909,0,0,0,0,629948.0
20200910,0,0,0,0,629948.0
20200911,0,0,0,0,629948.0
20200914,0,0,0,0,629948.0
20200915,0,0,0,0,629948.0
20200916,0,0,0,0,629948.0
20200917,0,0,0,0,629948.0
20200918,0,0,0,0,629948.0
20200921,0,0,0,0,629948.0
20200922,0,0,0,0,629948.0
20200923,0,0,0,0,629948.0
20200924,0,0,0,0,629948.0
20200925,0,0,0,0,629948.0
20200928,0,0,0,0,629948.0
20200929,0,0,0,0,629948.0
20200930,0,0,0,0,629948.0
20201001,0,0,0,0,629948.0
20201002,0,0,0,0,629948.0
20201005,0,0,0,0,629948.0
20201006,0,0,0,0,629948.0
20201007,0,0,0,0,629948.0
20201008,0,0,0,0,629948.0
20201009,0,0,0,0,629948.0
20201012,0,0,0,0,629948.0
20201013,0,0,0,0,629948.0
20201014,0,0,0,0,629948.0
20201015,0,0,0,0,629948.0
20201016,0,0,0,0,629948.0
20201019,0,0,0,0,629948.0
20201020,0,0,0,0,629948.0
20201021,0,0,0,0,629948.0
20201022,0,0,0,0,629948.0
20201023,0,0,0,0,629948.0
20201026,0,0,0,0,629948.0
20201027,0,0,0,0,629948.0
20201028,0,0,0,0,629948.0
20201029,0,0,0,0,629948.0
20201030,0,0,0,0,629948.0
20201102,0,0,0,0,629948.0
20201103,0,0,0,0,629948.0
20201104,0,0,0,0,629948.0
20201105,0,0,0,0,629948.0
20201106,0,0,0,0,629948.0
20201109,0,0,0,0,629948.0
20201110,0,0,0,0,629948.0
20201111,0,0,0,0,629948.0
20201112,0,0,0,0,629948.0
20201113,0,0,0,0,629948.0
20201116,0,0,0,0,629948.0
20201117,0,0,0,0,629948.0
20201118,0,0,0,0,629948.0
20201119,0,0,0,0,629948.0
20201120,0,0,0,0,629948.0
20201123,0,0,0,0,629948.0
20201124,0,0,0,0,629948.0
20201125,0,0,0,0,629948.0
20201127,0,0,0,0,629948.0
20201130,0,0,0,0,629948.0
20201201,0,0,0,0,629948.0
20201202,0,0,0,0,629948.0
20201203,0,0,0,0,629948.0
20201204,0,0,0,0,629948.0
20201207,0,0,0,0,629948.0
20201208,0,0,0,0,629948.0
20201209,0,0,0,0,629948.0
20201210,0,0,0,0,629948.0
20201211,0,0,0,0,629948.0
20201214,0,0,0,0,629948.0
20201215,0,0,0,0,629948.0
20201216,0,0,0,0,629948.0
20201217,0,0,0,0,629948.0
20201218,0,0,0,0,629948.0
20201221,0,0,0,0,629948.0
20201222,0,0,0,0,629948.0
20201223,0,0,0,0,629948.0
20201224,0,0,0,0,629948.0
20201228,0,0,0,0,629948.0
20201229,0,0,0,0,629948.0
20201230,0,0,0,0,629948.0
20201231,0,0,0,0,629948.0
20210104,0,0,0,0,629948.0
20210105,0,0,0,0,629948.0
20210106,0,0,0,0,629948.0
20210107,0,0,0,0,629948.0
20210108,0,0,0,0,629948.0
20210111,0,0,0,0,629948.0
20210112,0,0,0,0,629948.0
20210113,0,0,0,0,629948.0
20210114,0,0,0,0,629948.0
20210115,0,0,0,0,629948.0
20210119,0,0,0,0,629948.0
20210120,0,0,0,0,629948.0
20210121,0,0,0,0,629948.0
20210122,0,0,0,0,629948.0
20210125,0,0,0,0,629948.0
20210126,0,0,0,0,629948.0
20210127,0,0,0,0,629948.0
20210128,0,0,0,0,629948.0
20210129,0,0,0,0,629948.0
20210201,0,0,0,0,629948.0
20210202,0,0,0,0,629948.0
20210203,0,0,0,0,629948.0
20210204,0,0,0,0,629948.0
20210205,0,0,0,0,629948.0
20210208,0,0,0,0,629948.0
20210209,0,0,0,0,629948.0
20210210,0,0,0,0,629948.0
20210211,0,0,0,0,629948.0
20210212,0,0,0,0,629948.0
20210216,0,0,0,0,629948.0
20210217,0,0,0,0,629948.0
20210218,0,0,0,0,629948.0
20210219,0,0,0,0,629948.0
20210222,0,0,0,0,629948.0
20210223,0,0,0,0,629948.0
20210224,0,0,0,0,629948.0
20210225,0,0,0,0,629948.0
20210226,0,0,0,0,629948.0
20210301,0,0,0,0,629948.0
20210302,0,0,0,0,629948.0
20210303,0,0,0,0,629948.0
20210304,0,0,0,0,629948.0
20210305,0,0,0,0,629948.0
20210308,0,0,0,0,629948.0
20210309,0,0,0,0,629948.0
20210310,0,0,0,0,629948.0
20210311,0,0,0,0,629948.0
20210312,0,0,0,0,629948.0
20210315,0,0,0,0,629948.0
20210316,0,0,0,0,629948.0
20210317,0,0,0,0,629948.0
20210318,0,0,0,0,629948.0
20210319,0,0,0,0,629948.0
20210322,0,0,0,0,629948.0
20210323,0,0,0,0,629948.0
20210324,0,0,0,0,629948.0
20210325,0,0,0,0,629948.0
20210326,0,0,0,0,629948.0
20210329,0,0,0,0,629948.0
20210330,0,0,0,0,629948.0
20210331,0,0,0,0,629948.0
20210401,0,0,0,0,629948.0
20210405,0,0,0,0,629948.0
20210406,0,0,0,0,629948.0
20210407,0,0,1,0,629388.0
20210408,0,0,1,0,629368.0
20210409,0,0,1,0,629328.0
20210412,0,0,1,0,628978.0
20210413,0,0,1,0,628398.0
20210414,0,0,1,0,628408.0
20210415,0,0,1,0,628008.0
20210416,0,0,1,0,627788.0
20210419,0,0,1,0,627888.0
20210420,0,0,1,0,627668.0
20210421,0,0,1,0,627318.0
20210422,0,0,1,0,627888.0
20210423,0,0,1,0,627698.0
20210426,0,0,1,0,628258.0
20210427,0,0,1,0,628938.0
20210428,0,0,1,0,629118.0
20210429,0,0,1,0,628628.0
20210430,0,0,1,0,628828.0
20210503,0,0,1,0,629178.0
20210504,0,0,1,0,629188.0
20210505,0,0,1,0,628898.0
20210506,0,0,1,0,628798.0
20210507,0,0,1,0,629098.0
20210510,0,0,1,0,628838.0
20210511,0,0,1,0,629068.0
20210512,0,0,1,0,629208.0
20210513,0,0,1,0,629248.0
20210514,0,0,1,0,629128.0
20210517,0,0,1,0,630608.0
20210518,0,0,1,0,629638.0
20210519,0,0,1,0,629158.0
20210520,0,0,1,0,628768.0
20210521,0,0,1,0,628578.0
20210524,0,0,1,0,628408.0
20210525,0,0,1,0,628548.0
20210526,0,0,1,0,629078.0
20210527,0,0,1,0,628388.0
20210528,0,0,1,0,628668.0
20210601,0,0,1,0,629848.0
20210602,0,0,1,0,629558.0
20210603,0,0,1,0,629218.0
20210604,0,0,1,0,629778.0
20210607,0,0,1,0,629508.0
20210608,0,0,1,0,630088.0
20210609,0,0,1,0,630098.0
20210610,0,0,1,0,630298.0
20210611,0,0,1,0,631768.0
20210614,0,0,1,0,632328.0
20210615,0,0,1,0,631208.0
20210616,0,0,1,0,631318.0
20210617,0,0,1,0,631338.0
20210618,0,0,1,0,630958.0
20210621,0,0,1,0,630718.0
20210622,0,0,1,0,631388.0
20210623,0,0,1,0,632138.0
20210624,0,0,1,0,632988.0
20210625,0,0,1,0,633818.0
20210628,0,0,1,0,634548.0
20210629,0,0,1,0,634918.0
20210630,0,0,1,0,635118.0
20210701,0,0,1,0,635228.0
20210702,0,0,1,0,635618.0
20210706,0,0,1,0,634988.0
20210707,0,0,1,0,634578.0
20210708,0,0,0,0,634358.0
20210709,0,0,0,0,634358.0
20210712,0,0,0,0,634358.0
20210713,0,0,0,0,634358.0
20210714,0,0,0,0,634358.0
20210715,0,0,0,0,634358.0
20210716,0,0,0,0,634358.0
20210719,0,0,0,0,634358.0
20210720,0,0,0,0,634358.0
20210721,0,0,0,0,634358.0
20210722,0,0,0,0,634358.0
20210723,0,0,0,0,634358.0
20210726,0,0,0,0,634358.0
20210727,0,0,0,0,634358.0
20210728,0,0,0,0,634358.0
20210729,0,0,0,0,634358.0
20210730,0,0,0,0,634358.0
20210802,0,0,0,0,634358.0
20210803,0,0,0,0,634358.0
20210804,0,0,0,0,634358.0
20210805,0,0,0,0,634358.0
20210806,0,0,0,0,634358.0
20210809,0,0,0,0,634358.0
20210810,0,0,0,0,634358.0
20210811,0,0,0,0,634358.0
20210812,0,0,0,0,634358.0
20210813,0,0,0,0,634358.0
20210816,0,0,0,0,634358.0
20210817,0,0,0,0,634358.0
20210818,0,0,0,0,634358.0
20210819,0,0,0,0,634358.0
20210820,0,0,0,0,634358.0
20210823,0,0,0,0,634358.0
20210824,0,0,0,0,634358.0
20210825,0,0,0,0,634358.0
20210826,0,0,0,0,634358.0
20210827,0,0,0,0,634358.0
20210830,0,0,0,0,634358.0
20210831,0,0,0,0,634358.0
20210901,0,0,0,0,634358.0
20210902,0,0,0,0,634358.0
20210903,0,0,0,0,634358.0
20210907,0,0,0,0,634358.0
20210908,0,0,0,0,634358.0
20210909,0,0,0,0,634358.0
20210910,0,0,0,0,634358.0
20210913,0,0,0,0,634358.0
20210914,0,0,0,0,634358.0
20210915,0,0,0,0,634358.0
20210916,0,0,0,0,634358.0
20210917,0,0,0,0,634358.0
20210920,0,0,0,0,634358.0
20210921,0,0,0,0,634358.0
20210922,0,0,0,0,634358.0
20210923,0,0,0,0,634358.0
20210924,0,0,0,0,634358.0
20210927,0,0,0,0,634358.0
20210928,0,0,0,0,634358.0
20210929,0,0,0,0,634358.0
20210930,0,0,0,0,634358.0
20211001,0,0,0,0,634358.0
20211004,0,0,0,0,634358.0
20211005,0,0,0,0,634358.0
20211006,0,0,0,0,634358.0
20211007,0,0,0,0,634358.0
20211008,0,0,0,0,634358.0
20211011,0,0,0,0,634358.0
20211012,0,0,0,0,634358.0
20211013,0,0,0,0,634358.0
20211014,0,0,0,0,634358.0
20211015,0,0,0,0,634358.0
20211018,0,0,0,0,634358.0
20211019,0,0,0,0,634358.0
20211020,0,0,0,0,634358.0
20211021,0,0,0,0,634358.0
20211022,0,0,0,0,634358.0
20211025,0,0,0,0,634358.0
20211026,0,0,0,0,634358.0
20211027,0,0,0,0,634358.0
20211028,0,0,0,0,634358.0
20211029,0,0,0,0,634358.0
20211101,0,0,0,0,634358.0
20211102,0,0,0,0,634358.0
20211103,0,0,0,0,634358.0
20211104,0,0,0,0,634358.0
20211105,0,0,0,0,634358.0
20211108,0,0,0,0,634358.0
20211109,0,0,0,0,634358.0
20211110,0,0,0,0,634358.0
20211111,0,0,0,0,634358.0
20211112,0,0,0,0,634358.0
20211115,0,0,0,0,634358.0
20211116,0,0,0,0,634358.0
20211117,0,0,0,0,634358.0
20211118,0,0,0,0,634358.0
20211119,0,0,0,0,634358.0
20211122,0,0,0,0,634358.0
20211123,0,0,0,0,634358.0
20211124,0,0,0,0,634358.0
20211126,0,0,0,0,634358.0
20211129,0,0,0,0,634358.0
20211130,0,0,0,0,634358.0
20211201,0,0,0,0,634358.0
20211202,0,0,0,0,634358.0
20211203,0,0,0,0,634358.0
20211206,0,0,0,0,634358.0
20211207,0,0,0,0,634358.0
20211208,0,0,0,0,634358.0
20211209,0,0,0,0,634358.0
20211210,0,0,0,0,634358.0
20211213,0,0,0,0,634358.0
20211214,0,0,0,0,634358.0
20211215,0,0,0,0,634358.0
20211216,0,0,0,0,634358.0
20211217,0,0,0,0,634358.0
20211220,0,0,0,0,634358.0
20211221,0,0,0,0,634358.0
20211222,0,0,0,0,634358.0
20211223,0,0,0,0,634358.0
20211227,0,0,0,0,634358.0
20211228,0,0,0,0,634358.0
20211229,0,0,0,0,634358.0
20211230,0,0,0,0,634358.0
20211231,0,0,0,0,634358.0
20220103,0,0,0,0,634358.0
20220104,0,0,0,0,634358.0
20220105,0,0,0,0,634358.0
20220106,0,0,0,0,634358.0
20220107,0,0,0,0,634358.0
20220110,0,0,0,0,634358.0
20220111,0,0,0,0,634358.0
20220112,0,0,0,0,634358.0
20220113,0,0,0,0,634358.0
20220114,0,0,0,0,634358.0
20220118,0,0,0,0,634358.0
20220119,0,0,0,0,634358.0
20220120,0,0,0,0,634358.0
20220121,0,0,0,0,634358.0
20220124,0,0,0,0,634358.0
20220125,0,0,0,0,634358.0
20220126,0,0,0,0,634358.0
20220127,0,0,0,0,634358.0
20220128,0,0,0,0,634358.0
20220131,0,0,0,0,634358.0
20220201,0,0,0,0,634358.0
20220202,0,0,0,0,634358.0
20220203,0,0,0,0,634358.0
20220204,0,0,0,0,634358.0
20220207,0,0,0,0,634358.0
20220208,0,0,0,0,634358.0
20220209,0,0,0,0,634358.0
20220210,0,0,0,0,634358.0
20220211,0,0,0,0,634358.0
20220214,0,0,0,0,634358.0
20220215,0,0,0,0,634358.0
20220216,0,0,0,0,634358.0
20220217,0,0,0,0,634358.0
20220218,0,0,0,0,634358.0
20220222,0,0,0,0,634358.0
20220223,0,0,0,0,634358.0
20220224,0,0,0,0,634358.0
20220225,0,0,0,0,634358.0
20220228,0,0,0,0,634358.0
20220301,0,0,0,0,634358.0
20220302,0,0,0,0,634358.0
20220303,0,0,0,0,634358.0
20220304,0,0,0,0,634358.0
20220307,0,0,0,0,634358.0
20220308,0,0,0,0,634358.0
20220309,0,0,0,0,634358.0
20220310,0,0,0,0,634358.0
20220311,0,0,0,0,634358.0
20220314,0,0,0,0,634358.0
20220315,0,0,0,0,634358.0
20220316,0,0,0,0,634358.0
20220317,0,0,0,0,634358.0
20220318,0,0,0,0,634358.0
20220321,0,0,0,0,634358.0
20220322,0,0,0,0,634358.0
20220323,0,0,0,0,634358.0
20220324,0,0,0,0,634358.0
20220325,0,0,0,0,634358.0
20220328,0,0,0,0,634358.0
20220329,0,0,0,0,634358.0
20220330,0,0,0,0,634358.0
20220331,0,0,0,0,634358.0
20220401,0,0,0,0,634358.0
20220404,0,0,0,0,634358.0
20220405,0,0,0,0,634358.0
20220406,0,0,0,0,634358.0
20220407,0,0,0,0,634358.0
20220408,0,0,0,0,634358.0
20220411,0,0,0,0,634358.0
20220412,0,0,0,0,634358.0
20220413,0,0,0,0,634358.0
20220414,0,0,0,0,634358.0
20220418,0,0,0,0,634358.0
20220419,0,0,0,0,634358.0
20220420,0,0,0,0,634358.0
20220421,0,0,0,0,634358.0
20220422,0,0,0,0,634358.0
20220425,0,0,0,0,634358.0
20220426,0,0,0,0,634358.0
20220427,0,0,0,0,634358.0
20220428,0,0,0,0,634358.0
20220429,0,0,0,0,634358.0
20220502,0,0,0,0,634358.0
20220503,0,0,0,0,634358.0
20220504,0,0,0,0,634358.0
20220505,0,0,0,0,634358.0
20220506,0,0,0,0,634358.0
20220509,0,0,0,0,634358.0
20220510,0,0,0,0,634358.0
20220511,0,0,0,0,634358.0
20220512,0,0,0,0,634358.0
20220513,0,0,0,0,634358.0
20220516,0,0,0,0,634358.0
20220517,0,0,0,0,634358.0
20220518,0,0,0,0,634358.0
20220519,0,0,0,0,634358.0
20220520,0,0,0,0,634358.0
20220523,0,0,0,0,634358.0
20220524,0,0,0,0,634358.0
20220525,0,0,0,0,634358.0
20220526,0,0,0,0,634358.0
20220527,0,0,0,0,634358.0
20220531,0,0,0,0,634358.0
20220601,0,0,0,0,634358.0
20220602,0,0,0,0,634358.0
20220603,0,0,0,0,634358.0
20220606,0,0,0,0,634358.0
20220607,0,0,0,0,634358.0
20220608,0,0,0,0,634358.0
20220609,0,0,0,0,634358.0
20220610,0,0,0,0,634358.0
20220613,0,0,0,0,634358.0
20220614,0,0,0,0,634358.0
20220615,0,0,0,0,634358.0
20220616,0,0,0,0,634358.0
20220617,0,0,0,0,634358.0
20220621,0,0,0,0,634358.0
20220622,0,0,0,0,634358.0
20220623,0,0,0,0,634358.0
20220624,0,0,0,0,634358.0
20220627,0,0,0,0,634358.0
20220628,0,0,0,0,634358.0
20220629,0,0,0,0,634358.0
20220630,0,0,0,0,634358.0
20220701,0,0,0,0,634358.0
20220705,0,0,0,0,634358.0
20220706,0,0,0,0,634358.0
20220707,0,0,0,0,634358.0
20220708,0,0,0,0,634358.0
20220711,0,0,0,0,634358.0
20220712,0,0,0,0,634358.0
20220713,0,0,0,0,634358.0
20220714,0,0,0,0,634358.0
20220715,0,0,0,0,634358.0
20220718,0,0,0,0,634358.0
20220719,0,0,0,0,634358.0
20220720,0,0,0,0,634358.0
20220721,0,0,0,0,634358.0
20220722,0,0,0,0,634358.0
20220725,0,0,0,0,634358.0
20220726,0,0,0,0,634358.0
20220727,0,0,0,0,634358.0
20220728,0,0,0,0,634358.0
20220729,0,0,0,0,634358.0
20220801,0,0,0,0,634358.0
20220802,0,0,0,0,634358.0
20220803,0,0,0,0,634358.0
20220804,0,0,0,0,634358.0
20220805,0,0,0,0,634358.0
20220808,0,0,0,0,634358.0
20220809,0,0,0,0,634358.0
20220810,0,0,0,0,634358.0
20220811,0,0,0,0,634358.0
20220812,0,0,0,0,634358.0
20220815,0,0,0,0,634358.0
20220816,0,0,0,0,634358.0
20220817,0,0,0,0,634358.0
20220818,0,0,0,0,634358.0
20220819,0,0,0,0,634358.0
20220822,0,0,0,0,634358.0
20220823,0,0,0,0,634358.0
20220824,0,0,0,0,634358.0
20220825,0,0,0,0,634358.0
20220826,0,0,0,0,634358.0
20220829,0,0,0,0,634358.0
20220830,0,0,0,0,634358.0
20220831,0,0,0,0,634358.0
20220901,0,0,0,0,634358.0
20220902,0,0,0,0,634358.0
20220906,0,0,0,0,634358.0
20220907,0,0,0,0,634358.0
20220908,0,0,0,0,634358.0
20220909,0,0,0,0,634358.0
20220912,0,0,0,0,634358.0
20220913,0,0,0,0,634358.0
20220914,0,0,0,0,634358.0
20220915,0,0,0,0,634358.0
20220916,0,0,0,0,634358.0
20220919,0,0,0,0,634358.0
20220920,0,0,0,0,634358.0
20220921,0,0,0,0,634358.0
20220922,0,0,0,0,634358.0
20220923,0,0,0,0,634358.0
20220926,0,0,0,0,634358.0
20220927,0,0,0,0,634358.0
20220928,0,0,0,0,634358.0
20220929,0,0,0,0,634358.0
20220930,0,0,0,0,634358.0
20221003,0,0,0,0,634358.0
20221004,0,0,0,0,634358.0
20221005,0,0,0,0,634358.0
20221006,0,0,0,0,634358.0
20221007,0,0,0,0,634358.0
20221010,0,0,0,0,634358.0
20221011,0,0,0,0,634358.0
20221012,0,0,0,0,634358.0
20221013,0,0,0,0,634358.0
20221014,0,0,0,0,634358.0
20221017,0,0,0,0,634358.0
20221018,0,0,0,0,634358.0
20221019,0,0,0,0,634358.0
20221020,0,0,0,0,634358.0
20221021,0,0,0,0,634358.0
20221024,0,0,0,0,634358.0
20221025,0,0,0,0,634358.0
20221026,0,0,0,0,634358.0
20221027,0,0,0,0,634358.0
20221028,0,0,0,0,634358.0
20221031,0,0,0,0,634358.0
20221101,0,0,0,0,634358.0
20221102,0,0,0,0,634358.0
20221103,0,0,0,0,634358.0
20221104,0,0,0,0,634358.0
20221107,0,0,0,0,634358.0
20221108,0,0,0,0,634358.0
20221109,0,0,0,0,634358.0
20221110,0,0,0,0,634358.0
20221111,0,0,0,0,634358.0
20221114,0,0,0,0,634358.0
20221115,0,0,0,0,634358.0
20221116,0,0,0,0,634358.0
20221117,0,0,0,0,634358.0
20221118,0,0,0,0,634358.0
20221121,0,0,0,0,634358.0
20221122,0,0,0,0,634358.0
20221123,0,0,0,0,634358.0
20221125,0,0,0,0,634358.0
20221128,0,0,0,0,634358.0
20221129,0,0,0,0,634358.0
20221130,0,0,0,0,634358.0
20221201,0,0,0,0,634358.0
20221202,0,0,0,0,634358.0
20221205,0,0,0,0,634358.0
20221206,0,0,0,0,634358.0
20221207,0,0,0,0,634358.0
20221208,0,0,0,0,634358.0
20221209,0,0,0,0,634358.0
20221212,0,0,0,0,634358.0
20221213,0,0,0,0,634358.0
20221214,0,0,0,0,634358.0
20221215,0,0,0,0,634358.0
20221216,0,0,0,0,634358.0
20221219,0,0,0,0,634358.0
20221220,0,0,0,0,634358.0
20221221,0,0,0,0,634358.0
20221222,0,0,0,0,634358.0
20221223,0,0,0,0,634358.0
20221227,0,0,0,0,634358.0
20221228,0,0,0,0,634358.0
20221229,0,0,0,0,634358.0
20221230,0,0,0,0,634358.0
20230103,0,0,0,0,634358.0
20230104,0,0,0,0,634358.0
20230105,0,0,0,0,634358.0
20230106,0,0,0,0,634358.0
20230109,0,0,0,0,634358.0
20230110,0,0,0,0,634358.0
20230111,0,0,0,0,634358.0
20230112,0,0,0,0,634358.0
20230113,0,0,0,0,634358.0
20230117,0,0,0,0,634358.0
20230118,0,0,0,0,634358.0
20230119,0,0,0,0,634358.0
20230120,0,0,0,0,634358.0
20230123,0,0,0,0,634358.0
20230124,0,0,0,0,634358.0
20230125,0,0,0,0,634358.0
20230126,0,0,0,0,634358.0
20230127,0,0,0,0,634358.0
20230130,0,0,0,0,634358.0
20230131,0,0,0,0,634358.0
20230201,0,0,0,0,634358.0
20230202,0,0,0,0,634358.0
20230203,0,0,0,0,634358.0
20230206,0,0,0,0,634358.0
20230207,0,0,0,0,634358.0
20230208,0,0,0,0,634358.0
20230209,0,0,0,0,634358.0
20230210,0,0,0,0,634358.0
20230213,0,0,0,0,634358.0
20230214,0,0,0,0,634358.0
20230215,0,0,0,0,634358.0
20230216,0,0,0,0,634358.0
20230217,0,0,0,0,634358.0
20230221,0,0,0,0,634358.0
20230222,0,0,0,0,634358.0
20230223,0,0,0,0,634358.0
20230224,0,0,0,0,634358.0
20230227,0,0,0,0,634358.0
20230228,0,0,0,0,634358.0
20230301,0,0,0,0,634358.0
20230302,0,0,0,0,634358.0
20230303,0,0,0,0,634358.0
20230306,0,0,0,0,634358.0
20230307,0,0,0,0,634358.0
20230308,0,0,0,0,634358.0
20230309,0,0,0,0,634358.0
20230310,0,0,0,0,634358.0
20230313,0,0,0,0,634358.0
20230314,0,0,0,0,634358.0
20230315,0,0,0,0,634358.0
20230316,0,0,0,0,634358.0
20230317,0,0,0,0,634358.0
20230320,0,0,0,0,634358.0
20230321,0,0,0,0,634358.0
20230322,0,0,0,0,634358.0
20230323,0,0,0,0,634358.0
20230324,0,0,0,0,634358.0
20230327,0,0,0,0,634358.0
20230328,0,0,0,0,634358.0
20230329,0,0,0,0,634358.0
20230330,0,0,0,0,634358.0
20230331,0,0,0,0,634358.0
20230403,0,0,0,0,634358.0
20230404,0,0,0,0,634358.0
20230405,0,0,0,0,634358.0
20230406,0,0,0,0,634358.0
20230407,0,0,0,0,634358.0
20230410,0,0,0,0,634358.0
20230411,0,0,0,0,634358.0
20230412,0,0,0,0,634358.0
20230413,0,0,0,0,634358.0
20230414,0,0,0,0,634358.0
20230417,0,0,0,0,634358.0
20230418,0,0,0,0,634358.0
20230419,0,0,0,0,634358.0
20230420,0,0,0,0,634358.0
20230421,0,0,0,0,634358.0
20230424,0,0,0,0,634358.0
20230425,0,0,0,0,634358.0
20230426,0,0,0,0,634358.0
20230427,0,0,0,0,634358.0
20230428,0,0,0,0,634358.0
20230501,0,0,0,0,634358.0
20230502,0,0,0,0,634358.0
20230503,0,0,0,0,634358.0
20230504,0,0,0,0,634358.0
20230505,0,0,0,0,634358.0
20230508,0,0,0,0,634358.0
20230509,0,0,0,0,634358.0
20230510,0,0,0,0,634358.0
20230511,0,0,0,0,634358.0
20230512,0,0,0,0,634358.0
20230515,0,0,0,0,634358.0
20230516,0,0,0,0,634358.0
20230517,0,0,0,0,634358.0
20230518,0,0,0,0,634358.0
20230519,0,0,0,0,634358.0
20230522,0,0,0,0,634358.0
20230523,0,0,0,0,634358.0
20230524,0,0,0,0,634358.0
20230525,0,0,0,0,634358.0
20230526,0,0,0,0,634358.0
20230530,0,0,0,0,634358.0
20230531,0,0,0,0,634358.0
20230601,0,0,0,0,634358.0
20230602,0,0,0,0,634358.0
20230605,0,0,0,0,634358.0
20230606,0,0,0,0,634358.0
20230607,0,0,0,0,634358.0
20230608,0,0,0,0,634358.0
20230609,0,0,0,0,634358.0
20230612,0,0,0,0,634358.0
20230613,0,0,0,0,634358.0
20230614,0,0,0,0,634358.0
20230615,0,0,0,0,634358.0
20230616,0,0,0,0,634358.0
20230620,0,0,0,0,634358.0
20230621,0,0,0,0,634358.0
20230622,0,0,0,0,634358.0
20230623,0,0,0,0,634358.0
20230626,0,0,0,0,634358.0
20230627,0,0,0,0,634358.0
20230628,0,0,0,0,634358.0
20230629,0,0,0,0,634358.0
20230630,0,0,0,0,634358.0
20230703,0,0,0,0,634358.0
20230705,0,0,0,0,634358.0
20230706,0,0,0,0,634358.0
20230707,0,0,0,0,634358.0
20230710,0,0,0,0,634358.0
20230711,0,0,0,0,634358.0
20230712,0,0,0,0,634358.0
20230713,0,0,0,0,634358.0
20230714,0,0,0,0,634358.0
20230717,0,0,0,0,634358.0
20230718,0,0,0,0,634358.0
20230719,0,0,0,0,634358.0
20230720,0,0,0,0,634358.0
20230721,0,0,0,0,634358.0
20230724,0,0,0,0,634358.0
20230725,0,0,0,0,634358.0
20230726,0,0,0,0,634358.0
20230727,0,0,0,0,634358.0
20230728,0,0,0,0,634358.0
20230731,0,0,0,0,634358.0
20230801,0,0,0,0,634358.0
20230802,0,0,0,0,634358.0
20230803,0,0,0,0,634358.0
20230804,0,0,0,0,634358.0
20230807,0,0,0,0,634358.0
20230808,0,0,0,0,634358.0
20230809,0,0,0,0,634358.0
20230810,0,0,0,0,634358.0
20230811,0,0,0,0,634358.0
20230814,0,0,0,0,634358.0
20230815,0,0,0,0,634358.0
20230816,0,0,0,0,634358.0
20230817,0,0,0,0,634358.0
20230818,0,0,0,0,634358.0
20230821,0,0,0,0,634358.0
20230822,0,0,0,0,634358.0
20230823,0,0,0,0,634358.0
20230824,0,0,0,0,634358.0
20230825,0,0,0,0,634358.0
20230828,0,0,0,0,634358.0
20230829,0,0,0,0,634358.0
20230830,0,0,0,0,634358.0
20230831,0,0,0,0,634358.0
20230901,0,0,0,0,634358.0
20230905,0,0,0,0,634358.0
20230906,0,0,0,0,634358.0
20230907,0,0,0,0,634358.0
20230908,0,0,0,0,634358.0
20230911,0,0,0,0,634358.0
20230912,0,0,0,0,634358.0
20230913,0,0,0,0,634358.0
20230914,0,0,0,0,634358.0
20230915,0,0,0,0,634358.0
20230918,0,0,0,0,634358.0
20230919,0,0,0,0,634358.0
20230920,0,0,0,0,634358.0
20230921,0,0,0,0,634358.0
20230922,0,0,0,0,634358.0
20230925,0,0,0,0,634358.0
20230926,0,0,0,0,634358.0
20230927,0,0,0,0,634358.0
20230928,0,0,0,0,634358.0
20230929,0,0,0,0,634358.0
20231002,0,0,0,0,634358.0
20231003,0,0,0,0,634358.0
20231004,0,0,0,0,634358.0
20231005,0,0,0,0,634358.0
20231006,0,0,0,0,634358.0
20231009,0,0,0,0,634358.0
20231010,0,0,0,0,634358.0
20231011,0,0,0,0,634358.0
20231012,0,0,0,0,634358.0
20231013,0,0,0,0,634358.0
20231016,0,0,0,0,634358.0
20231017,0,0,0,0,634358.0
20231018,0,0,0,0,634358.0
20231019,0,0,0,0,634358.0
20231020,0,0,0,0,634358.0
20231023,0,0,0,0,634358.0
20231024,0,0,0,0,634358.0
20231025,0,0,0,0,634358.0
20231026,0,0,0,0,634358.0
20231027,0,0,0,0,634358.0
20231030,0,0,0,0,634358.0
20231031,0,0,0,0,634358.0
20231101,0,0,0,0,634358.0
20231102,0,0,0,0,634358.0
20231103,0,0,0,0,634358.0
20231106,0,0,0,0,634358.0
20231107,0,0,0,0,634358.0
20231108,0,0,0,0,634358.0
20231109,0,0,0,0,634358.0
20231110,0,0,0,0,634358.0
20231113,0,0,0,0,634358.0
20231114,0,0,0,0,634358.0
20231115,0,0,0,0,634358.0
20231116,0,0,0,0,634358.0
20231117,0,0,0,0,634358.0
20231120,0,0,0,0,634358.0
20231121,0,0,0,0,634358.0
20231122,0,0,0,0,634358.0
20231124,0,0,0,0,634358.0
20231127,0,0,0,0,634358.0
20231128,0,0,0,0,634358.0
20231129,0,0,0,0,634358.0
20231130,0,0,0,0,634358.0
20231201,0,0,0,0,634358.0
20231204,0,0,0,0,634358.0
20231205,0,0,0,0,634358.0
20231206,0,0,0,0,634358.0
20231207,0,0,0,0,634358.0
20231208,0,0,0,0,634358.0
20231211,0,0,0,0,634358.0
20231212,0,0,0,0,634358.0
20231213,0,0,0,0,634358.0
20231214,0,0,0,0,634358.0
20231215,0,0,0,0,634358.0
20231218,0,0,0,0,634358.0
20231219,0,0,0,0,634358.0
20231220,0,0,0,0,634358.0
20231221,0,0,0,0,634358.0
20231222,0,0,0,0,634358.0
20231226,0,0,0,0,634358.0
20231227,0,0,0,0,634358.0
20231228,0,0,0,0,634358.0
20231229,0,0,0,0,634358.0
20240102,0,0,0,0,634358.0
20240103,0,0,0,0,634358.0
20240104,0,0,0,0,634358.0
20240105,0,0,0,0,634358.0
20240108,0,0,0,0,634358.0
20240109,0,0,0,0,634358.0
20240110,0,0,0,0,634358.0
20240111,0,0,0,0,634358.0
20240112,0,0,0,0,634358.0
20240116,0,0,0,0,634358.0
20240117,0,0,0,0,634358.0
20240118,0,0,0,0,634358.0
20240119,0,0,0,0,634358.0
20240122,0,0,0,0,634358.0
20240123,0,0,0,0,634358.0
20240124,0,0,0,0,634358.0
20240125,0,0,0,0,634358.0
20240126,0,0,0,0,634358.0
20240129,0,0,0,0,634358.0
20240130,0,0,0,0,634358.0
20240131,0,0,0,0,634358.0
20240201,0,0,0,0,634358.0
20240202,0,0,0,0,634358.0
20240205,0,0,0,0,634358.0
20240206,0,0,0,0,634358.0
20240207,0,0,0,0,634358.0
20240208,0,0,0,0,634358.0
20240209,0,0,0,0,634358.0
20240212,0,0,0,0,634358.0
20240213,0,0,0,0,634358.0
20240214,0,0,0,0,634358.0
20240215,0,0,0,0,634358.0
20240216,0,0,0,0,634358.0
20240220,0,0,0,0,634358.0
20240221,0,0,0,0,634358.0
20240222,0,0,0,0,634358.0
20240223,0,0,0,0,634358.0
20240226,0,0,0,0,634358.0
20240227,0,0,0,0,634358.0
20240228,0,0,0,0,634358.0
20240229,0,0,0,0,634358.0
20240301,0,0,0,0,634358.0
20240304,0,0,0,0,634358.0
20240305,0,0,0,0,634358.0
20240306,0,0,0,0,634358.0
20240307,0,0,0,0,634358.0
20240308,0,0,0,0,634358.0
20240311,0,0,0,0,634358.0
20240312,0,0,0,0,634358.0
20240313,0,0,0,0,634358.0
20240314,0,0,0,0,634358.0
20240315,0,0,0,0,634358.0
20240318,0,0,0,0,634358.0
20240319,0,0,0,0,634358.0
20240320,0,0,0,0,634358.0
20240321,0,0,0,0,634358.0
20240322,0,0,0,0,634358.0
20240325,0,0,0,0,634358.0
20240326,0,0,0,0,634358.0
20240327,0,0,0,0,634358.0
20240328,0,0,0,0,634358.0
20240401,0,0,0,0,634358.0
20240402,0,0,0,0,634358.0
20240403,0,0,0,0,634358.0
20240404,0,0,0,0,634358.0
20240405,0,0,0,0,634358.0
20240408,0,0,0,0,634358.0
20240409,0,0,0,0,634358.0
20240410,0,0,0,0,634358.0
20240411,0,0,0,0,634358.0
20240412,0,0,0,0,634358.0
20240415,0,0,0,0,634358.0
20240416,0,0,0,0,634358.0
