Date,TY,FV,US,
20100104,0,0,1,499906.0
20100105,0,0,1,498969.0
20100106,0,0,1,499688.0
20100107,0,0,1,499719.0
20100108,0,0,1,499531.0
20100111,0,0,1,499812.0
20100112,0,0,1,498188.0
20100113,0,0,1,499062.0
20100114,0,0,1,498219.0
20100115,0,0,1,497625.0
20100119,0,0,1,497844.0
20100120,0,0,1,497031.0
20100121,0,0,0,496231.0
20100122,0,0,0,496231.0
20100125,0,0,0,496231.0
20100126,0,0,0,496231.0
20100127,0,0,0,496231.0
20100128,0,0,0,496231.0
20100129,0,0,0,496231.0
20100201,0,0,0,496231.0
20100202,0,0,0,496231.0
20100203,0,0,0,496231.0
20100204,0,0,0,496231.0
20100205,0,0,0,496231.0
20100208,0,0,0,496231.0
20100209,0,0,0,496231.0
20100210,0,0,0,496231.0
20100211,0,0,0,496231.0
20100212,0,0,0,496231.0
20100216,0,0,0,496231.0
20100217,0,0,0,496231.0
20100218,0,0,0,496231.0
20100219,0,0,0,496231.0
20100222,0,0,0,496231.0
20100223,0,0,0,496231.0
20100224,0,0,0,496231.0
20100225,0,0,0,496231.0
20100226,0,0,0,496231.0
20100301,0,0,0,496231.0
20100302,0,0,0,496231.0
20100303,0,0,0,496231.0
20100304,0,0,0,496231.0
20100305,0,0,0,496231.0
20100308,0,0,0,496231.0
20100309,0,0,0,496231.0
20100310,0,0,0,496231.0
20100311,0,0,0,496231.0
20100312,0,0,0,496231.0
20100315,0,0,0,496231.0
20100316,0,0,0,496231.0
20100317,0,0,0,496231.0
20100318,0,0,0,496231.0
20100319,0,0,0,496231.0
20100322,0,0,0,496231.0
20100323,0,0,0,496231.0
20100324,0,0,0,496231.0
20100325,0,0,0,496231.0
20100326,0,0,0,496231.0
20100329,0,0,0,496231.0
20100330,0,0,0,496231.0
20100331,0,0,0,496231.0
20100401,0,0,0,496231.0
20100402,0,0,0,496231.0
20100405,0,0,0,496231.0
20100406,0,0,0,496231.0
20100407,0,0,0,496231.0
20100408,0,0,0,496231.0
20100409,0,0,0,496231.0
20100412,0,0,0,496231.0
20100413,0,0,0,496231.0
20100414,0,0,0,496231.0
20100415,0,0,0,496231.0
20100416,0,0,0,496231.0
20100419,0,0,0,496231.0
20100420,0,0,0,496231.0
20100421,0,0,0,496231.0
20100422,0,0,0,496231.0
20100423,0,0,0,496231.0
20100426,0,0,0,496231.0
20100427,0,0,0,496231.0
20100428,0,0,0,496231.0
20100429,0,0,0,496231.0
20100430,0,0,0,496231.0
20100503,0,0,1,496012.0
20100504,0,0,1,497294.0
20100505,1,0,1,498309.0
20100506,1,1,1,502895.0
20100507,1,1,1,501317.0
20100510,1,1,1,499106.0
20100511,1,1,1,499153.0
20100512,1,1,1,498380.0
20100513,1,1,1,498692.0
20100514,1,1,1,501731.0
20100517,1,1,1,500809.0
20100518,1,1,1,503083.0
20100519,1,1,1,503098.0
20100520,1,1,1,505450.0
20100521,1,1,1,506762.0
20100524,1,1,1,505997.0
20100525,1,1,1,507520.0
20100526,1,1,1,505848.0
20100527,1,1,1,503036.0
20100528,1,1,1,504059.0
20100601,1,1,1,504216.0
20100602,1,1,1,503192.0
20100603,1,1,1,502380.0
20100604,1,1,1,507200.0
20100607,1,1,1,507247.0
20100608,1,1,1,507794.0
20100609,1,1,1,507364.0
20100610,1,1,1,503942.0
20100611,1,1,1,506880.0
20100614,1,1,1,505317.0
20100615,1,1,1,504302.0
20100616,1,1,1,504981.0
20100617,1,1,1,507294.0
20100618,1,1,1,506387.0
20100621,1,1,1,505895.0
20100622,1,1,1,507958.0
20100623,1,1,1,509247.0
20100624,1,1,1,508958.0
20100625,1,1,1,509552.0
20100628,1,1,1,511497.0
20100629,1,1,1,512942.0
20100630,1,1,1,513255.0
20100701,1,1,1,513809.0
20100702,1,1,1,512661.0
20100706,1,1,1,514192.0
20100707,1,1,1,513161.0
20100708,1,1,1,512247.0
20100709,1,1,1,511364.0
20100712,1,1,1,511669.0
20100713,1,1,1,510036.0
20100714,1,1,1,512145.0
20100715,1,1,1,514130.0
20100716,1,1,1,515231.0
20100719,1,1,1,514497.0
20100720,1,1,1,515247.0
20100721,1,1,1,516536.0
20100722,1,1,1,515356.0
20100723,1,1,1,513661.0
20100726,1,1,1,513809.0
20100727,1,1,1,512239.0
20100728,1,1,1,513692.0
20100729,1,1,1,514200.0
20100730,1,1,1,517216.0
20100802,1,1,1,515520.0
20100803,1,1,1,517317.0
20100804,1,1,1,516177.0
20100805,1,1,1,517114.0
20100806,1,1,1,519270.0
20100809,1,1,1,518887.0
20100810,1,1,1,519950.0
20100811,1,1,1,522403.0
20100812,1,1,1,521778.0
20100813,1,1,1,522856.0
20100816,1,1,1,525739.0
20100817,1,1,1,523989.0
20100818,1,1,1,524309.0
20100819,1,1,1,525887.0
20100820,1,1,1,524817.0
20100823,1,1,1,525216.0
20100824,1,1,1,528005.0
20100825,1,1,1,526677.0
20100826,1,1,1,527919.0
20100827,1,1,1,524020.0
20100830,1,1,1,527216.0
20100831,1,1,1,528770.0
20100901,1,1,1,525731.0
20100902,1,1,1,524794.0
20100903,1,1,1,522911.0
20100907,1,1,1,525630.0
20100908,1,1,1,524223.0
20100909,1,1,1,521161.0
20100910,1,1,1,520450.0
20100913,1,1,1,521934.0
20100914,1,1,1,523739.0
20100915,1,1,1,522520.0
20100916,1,1,1,521348.0
20100917,1,1,1,521942.0
20100920,1,1,1,522809.0
20100921,1,1,1,525770.0
20100922,1,1,1,526575.0
20100923,1,1,1,526598.0
20100924,1,1,1,525130.0
20100927,1,1,1,527809.0
20100928,1,1,1,529442.0
20100929,1,1,1,528427.0
20100930,1,1,1,528427.0
20101001,1,1,1,528153.0
20101004,1,1,1,529262.0
20101005,1,1,1,529309.0
20101006,1,1,1,531059.0
20101007,1,1,1,530856.0
20101008,1,1,1,531075.0
20101011,1,1,1,531247.0
20101012,1,1,1,530075.0
20101013,1,1,1,530067.0
20101014,1,1,1,528231.0
20101015,1,1,1,526387.0
20101018,1,1,1,528489.0
20101019,1,1,1,529020.0
20101020,1,1,1,529278.0
20101021,1,1,1,527903.0
20101022,1,1,1,527489.0
20101025,1,1,1,527778.0
20101026,1,1,1,525302.0
20101027,1,1,0,524236.0
20101028,1,1,0,525345.0
20101029,1,1,0,526041.0
20101101,1,1,0,526158.0
20101102,1,1,0,526424.0
20101103,1,1,0,526627.0
20101104,1,1,0,528181.0
20101105,1,1,0,527541.0
20101108,1,1,0,527314.0
20101109,1,1,0,525869.0
20101110,1,1,0,526588.0
20101111,1,1,0,525689.0
20101112,1,1,0,524877.0
20101115,0,0,0,523701.0
20101116,0,0,0,523701.0
20101117,0,0,0,523701.0
20101118,0,0,0,523701.0
20101119,0,0,0,523701.0
20101122,0,0,0,523701.0
20101123,0,0,0,523701.0
20101124,0,0,0,523701.0
20101126,0,0,1,523107.0
20101129,0,0,1,523951.0
20101130,0,0,1,521888.0
20101201,0,0,1,524326.0
20101202,0,0,1,524638.0
20101203,0,0,1,525044.0
20101206,0,0,1,523919.0
20101207,0,0,1,526669.0
20101208,1,0,1,528169.0
20101209,1,1,1,528005.0
20101210,1,1,1,529318.0
20101213,1,1,1,528193.0
20101214,1,1,1,532654.0
20101215,1,1,1,533794.0
20101216,1,1,1,532873.0
20101217,1,1,1,529482.0
20101220,1,1,1,530263.0
20101221,1,1,1,529685.0
20101222,1,1,1,530490.0
20101223,1,1,1,531482.0
20101227,1,1,1,530240.0
20101228,1,1,1,533498.0
20101229,1,1,1,529521.0
20101230,1,1,1,530310.0
20101231,1,1,1,528419.0
20110103,1,1,1,529373.0
20110104,1,1,1,529388.0
20110105,1,1,1,532982.0
20110106,1,1,1,531458.0
20110107,1,1,1,529068.0
20110110,1,1,1,528521.0
20110111,1,1,1,529232.0
20110112,1,1,1,529404.0
20110113,1,1,1,527849.0
20110114,1,1,1,528763.0
20110118,1,1,1,529568.0
20110119,1,1,1,528685.0
20110120,1,1,1,531748.0
20110121,1,1,1,530607.0
20110124,1,1,1,530287.0
20110125,1,1,1,527818.0
20110126,1,1,1,530419.0
20110127,1,1,1,529021.0
20110128,1,1,1,527552.0
20110131,1,1,1,528865.0
20110201,1,1,1,530396.0
20110202,1,1,1,531591.0
20110203,1,1,1,532771.0
20110204,1,1,1,535396.0
20110207,1,1,1,535115.0
20110208,1,1,1,537060.0
20110209,1,1,1,535115.0
20110210,1,1,1,536771.0
20110211,1,1,1,535326.0
20110214,1,1,1,534607.0
20110215,1,1,1,534490.0
20110216,1,1,1,534630.0
20110217,1,1,1,533341.0
20110218,1,1,1,533458.0
20110222,1,1,1,530099.0
20110223,1,1,1,530591.0
20110224,1,1,1,529521.0
20110225,1,1,1,529138.0
20110228,1,1,1,528654.0
20110301,1,1,0,528213.0
20110302,1,1,0,528814.0
20110303,1,1,0,530416.0
20110304,1,1,0,528947.0
20110307,1,1,0,529017.0
20110308,1,1,0,529432.0
20110309,1,0,0,528363.0
20110310,0,0,0,527813.0
20110311,0,0,0,527813.0
20110314,0,0,0,527813.0
20110315,0,0,0,527813.0
20110316,0,0,0,527813.0
20110317,0,0,0,527813.0
20110318,0,0,0,527813.0
20110321,0,0,0,527813.0
20110322,0,0,0,527813.0
20110323,0,0,0,527813.0
20110324,0,0,0,527813.0
20110325,0,0,0,527813.0
20110328,0,0,0,527813.0
20110329,0,0,0,527813.0
20110330,0,0,0,527813.0
20110331,0,0,0,527813.0
20110401,0,0,0,527813.0
20110404,0,0,0,527813.0
20110405,0,0,0,527813.0
20110406,0,0,0,527813.0
20110407,0,0,0,527813.0
20110408,0,0,0,527813.0
20110411,0,0,0,527813.0
20110412,0,0,0,527813.0
20110413,0,0,0,527813.0
20110414,0,0,0,527813.0
20110415,0,0,0,527813.0
20110418,0,0,0,527813.0
20110419,0,0,0,527813.0
20110420,0,0,0,527813.0
20110421,0,0,0,527813.0
20110425,0,0,0,527813.0
20110426,0,0,0,527813.0
20110427,0,0,0,527813.0
20110428,0,0,0,527813.0
20110429,0,1,0,527970.0
20110502,1,1,0,528102.0
20110503,1,1,0,528407.0
20110504,1,1,1,529032.0
20110505,1,1,1,530438.0
20110506,1,1,1,530852.0
20110509,1,1,1,531313.0
20110510,1,1,1,530110.0
20110511,1,1,1,531196.0
20110512,1,1,1,530220.0
20110513,1,1,1,531352.0
20110516,1,1,1,532345.0
20110517,1,1,1,533110.0
20110518,1,1,1,531720.0
20110519,1,1,1,531821.0
20110520,1,1,1,532360.0
20110523,1,1,1,532852.0
20110524,1,1,1,533149.0
20110525,1,1,1,533118.0
20110526,1,1,1,535032.0
20110527,1,1,1,535087.0
20110531,1,1,1,535610.0
20110601,1,1,1,537813.0
20110602,1,1,1,536181.0
20110603,1,1,1,537149.0
20110606,1,1,1,537009.0
20110607,1,1,1,536868.0
20110608,1,1,1,538462.0
20110609,1,1,1,537220.0
20110610,1,1,1,538063.0
20110613,1,1,1,537516.0
20110614,1,1,1,534665.0
20110615,1,1,1,538087.0
20110616,1,1,1,539626.0
20110617,1,1,1,538821.0
20110620,1,1,1,538595.0
20110621,1,1,1,537977.0
20110622,1,1,1,538001.0
20110623,1,1,1,540235.0
20110624,1,1,1,541102.0
20110627,1,1,1,539407.0
20110628,1,1,1,536282.0
20110629,1,1,1,534923.0
20110630,1,1,1,533571.0
20110701,1,1,1,532665.0
20110705,1,1,1,534352.0
20110706,1,1,1,535384.0
20110707,1,1,1,534024.0
20110708,1,1,1,537845.0
20110711,1,1,1,540352.0
20110712,1,1,1,540735.0
20110713,1,1,1,541274.0
20110714,1,1,1,539821.0
20110715,1,1,1,540720.0
20110718,1,1,1,540509.0
20110719,1,1,1,541368.0
20110720,1,1,1,540165.0
20110721,1,1,1,538446.0
20110722,1,1,1,539704.0
20110725,1,1,1,538641.0
20110726,1,1,1,540087.0
20110727,1,1,1,539399.0
20110728,1,1,1,540266.0
20110729,1,1,1,544274.0
20110801,1,1,1,545837.0
20110802,1,1,1,548837.0
20110803,1,1,1,549329.0
20110804,1,1,1,553001.0
20110805,1,1,1,550204.0
20110808,1,1,1,555462.0
20110809,1,1,1,559399.0
20110810,1,1,1,560657.0
20110811,1,1,1,556563.0
20110812,1,1,1,559157.0
20110815,1,1,1,557915.0
20110816,1,1,1,559563.0
20110817,1,1,1,560798.0
20110818,1,1,1,562938.0
20110819,1,1,1,563548.0
20110822,1,1,1,563181.0
20110823,1,1,1,561751.0
20110824,1,1,1,558548.0
20110825,1,1,1,559938.0
20110826,1,1,1,560977.0
20110829,1,1,1,558852.0
20110830,1,1,1,561579.0
20110831,1,1,1,559774.0
20110901,1,1,1,561899.0
20110902,1,1,1,565774.0
20110906,1,1,1,566149.0
20110907,1,1,1,564399.0
20110908,1,1,1,565571.0
20110909,1,1,1,567610.0
20110912,1,1,1,567102.0
20110913,1,1,1,565391.0
20110914,1,1,1,565259.0
20110915,1,1,1,563384.0
20110916,1,1,1,563821.0
20110919,1,1,1,567571.0
20110920,1,1,1,567095.0
20110921,1,1,1,569032.0
20110922,1,1,1,573282.0
20110923,1,1,1,570790.0
20110926,1,1,1,568056.0
20110927,1,1,1,564884.0
20110928,1,1,1,565227.0
20110929,1,1,1,566751.0
20110930,1,1,1,567368.0
20111003,1,1,1,571360.0
20111004,1,1,1,571329.0
20111005,1,1,1,568360.0
20111006,1,1,1,566423.0
20111007,1,1,1,564321.0
20111010,1,1,1,559876.0
20111011,1,1,1,561931.0
20111012,1,1,1,560212.0
20111013,1,1,1,562024.0
20111014,1,1,1,560610.0
20111017,1,1,1,562759.0
20111018,1,1,1,562837.0
20111019,1,1,1,562727.0
20111020,1,1,1,562063.0
20111021,1,1,1,561548.0
20111024,1,1,1,560681.0
20111025,1,1,1,563860.0
20111026,1,1,1,561735.0
20111027,0,0,0,557087.0
20111028,0,0,0,557087.0
20111031,0,0,0,557087.0
20111101,0,0,0,557087.0
20111102,0,0,0,557087.0
20111103,0,0,0,557087.0
20111104,0,0,0,557087.0
20111107,0,0,0,557087.0
20111108,0,0,0,557087.0
20111109,0,0,0,557087.0
20111110,0,0,0,557087.0
20111111,0,0,0,557087.0
20111114,0,0,0,557087.0
20111115,0,0,0,557087.0
20111116,0,0,0,557087.0
20111117,0,0,0,557087.0
20111118,0,0,0,557087.0
20111121,0,0,0,557087.0
20111122,0,0,0,557087.0
20111123,0,0,0,557087.0
20111125,0,0,0,557087.0
20111128,0,0,0,557087.0
20111129,0,0,0,557087.0
20111130,0,0,0,557087.0
20111201,0,0,0,557087.0
20111202,0,0,0,557087.0
20111205,0,0,0,557087.0
20111206,0,0,0,557087.0
20111207,0,0,0,557087.0
20111208,0,0,0,557087.0
20111209,0,0,0,557087.0
20111212,0,0,0,557087.0
20111213,0,0,0,557087.0
20111214,0,0,0,557087.0
20111215,0,0,0,557087.0
20111216,0,0,0,557087.0
20111219,0,0,0,557087.0
20111220,1,0,1,554415.0
20111221,1,0,1,553368.0
20111222,1,0,1,553618.0
20111223,1,0,1,551524.0
20111227,1,0,1,552087.0
20111228,1,0,1,554930.0
20111229,1,0,1,555040.0
20111230,1,0,1,555633.0
20120103,1,0,1,553337.0
20120104,1,0,1,552493.0
20120105,1,0,1,552477.0
20120106,1,0,0,552084.0
20120109,1,0,0,552193.0
20120110,1,0,0,552052.0
20120111,1,0,0,552537.0
20120112,1,0,0,552302.0
20120113,1,0,0,552880.0
20120117,1,0,0,552927.0
20120118,1,0,0,552599.0
20120119,1,0,0,552037.0
20120120,1,0,0,551599.0
20120123,1,0,0,551318.0
20120124,1,0,0,551427.0
20120125,1,0,0,552099.0
20120126,1,0,0,552771.0
20120127,1,0,0,553052.0
20120130,1,0,0,553365.0
20120131,1,0,0,553584.0
20120201,1,0,0,553318.0
20120202,1,0,0,553505.0
20120203,1,0,0,552662.0
20120206,1,0,0,553005.0
20120207,1,0,0,552490.0
20120208,1,0,0,552427.0
20120209,1,0,0,552115.0
20120210,1,0,0,552724.0
20120213,1,0,0,552459.0
20120214,1,0,0,552865.0
20120215,1,0,0,552912.0
20120216,1,0,0,552318.0
20120217,1,0,0,552255.0
20120221,1,0,0,551974.0
20120222,1,0,0,552380.0
20120223,1,0,0,552537.0
20120224,1,0,0,552521.0
20120227,1,0,0,552959.0
20120228,1,0,0,553005.0
20120229,1,0,0,552568.0
20120301,1,0,0,552146.0
20120302,1,0,0,552709.0
20120305,1,0,0,552490.0
20120306,1,0,0,553037.0
20120307,1,0,0,552834.0
20120308,1,0,0,552521.0
20120309,1,0,0,552334.0
20120312,1,0,0,552365.0
20120313,0,0,0,552032.0
20120314,0,0,0,552032.0
20120315,1,1,1,552220.0
20120316,1,1,1,552649.0
20120319,1,1,1,554712.0
20120320,1,1,1,554564.0
20120321,1,1,1,552462.0
20120322,1,1,1,551884.0
20120323,1,1,1,550681.0
20120326,1,1,1,550759.0
20120327,1,1,1,549274.0
20120328,1,1,1,549321.0
20120329,1,1,1,548220.0
20120330,1,1,1,549892.0
20120402,1,1,1,549306.0
20120403,1,1,1,551712.0
20120404,1,1,1,550501.0
20120405,1,1,1,548642.0
20120406,0,0,1,545910.0
20120409,0,0,0,545359.0
20120410,0,0,0,545359.0
20120411,0,0,0,545359.0
20120412,0,0,0,545359.0
20120413,0,0,0,545359.0
20120416,0,0,0,545359.0
20120417,0,0,0,545359.0
20120418,0,0,0,545359.0
20120419,0,0,0,545359.0
20120420,0,0,0,545359.0
20120423,0,0,0,545359.0
20120424,0,0,0,545359.0
20120425,0,0,0,545359.0
20120426,0,0,0,545359.0
20120427,0,0,0,545359.0
20120430,0,0,0,545359.0
20120501,0,0,0,545359.0
20120502,0,0,0,545359.0
20120503,0,0,0,545359.0
20120504,0,0,0,545359.0
20120507,0,0,0,545359.0
20120508,0,0,0,545359.0
20120509,0,0,0,545359.0
20120510,0,0,0,545359.0
20120511,0,0,0,545359.0
20120514,0,0,0,545359.0
20120515,1,0,1,545109.0
20120516,1,0,1,545562.0
20120517,1,0,1,547468.0
20120518,1,0,1,547452.0
20120521,1,0,1,546859.0
20120522,1,0,1,545421.0
20120523,1,0,1,547406.0
20120524,1,0,1,546374.0
20120525,1,0,1,546812.0
20120529,1,0,1,546968.0
20120530,1,0,1,549656.0
20120531,1,0,1,550515.0
20120601,1,0,1,553687.0
20120604,1,0,1,552296.0
20120605,1,0,1,551452.0
20120606,1,0,1,548906.0
20120607,1,0,1,548749.0
20120608,1,0,1,548999.0
20120611,1,0,1,549952.0
20120612,1,0,1,548296.0
20120613,1,0,1,549827.0
20120614,1,0,1,549562.0
20120615,1,0,1,550296.0
20120618,1,0,1,550281.0
20120619,1,0,1,549343.0
20120620,1,0,1,548656.0
20120621,1,0,1,549437.0
20120622,1,0,1,547952.0
20120625,1,0,1,549702.0
20120626,1,0,1,549202.0
20120627,1,0,1,549468.0
20120628,1,0,1,550624.0
20120629,1,0,1,548202.0
20120702,1,0,1,550468.0
20120703,1,0,1,549031.0
20120705,1,0,1,549718.0
20120706,1,0,1,551093.0
20120709,1,0,1,551999.0
20120710,1,0,1,552484.0
20120711,1,0,1,552609.0
20120712,1,0,1,553140.0
20120713,1,0,1,552593.0
20120716,1,0,1,553452.0
20120717,1,0,1,552343.0
20120718,1,0,1,552890.0
20120719,1,0,1,551921.0
20120720,1,0,1,553546.0
20120723,1,0,1,554077.0
20120724,1,0,1,554999.0
20120725,1,0,1,554906.0
20120726,1,0,1,554390.0
20120727,1,0,1,551015.0
20120730,1,0,1,552421.0
20120731,1,0,1,552546.0
20120801,1,0,1,551296.0
20120802,1,0,1,552984.0
20120803,1,0,1,550296.0
20120806,1,0,1,550874.0
20120807,1,0,1,549093.0
20120808,1,0,1,548718.0
20120809,0,0,0,547727.0
20120810,0,0,0,547727.0
20120813,0,0,0,547727.0
20120814,0,0,0,547727.0
20120815,0,0,0,547727.0
20120816,0,0,0,547727.0
20120817,0,0,0,547727.0
20120820,0,0,0,547727.0
20120821,0,0,0,547727.0
20120822,0,0,0,547727.0
20120823,0,0,0,547727.0
20120824,0,0,0,547727.0
20120827,0,0,0,547727.0
20120828,0,0,0,547727.0
20120829,0,0,0,547727.0
20120830,0,0,0,547727.0
20120831,0,0,0,547727.0
20120903,0,1,0,547703.0
20120904,0,1,0,547539.0
20120905,0,1,0,547555.0
20120906,0,1,0,547243.0
20120907,0,1,0,547438.0
20120910,0,1,0,547352.0
20120911,0,1,0,547336.0
20120912,0,1,0,547196.0
20120913,0,0,0,546922.0
20120914,0,0,0,546922.0
20120917,0,0,1,546141.0
20120918,0,0,1,545704.0
20120919,0,0,1,545266.0
20120920,0,0,1,544985.0
20120921,0,0,1,544829.0
20120924,0,0,1,544110.0
20120925,0,0,1,543329.0
20120926,0,0,0,541872.0
20120927,0,0,0,541872.0
20120928,0,0,0,541872.0
20121001,0,0,0,541872.0
20121002,0,0,0,541872.0
20121003,0,0,0,541872.0
20121004,0,0,0,541872.0
20121005,0,0,0,541872.0
20121008,0,0,0,541872.0
20121009,0,0,0,541872.0
20121010,0,0,0,541872.0
20121011,0,0,0,541872.0
20121012,0,0,0,541872.0
20121015,0,0,0,541872.0
20121016,0,0,0,541872.0
20121017,0,0,0,541872.0
20121018,0,0,0,541872.0
20121019,0,0,0,541872.0
20121022,0,0,0,541872.0
20121023,0,0,0,541872.0
20121024,0,0,0,541872.0
20121025,0,0,0,541872.0
20121026,0,0,0,541872.0
20121029,0,0,0,541872.0
20121030,0,0,0,541872.0
20121031,0,0,0,541872.0
20121101,0,0,0,541872.0
20121102,0,0,0,541872.0
20121105,0,0,0,541872.0
20121106,0,0,0,541872.0
20121107,0,0,0,541872.0
20121108,0,0,0,541872.0
20121109,0,0,0,541872.0
20121112,0,0,0,541872.0
20121113,0,0,0,541872.0
20121114,0,0,0,541872.0
20121115,0,0,0,541872.0
20121116,0,0,0,541872.0
20121119,0,0,0,541872.0
20121120,0,0,0,541872.0
20121121,0,0,0,541872.0
20121123,0,0,0,541872.0
20121126,0,0,0,541872.0
20121127,0,0,0,541872.0
20121128,0,0,0,541872.0
20121129,0,0,0,541872.0
20121130,0,0,0,541872.0
20121203,0,0,0,541872.0
20121204,0,0,0,541872.0
20121205,0,0,0,541872.0
20121206,0,0,0,541872.0
20121207,0,0,0,541872.0
20121210,0,0,0,541872.0
20121211,0,0,0,541872.0
20121212,0,0,0,541872.0
20121213,0,0,0,541872.0
20121214,0,0,0,541872.0
20121217,0,0,0,541872.0
20121218,0,0,0,541872.0
20121219,0,0,0,541872.0
20121220,0,0,0,541872.0
20121221,0,0,0,541872.0
20121224,0,0,0,541872.0
20121226,0,0,0,541872.0
20121227,0,0,0,541872.0
20121228,0,0,0,541872.0
20121231,0,0,0,541872.0
20130102,0,0,0,541872.0
20130103,0,0,0,541872.0
20130104,0,0,0,541872.0
20130107,0,0,0,541872.0
20130108,0,0,0,541872.0
20130109,0,0,0,541872.0
20130110,0,0,0,541872.0
20130111,0,0,0,541872.0
20130114,0,0,0,541872.0
20130115,0,0,0,541872.0
20130116,0,0,0,541872.0
20130117,0,0,0,541872.0
20130118,0,0,0,541872.0
20130122,0,0,0,541872.0
20130123,0,0,0,541872.0
20130124,0,0,0,541872.0
20130125,0,0,0,541872.0
20130128,0,0,0,541872.0
20130129,0,1,1,542216.0
20130130,0,1,1,542551.0
20130131,0,1,1,542106.0
20130201,0,1,1,542700.0
20130204,0,1,1,541919.0
20130205,0,1,1,542786.0
20130206,0,1,1,541825.0
20130207,0,1,1,541520.0
20130208,0,1,1,541622.0
20130211,0,1,1,541489.0
20130212,0,1,1,542247.0
20130213,0,1,1,543028.0
20130214,0,1,1,541973.0
20130215,0,1,1,542020.0
20130219,0,1,1,542497.0
20130220,0,1,1,542387.0
20130221,0,1,1,541497.0
20130222,0,1,1,541278.0
20130225,0,0,1,539804.0
20130226,0,0,1,539429.0
20130227,0,0,1,539897.0
20130228,0,0,1,539772.0
20130301,0,0,1,539210.0
20130304,0,0,1,539616.0
20130305,0,0,1,539897.0
20130306,0,0,1,540710.0
20130307,0,0,1,541585.0
20130308,0,0,1,542554.0
20130311,0,0,1,542616.0
20130312,0,0,1,541991.0
20130313,0,0,1,541991.0
20130314,0,0,1,542241.0
20130315,0,0,1,541679.0
20130318,0,0,1,540835.0
20130319,0,0,1,539960.0
20130320,0,0,1,540429.0
20130321,0,0,1,540241.0
20130322,0,0,1,539929.0
20130325,0,0,1,540054.0
20130326,0,0,1,539866.0
20130327,0,0,0,539503.0
20130328,0,0,0,539503.0
20130329,0,0,0,539503.0
20130401,0,0,0,539503.0
20130402,0,0,0,539503.0
20130403,0,0,0,539503.0
20130404,1,1,0,540034.0
20130405,1,1,0,540401.0
20130408,1,1,1,539519.0
20130409,1,1,1,539167.0
20130410,1,1,1,537542.0
20130411,1,1,1,537987.0
20130412,1,1,1,539909.0
20130415,1,1,1,540386.0
20130416,1,1,1,539941.0
20130417,1,1,1,540386.0
20130418,1,1,1,540925.0
20130419,1,1,1,540433.0
20130422,1,1,1,540620.0
20130423,1,1,1,540519.0
20130424,1,1,1,540698.0
20130425,1,1,1,540386.0
20130426,1,1,1,541839.0
20130429,1,1,1,541605.0
20130430,1,1,1,541284.0
20130501,1,1,1,542394.0
20130502,1,1,1,542511.0
20130503,1,1,1,539245.0
20130506,1,1,1,538409.0
20130507,1,1,1,538089.0
20130508,1,1,1,538753.0
20130509,1,1,1,538441.0
20130510,1,0,1,535866.0
20130513,1,0,0,535114.0
20130514,0,0,0,534735.0
20130515,0,0,0,534735.0
20130516,0,0,0,534735.0
20130517,0,0,0,534735.0
20130520,0,0,0,534735.0
20130521,0,0,0,534735.0
20130522,0,0,0,534735.0
20130523,0,0,0,534735.0
20130524,0,0,0,534735.0
20130528,0,0,0,534735.0
20130529,0,0,0,534735.0
20130530,0,1,0,534759.0
20130531,0,1,0,534938.0
20130603,0,1,0,534837.0
20130604,0,1,0,534915.0
20130605,0,1,0,534821.0
20130606,0,1,0,534743.0
20130607,0,1,0,535141.0
20130610,0,1,0,535329.0
20130611,0,1,0,535259.0
20130612,0,1,0,535399.0
20130613,0,1,0,535165.0
20130614,0,1,0,534751.0
20130617,0,1,0,534852.0
20130618,0,1,0,534868.0
20130619,0,1,0,535727.0
20130620,1,1,0,536626.0
20130621,1,1,1,539110.0
20130624,1,1,1,539805.0
20130625,1,1,1,540813.0
20130626,1,1,1,539298.0
20130627,1,1,1,537860.0
20130628,1,1,1,537665.0
20130701,1,1,1,537829.0
20130702,1,1,1,537462.0
20130703,1,1,1,538290.0
20130705,1,1,1,543774.0
20130708,1,1,1,541844.0
20130709,1,1,1,541555.0
20130710,1,1,1,542477.0
20130711,1,1,1,539501.0
20130712,1,1,1,540196.0
20130715,1,1,1,538930.0
20130716,1,1,1,538344.0
20130717,1,1,1,537282.0
20130718,1,1,1,538298.0
20130719,1,1,1,536946.0
20130722,1,1,1,536962.0
20130723,1,1,1,537594.0
20130724,1,1,1,539352.0
20130725,1,1,1,539618.0
20130726,1,1,1,538212.0
20130729,1,1,1,539009.0
20130730,1,1,1,539438.0
20130731,1,1,1,539251.0
20130801,1,1,1,542868.0
20130802,1,1,1,539274.0
20130805,1,1,1,540204.0
20130806,1,1,1,540212.0
20130807,1,1,1,539094.0
20130808,1,1,1,538493.0
20130809,1,1,1,538337.0
20130812,1,1,1,538907.0
20130813,1,1,1,541790.0
20130814,1,1,1,541673.0
20130815,1,1,1,542743.0
20130816,1,1,1,544501.0
20130819,1,1,1,545712.0
20130820,1,1,1,543891.0
20130821,1,1,1,545180.0
20130822,1,1,1,546243.0
20130823,1,1,1,544196.0
20130826,1,1,1,543712.0
20130827,1,1,1,541477.0
20130828,1,1,1,542899.0
20130829,1,1,1,541876.0
20130830,1,1,1,541759.0
20130903,1,1,1,544446.0
20130904,1,1,1,545696.0
20130905,1,1,1,548071.0
20130906,1,1,1,546829.0
20130909,1,1,1,545485.0
20130910,1,1,1,546977.0
20130911,1,1,1,545657.0
20130912,1,1,1,545344.0
20130913,1,1,1,545063.0
20130916,1,1,1,544251.0
20130917,1,1,1,543469.0
20130918,0,0,1,539945.0
20130919,0,0,1,540664.0
20130920,0,0,1,540195.0
20130923,0,0,1,539977.0
20130924,0,0,0,538832.0
20130925,0,0,0,538832.0
20130926,0,0,0,538832.0
20130927,0,0,0,538832.0
20130930,0,0,0,538832.0
20131001,0,0,0,538832.0
20131002,0,0,0,538832.0
20131003,0,0,0,538832.0
20131004,0,0,0,538832.0
20131007,0,0,0,538832.0
20131008,0,0,0,538832.0
20131009,0,0,0,538832.0
20131010,0,0,0,538832.0
20131011,0,0,0,538832.0
20131014,0,0,0,538832.0
20131015,0,0,0,538832.0
20131016,0,0,0,538832.0
20131017,0,0,0,538832.0
20131018,0,0,0,538832.0
20131021,0,0,0,538832.0
20131022,0,0,0,538832.0
20131023,1,1,0,539058.0
20131024,1,1,1,538496.0
20131025,1,1,1,539113.0
20131028,1,1,1,538957.0
20131029,1,1,1,539215.0
20131030,1,1,1,538644.0
20131031,1,1,1,538340.0
20131101,1,1,1,536449.0
20131104,1,1,1,536980.0
20131105,1,1,1,535441.0
20131106,1,1,1,536160.0
20131107,1,1,1,537090.0
20131108,1,1,0,534119.0
20131111,1,1,0,533986.0
20131112,1,1,0,533736.0
20131113,1,1,0,534463.0
20131114,1,1,0,535244.0
20131115,1,1,0,535127.0
20131118,1,1,0,535533.0
20131119,1,1,0,535041.0
20131120,1,1,0,534666.0
20131121,1,1,0,534690.0
20131122,1,1,0,534947.0
20131125,1,1,0,535088.0
20131126,1,1,0,535682.0
20131127,1,1,0,535268.0
20131129,1,1,0,535104.0
20131202,1,1,0,534315.0
20131203,1,1,0,534705.0
20131204,1,1,0,533947.0
20131205,0,1,0,533482.0
20131206,0,1,0,533341.0
20131209,0,1,0,533380.0
20131210,0,1,0,533623.0
20131211,0,1,0,533435.0
20131212,0,1,0,533216.0
20131213,0,1,0,533209.0
20131216,0,1,0,533224.0
20131217,0,1,0,533412.0
20131218,0,0,0,533099.0
20131219,0,0,0,533099.0
20131220,0,0,0,533099.0
20131223,0,0,0,533099.0
20131224,0,0,0,533099.0
20131226,0,0,0,533099.0
20131227,0,0,0,533099.0
20131230,0,0,0,533099.0
20131231,0,0,0,533099.0
20140102,0,0,0,533099.0
20140103,0,0,0,533099.0
20140106,0,0,0,533099.0
20140107,0,0,0,533099.0
20140108,0,0,0,533099.0
20140109,0,0,0,533099.0
20140110,0,0,0,533099.0
20140113,0,0,0,533099.0
20140114,0,0,0,533099.0
20140115,0,0,0,533099.0
20140116,0,0,0,533099.0
20140117,0,0,0,533099.0
20140121,0,0,0,533099.0
20140122,0,0,0,533099.0
20140123,0,0,0,533099.0
20140124,0,0,0,533099.0
20140127,0,0,0,533099.0
20140128,0,0,0,533099.0
20140129,0,0,0,533099.0
20140130,0,0,0,533099.0
20140131,0,0,0,533099.0
20140203,0,0,0,533099.0
20140204,0,0,1,532349.0
20140205,0,0,1,531599.0
20140206,0,0,1,531224.0
20140207,0,0,1,531505.0
20140210,0,0,1,531474.0
20140211,0,0,1,531037.0
20140212,0,0,1,530443.0
20140213,0,0,1,531193.0
20140214,0,0,1,531099.0
20140218,0,0,1,531505.0
20140219,0,0,1,531162.0
20140220,0,0,1,530912.0
20140221,0,0,1,531287.0
20140224,0,0,1,531037.0
20140225,0,0,1,531818.0
20140226,0,0,1,532287.0
20140227,0,0,1,532818.0
20140228,0,0,1,532755.0
20140303,0,0,1,533349.0
20140304,0,0,1,532099.0
20140305,0,0,1,532068.0
20140306,0,0,1,531443.0
20140307,0,0,1,530849.0
20140310,0,0,1,530880.0
20140311,0,0,1,531162.0
20140312,0,0,1,531849.0
20140313,0,0,1,533005.0
20140314,0,0,1,533162.0
20140317,0,0,1,532474.0
20140318,0,0,1,532662.0
20140319,0,0,1,531662.0
20140320,0,0,1,531755.0
20140321,0,0,1,532349.0
20140324,0,0,1,532787.0
20140325,0,0,1,532755.0
20140326,0,0,1,533287.0
20140327,0,0,1,533912.0
20140328,0,0,1,533224.0
20140331,0,0,1,532912.0
20140401,0,0,1,532318.0
20140402,0,0,1,531662.0
20140403,0,0,1,531912.0
20140404,0,0,1,532662.0
20140407,0,0,1,533130.0
20140408,0,0,1,533349.0
20140409,0,0,1,533130.0
20140410,0,0,1,534130.0
20140411,0,0,1,534474.0
20140414,0,0,1,534193.0
20140415,0,0,1,534505.0
20140416,0,0,1,534568.0
20140417,0,0,1,533599.0
20140421,0,0,1,533412.0
20140422,0,0,1,533630.0
20140423,0,0,1,534162.0
20140424,0,0,1,534224.0
20140425,0,0,1,534630.0
20140428,0,0,1,534412.0
20140429,0,0,1,534068.0
20140430,0,0,1,534630.0
20140501,0,0,1,535380.0
20140502,0,0,1,535880.0
20140505,0,0,1,535412.0
20140506,0,0,1,535755.0
20140507,0,0,1,535693.0
20140508,0,0,1,535880.0
20140509,0,0,1,535443.0
20140512,0,0,1,535037.0
20140513,0,0,1,535568.0
20140514,0,0,1,536724.0
20140515,1,0,1,537630.0
20140516,1,1,1,537271.0
20140519,1,1,1,536810.0
20140520,1,1,1,537529.0
20140521,1,1,1,536693.0
20140522,1,1,1,536185.0
20140523,1,1,1,536935.0
20140527,1,1,1,537482.0
20140528,1,1,1,539630.0
20140529,1,1,1,539240.0
20140530,1,1,1,538857.0
20140602,1,1,1,536771.0
20140603,1,1,1,535083.0
20140604,1,1,1,534763.0
20140605,1,1,1,535310.0
20140606,1,1,1,534982.0
20140609,1,1,1,534513.0
20140610,1,0,1,533868.0
20140611,1,0,1,533930.0
20140612,1,0,1,535368.0
20140613,1,0,1,534993.0
20140616,1,0,1,535196.0
20140617,1,0,1,533837.0
20140618,1,0,1,534821.0
20140619,1,0,1,534508.0
20140620,1,0,1,534524.0
20140623,1,0,1,534555.0
20140624,1,0,1,535508.0
20140625,1,0,1,536212.0
20140626,1,0,1,537149.0
20140627,1,0,1,536915.0
20140630,1,0,1,537274.0
20140701,1,0,1,536133.0
20140702,1,0,1,534555.0
20140703,0,0,0,533206.0
20140707,0,0,0,533206.0
20140708,0,0,0,533206.0
20140709,0,0,0,533206.0
20140710,0,0,0,533206.0
20140711,0,0,0,533206.0
20140714,0,0,0,533206.0
20140715,0,0,0,533206.0
20140716,0,0,0,533206.0
20140717,0,0,0,533206.0
20140718,0,0,0,533206.0
20140721,0,0,0,533206.0
20140722,0,0,0,533206.0
20140723,0,0,0,533206.0
20140724,0,0,0,533206.0
20140725,0,0,0,533206.0
20140728,0,0,0,533206.0
20140729,0,0,0,533206.0
20140730,0,0,1,531768.0
20140731,0,0,1,531674.0
20140801,0,0,1,532206.0
20140804,0,0,1,532362.0
20140805,0,0,1,532643.0
20140806,0,0,1,532768.0
20140807,0,0,1,533518.0
20140808,0,0,1,533674.0
20140811,0,0,1,533674.0
20140812,0,0,1,533237.0
20140813,0,0,1,533737.0
20140814,0,0,1,534331.0
20140815,1,0,1,535690.0
20140818,1,1,1,534440.0
20140819,1,1,1,533862.0
20140820,1,1,1,533213.0
20140821,1,1,1,533713.0
20140822,1,1,1,533799.0
20140825,1,1,1,534096.0
20140826,1,1,1,534081.0
20140827,1,1,1,535026.0
20140828,1,1,1,535909.0
20140829,1,1,1,535690.0
20140902,1,1,1,533432.0
20140903,1,0,1,533498.0
20140904,1,0,1,532498.0
20140905,1,0,1,532326.0
20140908,1,0,1,532248.0
20140909,1,0,1,531701.0
20140910,0,0,1,531040.0
20140911,0,0,1,531134.0
20140912,0,0,0,530084.0
20140915,0,0,0,530084.0
20140916,0,0,0,530084.0
20140917,0,0,0,530084.0
20140918,0,0,0,530084.0
20140919,0,0,0,530084.0
20140922,0,0,0,530084.0
20140923,0,0,0,530084.0
20140924,0,0,0,530084.0
20140925,0,0,0,530084.0
20140926,0,0,0,530084.0
20140929,0,0,0,530084.0
20140930,0,0,0,530084.0
20141001,0,0,0,530084.0
20141002,0,0,0,530084.0
20141003,0,0,0,530084.0
20141006,0,0,0,530084.0
20141007,0,0,0,530084.0
20141008,1,1,1,530670.0
20141009,1,1,1,530904.0
20141010,1,1,1,531545.0
20141013,1,1,1,533334.0
20141014,1,1,1,534389.0
20141015,1,1,1,537912.0
20141016,1,1,1,536139.0
20141017,1,1,1,535014.0
20141020,1,1,1,535514.0
20141021,1,1,1,534912.0
20141022,1,1,1,534240.0
20141023,1,1,1,532912.0
20141024,1,1,1,532951.0
20141027,1,1,1,533397.0
20141028,1,1,1,532678.0
20141029,1,1,1,531537.0
20141030,1,1,1,532045.0
20141031,1,1,1,531147.0
20141103,1,1,1,530912.0
20141104,1,1,1,531115.0
20141105,1,1,1,530975.0
20141106,1,1,1,530193.0
20141107,1,1,1,532147.0
20141110,1,1,1,530826.0
20141111,1,1,1,530342.0
20141112,1,1,1,531076.0
20141113,1,1,1,531467.0
20141114,1,1,1,532209.0
20141117,1,1,1,531576.0
20141118,1,1,1,532162.0
20141119,1,1,1,531326.0
20141120,1,1,1,531951.0
20141121,1,1,1,532600.0
20141124,1,1,1,532818.0
20141125,1,1,1,534232.0
20141126,1,1,1,535076.0
20141128,1,1,1,536217.0
20141201,1,1,1,535475.0
20141202,1,1,1,533561.0
20141203,1,1,1,533600.0
20141204,1,1,1,534514.0
20141205,1,1,1,533068.0
20141208,1,0,1,534181.0
20141209,1,0,1,535150.0
20141210,1,0,1,536431.0
20141211,1,0,1,536369.0
20141212,1,0,1,538135.0
20141215,1,0,1,537744.0
20141216,1,0,1,538822.0
20141217,1,0,1,537072.0
20141218,1,0,1,535635.0
20141219,1,0,1,536353.0
20141222,1,0,1,536697.0
20141223,1,0,1,534275.0
20141224,1,0,1,534510.0
20141226,1,0,1,534791.0
20141229,1,0,1,535791.0
20141230,1,0,1,536260.0
20141231,1,0,1,536760.0
20150102,1,0,1,538056.0
20150105,1,0,1,540135.0
20150106,1,0,1,541916.0
20150107,1,0,1,542056.0
20150108,1,0,1,540416.0
20150109,1,0,1,541510.0
20150112,1,0,1,542900.0
20150113,1,1,1,543486.0
20150114,1,1,1,545017.0
20150115,1,1,1,546674.0
20150116,1,1,1,545299.0
20150120,1,1,1,545564.0
20150121,1,1,1,544189.0
20150122,1,1,1,543095.0
20150123,1,1,1,545252.0
20150126,1,1,1,544681.0
20150127,1,1,1,544869.0
20150128,1,1,1,547799.0
20150129,1,1,1,546588.0
20150130,1,1,1,548611.0
20150202,1,1,1,548228.0
20150203,1,1,1,545353.0
20150204,1,1,1,545400.0
20150205,1,1,1,544666.0
20150206,1,1,1,541455.0
20150209,1,1,1,541181.0
20150210,1,1,1,540088.0
20150211,1,1,1,540119.0
20150212,1,1,1,540220.0
20150213,1,1,1,539049.0
20150217,0,0,0,536097.0
20150218,0,0,0,536097.0
20150219,0,0,0,536097.0
20150220,0,0,0,536097.0
20150223,0,0,0,536097.0
20150224,0,0,0,536097.0
20150225,0,0,0,536097.0
20150226,0,0,0,536097.0
20150227,0,0,0,536097.0
20150302,0,0,0,536097.0
20150303,0,0,0,536097.0
20150304,0,0,0,536097.0
20150305,0,0,0,536097.0
20150306,0,0,0,536097.0
20150309,0,0,0,536097.0
20150310,0,0,0,536097.0
20150311,0,0,0,536097.0
20150312,0,0,0,536097.0
20150313,0,0,0,536097.0
20150316,0,0,0,536097.0
20150317,0,0,0,536097.0
20150318,0,0,0,536097.0
20150319,0,0,0,536097.0
20150320,0,0,0,536097.0
20150323,0,0,0,536097.0
20150324,0,0,0,536097.0
20150325,0,0,0,536097.0
20150326,0,0,0,536097.0
20150327,0,0,0,536097.0
20150330,0,0,0,536097.0
20150331,0,0,0,536097.0
20150401,0,0,0,536097.0
20150402,0,0,0,536097.0
20150403,0,0,0,536097.0
20150406,0,1,0,535854.0
20150407,0,1,0,535737.0
20150408,0,1,0,535722.0
20150409,0,1,0,535440.0
20150410,0,1,0,535386.0
20150413,0,1,0,535518.0
20150414,0,1,0,535698.0
20150415,0,1,0,535808.0
20150416,0,1,0,535979.0
20150417,0,1,0,535956.0
20150420,0,1,0,535839.0
20150421,0,1,0,535753.0
20150422,0,1,0,535526.0
20150423,0,1,0,535698.0
20150424,0,1,0,535893.0
20150427,0,1,0,535815.0
20150428,0,1,0,535643.0
20150429,0,1,0,535487.0
20150430,0,1,0,535386.0
20150501,0,1,0,535089.0
20150504,0,0,1,535875.0
20150505,0,0,1,536594.0
20150506,0,0,1,538344.0
20150507,0,0,1,536688.0
20150508,0,0,1,536438.0
20150511,0,0,1,539469.0
20150512,0,0,1,539063.0
20150513,0,0,1,540094.0
20150514,0,0,1,539656.0
20150515,0,0,1,537063.0
20150518,0,0,1,539188.0
20150519,0,0,1,539656.0
20150520,0,0,1,539938.0
20150521,0,0,1,538250.0
20150522,0,0,1,538875.0
20150526,0,0,1,536438.0
20150527,0,0,1,536094.0
20150528,0,0,1,536313.0
20150529,0,0,1,535500.0
20150601,0,0,1,537719.0
20150602,0,0,1,539344.0
20150603,0,0,1,541406.0
20150604,0,0,1,539750.0
20150605,0,0,1,541406.0
20150608,1,0,1,540813.0
20150609,1,0,1,541953.0
20150610,1,0,1,543594.0
20150611,1,0,1,540485.0
20150612,1,0,1,540406.0
20150615,1,0,1,539938.0
20150616,1,0,1,538781.0
20150617,1,0,1,538922.0
20150618,1,0,1,540610.0
20150619,1,0,1,537703.0
20150622,1,0,1,540641.0
20150623,1,0,1,541922.0
20150624,1,0,1,540610.0
20150625,1,0,1,541047.0
20150626,1,0,1,543610.0
20150629,1,0,1,539078.0
20150630,1,0,1,539172.0
20150701,1,0,1,541875.0
20150702,1,0,1,541125.0
20150706,0,0,1,536935.0
20150707,0,0,1,535498.0
20150708,0,0,1,534873.0
20150709,0,0,1,537404.0
20150710,0,0,1,539904.0
20150713,0,0,1,539841.0
20150714,0,0,1,539466.0
20150715,0,0,1,538154.0
20150716,0,0,1,537654.0
20150717,0,0,1,536904.0
20150720,0,0,1,537248.0
20150721,0,0,1,536685.0
20150722,0,0,1,535810.0
20150723,0,0,0,534353.0
20150724,0,0,0,534353.0
20150727,0,0,0,534353.0
20150728,0,0,0,534353.0
20150729,0,0,0,534353.0
20150730,0,0,0,534353.0
20150731,0,0,0,534353.0
20150803,0,0,0,534353.0
20150804,0,0,0,534353.0
20150805,0,0,0,534353.0
20150806,0,0,0,534353.0
20150807,0,0,0,534353.0
20150810,0,0,0,534353.0
20150811,0,0,0,534353.0
20150812,0,0,0,534353.0
20150813,0,0,0,534353.0
20150814,0,0,0,534353.0
20150817,0,0,0,534353.0
20150818,0,0,0,534353.0
20150819,0,0,0,534353.0
20150820,0,1,0,534415.0
20150821,1,1,1,534798.0
20150824,1,1,1,536408.0
20150825,1,1,1,531540.0
20150826,1,1,1,529767.0
20150827,1,1,1,530556.0
20150828,1,1,1,530001.0
20150831,1,1,1,529142.0
20150901,1,1,0,528647.0
20150902,1,1,0,528397.0
20150903,1,1,0,528811.0
20150904,1,1,0,529288.0
20150908,1,1,0,528553.0
20150909,1,1,0,528764.0
20150910,1,1,0,528366.0
20150911,1,1,0,528975.0
20150914,1,1,0,528999.0
20150915,1,1,0,527671.0
20150916,1,1,0,527436.0
20150917,1,1,0,528827.0
20150918,1,1,0,529796.0
20150921,1,1,0,528897.0
20150922,1,1,0,530007.0
20150923,1,1,0,529803.0
20150924,1,1,0,530053.0
20150925,1,1,0,529616.0
20150928,1,1,0,530491.0
20150929,1,1,0,531077.0
20150930,1,1,0,530967.0
20151001,1,1,0,530967.0
20151002,1,1,0,532022.0
20151005,1,1,0,531210.0
20151006,1,1,0,531499.0
20151007,1,1,0,531100.0
20151008,1,1,0,530616.0
20151009,1,1,0,530592.0
20151012,1,1,0,531022.0
20151013,1,1,0,531202.0
20151014,1,1,0,532303.0
20151015,1,1,0,531585.0
20151016,1,1,0,531428.0
20151019,1,1,0,531397.0
20151020,1,1,0,530757.0
20151021,1,1,0,531186.0
20151022,1,1,0,531311.0
20151023,1,1,0,530460.0
20151026,1,1,0,530710.0
20151027,1,1,0,531249.0
20151028,1,1,0,529975.0
20151029,1,1,0,529108.0
20151030,1,0,0,529103.0
20151102,0,0,0,528802.0
20151103,0,0,0,528802.0
20151104,0,0,0,528802.0
20151105,0,0,0,528802.0
20151106,0,0,0,528802.0
20151109,0,0,0,528802.0
20151110,0,0,0,528802.0
20151111,0,0,0,528802.0
20151112,0,0,0,528802.0
20151113,0,0,0,528802.0
20151116,0,0,0,528802.0
20151117,0,0,0,528802.0
20151118,0,0,0,528802.0
20151119,0,0,0,528802.0
20151120,0,0,0,528802.0
20151123,0,0,0,528802.0
20151124,0,0,0,528802.0
20151125,0,0,0,528802.0
20151127,0,0,0,528802.0
20151130,0,0,0,528802.0
20151201,0,0,0,528802.0
20151202,0,0,0,528802.0
20151203,0,0,0,528802.0
20151204,0,0,0,528802.0
20151207,0,0,0,528802.0
20151208,0,0,0,528802.0
20151209,0,0,0,528802.0
20151210,0,0,0,528802.0
20151211,0,0,0,528802.0
20151214,0,0,0,528802.0
20151215,0,0,0,528802.0
20151216,0,0,0,528802.0
20151217,0,0,0,528802.0
20151218,0,0,0,528802.0
20151221,0,0,0,528802.0
20151222,0,0,0,528802.0
20151223,0,0,0,528802.0
20151224,0,0,0,528802.0
20151228,0,0,0,528802.0
20151229,0,0,0,528802.0
20151230,0,0,0,528802.0
20151231,0,0,0,528802.0
20160104,0,0,0,528802.0
20160105,0,0,0,528802.0
20160106,0,0,0,528802.0
20160107,0,0,0,528802.0
20160108,0,0,0,528802.0
20160111,0,0,0,528802.0
20160112,0,0,0,528802.0
20160113,0,0,0,528802.0
20160114,0,0,0,528802.0
20160115,0,0,0,528802.0
20160119,0,0,1,528959.0
20160120,0,0,1,530021.0
20160121,0,0,1,529146.0
20160122,0,0,1,528615.0
20160125,0,0,1,529209.0
20160126,0,0,1,529740.0
20160127,0,0,1,529584.0
20160128,0,0,1,529646.0
20160129,0,0,1,530615.0
20160201,1,0,1,529693.0
20160202,1,0,1,533115.0
20160203,1,1,1,532349.0
20160204,1,1,1,533091.0
20160205,1,1,1,533646.0
20160208,1,1,1,537880.0
20160209,1,1,1,537966.0
20160210,1,1,1,539154.0
20160211,1,1,1,541177.0
20160212,1,1,1,537841.0
20160216,1,1,1,536857.0
20160217,1,1,1,534998.0
20160218,1,1,1,537248.0
20160219,1,1,1,537638.0
20160222,1,1,1,537005.0
20160223,1,1,1,537834.0
20160224,1,1,1,537873.0
20160225,1,1,1,539263.0
20160226,1,1,1,536318.0
20160229,1,1,1,536810.0
20160301,1,1,1,533201.0
20160302,1,1,1,533130.0
20160303,1,1,1,534185.0
20160304,1,1,1,532240.0
20160307,1,1,1,531943.0
20160308,1,1,1,534498.0
20160309,1,1,1,532787.0
20160310,1,1,1,531630.0
20160311,1,0,1,529892.0
20160314,1,0,1,530220.0
20160315,1,0,1,530423.0
20160316,1,0,1,530673.0
20160317,1,0,1,532158.0
20160318,1,0,1,532954.0
20160321,1,0,1,531064.0
20160322,1,0,1,531033.0
20160323,1,0,1,533158.0
20160324,1,0,1,532579.0
20160328,1,0,1,533267.0
20160329,1,0,1,534829.0
20160330,1,0,1,533814.0
20160331,1,0,1,535158.0
20160401,1,0,1,535001.0
20160404,1,0,1,535454.0
20160405,1,0,1,537376.0
20160406,1,0,1,536361.0
20160407,1,0,1,538579.0
20160408,1,0,1,537548.0
20160411,1,0,1,537454.0
20160412,1,0,1,535908.0
20160413,1,0,1,536829.0
20160414,1,0,1,536017.0
20160415,1,0,1,537095.0
20160418,1,0,1,536204.0
20160419,1,0,1,535751.0
20160420,1,0,1,533486.0
20160421,1,0,1,532626.0
20160422,1,0,1,532267.0
20160425,1,0,0,531342.0
20160426,0,0,0,531214.0
20160427,0,0,0,531214.0
20160428,0,0,0,531214.0
20160429,0,0,0,531214.0
20160502,0,0,0,531214.0
20160503,0,0,0,531214.0
20160504,0,0,0,531214.0
20160505,0,0,0,531214.0
20160506,0,0,0,531214.0
20160509,0,0,0,531214.0
20160510,0,0,0,531214.0
20160511,0,0,0,531214.0
20160512,0,0,0,531214.0
20160513,0,0,0,531214.0
20160516,0,0,0,531214.0
20160517,0,0,0,531214.0
20160518,0,0,0,531214.0
20160519,0,0,0,531214.0
20160520,0,0,0,531214.0
20160523,0,0,0,531214.0
20160524,0,0,0,531214.0
20160525,0,0,0,531214.0
20160526,0,0,0,531214.0
20160527,0,0,0,531214.0
20160531,0,0,0,531214.0
20160601,0,0,0,531214.0
20160602,0,0,0,531214.0
20160603,0,0,0,531214.0
20160606,0,0,1,530589.0
20160607,0,0,1,530964.0
20160608,0,0,1,531339.0
20160609,0,0,1,532026.0
20160610,0,0,1,532839.0
20160613,1,0,1,533417.0
20160614,1,0,1,533589.0
20160615,1,0,1,534167.0
20160616,1,1,1,535339.0
20160617,1,1,1,533675.0
20160620,1,1,1,531948.0
20160621,1,1,1,531151.0
20160622,1,1,1,531440.0
20160623,1,1,1,528995.0
20160624,1,1,1,535268.0
20160627,1,1,1,539823.0
20160628,1,1,1,539714.0
20160629,1,1,1,539307.0
20160630,1,1,1,538651.0
20160701,1,1,1,540065.0
20160705,1,1,1,543784.0
20160706,1,1,1,543057.0
20160707,1,1,1,543464.0
20160708,1,1,1,544292.0
20160711,1,1,1,542034.0
20160712,1,1,1,539229.0
20160713,1,1,1,540815.0
20160714,1,1,1,538221.0
20160715,1,1,1,536057.0
20160718,1,1,1,536221.0
20160719,1,1,1,537143.0
20160720,1,1,1,535995.0
20160721,1,1,1,536448.0
20160722,1,1,1,536401.0
20160725,1,1,1,536182.0
20160726,1,1,1,536581.0
20160727,1,1,1,538612.0
20160728,1,1,1,538768.0
20160729,1,1,1,540659.0
20160801,1,1,1,539487.0
20160802,1,1,1,537893.0
20160803,1,1,1,537768.0
20160804,1,1,1,539339.0
20160805,1,1,1,536393.0
20160808,1,1,1,536362.0
20160809,1,1,1,537862.0
20160810,1,1,1,539206.0
20160811,1,1,1,536417.0
20160812,1,1,1,538354.0
20160815,1,1,1,536706.0
20160816,1,1,1,535651.0
20160817,1,1,1,536300.0
20160818,1,1,1,537073.0
20160819,1,1,1,535589.0
20160822,1,0,1,536997.0
20160823,1,0,1,536997.0
20160824,1,0,1,536810.0
20160825,1,0,1,536122.0
20160826,0,0,1,534290.0
20160829,0,0,1,536071.0
20160830,0,0,1,535727.0
20160831,0,0,1,535790.0
20160901,0,0,1,535884.0
20160902,0,0,1,534915.0
20160906,0,0,1,536071.0
20160907,0,0,1,536134.0
20160908,0,0,0,534116.0
20160909,0,0,0,534116.0
20160912,0,0,0,534116.0
20160913,0,0,0,534116.0
20160914,0,0,0,534116.0
20160915,0,0,0,534116.0
20160916,0,0,0,534116.0
20160919,0,0,0,534116.0
20160920,0,0,0,534116.0
20160921,0,0,0,534116.0
20160922,0,0,0,534116.0
20160923,0,0,0,534116.0
20160926,0,0,0,534116.0
20160927,0,0,0,534116.0
20160928,0,0,0,534116.0
20160929,0,0,0,534116.0
20160930,0,0,0,534116.0
20161003,0,0,0,534116.0
20161004,0,0,0,534116.0
20161005,0,0,0,534116.0
20161006,0,0,0,534116.0
20161007,0,0,0,534116.0
20161010,0,0,0,534116.0
20161011,1,1,1,533929.0
20161012,1,1,1,534296.0
20161013,1,1,1,532812.0
20161014,1,1,1,534999.0
20161017,1,1,1,533866.0
20161018,1,1,1,533257.0
20161019,1,1,1,533351.0
20161020,1,1,1,532937.0
20161021,1,1,1,532694.0
20161024,1,1,1,533468.0
20161025,1,1,1,533101.0
20161026,1,1,1,534194.0
20161027,1,1,1,536312.0
20161028,1,1,1,536437.0
20161031,1,1,1,535765.0
20161101,1,1,1,535108.0
20161102,1,1,1,534562.0
20161103,1,1,1,535085.0
20161104,1,1,1,534132.0
20161107,1,1,1,535530.0
20161108,1,1,1,536601.0
20161109,0,0,1,539799.0
20161110,1,1,1,541346.0
20161111,1,1,1,543072.0
20161114,1,1,1,544674.0
20161115,1,1,1,545182.0
20161116,1,1,1,544400.0
20161117,1,1,1,546205.0
20161118,1,1,1,547611.0
20161121,1,1,1,547643.0
20161122,1,1,1,547315.0
20161123,1,1,1,548299.0
20161125,1,1,1,548565.0
20161128,1,1,1,547025.0
20161129,1,1,1,546369.0
20161130,1,1,1,548744.0
20161201,1,1,1,551338.0
20161202,1,1,1,549502.0
20161205,1,1,1,549346.0
20161206,1,1,1,549783.0
20161207,1,1,1,548315.0
20161208,1,1,1,549893.0
20161209,1,1,1,552143.0
20161212,1,1,1,552065.0
20161213,1,1,1,552057.0
20161214,1,1,1,553354.0
20161215,1,1,1,554158.0
20161216,1,1,1,555111.0
20161219,1,1,1,553166.0
20161220,1,1,1,553908.0
20161221,1,1,1,553111.0
20161222,1,1,1,553283.0
20161223,1,1,1,552822.0
20161227,1,1,1,553635.0
20161228,1,1,1,551768.0
20161229,1,1,1,551041.0
20161230,1,1,1,549783.0
20170103,1,1,1,550166.0
20170104,1,1,1,550057.0
20170105,1,1,1,547111.0
20170106,1,1,1,548557.0
20170109,1,1,1,547033.0
20170110,1,1,1,547236.0
20170111,1,1,1,546900.0
20170112,1,1,1,546994.0
20170113,1,1,1,547479.0
20170117,1,1,1,545682.0
20170118,1,1,1,547775.0
20170119,1,1,1,549596.0
20170120,1,1,1,549705.0
20170123,1,1,1,547541.0
20170124,1,1,1,549885.0
20170125,1,1,1,551627.0
20170126,1,1,1,551018.0
20170127,1,1,1,550111.0
20170130,1,1,1,550166.0
20170131,1,1,1,549205.0
20170201,1,1,1,549830.0
20170202,1,1,1,549627.0
20170203,1,1,1,550307.0
20170206,1,1,1,547760.0
20170207,1,1,1,546893.0
20170208,1,0,1,545260.0
20170209,1,0,1,546791.0
20170210,1,0,1,547213.0
20170213,1,0,1,547932.0
20170214,1,0,1,549041.0
20170215,1,0,1,549994.0
20170216,1,0,1,548635.0
20170217,1,0,1,547947.0
20170221,1,0,1,547885.0
20170222,1,0,1,547760.0
20170223,0,0,1,546992.0
20170224,0,0,0,546628.0
20170227,0,0,0,546628.0
20170228,0,0,0,546628.0
20170301,0,0,0,546628.0
20170302,0,0,0,546628.0
20170303,0,0,0,546628.0
20170306,0,0,0,546628.0
20170307,0,0,0,546628.0
20170308,0,0,0,546628.0
20170309,0,0,0,546628.0
20170310,0,0,0,546628.0
20170313,0,0,0,546628.0
20170314,0,0,1,545753.0
20170315,0,0,1,544316.0
20170316,0,0,1,544722.0
20170317,0,0,1,544160.0
20170320,0,0,1,543597.0
20170321,0,0,0,543203.0
20170322,0,0,0,543203.0
20170323,0,0,0,543203.0
20170324,0,0,0,543203.0
20170327,0,0,0,543203.0
20170328,0,0,0,543203.0
20170329,0,0,0,543203.0
20170330,0,0,0,543203.0
20170331,0,0,0,543203.0
20170403,0,0,0,543203.0
20170404,0,0,0,543203.0
20170405,0,0,0,543203.0
20170406,0,0,0,543203.0
20170407,0,0,0,543203.0
20170410,0,0,0,543203.0
20170411,0,0,0,543203.0
20170412,1,1,1,543235.0
20170413,1,1,1,545195.0
20170417,1,1,1,544430.0
20170418,1,1,1,547063.0
20170419,1,1,1,546336.0
20170420,1,1,1,545203.0
20170421,1,1,1,545383.0
20170424,1,1,1,544195.0
20170425,1,1,1,542547.0
20170426,1,1,1,543031.0
20170427,1,1,1,543242.0
20170428,1,1,1,543586.0
20170501,1,1,1,542227.0
20170502,1,1,1,543383.0
20170503,1,1,1,543117.0
20170504,1,1,1,541469.0
20170505,1,1,1,541633.0
20170508,1,1,1,540899.0
20170509,1,1,0,539795.0
20170510,1,1,0,539771.0
20170511,1,1,0,539943.0
20170512,1,1,0,540865.0
20170515,1,1,0,540834.0
20170516,1,1,0,540966.0
20170517,1,1,0,542334.0
20170518,1,1,0,542076.0
20170519,1,1,0,541935.0
20170522,1,1,0,541849.0
20170523,1,1,0,541412.0
20170524,1,1,0,541756.0
20170525,1,1,0,541896.0
20170526,1,1,0,541912.0
20170530,1,1,0,542341.0
20170531,1,1,0,542529.0
20170601,1,1,0,542349.0
20170602,1,1,0,543029.0
20170605,1,1,1,542131.0
20170606,1,1,1,543209.0
20170607,1,1,1,542357.0
20170608,1,1,1,541935.0
20170609,1,1,1,541873.0
20170612,1,1,1,541466.0
20170613,1,1,1,541576.0
20170614,1,1,1,543966.0
20170615,1,1,1,543341.0
20170616,1,1,1,543716.0
20170619,1,1,1,543021.0
20170620,1,1,1,544443.0
20170621,1,1,1,544420.0
20170622,1,1,1,544427.0
20170623,1,1,1,544670.0
20170626,1,1,1,545021.0
20170627,1,1,1,543045.0
20170628,1,1,1,542334.0
20170629,1,1,1,541021.0
20170630,1,1,1,540006.0
20170703,0,0,1,538917.0
20170705,0,0,1,539198.0
20170706,0,0,0,537712.0
20170707,0,0,0,537712.0
20170710,0,0,0,537712.0
20170711,0,0,0,537712.0
20170712,0,0,0,537712.0
20170713,0,0,0,537712.0
20170714,0,0,0,537712.0
20170717,0,0,0,537712.0
20170718,0,0,0,537712.0
20170719,0,0,0,537712.0
20170720,0,0,0,537712.0
20170721,0,0,0,537712.0
20170724,0,0,0,537712.0
20170725,0,0,0,537712.0
20170726,0,0,0,537712.0
20170727,0,0,0,537712.0
20170728,0,0,0,537712.0
20170731,0,0,0,537712.0
20170801,0,0,0,537712.0
20170802,0,0,0,537712.0
20170803,0,0,0,537712.0
20170804,0,0,0,537712.0
20170807,0,0,0,537712.0
20170808,0,0,0,537712.0
20170809,0,0,0,537712.0
20170810,0,0,0,537712.0
20170811,0,0,0,537712.0
20170814,0,0,0,537712.0
20170815,0,0,0,537712.0
20170816,0,0,0,537712.0
20170817,0,0,0,537712.0
20170818,0,0,0,537712.0
20170821,0,0,0,537712.0
20170822,0,0,0,537712.0
20170823,0,0,0,537712.0
20170824,0,0,0,537712.0
20170825,0,0,0,537712.0
20170828,0,0,0,537712.0
20170829,0,0,0,537712.0
20170830,0,0,0,537712.0
20170831,0,0,0,537712.0
20170901,0,0,0,537712.0
20170905,0,0,0,537712.0
20170906,1,1,1,536275.0
20170907,1,1,1,537954.0
20170908,1,1,1,537837.0
20170911,1,1,1,535767.0
20170912,1,1,1,534454.0
20170913,1,1,1,533697.0
20170914,1,0,1,533557.0
20170915,1,0,1,533526.0
20170918,0,0,1,532552.0
20170919,0,0,1,532334.0
20170920,0,0,0,531816.0
20170921,0,0,0,531816.0
20170922,0,0,0,531816.0
20170925,0,0,0,531816.0
20170926,0,0,0,531816.0
20170927,0,0,0,531816.0
20170928,0,0,0,531816.0
20170929,0,0,0,531816.0
20171002,0,0,0,531816.0
20171003,0,0,0,531816.0
20171004,0,0,0,531816.0
20171005,0,0,0,531816.0
20171006,0,0,0,531816.0
20171009,0,0,0,531816.0
20171010,0,0,0,531816.0
20171011,0,0,0,531816.0
20171012,0,0,0,531816.0
20171013,0,0,0,531816.0
20171016,0,0,0,531816.0
20171017,0,0,0,531816.0
20171018,0,0,0,531816.0
20171019,0,0,0,531816.0
20171020,0,0,0,531816.0
20171023,0,0,0,531816.0
20171024,0,0,0,531816.0
20171025,0,0,0,531816.0
20171026,0,0,0,531816.0
20171027,1,1,0,531340.0
20171030,1,1,0,530691.0
20171031,1,1,0,530840.0
20171101,1,1,0,530934.0
20171102,1,1,0,530598.0
20171103,1,1,0,530613.0
20171106,1,1,0,530332.0
20171107,1,1,0,530262.0
20171108,1,1,0,530520.0
20171109,1,1,0,530566.0
20171110,1,1,0,531262.0
20171113,1,1,0,531449.0
20171114,1,1,0,531293.0
20171115,1,1,0,530871.0
20171116,1,1,0,531176.0
20171117,1,1,0,531121.0
20171120,1,1,0,531512.0
20171121,1,1,0,531598.0
20171122,1,1,0,530871.0
20171124,1,1,0,531098.0
20171127,1,1,0,530848.0
20171128,1,1,0,531090.0
20171129,1,1,0,531449.0
20171130,1,1,0,532152.0
20171201,1,1,0,531660.0
20171204,1,1,0,531996.0
20171205,1,1,0,531934.0
20171206,1,1,0,531512.0
20171207,1,1,0,531918.0
20171208,1,1,0,531910.0
20171211,1,1,0,531973.0
20171212,1,1,0,532176.0
20171213,1,1,0,531371.0
20171214,1,1,0,531527.0
20171215,1,1,0,531801.0
20171218,1,1,0,532012.0
20171219,1,1,0,532801.0
20171220,1,1,0,533137.0
20171221,1,1,0,533098.0
20171222,1,1,0,533184.0
20171226,1,1,0,532957.0
20171227,1,1,0,532418.0
20171228,1,1,0,532629.0
20171229,1,1,0,532332.0
20180102,1,1,0,532879.0
20180103,1,1,0,532777.0
20180104,1,1,0,533004.0
20180105,1,1,0,533231.0
20180108,1,1,0,533270.0
20180109,1,1,0,533856.0
20180110,1,1,0,533918.0
20180111,1,1,1,533207.0
20180112,1,1,1,533481.0
20180116,1,1,1,533152.0
20180117,1,1,1,534168.0
20180118,1,1,1,535293.0
20180119,1,1,1,536020.0
20180122,1,1,1,536629.0
20180123,1,1,1,535582.0
20180124,1,1,1,536652.0
20180125,1,1,1,535395.0
20180126,1,1,1,536668.0
20180129,1,1,1,537637.0
20180130,1,1,1,538598.0
20180131,1,1,1,538348.0
20180201,1,1,1,540121.0
20180202,1,1,1,542520.0
20180205,1,1,1,540707.0
20180206,1,1,1,540106.0
20180207,1,1,1,542254.0
20180208,1,1,1,542910.0
20180209,1,1,1,542301.0
20180212,1,1,1,542535.0
20180213,1,1,1,542246.0
20180214,1,1,1,544543.0
20180215,1,1,1,543777.0
20180216,1,1,1,543348.0
20180220,1,1,1,543879.0
20180221,1,1,1,545473.0
20180222,1,1,1,544684.0
20180223,1,1,1,543270.0
20180226,1,1,1,542965.0
20180227,1,1,1,544395.0
20180228,1,1,1,543176.0
20180301,1,1,1,541324.0
20180302,1,1,1,542871.0
20180305,1,1,1,543457.0
20180306,1,1,1,543199.0
20180307,1,1,1,543488.0
20180308,1,1,1,542840.0
20180309,1,1,1,543465.0
20180312,1,1,1,542621.0
20180313,1,1,1,542051.0
20180314,1,1,1,540981.0
20180315,1,1,1,541145.0
20180316,1,1,1,541793.0
20180319,1,1,1,541637.0
20180320,1,1,1,542801.0
20180321,1,1,1,543340.0
20180322,1,1,1,541223.0
20180323,1,1,1,541051.0
20180326,1,1,1,541309.0
20180327,1,1,1,539684.0
20180328,1,1,1,539457.0
20180329,1,1,1,538363.0
20180402,1,1,0,537641.0
20180403,1,1,0,538328.0
20180404,1,1,0,538352.0
20180405,1,1,0,538774.0
20180406,1,1,0,538070.0
20180409,1,1,0,538258.0
20180410,1,1,0,538500.0
20180411,1,1,0,538391.0
20180412,1,1,0,539024.0
20180413,1,1,0,539031.0
20180416,1,1,0,539063.0
20180417,1,1,0,538945.0
20180418,1,1,0,539617.0
20180419,1,1,0,540055.0
20180420,1,1,0,540485.0
20180423,1,1,0,540813.0
20180424,1,1,0,540758.0
20180425,1,1,0,541102.0
20180426,1,1,0,540789.0
20180427,1,1,0,540531.0
20180430,1,1,0,540344.0
20180501,1,1,0,540750.0
20180502,1,1,0,540524.0
20180503,1,1,0,540258.0
20180504,1,1,0,540250.0
20180507,1,1,0,540274.0
20180508,1,1,0,540555.0
20180509,1,1,0,540938.0
20180510,1,1,0,540805.0
20180511,1,1,0,540781.0
20180514,1,1,0,540985.0
20180515,1,1,0,541961.0
20180516,1,1,1,542399.0
20180517,1,1,1,542906.0
20180518,1,1,1,541649.0
20180521,1,1,1,541570.0
20180522,1,1,1,541563.0
20180523,1,1,1,539781.0
20180524,1,1,1,539024.0
20180525,1,1,0,537997.0
20180529,0,0,0,536592.0
20180530,0,0,0,536592.0
20180531,0,0,0,536592.0
20180601,0,0,0,536592.0
20180604,0,0,0,536592.0
20180605,0,0,0,536592.0
20180606,0,0,0,536592.0
20180607,0,0,0,536592.0
20180608,0,0,0,536592.0
20180611,0,0,0,536592.0
20180612,0,0,0,536592.0
20180613,0,0,0,536592.0
20180614,0,0,0,536592.0
20180615,0,0,0,536592.0
20180618,0,0,0,536592.0
20180619,0,0,0,536592.0
20180620,0,0,0,536592.0
20180621,0,0,0,536592.0
20180622,0,0,0,536592.0
20180625,0,0,0,536592.0
20180626,0,0,0,536592.0
20180627,0,0,0,536592.0
20180628,0,0,0,536592.0
20180629,0,0,0,536592.0
20180702,0,0,0,536592.0
20180703,0,0,0,536592.0
20180705,0,0,0,536592.0
20180706,0,0,0,536592.0
20180709,0,0,0,536592.0
20180710,0,0,0,536592.0
20180711,0,0,0,536592.0
20180712,0,0,0,536592.0
20180713,0,0,0,536592.0
20180716,0,0,0,536592.0
20180717,0,0,0,536592.0
20180718,0,0,0,536592.0
20180719,0,0,0,536592.0
20180720,0,0,0,536592.0
20180723,0,0,0,536592.0
20180724,0,0,0,536592.0
20180725,0,0,0,536592.0
20180726,0,0,0,536592.0
20180727,0,0,0,536592.0
20180730,0,0,0,536592.0
20180731,0,0,0,536592.0
20180801,0,0,0,536592.0
20180802,0,0,0,536592.0
20180803,0,0,0,536592.0
20180806,0,0,0,536592.0
20180807,0,0,0,536592.0
20180808,0,0,0,536592.0
20180809,0,0,0,536592.0
20180810,0,0,0,536592.0
20180813,0,0,0,536592.0
20180814,0,0,0,536592.0
20180815,0,0,0,536592.0
20180816,0,0,0,536592.0
20180817,0,0,0,536592.0
20180820,0,0,0,536592.0
20180821,0,0,0,536592.0
20180822,0,0,0,536592.0
20180823,0,0,0,536592.0
20180824,0,0,0,536592.0
20180827,0,0,0,536592.0
20180828,0,0,0,536592.0
20180829,0,0,0,536592.0
20180830,0,0,0,536592.0
20180831,0,0,0,536592.0
20180904,0,0,0,536592.0
20180905,0,0,0,536592.0
20180906,0,0,0,536592.0
20180907,0,0,0,536592.0
20180910,0,0,0,536592.0
20180911,0,0,0,536592.0
20180912,0,0,0,536592.0
20180913,0,0,0,536592.0
20180914,0,0,0,536592.0
20180917,0,1,0,536577.0
20180918,0,1,0,536725.0
20180919,1,1,1,537631.0
20180920,1,1,1,537256.0
20180921,1,1,1,537037.0
20180924,1,1,1,537194.0
20180925,1,1,1,537936.0
20180926,1,1,1,536756.0
20180927,1,1,1,536639.0
20180928,1,1,1,536709.0
20181001,1,1,1,537381.0
20181002,1,1,1,536631.0
20181003,1,1,1,539686.0
20181004,1,1,1,540678.0
20181005,1,1,1,541561.0
20181008,1,1,1,541709.0
20181009,1,1,1,540920.0
20181010,1,1,1,541452.0
20181011,1,1,1,538897.0
20181012,1,1,1,539084.0
20181015,1,1,1,539819.0
20181016,1,1,1,539522.0
20181017,1,1,1,540147.0
20181018,1,1,1,540006.0
20181019,1,1,1,540733.0
20181022,1,1,1,540569.0
20181023,1,1,1,539748.0
20181024,1,1,1,538577.0
20181025,1,1,1,538795.0
20181026,1,0,1,537095.0
20181029,1,0,1,537267.0
20181030,1,0,1,537876.0
20181031,1,0,1,539001.0
20181101,1,0,1,538548.0
20181102,1,0,1,540361.0
20181105,1,0,1,539861.0
20181106,1,0,1,540126.0
20181107,1,0,1,540205.0
20181108,1,0,1,540595.0
20181109,1,0,1,539533.0
20181112,1,0,1,538705.0
20181113,1,0,1,538455.0
20181114,1,0,1,537939.0
20181115,0,0,1,537687.0
20181116,0,0,1,536906.0
20181119,0,0,1,536687.0
20181120,0,0,1,536437.0
20181121,0,0,1,536562.0
20181123,0,0,1,536469.0
20181126,0,0,1,536687.0
20181127,0,0,1,536562.0
20181128,0,0,1,536531.0
20181129,0,0,0,535887.0
20181130,0,0,0,535887.0
20181203,0,0,0,535887.0
20181204,0,0,0,535887.0
20181206,0,0,0,535887.0
20181207,0,0,0,535887.0
20181210,1,1,0,535660.0
20181211,1,1,0,535285.0
20181212,1,1,0,535004.0
20181213,1,1,0,535027.0
20181214,1,1,0,535308.0
20181217,1,1,0,535730.0
20181218,1,1,0,536098.0
20181219,1,1,0,536543.0
20181220,1,1,1,535590.0
20181221,1,1,1,535621.0
20181224,1,1,1,536902.0
20181226,1,1,1,535637.0
20181227,1,1,1,537230.0
20181228,1,1,1,537394.0
20181231,1,1,1,538504.0
20190102,1,1,1,539426.0
20190103,1,1,1,542918.0
20190104,1,1,1,539730.0
20190107,1,1,1,538933.0
20190108,1,1,1,537918.0
20190109,1,1,1,537465.0
20190110,1,1,1,537191.0
20190111,1,1,1,538035.0
20190114,1,1,1,537629.0
20190115,1,1,1,537644.0
20190116,1,1,1,537144.0
20190117,1,1,1,536644.0
20190118,1,1,1,535558.0
20190122,1,1,1,537082.0
20190123,1,1,1,536348.0
20190124,1,1,1,537730.0
20190125,1,1,1,536488.0
20190128,1,1,1,536629.0
20190129,1,1,1,537621.0
20190130,1,1,1,538074.0
20190131,1,1,1,539816.0
20190201,1,1,1,538207.0
20190204,1,1,1,537176.0
20190205,1,1,1,537863.0
20190206,1,1,1,537863.0
20190207,1,1,1,539332.0
20190208,1,1,1,539863.0
20190211,1,1,1,538941.0
20190212,1,1,1,538301.0
20190213,1,1,1,537707.0
20190214,1,1,1,539129.0
20190215,1,1,1,538957.0
20190219,1,1,1,539527.0
20190220,1,1,1,539183.0
20190221,1,1,1,537957.0
20190222,1,1,1,539012.0
20190225,1,1,1,538535.0
20190226,1,1,1,539707.0
20190227,1,1,1,537746.0
20190228,1,1,1,536973.0
20190301,1,1,1,535715.0
20190304,1,1,1,536652.0
20190305,1,1,1,536660.0
20190306,1,1,1,537566.0
20190307,1,1,1,539262.0
20190308,1,1,1,539613.0
20190311,1,1,1,539066.0
20190312,1,1,1,540215.0
20190313,1,1,1,539918.0
20190314,1,1,1,539066.0
20190315,1,1,1,540160.0
20190318,1,1,1,539902.0
20190319,1,1,1,539433.0
20190320,1,1,1,541683.0
20190321,1,1,1,541754.0
20190322,1,1,1,544254.0
20190325,1,1,1,545293.0
20190326,1,1,1,545504.0
20190327,1,1,1,546894.0
20190328,1,1,1,546527.0
20190329,1,1,1,545644.0
20190401,1,1,1,543285.0
20190402,1,1,1,543637.0
20190403,1,1,1,542418.0
20190404,1,1,1,542660.0
20190405,1,1,1,542965.0
20190408,1,1,1,542441.0
20190409,1,1,1,543105.0
20190410,1,1,1,543590.0
20190411,1,1,1,542683.0
20190412,1,1,1,541121.0
20190415,1,1,1,541355.0
20190416,1,1,1,540137.0
20190417,1,1,0,539790.0
20190418,1,1,0,540212.0
20190422,1,1,0,539923.0
20190423,1,1,0,540243.0
20190424,1,1,0,540868.0
20190425,1,1,0,540665.0
20190426,1,1,0,541126.0
20190429,1,1,0,540782.0
20190430,1,1,0,541173.0
20190501,1,1,0,540970.0
20190502,1,1,0,540298.0
20190503,1,1,0,540571.0
20190506,1,1,0,541009.0
20190507,1,1,0,541595.0
20190508,1,1,0,541188.0
20190509,1,1,0,541571.0
20190510,1,1,0,541587.0
20190513,1,1,0,542321.0
20190514,1,1,0,542157.0
20190515,1,1,0,542712.0
20190516,1,1,1,541829.0
20190517,1,1,1,542157.0
20190520,1,1,1,541532.0
20190521,1,1,1,541087.0
20190522,1,1,1,542095.0
20190523,1,1,1,545048.0
20190524,1,1,1,544048.0
20190528,1,1,1,545884.0
20190529,1,1,1,546954.0
20190530,1,1,1,547368.0
20190531,1,1,1,549884.0
20190603,1,1,1,551696.0
20190604,1,1,1,550290.0
20190605,1,1,1,550134.0
20190606,1,1,1,550087.0
20190607,1,1,1,551501.0
20190610,1,1,1,549704.0
20190611,1,1,1,549884.0
20190612,1,1,1,550212.0
20190613,1,1,1,551485.0
20190614,1,1,1,551415.0
20190617,1,1,1,551720.0
20190618,1,1,1,552329.0
20190619,1,1,1,553462.0
20190620,1,1,1,554079.0
20190621,1,1,1,552087.0
20190624,1,1,1,553579.0
20190625,1,1,1,554376.0
20190626,1,1,1,552563.0
20190627,1,1,1,553860.0
20190628,1,1,1,553767.0
20190701,1,1,1,552704.0
20190702,1,1,1,554477.0
20190703,1,1,1,555165.0
20190705,1,1,1,552165.0
20190708,1,1,1,552626.0
20190709,1,1,1,551985.0
20190710,1,1,1,551884.0
20190711,1,1,1,550071.0
20190712,1,1,1,550470.0
20190715,1,1,1,550915.0
20190716,1,1,1,550063.0
20190717,1,1,1,551868.0
20190718,1,1,1,552571.0
20190719,1,1,1,552142.0
20190722,1,1,1,552431.0
20190723,1,1,1,551407.0
20190724,1,1,1,552134.0
20190725,1,1,1,551227.0
20190726,1,1,1,551149.0
20190729,1,1,1,551962.0
20190730,1,1,1,551634.0
20190731,1,1,1,552618.0
20190801,1,1,1,556813.0
20190802,1,1,1,557899.0
20190805,1,1,1,561649.0
20190806,1,1,1,561798.0
20190807,1,1,1,563610.0
20190808,1,1,1,562548.0
20190809,1,1,1,561892.0
20190812,1,1,1,565087.0
20190813,1,1,1,563579.0
20190814,1,1,1,566602.0
20190815,1,1,1,568157.0
20190816,1,1,1,568032.0
20190819,1,1,1,565993.0
20190820,1,1,1,567165.0
20190821,1,1,1,566595.0
20190822,1,1,1,565509.0
20190823,1,1,1,567985.0
20190826,1,1,1,567267.0
20190827,1,1,1,569212.0
20190828,1,1,1,569946.0
20190829,1,1,1,568485.0
20190830,1,1,1,568673.0
20190903,1,1,1,570001.0
20190904,1,1,1,570329.0
20190905,1,1,1,566665.0
20190906,1,1,1,567431.0
20190909,1,1,1,565063.0
20190910,1,1,1,562423.0
20190911,1,1,1,561524.0
20190912,1,1,1,559618.0
20190913,0,0,1,556861.0
20190916,0,0,1,558205.0
20190917,0,0,1,558642.0
20190918,0,0,1,559361.0
20190919,0,0,1,559736.0
20190920,0,0,1,560111.0
20190923,0,0,1,560892.0
20190924,0,0,1,562361.0
20190925,0,0,1,560486.0
20190926,0,0,1,561549.0
20190927,0,0,1,561580.0
20190930,0,0,1,561549.0
20191001,0,0,1,561924.0
20191002,0,0,1,562549.0
20191003,0,0,1,563642.0
20191004,0,0,1,564236.0
20191007,0,0,1,563642.0
20191008,0,0,1,563799.0
20191009,0,0,1,562799.0
20191010,0,0,1,561486.0
20191011,0,0,1,559674.0
20191014,0,0,1,560361.0
20191015,0,0,1,559174.0
20191016,0,0,1,559517.0
20191017,0,0,0,558874.0
20191018,0,0,0,558874.0
20191021,0,0,0,558874.0
20191022,0,0,0,558874.0
20191023,0,0,0,558874.0
20191024,0,0,0,558874.0
20191025,0,0,0,558874.0
20191028,0,0,0,558874.0
20191029,0,0,0,558874.0
20191030,0,0,0,558874.0
20191031,0,0,0,558874.0
20191101,0,0,0,558874.0
20191104,0,0,0,558874.0
20191105,0,0,0,558874.0
20191106,0,0,0,558874.0
20191107,0,0,0,558874.0
20191108,0,0,0,558874.0
20191111,0,0,0,558874.0
20191112,0,0,0,558874.0
20191113,0,0,0,558874.0
20191114,0,0,0,558874.0
20191115,0,0,0,558874.0
20191118,0,0,0,558874.0
20191119,0,0,0,558874.0
20191120,0,0,0,558874.0
20191121,0,0,0,558874.0
20191122,0,0,0,558874.0
20191125,0,0,0,558874.0
20191126,0,0,0,558874.0
20191127,0,0,0,558874.0
20191129,0,0,0,558874.0
20191202,0,0,0,558874.0
20191203,0,0,0,558874.0
20191204,0,0,0,558874.0
20191205,0,0,0,558874.0
20191206,0,0,0,558874.0
20191209,0,0,0,558874.0
20191210,0,0,0,558874.0
20191211,0,0,0,558874.0
20191212,0,0,0,558874.0
20191213,0,0,0,558874.0
20191216,0,0,0,558874.0
20191217,0,0,0,558874.0
20191218,0,0,0,558874.0
20191219,0,0,0,558874.0
20191220,0,0,0,558874.0
20191223,0,0,0,558874.0
20191224,0,0,0,558874.0
20191226,0,0,0,558874.0
20191227,0,0,0,558874.0
20191230,0,0,0,558874.0
20191231,0,0,0,558874.0
20200102,0,0,0,558874.0
20200103,0,0,0,558874.0
20200106,0,0,0,558874.0
20200107,0,0,0,558874.0
20200108,0,0,0,558874.0
20200109,0,0,0,558874.0
20200110,0,0,0,558874.0
20200113,0,0,0,558874.0
20200114,0,0,0,558874.0
20200115,0,0,0,558874.0
20200116,0,0,0,558874.0
20200117,0,0,0,558874.0
20200121,0,0,0,558874.0
20200122,0,0,0,558874.0
20200123,0,0,0,558874.0
20200124,0,0,0,558874.0
20200127,0,0,0,558874.0
20200128,0,0,0,558874.0
20200129,0,0,0,558874.0
20200130,0,0,0,558874.0
20200131,1,1,0,559937.0
20200203,1,1,0,559772.0
20200204,1,1,0,558694.0
20200205,1,1,0,558171.0
20200206,1,1,0,558163.0
20200207,1,1,0,558960.0
20200210,1,1,1,559905.0
20200211,1,1,1,558655.0
20200212,1,1,1,557390.0
20200213,1,1,1,557671.0
20200214,1,1,1,558546.0
20200218,1,1,1,559616.0
20200219,1,1,1,559210.0
20200220,1,1,1,560726.0
20200221,1,1,1,562429.0
20200224,1,1,1,565460.0
20200225,1,1,1,567210.0
20200226,1,1,1,567960.0
20200227,1,1,1,568538.0
20200228,1,1,1,573694.0
20200302,1,1,1,575132.0
20200303,1,1,1,577147.0
20200304,1,1,1,577671.0
20200305,1,1,1,580007.0
20200306,1,1,1,588022.0
20200309,1,1,1,596257.0
20200310,1,1,1,587460.0
20200311,1,1,1,588179.0
20200312,1,1,1,586687.0
20200313,1,1,1,583069.0
20200316,1,1,1,589788.0
20200317,1,1,1,579421.0
20200318,1,1,1,571296.0
20200319,1,1,1,577851.0
20200320,1,1,1,583413.0
20200323,1,1,1,589163.0
20200324,1,1,1,587093.0
20200325,1,1,1,585788.0
20200326,1,1,1,586788.0
20200327,1,1,1,588452.0
20200330,1,1,1,590897.0
20200331,1,1,1,589054.0
20200401,1,1,1,591444.0
20200402,1,1,1,591679.0
20200403,1,1,1,593062.0
20200406,1,1,1,589921.0
20200407,1,1,1,587882.0
20200408,1,1,1,586976.0
20200409,1,1,1,588233.0
20200413,1,1,1,587226.0
20200414,1,1,1,587022.0
20200415,1,1,1,591218.0
20200416,1,1,1,592116.0
20200417,1,1,1,590124.0
20200420,1,1,1,591272.0
20200421,1,1,1,593132.0
20200422,1,1,1,591358.0
20200423,1,1,1,591726.0
20200424,1,1,1,592460.0
20200427,1,1,1,590374.0
20200428,1,1,1,592187.0
20200429,1,1,1,591702.0
20200430,1,1,1,591522.0
20200501,1,1,1,590835.0
20200504,1,1,1,591062.0
20200505,1,1,1,590468.0
20200506,1,1,1,588562.0
20200507,1,1,1,592132.0
20200508,1,1,1,590210.0
20200511,1,1,1,588522.0
20200512,1,1,1,590280.0
20200513,1,1,1,591499.0
20200514,1,1,1,592749.0
20200515,1,1,1,591937.0
20200518,1,1,1,588077.0
20200519,1,1,1,588976.0
20200520,1,1,1,590288.0
20200521,1,1,1,590335.0
20200522,1,1,1,590991.0
20200526,1,1,1,589429.0
20200527,1,1,1,590140.0
20200528,1,1,1,589062.0
20200529,1,1,1,591007.0
20200601,1,1,1,590343.0
20200602,1,1,1,589671.0
20200603,1,1,1,586851.0
20200604,1,1,0,585638.0
20200605,0,1,0,584416.0
20200608,0,1,0,584541.0
20200609,0,1,0,584775.0
20200610,0,1,0,585150.0
20200611,0,1,0,585267.0
20200612,0,1,0,585174.0
20200615,0,1,0,585166.0
20200616,0,1,0,585072.0
20200617,0,1,0,585103.0
20200618,0,1,0,585150.0
20200619,0,1,0,585158.0
20200622,0,1,0,585119.0
20200623,0,1,0,585166.0
20200624,0,1,0,585205.0
20200625,0,1,0,585213.0
20200626,0,1,0,585353.0
20200629,0,1,0,585447.0
20200630,0,1,0,585416.0
20200701,0,1,0,585275.0
20200702,0,1,0,585377.0
20200706,0,1,0,585314.0
20200707,0,1,0,585369.0
20200708,0,1,0,585400.0
20200709,0,1,0,585486.0
20200710,0,1,0,585369.0
20200713,0,1,0,585369.0
20200714,0,1,0,585447.0
20200715,0,1,0,585431.0
20200716,0,1,0,585478.0
20200717,0,1,0,585439.0
20200720,0,1,0,585416.0
20200721,0,1,0,585494.0
20200722,0,1,0,585486.0
20200723,0,1,0,585494.0
20200724,0,1,0,585478.0
20200727,0,1,0,585416.0
20200728,0,1,0,585549.0
20200729,0,1,0,585619.0
20200730,0,1,0,585721.0
20200731,1,1,1,586064.0
20200803,1,1,1,585189.0
20200804,1,1,1,586900.0
20200805,1,1,1,585846.0
20200806,1,1,1,586111.0
20200807,1,1,1,585158.0
20200810,1,1,1,584752.0
20200811,1,1,1,581681.0
20200812,1,1,0,581226.0
20200813,0,1,0,580864.0
20200814,0,1,0,580981.0
20200817,0,1,0,581036.0
20200818,0,1,0,581067.0
20200819,0,1,0,581083.0
20200820,0,1,0,581122.0
20200821,0,1,0,581090.0
20200824,0,1,0,581036.0
20200825,0,1,0,580997.0
20200826,0,0,0,580814.0
20200827,0,0,0,580814.0
20200828,0,0,0,580814.0
20200831,0,0,0,580814.0
20200901,0,0,0,580814.0
20200902,0,0,0,580814.0
20200903,0,0,0,580814.0
20200904,0,0,0,580814.0
20200908,0,0,0,580814.0
20200909,0,0,0,580814.0
20200910,0,0,0,580814.0
20200911,0,0,0,580814.0
20200914,0,0,0,580814.0
20200915,0,0,0,580814.0
20200916,0,0,0,580814.0
20200917,0,0,0,580814.0
20200918,0,0,0,580814.0
20200921,0,0,0,580814.0
20200922,0,0,0,580814.0
20200923,0,0,0,580814.0
20200924,0,0,0,580814.0
20200925,0,0,0,580814.0
20200928,0,0,0,580814.0
20200929,0,0,0,580814.0
20200930,0,0,0,580814.0
20201001,0,0,0,580814.0
20201002,0,0,0,580814.0
20201005,0,0,0,580814.0
20201006,0,0,0,580814.0
20201007,0,0,0,580814.0
20201008,0,0,1,580220.0
20201009,0,0,1,580376.0
20201012,0,0,1,580033.0
20201013,0,0,1,579220.0
20201014,0,0,1,579033.0
20201015,0,0,1,579158.0
20201016,0,0,1,579501.0
20201019,0,0,1,579908.0
20201020,0,0,1,580908.0
20201021,0,0,1,581314.0
20201022,1,0,1,582236.0
20201023,1,1,1,581931.0
20201026,1,1,1,580548.0
20201027,1,1,1,579767.0
20201028,1,1,1,579869.0
20201029,1,1,1,581564.0
20201030,1,1,1,582173.0
20201102,1,1,1,581814.0
20201103,1,1,1,582798.0
20201104,1,1,1,579181.0
20201105,0,0,1,578848.0
20201106,0,0,1,579879.0
20201109,0,0,1,583004.0
20201110,1,1,1,583723.0
20201111,1,1,1,582856.0
20201112,1,1,1,580434.0
20201113,1,1,1,580598.0
20201116,1,1,1,580981.0
20201117,1,1,1,579965.0
20201118,1,1,1,580161.0
20201119,1,1,1,579207.0
20201120,1,1,1,578207.0
20201123,1,1,1,579036.0
20201124,1,1,1,579661.0
20201125,1,1,1,579700.0
20201127,1,1,1,578270.0
20201130,1,1,1,578379.0
20201201,1,1,1,581715.0
20201202,1,1,1,582192.0
20201203,1,1,1,581137.0
20201204,1,1,1,582723.0
20201207,1,1,1,581340.0
20201208,1,1,1,580707.0
20201209,1,1,1,581582.0
20201210,1,1,1,580176.0
20201211,1,0,1,579598.0
20201214,1,0,1,579582.0
20201215,1,0,1,580582.0
20201216,1,0,1,580520.0
20201217,1,0,1,580832.0
20201218,1,0,1,581473.0
20201221,1,0,1,581207.0
20201222,1,0,1,580332.0
20201223,1,0,1,581520.0
20201224,1,0,1,580723.0
20201228,1,0,1,580676.0
20201229,1,0,1,580770.0
20201230,1,0,1,580535.0
20201231,1,0,1,580082.0
20210104,1,0,1,580192.0
20210105,1,0,1,581504.0
20210106,1,0,1,584426.0
20210107,1,0,1,585176.0
20210108,1,0,1,585942.0
20210111,1,1,1,586621.0
20210112,1,1,1,586840.0
20210113,1,1,1,585145.0
20210114,1,1,1,586543.0
20210115,1,1,1,585512.0
20210119,1,1,1,585231.0
20210120,1,1,1,585160.0
20210121,1,1,1,585793.0
20210122,1,1,1,585153.0
20210125,1,0,1,583562.0
20210126,1,0,1,583656.0
20210127,1,0,1,582937.0
20210128,1,0,1,584093.0
20210129,1,0,1,585156.0
20210201,1,0,1,584718.0
20210202,1,0,1,585531.0
20210203,1,0,1,586265.0
20210204,1,0,1,586640.0
20210205,1,0,1,587499.0
20210208,1,0,1,587093.0
20210209,1,0,1,587062.0
20210210,1,0,1,586452.0
20210211,1,0,1,586796.0
20210212,1,0,1,588202.0
20210216,1,0,1,591031.0
20210217,1,1,1,590679.0
20210218,1,1,1,590406.0
20210219,1,1,1,592343.0
20210222,1,1,1,593265.0
20210223,1,1,1,593312.0
20210224,1,1,1,594304.0
20210225,1,1,1,598499.0
20210226,1,1,1,597312.0
20210301,1,1,1,596507.0
20210302,1,1,1,595663.0
20210303,1,1,1,597374.0
20210304,1,1,1,599726.0
20210305,1,1,1,599687.0
20210308,1,1,1,600968.0
20210309,1,1,1,599359.0
20210310,1,1,1,598593.0
20210311,1,1,1,598695.0
20210312,1,1,1,602187.0
20210315,1,1,1,601382.0
20210316,1,1,1,601617.0
20210317,1,1,1,601906.0
20210318,1,1,1,604327.0
20210319,1,1,1,604312.0
20210322,1,1,1,602734.0
20210323,1,1,1,601312.0
20210324,1,1,1,600452.0
20210325,1,1,1,600359.0
20210326,1,1,1,601640.0
20210329,1,1,1,603406.0
20210330,1,1,1,603437.0
20210331,1,1,1,604288.0
20210401,1,1,1,602023.0
20210405,1,1,1,603132.0
20210406,1,1,1,601281.0
20210407,1,1,1,601202.0
20210408,1,1,1,600554.0
20210409,1,1,1,601249.0
20210412,1,1,1,601702.0
20210413,1,1,1,600109.0
20210414,1,1,1,600656.0
20210415,1,1,1,597445.0
20210416,1,1,1,598882.0
20210419,1,1,1,599531.0
20210420,1,1,1,598382.0
20210421,1,1,1,598468.0
20210422,1,1,1,598132.0
20210423,1,1,1,598476.0
20210426,1,1,1,598452.0
20210427,1,1,1,599921.0
20210428,1,1,1,599702.0
20210429,1,1,1,600148.0
20210430,1,1,1,599999.0
20210503,1,1,1,599179.0
20210504,1,1,1,598687.0
20210505,1,1,1,598343.0
20210506,1,1,1,597679.0
20210507,0,0,0,594991.0
20210510,0,0,0,594991.0
20210511,0,0,0,594991.0
20210512,0,0,0,594991.0
20210513,0,0,0,594991.0
20210514,0,0,0,594991.0
20210517,0,0,0,594991.0
20210518,0,0,0,594991.0
20210519,0,0,0,594991.0
20210520,0,0,0,594991.0
20210521,0,0,0,594991.0
20210524,0,0,0,594991.0
20210525,0,0,0,594991.0
20210526,0,0,0,594991.0
20210527,0,0,0,594991.0
20210528,0,0,0,594991.0
20210601,0,0,0,594991.0
20210602,0,0,0,594991.0
20210603,0,0,0,594991.0
20210604,0,0,0,594991.0
20210607,0,0,0,594991.0
20210608,0,0,0,594991.0
20210609,0,0,0,594991.0
20210610,0,0,0,594991.0
20210611,0,0,0,594991.0
20210614,0,0,0,594991.0
20210615,0,0,0,594991.0
20210616,0,0,0,594991.0
20210617,0,0,0,594991.0
20210618,0,0,1,596085.0
20210621,0,0,1,595085.0
20210622,0,0,1,595085.0
20210623,0,0,1,594928.0
20210624,0,0,1,595085.0
20210625,0,0,1,593897.0
20210628,0,0,1,595210.0
20210629,0,0,1,595241.0
20210630,0,0,1,595897.0
20210701,0,0,1,595335.0
20210702,0,0,1,596053.0
20210706,0,0,1,597241.0
20210707,1,0,1,598632.0
20210708,1,0,1,599632.0
20210709,1,1,1,597655.0
20210712,1,1,1,597468.0
20210713,1,1,1,595710.0
20210714,1,1,1,597569.0
20210715,1,1,1,599311.0
20210716,1,1,1,599202.0
20210719,1,1,1,602889.0
20210720,1,1,1,602249.0
20210721,1,1,1,600030.0
20210722,1,1,1,600749.0
20210723,1,1,1,600139.0
20210726,1,1,1,600319.0
20210727,1,1,1,601561.0
20210728,1,1,1,600585.0
20210729,1,1,1,600374.0
20210730,1,1,1,601296.0
20210802,1,1,1,603374.0
20210803,1,1,1,603389.0
20210804,1,1,1,603264.0
20210805,1,1,1,602218.0
20210806,1,1,1,599991.0
20210809,1,1,1,599132.0
20210810,1,1,1,598264.0
20210811,1,0,1,598025.0
20210812,1,0,1,597775.0
20210813,1,0,1,599775.0
20210816,1,0,1,600869.0
20210817,1,0,1,600807.0
20210818,1,0,1,600619.0
20210819,1,0,1,601557.0
20210820,1,0,1,601291.0
20210823,1,0,1,601447.0
20210824,1,0,1,600432.0
20210825,1,0,1,598979.0
20210826,1,0,1,599072.0
20210827,1,0,1,599822.0
20210830,1,0,1,600572.0
20210831,1,0,1,599994.0
20210901,1,0,1,600275.0
20210902,1,0,1,600510.0
20210903,1,0,1,599869.0
20210907,1,0,1,598479.0
20210908,1,0,1,599416.0
20210909,1,0,1,600635.0
20210910,1,0,1,599447.0
20210913,1,0,1,600025.0
20210914,1,0,1,601494.0
20210915,1,0,1,600807.0
20210916,1,0,1,600072.0
20210917,0,0,1,598896.0
20210920,0,0,1,600177.0
20210921,0,0,1,600052.0
20210922,0,0,1,600052.0
20210923,0,0,1,598458.0
20210924,0,0,0,597565.0
20210927,0,0,0,597565.0
20210928,0,1,0,597675.0
20210929,0,1,0,597604.0
20210930,0,1,0,597518.0
20211001,0,1,0,597198.0
20211004,0,1,0,597276.0
20211005,0,1,0,597417.0
20211006,0,1,0,597464.0
20211007,0,1,0,597643.0
20211008,0,1,0,597784.0
20211011,1,1,0,598214.0
20211012,1,1,1,596760.0
20211013,1,1,1,595698.0
20211014,1,1,1,594784.0
20211015,1,1,1,596378.0
20211018,1,1,1,596604.0
20211019,1,1,1,598034.0
20211020,1,1,1,598065.0
20211021,1,1,1,599245.0
20211022,1,1,1,598557.0
20211025,1,1,1,597901.0
20211026,1,1,1,597448.0
20211027,1,1,1,594721.0
20211028,1,1,1,595815.0
20211029,1,1,1,595495.0
20211101,1,1,1,596065.0
20211102,1,1,1,595073.0
20211103,1,1,1,595776.0
20211104,1,1,1,594096.0
20211105,1,1,0,592678.0
20211108,1,1,0,593537.0
20211109,1,1,0,592733.0
20211110,1,1,0,594608.0
20211111,1,1,0,595311.0
20211112,1,1,0,594943.0
20211115,1,1,0,595256.0
20211116,1,1,0,595443.0
20211117,1,1,0,595029.0
20211118,1,1,0,594834.0
20211119,1,1,0,594459.0
20211122,1,1,0,595881.0
20211123,1,1,0,596100.0
20211124,1,1,0,596139.0
20211126,1,1,0,593897.0
20211129,1,1,0,594029.0
20211130,0,1,0,592941.0
20211201,0,1,0,592995.0
20211202,0,1,0,593300.0
20211203,0,1,0,592855.0
20211206,0,1,1,591878.0
20211207,0,1,1,591487.0
20211208,0,1,1,590417.0
20211209,0,1,1,590886.0
20211210,0,1,1,590862.0
20211213,0,1,1,591816.0
20211214,0,1,1,591691.0
20211215,0,1,1,591339.0
20211216,0,1,1,591261.0
20211217,0,1,1,591730.0
20211220,0,1,1,591034.0
20211221,0,1,1,590198.0
20211222,0,1,1,590730.0
20211223,0,1,1,589909.0
20211227,0,1,1,590261.0
20211228,0,1,1,590112.0
20211229,0,1,0,589454.0
20211230,0,1,0,589352.0
20211231,0,1,0,589282.0
20220103,0,1,0,589821.0
20220104,0,1,0,589829.0
20220105,0,1,0,590141.0
20220106,0,1,0,590391.0
20220107,1,1,0,590852.0
20220110,1,1,1,590993.0
20220111,1,1,1,590009.0
20220112,1,1,1,589657.0
20220113,1,1,1,588938.0
20220114,1,1,1,590993.0
20220117,1,1,1,591868.0
20220118,1,1,1,593962.0
20220119,1,1,1,592602.0
20220120,1,1,1,592688.0
20220121,1,1,1,590227.0
20220124,1,1,1,589876.0
20220125,1,1,1,591173.0
20220126,1,1,1,593079.0
20220127,1,1,1,592016.0
20220128,1,1,1,591173.0
20220131,1,1,1,591243.0
20220201,1,1,1,591696.0
20220202,1,1,1,590626.0
20220203,1,1,1,592509.0
20220204,1,1,1,595681.0
20220207,1,1,1,595181.0
20220208,1,1,1,596438.0
20220209,1,1,1,595751.0
20220210,1,1,1,599071.0
20220211,1,1,1,597118.0
20220214,1,1,1,598751.0
20220215,1,1,1,600063.0
20220216,1,1,1,599774.0
20220217,1,1,1,597696.0
20220218,1,1,1,596243.0
20220221,1,1,1,595899.0
20220222,1,1,1,596735.0
20220223,1,1,1,597431.0
20220224,1,1,1,597063.0
20220225,1,1,1,597720.0
20220228,1,1,1,592891.0
20220301,0,1,0,587933.0
20220302,0,1,0,588980.0
20220303,0,1,0,588910.0
20220304,0,1,0,588347.0
20220307,0,1,0,588675.0
20220308,0,1,0,589246.0
20220309,0,1,0,589621.0
20220310,0,1,0,589941.0
20220311,0,1,0,590058.0
20220314,0,1,0,590683.0
20220315,1,1,0,591004.0
20220316,1,1,0,591879.0
20220317,1,1,0,591636.0
20220318,1,1,0,591230.0
20220321,1,1,0,593675.0
20220322,1,1,1,595879.0
20220323,1,1,1,594144.0
20220324,1,1,1,594707.0
20220325,1,1,1,599363.0
20220328,1,1,1,598597.0
20220329,1,1,1,596300.0
20220330,1,1,1,595339.0
20220331,1,1,1,594324.0
