EC,JY,BP,TY,FV,US,ES,NQ,EM,CL,NG,HO,GC,HG,SI,C_,S_,W_,SB,KC,CT,
20100129,-4186.13,-4570.36,856.25,-927.55,-665.24,-1401.27,887.5,0,0,7693.46,4310.0,10301.71,4390.0,8277.53,10337.02,2479.7,6279.09,1018.31,-434.9,3398.0,2914.8,
20100226,-7532.13,-12327.7,5531.25,-1820.48,-1274.34,-6240.92,1837.5,0,0,1430.72,853.76,-1689.66,-6866.02,16002.53,16332.02,2954.7,5363.98,1030.81,3026.81,-2967.33,6296.04,
20100331,-9772.12,-10952.7,4538.25,-2811.0,-1214.97,-11851.21,3398.0,0,0,-5787.79,7042.16,-11330.02,-8797.69,20918.03,16541.16,3996.7,1533.4,2443.31,7646.94,-3989.31,3693.3,
20100430,-21842.14,-12834.83,750.18,-1267.25,-1690.64,-9588.71,1867.79,550.0,0,-7574.99,-4539.71,-11947.33,-4774.32,26770.03,18416.95,2931.31,801.74,937.67,6658.73,-2085.27,307.68,
20100528,-17312.29,-12543.71,5385.43,-3211.0,243.74,-12407.87,-2452.59,3480.0,0,2592.41,-12522.74,-7761.92,-624.32,17833.55,2767.09,934.2,2039.24,502.79,7102.61,-8196.14,-2768.59,
20100630,-14915.17,-16907.89,4235.5,-4475.98,373.42,-13798.96,-1918.52,2443.0,0,2886.05,-5762.91,-464.12,-1644.32,5571.99,-10.15,-153.14,316.89,835.47,6551.26,-1316.52,-4083.93,
20100730,-16621.27,-19806.08,5579.25,-5404.1,-802.22,-22208.27,-2581.02,486.73,0,-981.0,-1819.72,-5646.45,-753.95,8679.62,-4623.18,-1178.14,1460.83,7302.97,9182.04,1539.73,-1313.93,
20100831,-12835.33,-19261.15,9385.97,-6371.5,-2081.77,-19250.43,168.98,3085.73,0,-3019.03,3792.59,-7303.61,-2177.02,1551.59,-6401.7,142.74,2559.11,10002.97,8778.9,803.84,-146.03,
20100930,-9426.57,-24127.64,9921.69,-3895.0,-928.64,-13739.56,2777.09,5813.38,0,-1718.77,-1670.2,-9648.5,-1510.22,8589.09,5543.3,728.74,3281.86,7926.98,10182.76,-1869.18,2519.01,
20101029,-13758.77,-22342.24,7441.67,-2815.87,-1846.08,-11243.92,-60.06,6513.86,0,257.51,4809.8,-9739.54,2359.78,4854.77,13358.3,4265.54,8026.23,3168.76,8608.67,5805.82,6239.95,
20101130,-6963.37,-20786.38,9704.17,-2843.89,-2154.78,-13571.89,1891.98,6540.58,0,707.01,-12142.25,-7313.29,-1004.42,1034.31,9424.53,4204.22,12461.23,4243.76,12279.54,-2357.5,24749.95,
20101231,-14332.86,-22387.88,6583.2,-1979.65,-2113.0,-13295.17,2788.8,8558.18,0,546.35,-9615.46,-7506.75,-5647.93,10755.5,5699.86,8454.22,18682.23,266.03,15124.17,4507.2,32921.21,
20110131,-15754.49,-28175.67,9283.2,-4303.22,-2610.51,-18690.45,852.77,6465.77,0,-6530.29,-7837.3,-7724.43,-6187.93,-1337.34,1968.85,7159.71,12376.11,-1278.95,14749.37,-5139.47,40156.21,
20110228,-14769.13,-29230.93,8776.95,-3294.53,-2006.57,-16759.2,2996.36,5597.95,0,-14430.19,-6580.66,-16011.04,-917.93,442.16,11110.85,6150.21,13097.69,3071.05,10241.77,928.88,28654.96,
20110331,-14274.49,-29848.99,6345.91,-4832.56,-2919.4,-19221.45,6096.36,4998.49,0,-15841.23,-9349.32,-18360.5,-242.87,-8273.21,3293.19,4370.56,8973.5,1520.96,8416.06,-83.39,10054.96,
20110429,-9365.12,-25098.99,7264.46,-2837.34,-1176.97,-16146.45,6783.86,3539.16,0,-17037.75,-4379.32,-19670.5,11407.13,-17299.9,56743.19,2318.59,2369.66,-5051.37,7210.62,7816.61,9381.08,
20110531,-6164.07,-25098.99,5841.49,-1591.71,-401.36,-18909.11,5012.14,4279.16,0,-14177.04,-3261.34,-17411.3,11587.91,-10412.4,103781.57,6668.59,-2873.64,-3998.44,9868.41,15908.38,3739.76,
20110630,-5426.31,-24223.99,5887.84,-1950.46,-794.95,-21325.87,6308.66,5406.02,0,-19017.25,-3257.51,-16105.82,7210.07,-21642.75,95035.66,6246.02,-2740.12,-917.24,12257.95,7004.54,8179.76,
20110729,-6924.43,-17149.13,4864.93,-2022.13,-784.11,-20972.75,2991.43,3830.09,0,-17106.68,-1171.84,-10926.82,13772.18,-22676.62,107635.77,8304.04,1484.88,-4068.27,11608.29,9476.79,18129.76,
20110831,-14131.77,-22407.87,-1527.88,2740.37,837.77,-9046.0,1751.71,1763.32,0,-4716.68,-5544.87,-8303.39,32632.18,-12125.68,64999.52,8516.54,7027.31,-5009.24,11340.62,15401.85,13217.36,
20110930,-11445.24,-28810.2,2453.87,-3026.3,-1508.18,-11144.3,-10148.29,3465.08,0,-15508.68,-5044.18,-17917.1,32894.27,6016.82,123424.52,14450.75,17352.14,-2043.82,12469.12,31909.7,19587.36,
20111031,-12094.28,-28706.03,2050.13,-5595.83,-2939.85,-18838.05,-8535.79,1095.0,0,-7782.08,-11461.23,-13586.5,31654.27,4961.69,119759.52,15070.75,17617.47,-5525.77,14547.12,34897.27,16753.76,
20111130,-10034.81,-29743.53,-859.42,-4621.57,-2797.33,-17875.55,-10223.29,-4204.13,0,-13200.08,-11270.37,-17044.45,35178.01,4108.77,120587.52,13727.58,21142.47,-6523.43,16938.72,23626.12,11188.85,
20111230,-7963.97,-28681.03,-6055.03,-6207.25,-3377.25,-22362.59,-13929.32,-7671.39,0,-20429.18,-6029.65,-8984.39,41381.28,-4194.91,126331.38,14168.39,21847.74,-5519.86,14856.32,29562.53,14884.45,
20120131,-3576.47,-32695.85,-4842.04,-7272.14,-4052.06,-27382.87,-11941.82,-5385.39,0,-20619.18,-7831.7,-5709.24,49971.28,2368.39,138049.0,14516.26,18410.24,-5568.25,12070.14,21079.19,19439.45,
20120229,-9486.63,-28064.42,-8161.94,-9579.92,-4674.05,-33689.27,-11929.32,-2210.39,0,-16733.73,-15466.0,4117.61,47134.28,-6596.07,121684.47,15278.76,24097.74,-6473.12,12276.0,24554.19,19386.59,
20120330,-12111.63,-31019.37,-9226.6,-8679.92,-4975.25,-33213.46,-12377.21,-1427.71,0,-29089.49,-12532.82,-2882.04,46454.28,-16644.8,128760.47,12894.39,26020.24,-12303.36,10674.62,24954.86,11877.23,
20120430,-13800.05,-27490.73,-9768.3,-7044.92,-4292.44,-33523.93,-13747.71,-6085.01,0,-29709.48,-8916.26,-807.84,40418.79,-12622.84,116213.33,10826.21,27724.8,-15402.71,14281.02,23404.86,5906.01,
20120531,-6086.57,-27428.38,-5715.58,-5734.79,-4136.29,-29587.36,-13470.99,-6102.47,0,-16119.48,-7985.92,14350.28,38039.51,-8063.75,127078.33,6536.18,31199.8,-16725.71,13099.65,15626.04,14831.01,
20120629,-9125.43,-28240.88,-6294.57,-7912.04,-5161.42,-31262.36,-19600.44,-11040.18,0,-17806.77,-4152.99,11083.74,29445.27,-10847.4,131309.54,7151.94,36910.98,-13207.75,10880.73,24036.66,15436.01,
20120731,-8085.79,-26930.8,-6019.57,-6212.04,-4436.82,-34080.1,-27478.99,-20429.86,0,-16316.77,-3825.89,13023.04,16525.23,-14289.01,109701.38,11994.92,42134.19,-6079.75,13833.33,20335.6,14271.01,
20120831,-9116.01,-25963.61,-7436.78,-2997.84,-2913.84,-28283.5,-26219.95,-18469.86,0,-19196.37,-6818.07,15210.33,23825.23,-16827.5,126901.38,10553.36,47909.19,-12420.32,16242.85,25254.35,13636.59,
20120928,-2493.59,-29198.31,-5386.78,-4127.07,-3729.56,-26516.57,-25212.64,-17665.02,0,-19359.27,-9111.0,12164.34,29205.23,-13376.12,137956.38,13163.65,46356.79,-18880.15,12574.6,20394.5,12764.04,
20121031,-10806.9,-31133.51,-6855.32,-4459.73,-3806.12,-28616.57,-31358.24,-17508.2,0,-17627.89,-11364.45,13416.74,28849.45,-13196.87,135020.01,12010.17,41326.5,-18801.67,13982.43,13605.18,13938.34,
20121130,-6444.4,-33341.83,-7617.0,-4221.79,-3525.73,-27748.46,-32166.16,-18048.63,0,-29623.02,-8398.45,7503.79,30434.66,-13104.11,128687.02,13215.53,42375.84,-20729.47,12543.14,8000.4,13915.35,
20121231,-7462.03,-25854.33,-7168.52,-4309.72,-3546.95,-30260.37,-34910.18,-24993.08,0,-32373.82,-8638.45,12985.19,35352.69,-11608.95,143257.02,15415.53,46644.5,-17664.63,12437.65,4274.89,14986.35,
20130131,-5608.91,-30138.82,-6987.27,-6225.98,-4634.37,-34539.45,-34122.68,-25042.96,0,-27153.82,-12392.5,11535.55,24979.97,-16152.86,129380.93,15303.03,50743.16,-15539.63,12192.05,3076.19,17890.84,
20130228,-2146.41,-31926.32,-4562.09,-5691.41,-4715.62,-33616.93,-36822.18,-26796.36,0,-28080.85,-12518.99,24787.19,30506.23,-11861.54,145615.08,16237.68,50692.36,-13650.43,11391.98,6213.69,13855.78,
20130329,-6610.26,-29613.82,-6408.84,-6313.56,-5246.02,-35091.93,-36116.81,-28816.15,0,-26775.47,-10193.51,19605.19,31016.23,-11464.86,141970.24,16010.13,48578.86,-15917.96,12454.02,5915.58,16125.9,
20130430,-10964.53,-27702.63,-5829.95,-6913.56,-5247.11,-33346.95,-41330.43,-32948.12,0,-23521.58,-13429.29,21499.49,50696.23,-11889.13,149201.98,17851.12,50303.86,-16705.46,11622.11,782.68,20038.5,
20130531,-12216.66,-27052.93,-4504.95,-4818.78,-5152.4,-27187.07,-37355.79,-30284.69,0,-31184.64,-16047.69,16944.03,41314.77,-12323.26,148891.98,15583.7,50625.24,-18355.46,11749.57,1976.58,22113.5,
20130628,-6190.26,-17810.42,-332.62,-4427.77,-5397.57,-26944.89,-40339.53,-36035.92,0,-38197.64,-15092.71,9287.21,54487.1,-12641.71,152597.51,13764.49,47827.68,-20571.66,11175.19,2102.71,22206.06,
20130731,-2115.26,-15548.69,306.91,-9701.09,-5783.7,-36543.8,-40351.9,-36368.03,0,-26952.39,-17001.59,8536.48,56647.1,-11949.56,152587.51,12943.52,49448.17,-23646.66,12071.99,1477.71,19861.06,
20130830,-4373.74,-22000.28,647.26,-11964.88,-6477.06,-40820.2,-38014.4,-38406.63,0,-36077.11,-14401.59,1718.04,59609.26,-9607.0,162833.29,14392.99,58135.67,-22559.16,12458.79,-2693.51,23966.06,
20130930,-2945.11,-20250.28,355.75,-12393.0,-4269.24,-43516.46,-35692.62,-38501.63,0,-37389.03,-15760.57,7174.24,56611.1,-9832.0,154182.27,15480.71,55207.29,-22189.96,11672.8,-4659.05,24246.06,
20131031,-3357.79,-22373.83,-3165.34,-12771.49,-4301.27,-44050.81,-32136.71,-38670.83,0,-35844.16,-15160.57,7300.45,53811.82,-15913.72,150766.27,15008.06,48745.94,-22579.48,13572.23,-3416.83,26843.89,
20131129,-2245.29,-17236.33,-1691.19,-14099.46,-6471.2,-47586.4,-33861.68,-37424.48,0,-34286.54,-12250.57,14986.85,57481.82,-13426.22,158741.27,14224.52,45151.34,-21398.96,14882.63,-5717.75,24110.67,
20131231,-1726.98,-22158.05,-4118.53,-12908.75,-6092.4,-48572.78,-36630.29,-36248.81,0,-32398.61,-12076.14,18141.35,47370.23,-8638.72,158303.07,12979.24,44826.34,-19073.96,16064.63,-10583.91,26555.67,
20140131,-3816.68,-25777.3,-6676.62,-12973.71,-6106.15,-46485.99,-38558.77,-39307.93,0,-25958.61,-8978.63,18063.62,45353.37,-5201.22,153493.26,12829.71,42451.48,-17756.96,17176.29,-14930.0,24616.28,
20140228,-3816.68,-27837.19,-6122.97,-14822.13,-6883.18,-46360.97,-36308.77,-36772.64,0,-22585.97,-29154.66,15105.5,46651.11,-4459.66,154176.07,12853.68,46972.66,-17153.97,19136.29,4888.75,23029.3,
20140331,-2009.18,-31265.72,-5971.17,-15122.13,-6620.68,-49624.75,-44943.02,-42252.01,0,-23801.38,-27854.66,8838.62,49979.44,1815.34,149002.02,12654.29,47706.85,-14881.39,19788.48,20268.94,20395.71,
20140430,-3173.15,-33432.82,-6698.55,-16119.17,-7425.19,-52939.47,-47173.22,-45879.3,0,-19113.38,-26652.19,5520.82,44894.98,-735.85,140314.7,11749.98,47107.51,-17296.41,17805.6,26777.27,19085.71,
20140530,-3038.17,-35189.71,-8540.79,-14383.17,-6803.32,-52205.28,-48090.95,-46081.8,-25500.0,-18798.3,-25802.19,5680.17,45207.8,-2866.69,136480.24,10089.22,42830.31,-14783.91,15947.02,37408.52,21025.71,
20140630,-6530.87,-34612.36,-7404.42,-13402.86,-6169.58,-52801.41,-47928.36,-45508.96,-36100.0,-18778.65,-27911.72,9977.57,49441.02,544.85,142229.21,11456.72,46398.12,-13801.5,16031.42,31667.6,20208.68,
20140731,-5330.87,-34785.78,-7726.91,-15588.97,-7779.73,-56088.52,-48765.86,-45339.1,-11500.0,-13258.47,-21501.72,14312.37,47713.23,696.53,139205.48,13269.2,48911.61,-13896.11,17421.01,36520.41,24180.11,
20140829,-3959.37,-36604.63,-7809.93,-17295.33,-8842.68,-55017.28,-46603.36,-42860.19,-63650.0,-9406.47,-21785.13,6094.66,44093.78,-916.52,142850.48,12572.49,50357.07,-17705.7,15380.63,30306.62,24005.63,
20140930,-554.37,-30429.63,-9147.8,-15704.71,-8302.13,-53545.58,-47801.84,-48447.91,-63377.18,-15710.53,-28158.19,5766.09,47456.18,-3700.28,153891.48,14772.49,53333.57,-15375.61,17245.87,24538.62,23089.41,
20141031,780.87,-24704.63,-10095.96,-11879.71,-5805.26,-47783.08,-37750.31,-46594.66,94772.82,-9560.53,-26943.47,12440.29,52191.61,-11979.44,157016.97,15632.49,53601.14,-15530.61,17811.87,28764.18,20977.58,
20141128,-478.74,-20754.63,-9033.46,-11239.71,-5347.94,-46176.83,-35012.81,-44751.66,144872.82,2232.29,-30216.98,10759.62,50583.12,-8806.5,159532.55,15082.49,48198.21,-16132.91,17987.57,28810.84,21238.86,
20141231,-432.68,-22177.82,-11546.56,-14121.06,-7540.58,-44417.62,-37662.24,-46314.45,134775.15,15442.29,-17806.98,23363.82,43316.68,-14606.8,148034.26,15893.09,44748.21,-15671.35,18111.63,32292.09,19407.16,
20150130,9704.82,-23995.3,-13263.14,-14446.87,-6313.14,-45287.93,-42289.64,-48800.22,75583.33,14576.29,-29069.31,31101.59,44014.68,-6331.8,144251.46,17243.09,41607.21,-11321.35,17878.67,34734.59,19592.16,
20150227,7234.83,-22957.1,-11456.89,-16108.11,-5975.64,-46554.37,-42702.14,-49775.22,70767.8,10643.9,-30002.44,37721.19,50624.68,-2156.8,147701.46,16295.36,42882.56,-11019.95,16948.25,37589.58,19152.63,
20150331,14172.8,-21122.35,-8883.95,-16519.41,-6101.42,-44011.31,-44506.8,-50955.94,56990.49,15083.9,-31867.24,43368.25,46912.51,-2717.96,155231.95,14506.81,40606.84,-10495.4,17811.45,28254.31,21051.0,
20150430,19571.09,-23677.85,-8740.24,-17916.84,-6947.18,-39092.56,-46268.42,-49739.35,39592.89,20460.7,-34138.65,45434.02,48882.51,-2950.97,156149.42,15206.81,36796.82,-11851.84,15858.11,9651.26,22468.12,
20150529,14295.16,-21867.07,-5193.89,-16623.09,-6590.93,-32517.56,-49164.6,-50629.75,14435.45,20127.18,-29768.65,44966.83,46755.2,266.77,152658.42,15133.73,38171.82,-10226.86,14212.96,9584.23,21102.77,
20150630,13100.76,-20798.22,-4468.89,-21166.67,-6905.38,-42370.34,-53884.39,-56690.97,-76807.22,17508.75,-32898.71,43298.22,44822.4,-2013.15,153844.68,16147.9,42017.1,-10749.29,15226.96,-317.26,20855.86,
20150731,6277.57,-23981.07,-3834.43,-22978.94,-9770.86,-48102.51,-57067.69,-58515.7,-125607.14,25540.91,-33268.71,56259.42,51212.4,1589.45,148227.49,18985.78,38026.45,-9699.29,14080.13,-6272.53,19935.86,
20150831,1210.96,-22446.53,-4131.36,-26130.19,-11502.84,-51356.01,-54929.19,-57223.99,-80357.16,41970.52,-36019.0,64735.81,55202.4,-1346.51,135130.6,18474.47,36513.89,-10091.35,13061.11,-1198.97,21067.88,
20150930,2185.96,-23352.78,-4307.28,-26758.32,-11943.46,-49639.86,-60441.69,-59206.58,-157195.77,37115.32,-34939.0,55648.01,53774.53,546.3,132456.29,17830.32,33157.87,-8862.91,13856.18,-2951.87,21567.88,
20151030,4218.39,-26290.38,-6356.85,-26505.42,-11346.56,-55172.28,-59534.47,-56321.58,-113501.83,32134.7,-32332.85,51896.5,53759.65,-716.18,131086.64,17690.68,32975.77,-7470.47,15692.98,1760.93,22511.48,
20151130,9630.89,-25528.36,-6837.42,-24717.88,-10363.96,-51659.78,-58785.21,-54548.21,-91148.13,30444.36,-32284.63,56710.1,56710.92,4658.82,131906.58,17665.68,34738.27,-6783.79,14803.7,-2518.06,20941.36,
20151231,11914.62,-28856.09,-7026.26,-27777.83,-12114.25,-58158.72,-62864.31,-59430.68,-226964.92,29923.28,-24838.66,60178.42,51256.03,2253.23,120963.53,18409.11,32766.08,-10696.89,14490.9,-2497.97,21295.7,
20160129,9433.37,-23981.09,-4841.76,-26080.63,-12204.82,-56580.76,-58009.66,-53961.56,-65925.28,31418.28,-26571.15,65863.34,52684.33,2878.23,119275.46,18936.75,31519.7,-11558.45,14754.5,-5266.72,21268.49,
20160229,15664.62,-23757.3,-1188.21,-24677.51,-11622.14,-51224.51,-64838.35,-59203.88,-122695.04,25140.63,-25204.14,58291.5,56814.33,603.3,125845.46,18192.5,29756.34,-9833.45,13410.22,-8029.22,19520.0,
20160331,9706.59,-26069.17,-9395.16,-21986.77,-9715.51,-47770.59,-61511.26,-58114.85,-43303.44,23158.99,-26673.74,64364.34,54359.48,5201.73,119241.27,18709.65,30124.09,-12297.66,15709.94,-5490.71,17187.35,
20160429,8571.71,-25189.07,-11605.18,-21771.14,-9799.89,-46019.11,-63918.05,-58694.12,-72071.84,26727.77,-30509.56,74433.95,57007.55,9625.83,129096.62,18917.43,29587.24,-14031.79,18129.4,-4391.67,16113.6,
20160531,10559.21,-26745.32,-14135.31,-21560.89,-9193.64,-43694.11,-61918.05,-61198.26,-34964.6,25812.29,-32646.22,75310.86,59686.79,11341.83,133631.62,18961.44,27325.08,-15312.56,17231.6,-4348.89,15036.93,
20160630,3298.8,-27193.46,-10638.67,-22371.37,-9022.26,-43188.96,-69230.55,-65293.92,-142997.57,14671.0,-29473.52,67062.87,60635.67,7167.33,138044.52,20982.65,30005.55,-11212.56,16508.67,-6063.85,13976.93,
20160729,2123.8,-28934.57,-10857.42,-24825.77,-10666.95,-45211.98,-65480.55,-60518.92,-111258.97,22101.0,-31328.19,71284.11,63575.67,3908.4,141121.88,20657.65,20884.57,-11293.14,16137.91,-6657.6,16651.93,
20160831,483.49,-28353.32,-14524.81,-26125.34,-9909.13,-49449.48,-66650.12,-62457.41,-114624.01,28692.6,-31519.59,81472.82,63929.47,5858.4,139141.67,21298.96,22664.41,-9867.5,13317.66,-2926.32,18276.73,
20160930,-4886.27,-30534.57,-12287.31,-27673.14,-10857.87,-51191.55,-69522.07,-64000.93,-159737.77,23096.1,-34424.79,84908.82,58693.89,6252.43,125639.86,20006.73,13876.99,-11800.54,13988.33,-7090.69,17436.45,
20161031,-886.27,-28227.6,-7981.06,-28937.98,-11605.1,-52262.87,-71109.23,-67430.97,-195044.09,28396.1,-31512.39,89269.05,63312.25,8850.69,128785.67,19220.17,14439.49,-12275.18,14832.44,-3653.19,15766.45,
20161130,4419.95,-27658.69,-7473.81,-26455.33,-10190.08,-57377.18,-67739.52,-69185.97,-257897.85,26744.35,-24592.39,87958.84,66346.25,7771.35,136041.37,18302.77,14406.0,-12389.66,13994.88,3590.56,12232.47,
20161230,-5018.53,-29017.19,-6737.9,-27808.71,-11332.48,-60368.14,-66044.11,-65900.97,-167747.85,29954.35,-22712.06,93591.04,71396.25,7758.85,131463.29,16885.03,16164.46,-14057.14,13055.28,5955.18,9709.3,
20170131,-4018.53,-33788.81,-7953.73,-28362.88,-12220.43,-59059.8,-68339.36,-65765.97,-230134.87,28219.11,-26311.25,90072.69,74688.66,9670.85,125332.71,16647.53,18169.72,-13366.89,13268.26,8293.66,11854.3,
20170228,-5159.54,-35976.31,-8791.23,-29687.89,-13574.95,-62125.44,-65926.86,-63405.97,-128634.87,25504.59,-21791.25,80166.17,78938.66,3986.97,129622.71,15068.28,13832.85,-13197.98,12795.54,10361.15,12637.8,
20170331,-4787.56,-38267.64,-8390.31,-30846.44,-14030.85,-63049.94,-68630.29,-65453.62,-110334.87,30423.95,-22578.85,81765.98,81729.47,-1579.04,136271.07,15360.17,16772.46,-12485.48,13724.85,8236.15,11744.67,
20170428,-2015.06,-38161.39,-6156.42,-32695.78,-15634.82,-60787.44,-71492.79,-65593.62,-123614.21,35063.95,-22589.1,89221.34,78363.65,-3637.6,133386.15,15185.17,16215.47,-12271.91,12615.46,7467.21,13594.67,
20170531,-120.15,-33773.89,-8333.75,-31714.53,-15223.89,-56149.94,-72081.89,-63226.92,-149587.96,38573.95,-24154.02,95950.54,85608.92,-7692.55,142040.04,13956.93,17319.49,-13336.74,13175.37,1264.06,12915.4,
20170630,-2260.16,-31407.57,-5979.27,-30738.26,-16085.15,-56788.47,-74198.59,-65768.94,-107037.96,45724.6,-27331.22,104799.5,88748.92,-14485.76,136547.34,13267.79,15850.09,-11894.88,15822.08,1405.93,16485.4,
20170731,2658.59,-27900.66,-7624.22,-31072.3,-15738.06,-58667.77,-73476.44,-64199.0,-83087.96,44421.58,-30564.52,106594.88,94992.92,-13828.95,139024.87,13544.23,18057.09,-10652.39,15511.92,3531.64,14762.63,
20170831,3178.22,-34837.07,-7578.1,-30528.33,-16848.83,-57415.4,-71643.25,-71280.1,-55987.96,39983.54,-34982.89,103525.56,92618.62,-9228.95,138665.94,15130.11,21562.4,-7342.39,15527.11,7505.06,15921.1,
20170929,4890.72,-36179.62,-4165.6,-30623.64,-16004.51,-57844.6,-70517.64,-74170.1,-39601.95,41765.09,-39049.55,106801.96,96768.62,-5666.45,145060.94,14295.81,20695.8,-8352.58,13914.1,6364.15,18654.44,
20171031,5890.41,-37764.88,-5296.5,-31049.34,-17447.23,-58569.06,-72876.98,-71873.32,43529.45,42062.58,-43114.08,111565.16,96617.96,483.55,145275.94,14046.58,17554.31,-8039.07,12117.63,3170.4,15447.4,
20171130,7637.37,-38804.29,-5990.48,-32859.82,-17651.01,-63330.74,-71684.19,-75926.19,96246.41,43112.7,-48110.32,109868.0,95890.79,-148.67,143242.22,13178.55,16578.8,-9202.32,11253.58,-1476.69,17637.4,
20171229,7465.74,-40884.36,-6832.22,-34400.42,-19261.37,-67736.47,-69846.69,-74686.19,106769.36,42180.34,-45791.24,113068.8,101540.79,4413.83,149787.22,12168.05,18541.3,-8602.32,12152.02,-48.29,18317.4,
20180131,8242.6,-38382.0,-4560.97,-31931.67,-18472.68,-62548.97,-63934.19,-70191.79,277571.36,41462.08,-41498.39,108857.39,99320.79,1986.81,141941.99,12176.82,18035.09,-7884.45,12172.23,-2550.62,22600.8,
20180228,4803.17,-40318.69,-3232.14,-33119.17,-19278.9,-65941.47,-54121.69,-56983.1,432033.31,44261.97,-38748.39,114032.28,98397.02,-2570.5,139781.59,12284.4,18739.57,-7212.45,12387.93,-6400.83,25628.48,
20180329,128.17,-47444.38,-3056.96,-34633.64,-20344.13,-67155.84,-65525.16,-64955.64,402483.31,43428.17,-38276.34,115493.88,94914.2,-5955.78,129511.53,13056.81,20811.07,-5864.98,11914.79,-7717.62,26263.48,
20180430,-816.68,-44125.63,-2651.6,-34105.51,-20050.38,-67182.72,-72125.16,-66686.76,296943.41,42875.08,-41659.47,115221.65,90785.48,-5631.47,126041.07,11966.91,14117.18,-6611.2,13238.81,-8510.2,24422.78,
20180531,1345.9,-45011.06,329.65,-33410.84,-19375.52,-66536.83,-74677.02,-71719.91,308778.07,44432.4,-42709.13,121425.45,87913.85,-8768.65,121599.21,10867.42,14640.06,-7598.7,13434.47,-9040.54,24049.97,
20180629,-953.44,-45754.81,657.64,-35008.55,-20507.01,-72126.01,-74939.52,-71369.05,281921.99,46711.7,-44139.82,127919.05,90613.61,-5003.29,120752.14,12154.92,18097.07,-6823.7,11939.56,-8450.31,18794.57,
20180731,-4059.3,-44273.56,-1258.67,-34667.92,-20508.25,-71019.76,-74365.57,-69764.73,316329.22,43936.53,-42359.82,124781.9,89279.9,1059.21,118924.9,12336.52,20340.21,-7939.14,13263.95,-10875.31,19089.57,
20180831,-2525.39,-46917.37,-756.13,-34624.15,-20583.77,-69896.73,-77743.15,-69684.73,227751.51,43717.16,-42584.2,114770.02,93719.9,-2736.86,121769.25,12626.73,21820.1,-5722.48,12362.74,-8650.99,18494.96,
20180928,-5249.1,-46738.9,-2478.24,-33194.37,-19750.46,-66433.68,-80786.53,-72452.33,183335.83,39031.14,-40313.54,114348.55,89080.86,-4931.56,124451.53,11355.39,22977.9,-7821.98,13477.54,-8996.65,20477.66,
20181031,-4267.34,-45482.65,-2349.08,-33110.7,-20064.54,-66846.18,-70581.03,-79714.29,257744.24,48031.14,-42254.85,119615.24,88920.86,-9277.52,120160.37,10663.85,22071.74,-7621.98,15471.94,-1640.4,19654.52,
20181130,-11979.89,-46127.98,-2990.67,-33347.54,-19944.02,-67363.3,-70712.6,-95183.69,251131.42,62601.14,-40208.49,130927.03,87078.07,-21840.32,111475.39,9212.09,18501.84,-9192.24,14813.85,-1846.15,16889.75,
20181231,-13364.84,-47487.09,-2065.67,-32269.31,-18217.46,-64201.94,-69189.47,-101533.45,277745.64,64581.6,-23928.49,129769.59,90196.62,-24113.44,118090.39,8548.82,15377.49,-9390.29,14870.93,-358.65,19930.26,
20190131,-19657.19,-46018.34,-2434.89,-32119.15,-17888.9,-62868.9,-64232.14,-100166.94,325274.43,63789.66,-29758.49,125899.17,92370.41,-21750.94,120282.13,7776.87,13589.99,-10824.27,14581.16,-2580.77,19810.26,
20190228,-21073.24,-44620.84,-237.26,-32591.08,-18255.73,-63548.3,-60528.64,-98597.94,418974.43,62216.04,-27614.46,132186.57,86725.2,-20634.05,113653.06,7557.59,11052.54,-9282.59,13742.54,-1828.22,19864.44,
20190329,-25772.41,-48287.94,-4361.66,-31417.11,-17696.35,-60211.24,-65294.46,-104950.89,319246.36,57475.82,-28622.19,128368.22,86643.33,-27906.7,113778.39,8395.66,10056.23,-8545.09,13614.14,-3518.3,20193.9,
20190430,-28433.94,-47512.94,-4370.92,-30744.59,-17686.25,-60679.33,-62299.96,-103776.35,310237.08,63036.58,-27049.07,133664.82,83073.82,-30162.21,114043.39,8583.16,10129.97,-8836.54,13661.53,-5590.48,19863.9,
20190531,-29389.07,-46100.44,-2720.92,-30386.26,-17766.19,-57256.1,-63893.13,-97946.35,285858.91,67643.5,-27909.73,138826.34,77239.82,-26352.48,114250.75,10086.6,14507.47,-6253.04,14395.53,-3674.4,24243.9,
20190628,-30714.95,-47547.54,-4224.25,-30664.42,-18203.12,-58606.1,-62355.63,-89693.35,303569.27,72047.24,-29247.95,143350.14,87499.82,-26380.91,116748.28,9972.25,11804.02,-7793.65,14455.62,-3710.26,24423.49,
20190731,-29447.55,-49229.3,-2132.35,-32304.28,-19154.26,-59744.85,-68062.72,-99092.92,314567.51,62344.06,-28927.95,134338.52,71394.0,-28769.85,121978.28,8572.7,9472.78,-8471.64,14148.58,-2182.9,22404.69,
20190830,-29156.19,-54178.73,-1495.2,-31977.39,-19359.99,-54901.25,-77630.68,-96952.92,361817.51,65408.24,-32151.2,129071.01,71797.38,-30199.72,126660.78,8551.72,7225.42,-9390.62,13989.62,-3859.24,22776.35,
20190930,-34698.57,-53724.92,-1707.67,-31728.25,-19532.9,-54551.74,-74739.36,-94525.94,412767.51,71168.24,-26535.22,129550.45,71624.61,-31977.44,123160.27,10114.22,8092.25,-8478.12,14667.62,-3748.91,23026.35,
20191031,-35923.57,-55888.72,578.92,-31139.0,-18893.2,-49487.28,-68772.86,-88740.94,491217.51,71328.24,-27025.48,128047.3,66744.61,-32733.65,121597.59,8366.96,7849.58,-7028.12,14387.86,-3984.6,23340.67,
20191129,-35666.61,-58912.34,-121.08,-33212.03,-20285.42,-53765.08,-66357.35,-91196.98,537845.09,69595.92,-22526.4,114219.63,65148.36,-37352.13,120260.82,8772.56,10624.58,-7788.16,14903.06,-1745.78,22466.05,
20191231,-36779.62,-61356.92,766.51,-33334.48,-20511.12,-53620.98,-68754.54,-91002.32,507364.16,67902.02,-24377.02,112370.28,70098.36,-36859.77,120180.05,7798.55,13647.12,-9426.01,15123.41,2572.97,22300.69,
20200131,-36598.96,-61589.14,-2091.26,-31064.77,-20566.93,-49421.88,-66450.34,-89804.92,496967.44,74620.17,-23248.67,115099.97,69578.36,-31635.59,120215.05,5442.67,16577.12,-10797.01,14773.26,12716.72,21788.44,
20200228,-33941.29,-60121.61,-4228.47,-29242.9,-20269.07,-44560.8,-62450.34,-68449.65,698790.87,72950.36,-24238.67,120447.36,79388.36,-35509.2,125475.05,5967.67,15622.06,-11759.03,15988.86,16999.17,25293.44,
20200331,-29335.04,-56694.77,-1656.25,-26904.02,-20407.11,-39598.3,-31425.34,-77280.45,1254840.87,97610.36,-28026.73,132678.16,51606.4,-32071.5,137811.52,5993.78,14568.21,-8321.53,18746.35,17981.15,30473.44,
20200430,-34000.41,-56526.02,-743.75,-27052.72,-20738.36,-38617.05,-27989.21,-73365.16,1297711.69,103848.43,-36017.31,124139.92,60716.4,-29046.5,144721.52,5568.46,14105.71,-8844.73,19648.35,19626.52,32838.44,
20200529,-30884.96,-56088.71,-737.0,-28584.3,-21410.89,-43492.4,-31149.35,-80098.18,1221889.36,113681.23,-35141.27,125450.72,51113.02,-34982.61,152741.96,5382.11,12975.42,-10218.51,20253.15,19011.27,30974.93,
20200630,-28104.96,-55892.41,2056.75,-27619.72,-22053.97,-39167.4,-32972.02,-78782.8,1364838.24,110520.83,-32317.67,126464.85,57575.68,-36896.01,147724.12,5156.57,12350.48,-10565.82,19489.86,16605.27,27821.32,
20200731,-22720.54,-56185.29,5441.66,-27444.02,-22229.28,-38250.6,-31168.65,-102577.59,1329275.21,112055.63,-34527.67,124305.97,68169.34,-39291.15,175619.12,4926.59,11433.63,-9254.85,18887.48,19042.82,27331.32,
20200831,-30163.49,-61050.1,5400.68,-27492.7,-23043.35,-35831.85,-23793.65,-81400.9,1428715.79,110174.08,-27247.67,117788.92,76629.34,-36228.65,189040.44,6376.59,14422.92,-6569.29,19134.88,18217.55,28581.32,
20200930,-31840.15,-61909.8,6686.4,-27770.49,-23258.35,-37677.27,-19065.94,-61784.87,1506406.9,106865.58,-28746.28,121186.3,66827.04,-44807.47,194907.86,5123.04,15944.11,-10121.41,19670.97,23942.55,27946.32,
20201030,-32963.95,-61622.3,4303.33,-27596.63,-23470.26,-38361.92,-6803.44,-41444.87,1745160.48,102840.5,-27135.29,115189.61,61056.61,-43578.51,183455.53,7438.26,18759.11,-7046.41,20308.83,24386.99,31761.32,
20201130,-33193.19,-67574.11,4347.08,-30275.75,-24413.74,-47840.12,-3053.44,-35901.47,1848790.26,105200.5,-25902.23,122246.01,59823.3,-40276.8,179310.54,6590.79,22481.79,-11627.12,19191.23,23731.19,31266.32,
20201231,-32619.55,-66480.36,1906.23,-30369.5,-24280.93,-53019.09,-3465.94,-38227.35,1741308.1,100092.34,-34036.22,124937.03,55842.43,-46450.83,179735.54,8770.2,28719.79,-10797.44,17734.74,19976.83,31955.84,
20210129,-31281.56,-65192.86,2193.73,-30124.58,-24140.2,-49850.34,-6388.1,-50911.03,1710836.67,101925.49,-39539.61,124004.03,61757.6,-48248.38,187240.76,9870.0,33277.79,-14598.85,18491.14,15669.22,30992.75,
20210226,-29678.38,-64794.3,2838.78,-27568.5,-22933.69,-42587.84,-8300.21,-52544.55,1709236.67,101617.1,-39848.91,134431.19,61674.43,-39310.88,189740.76,8306.53,32422.68,-14736.35,19612.86,17123.57,33035.94,
20210331,-27977.17,-61344.27,3901.28,-27711.0,-23490.76,-47563.79,-14666.99,-52487.91,1597733.19,98839.59,-37688.91,135514.07,63183.22,-45556.29,199280.76,6765.46,25597.68,-15871.98,19952.68,12662.86,37010.94,
20210430,-26721.57,-61458.39,1174.95,-28203.5,-24489.19,-45645.04,-10516.91,-47361.86,1669183.19,95934.26,-37644.29,134016.83,63353.22,-33681.29,200031.48,14265.46,31210.18,-10984.48,21182.95,15256.61,38489.46,
20210528,-27652.17,-65983.31,2454.71,-30616.22,-25357.97,-52716.23,-22505.41,-37120.27,1564582.63,81741.43,-38811.28,126264.61,71020.11,-28839.02,196182.38,18040.46,35472.68,-14619.74,18918.9,18208.2,41469.46,
20210630,-23139.67,-66903.75,861.81,-30509.3,-25408.7,-51297.48,-21769.42,-31185.87,1572272.07,84288.47,-39186.84,126361.09,81536.11,-29767.15,193493.55,14226.65,32918.84,-20357.24,17701.61,17235.45,36907.26,
20210730,-24722.17,-66981.11,1561.81,-28735.52,-24738.71,-50976.31,-35340.02,-49591.85,1557511.45,86057.91,-39973.66,125400.53,76536.05,-34582.2,184416.81,10507.96,29606.31,-24413.67,16566.57,17697.95,39152.26,
20210831,-24009.69,-68742.64,1355.56,-30632.75,-24356.0,-54564.82,-34328.88,-43981.41,1534411.45,83113.0,-34663.66,125504.1,77195.2,-35349.08,184189.63,8659.99,25836.35,-21838.67,17245.32,11966.7,41652.26,
20210930,-21204.14,-70100.47,3259.37,-30749.47,-23898.19,-53741.85,-40743.56,-52595.11,1454485.77,84550.69,-25743.16,134374.5,76515.2,-44090.39,182316.41,8709.99,24518.64,-20188.7,16998.89,11928.85,43924.37,
20211029,-21060.39,-68035.58,2671.87,-32274.33,-24108.45,-57125.12,-37356.79,-37290.41,1461201.61,91357.09,-40017.6,129900.41,76914.35,-29873.6,183356.41,8988.65,26657.66,-19200.45,16966.59,13960.1,43844.73,
20211130,-17832.89,-70211.97,3433.98,-32038.55,-24610.07,-56393.36,-38090.78,-43399.33,1651724.37,99886.65,-45147.18,136508.15,83429.46,-43837.99,186817.58,6158.5,25425.39,-18190.07,18076.87,9032.69,48939.73,
20211231,-19945.02,-70072.48,2539.86,-32307.3,-26638.98,-58255.86,-54325.34,-76497.49,1570744.41,100023.97,-42637.18,130200.15,85913.02,-47419.86,194052.58,5580.5,25359.4,-19174.21,15687.75,432.13,49432.1,
20220131,-19742.34,-69016.69,4115.64,-31817.06,-27024.24,-52208.86,-43550.78,-48703.89,1677370.88,106355.0,-40374.45,140749.99,80000.22,-46979.59,195230.32,6202.76,30549.26,-20165.08,15294.04,-7203.16,52175.51,
20220228,-18700.4,-69081.4,3618.88,-29775.81,-25140.49,-50902.61,-50210.67,-59236.51,1641131.48,105746.71,-59254.95,143736.17,82773.62,-52292.09,191721.93,6982.36,32106.98,-16065.08,14975.77,-4198.73,51428.61,
20220331,-17531.65,-64195.73,3839.73,-25369.26,-21959.24,-43305.35,-66089.58,-83523.57,1684081.48,86614.06,-47304.95,118659.45,93943.62,-67143.06,200176.93,7566.42,35523.45,1984.92,15785.55,-7213.34,58173.62,
20220429,-47247.56,1702512.84,
20220531,0,0,0,0,0,0,0,-43673.69,1594835.91,0,0,0,0,0,0,0,0,0,0,0,0,
20220630,0,0,0,0,0,0,0,-60916.79,1429085.52,0,0,0,0,0,0,0,0,0,0,0,0,
20220729,0,0,0,0,0,0,0,-59664.24,1374911.85,0,0,0,0,0,0,0,0,0,0,0,0,
20220831,0,0,0,0,0,0,0,-28599.24,1670519.93,0,0,0,0,0,0,0,0,0,0,0,0,
20220930,0,0,0,0,0,0,0,-19255.65,1803829.53,0,0,0,0,0,0,0,0,0,0,0,0,
20221031,0,0,0,0,0,0,0,-45784.89,1714847.53,0,0,0,0,0,0,0,0,0,0,0,0,
20221130,0,0,0,0,0,0,0,-77747.48,1635635.24,0,0,0,0,0,0,0,0,0,0,0,0,
20221230,0,0,0,0,0,0,0,-101638.83,1428003.41,0,0,0,0,0,0,0,0,0,0,0,0,
20230131,0,0,0,0,0,0,0,-84833.83,1286889.43,0,0,0,0,0,0,0,0,0,0,0,0,
20230228,0,0,0,0,0,0,0,-70998.83,1339207.56,0,0,0,0,0,0,0,0,0,0,0,0,
20230331,0,0,0,0,0,0,0,-75168.34,1235965.68,0,0,0,0,0,0,0,0,0,0,0,0,
20230428,0,0,0,0,0,0,0,-100711.54,1265942.01,0,0,0,0,0,0,0,0,0,0,0,0,
20230531,0,0,0,0,0,0,0,-92962.07,1236600.1,0,0,0,0,0,0,0,0,0,0,0,0,
20230630,0,0,0,0,0,0,0,-86344.76,1210946.73,0,0,0,0,0,0,0,0,0,0,0,0,
20230731,0,0,0,0,0,0,0,-88404.76,1176288.7,0,0,0,0,0,0,0,0,0,0,0,0,
20230831,0,0,0,0,0,0,0,-61084.76,1122898.25,0,0,0,0,0,0,0,0,0,0,0,0,
20230929,0,0,0,0,0,0,0,-56568.74,1215168.25,0,0,0,0,0,0,0,0,0,0,0,0,
20231031,0,0,0,0,0,0,0,-48191.93,1255338.5,0,0,0,0,0,0,0,0,0,0,0,0,
20231130,0,0,0,0,0,0,0,-30744.49,1486188.5,0,0,0,0,0,0,0,0,0,0,0,0,
20231229,0,0,0,0,0,0,0,-19574.49,1585172.5,0,0,0,0,0,0,0,0,0,0,0,0,
20240131,0,0,0,0,0,0,0,-14313.68,1472991.38,0,0,0,0,0,0,0,0,0,0,0,0,
20240229,0,0,0,0,0,0,0,-35861.64,1486752.17,0,0,0,0,0,0,0,0,0,0,0,0,
20240328,0,0,0,0,0,0,0,-49187.11,1419260.4,0,0,0,0,0,0,0,0,0,0,0,0,
20240430,0,0,0,0,0,0,0,1373675.96,0,0,0,0,0,0,0,0,0,0,0,0,
20240503,0,0,0,0,0,0,0,0,1457575.96,0,0,0,0,0,0,0,0,0,0,0,0,
