-----------------------------------------
Sys Name : TF-System#7_1R
Mkt Symb : CL Mkt Name : Crude
Profit/Loss : 103710.0
Num Trades : 101
Percent Wins : 0.238
Avg Win  : 8984.17
Avg Loss : -1453.38
Avg Trade: 1026.83
Max DrawDown: 44970.0
Avg DrawDown: 13166.67
AVG Monthly Return: 705.5102
Monthly StdDev: 4596.83381
-----------------------------------------
20100129          0          0
20100226          0          0
20100331          0          0
20100430       -840       -840
20100528       8950       8110
20100630      -1500       6610
20100730          0       6610
20100831       2480       9090
20100930      -5180       3910
20101029        -40       3870
20101130      -1550       2320
20101231      -1560        760        760
20110131      -1550       -790
20110228      -1550      -2340
20110331      -1560      -3900
20110429      -1550      -5450
20110531      -1560      -7010
20110630        260      -6750
20110729      -1330      -8080
20110831       3720      -4360
20110930      -1550      -5910
20111031      -3110      -9020
20111130       4480      -4540
20111230      -6040     -10580     -11340
20120131      -1990     -12570
20120229        770     -11800
20120330      -3010     -14810
20120430      -1550     -16360
20120531      10290      -6070
20120629       1900      -4170
20120731      -3120      -7290
20120831      -3110     -10400
20120928      -1550     -11950
20121031      -3190     -15140
20121130      -1920     -17060
20121231        820     -16240      -5660
20130131       5220     -11020
20130228      -4220     -15240
20130329      -1550     -16790
20130430      -1550     -18340
20130531          0     -18340
20130628      -1550     -19890
20130731       5550     -14340
20130830      -4200     -18540
20130930          0     -18540
20131031       3090     -15450
20131129       4310     -11140
20131231      -7390     -18530      -2290
20140131      -1560     -20090
20140228       2870     -17220
20140331      -3380     -20600
20140430          0     -20600
20140530      -1140     -21740
20140630      -1970     -23710
20140731      -1550     -25260
20140829      -4820     -30080
20140930      -1560     -31640
20141031       6440     -25200
20141128      14410     -10790
20141231      13210       2420      20950
20150130       5510       7930
20150227      -1720       6210
20150331       -390       5820
20150430      -1560       4260
20150529      -1560       2700
20150630          0       2700
20150731      10070      12770
20150831       -680      12090
20150930          0      12090
20151030      -1550      10540
20151130       1010      11550
20151231       5840      17390      14970
20160129       4390      21780
20160229       2390      24170
20160331        680      24850
20160429        810      25660
20160531       2500      28160
20160630      -1470      26690
20160729       1040      27730
20160831      -3400      24330
20160930          0      24330
20161031       -710      23620
20161130      -1560      22060
20161230      -1550      20510       3120
20170131          0      20510
20170228          0      20510
20170331        110      20620
20170428       -110      20510
20170531      -1550      18960
20170630      -1560      17400
20170731       1660      19060
20170831      -2410      16650
20170929       -450      16200
20171031       -890      15310
20171130       2830      18140
20171229       -260      17880      -2630
20180131       4360      22240
20180228      -2760      19480
20180329      -1550      17930
20180430       1830      19760
20180531        350      20110
20180629        330      20440
20180731      -3430      17010
20180831      -1810      15200
20180928       -300      14900
20181031      -3090      11810
20181130      14140      25950
20181231       5790      31740      13860
20190131      -4800      26940
20190228        830      27770
20190329       -890      26880
20190430       3660      30540
20190531       2230      32770
20190628      -3840      28930
20190731      -1560      27370
20190830      -1310      26060
20190930      -4710      21350
20191031          0      21350
20191129      -1560      19790
20191231       2020      21810      -9930
20200131       3900      25710
20200228       7070      32780
20200331      24660      57440
20200430       7300      64740
20200529      -5700      59040
20200630       3810      62850
20200731        840      63690
20200831       2060      65750
20200930      -1360      64390
20201030        280      64670
20201130      -1310      63360
20201231       2970      66330      44520
20210129       3630      69960
20210226       9280      79240
20210331      -3940      75300
20210430      -1300      74000
20210528      -1800      72200
20210630       5740      77940
20210730      -3900      74040
20210831      -1560      72480
20210930        230      72710
20211029       9090      81800
20211130      -9020      72780
20211231      -1560      71220       4890
20220131      11430      82650
20220228       9400      92050
20220331      11660     103710      32490
-----------------------------------------
-----------------------------------------
Sys Name : TF-System#7_1R
Mkt Symb : EC Mkt Name : EuroCur
Profit/Loss : 11825.0
Num Trades : 100
Percent Wins : 0.28
Avg Win  : 3637.95
Avg Loss : -1250.52
Avg Trade: 118.25
Max DrawDown: 23443.75
Avg DrawDown: 9261.98
AVG Monthly Return: 80.44218
Monthly StdDev: 2768.10145
-----------------------------------------
20100129       3113       3113
20100226       2825       5938
20100331      -2425       3513
20100430      -1556       1956
20100528       8812      10769
20100630        413      11181
20100730       -800      10381
20100831      -3750       6631
20100930       2875       9506
20101029       3912      13419
20101130      -1381      12038
20101231      -5231       6806       6806
20110131       -481       6325
20110228      -2625       3700
20110331       3650       7350
20110429       8525      15875
20110531      -4519      11356
20110630          0      11356
20110729      -1550       9806
20110831          0       9806
20110930       7313      17119
20111031      -5919      11200
20111130      -1556       9644
20111230       2750      12394       5588
20120131      -1656      10738
20120229      -1944       8794
20120330      -1162       7631
20120430          0       7631
20120531       7138      14769
20120629      -3575      11194
20120731       3588      14781
20120831       1362      16144
20120928       3363      19506
20121031       1375      20881
20121130       -700      20181
20121231      -1281      18900       6506
20130131        706      19606
20130228      -4231      15375
20130329       3200      18575
20130430      -4350      14225
20130531      -3106      11119
20130628      -1556       9563
20130731      -2887       6675
20130830      -3100       3575
20130930        175       3750
20131031        625       4375
20131129      -1550       2825
20131231        963       3788     -15112
20140131      -1831       1956
20140228       -769       1188
20140331       -250        938
20140430          0        938
20140530       -500        438
20140630        -94        344
20140731        950       1294
20140829       3212       4506
20140930       6388      10894
20141031      -1569       9325
20141128      -1556       7769
20141231         -0       7769       3981
20150130      10138      17906
20150227       1262      19169
20150331       5587      24756
20150430      -1244      23513
20150529      -2506      21006
20150630          0      21006
20150731      -1556      19450
20150831      -1256      18194
20150930          0      18194
20151030       -256      17938
20151130       5412      23350
20151231      -5081      18269      10500
20160129          0      18269
20160229       -162      18106
20160331          0      18106
20160429      -1556      16550
20160531       -575      15975
20160630      -2531      13444
20160729          0      13444
20160831      -2956      10488
20160930          0      10488
20161031       1231      11719
20161130       1819      13538
20161230       -188      13350      -4919
20170131          0      13350
20170228      -1669      11681
20170331      -1931       9750
20170428       -431       9319
20170531       4187      13506
20170630       1956      15463
20170731       4919      20381
20170831        644      21025
20170929       -556      20469
20171031         37      20506
20171130      -2463      18044
20171229          0      18044       4694
20180131       1156      19200
20180228      -2531      16669
20180329          0      16669
20180430        188      16856
20180531       5281      22138
20180629        594      22731
20180731      -1412      21319
20180831        456      21775
20180928      -1356      20419
20181031       3256      23675
20181130      -3544      20131
20181231          0      20131       2087
20190131      -3050      17081
20190228      -1312      15769
20190329      -2800      12969
20190430        -44      12925
20190531          0      12925
20190628      -1250      11675
20190731       -344      11331
20190830       -306      11025
20190930      -1194       9831
20191031      -1719       8113
20191129      -1263       6850
20191231       -587       6263     -13869
20200131      -1562       4700
20200228       1819       6519
20200331      -1681       4838
20200430          0       4838
20200529        212       5050
20200630       1613       6663
20200731       6825      13488
20200831       1750      15238
20200930      -1731      13506
20201030       -869      12638
20201130      -1625      11013
20201231       3319      14331       8069
20210129      -1862      12469
20210226      -1450      11019
20210331       2506      13525
20210430      -2337      11188
20210528       2150      13338
20210630       -194      13144
20210730       -231      12913
20210831       -637      12275
20210930        156      12431
20211029        394      12825
20211130       3025      15850
20211231       -613      15238        906
20220131      -1875      13363
20220228       -800      12563
20220331       -738      11825      -3413
-----------------------------------------
-----------------------------------------
Sys Name : TF-System#7_1R
Mkt Symb : GC Mkt Name : Gold
Profit/Loss : 4910.0
Num Trades : 108
Percent Wins : 0.213
Avg Win  : 5866.09
Avg Loss : -1529.53
Avg Trade: 45.46
Max DrawDown: 35520.0
Avg DrawDown: 14172.5
AVG Monthly Return: 33.40136
Monthly StdDev: 3702.89159
-----------------------------------------
20100129          0          0
20100226      -1550      -1550
20100331          0      -1550
20100430      -1560      -3110
20100528      -4660      -7770
20100630      -2840     -10610
20100730      -4670     -15280
20100831       -770     -16050
20100930       5930     -10120
20101029       1620      -8500
20101130      -1560     -10060
20101231          0     -10060     -10060
20110131       1200      -8860
20110228         90      -8770
20110331       2890      -5880
20110429      11650       5770
20110531      -6150       -380
20110630      -1550      -1930
20110729       3940       2010
20110831       8970      10980
20110930          0      10980
20111031          0      10980
20111130      -1550       9430
20111230      10120      19550      29610
20120131      -6550      13000
20120229      -4170       8830
20120330      -1560       7270
20120430      -1950       5320
20120531       4400       9720
20120629      -3810       5910
20120731          0       5910
20120831       4740      10650
20120928       8630      19280
20121031      -5180      14100
20121130          0      14100
20121231       -410      13690      -5860
20130131      -1140      12550
20130228       7050      19600
20130328      -2710      16890
20130430       -330      16560
20130531          0      16560
20130628      -1740      14820
20130731      -1740      13080
20130830       3050      16130
20130930      -4380      11750
20131031      -4500       7250
20131129          0       7250
20131231      -3120       4130      -9560
20140131      -1550       2580
20140228       3150       5730
20140331      -1060       4670
20140430          0       4670
20140530       1800       6470
20140630      -2760       3710
20140731      -1730       1980
20140829      -1560        420
20140930       5510       5930
20141031      -2940       2990
20141128      -1560       1430
20141231      -1560       -130      -4260
20150130       1450       1320
20150227      -3070      -1750
20150331       3080       1330
20150430      -3230      -1900
20150529      -1530      -3430
20150630      -1550      -4980
20150731       5940        960
20150831      -3590      -2630
20150930          0      -2630
20151030      -1550      -4180
20151130       4120        -60
20151231        510        450        580
20160129      -2650      -2200
20160229      11800       9600
20160331        -70       9530
20160429        540      10070
20160531       -720       9350
20160630      -2570       6780
20160729       -970       5810
20160831        330       6140
20160930      -1890       4250
20161031       -260       3990
20161130       4350       8340
20161230       2220      10560      10110
20170131      -3690       6870
20170228      -1220       5650
20170331      -1890       3760
20170428      -1550       2210
20170531      -1550        660
20170630          0        660
20170731      -1840      -1180
20170831      -4390      -5570
20170929      -1560      -7130
20171031          0      -7130
20171130          0      -7130
20171229       -310      -7440     -18000
20180131       3270      -4170
20180228       -780      -4950
20180329      -1550      -6500
20180430       -120      -6620
20180531       1080      -5540
20180629       2660      -2880
20180731       3050        170
20180831       2690       2860
20180928       -960       1900
20181031      -1860         40
20181130          0         40
20181231       3670       3710      11150
20190131       3770       7480
20190228      -1010       6470
20190329      -1560       4910
20190430       -620       4290
20190531       -580       3710
20190628      10120      13830
20190731       1120      14950
20190830       9160      24110
20190930      -2240      21870
20191031      -1560      20310
20191129        340      20650
20191231        170      20820      17110
20200131       1510      22330
20200228       -270      22060
20200331      -1440      20620
20200430      -1550      19070
20200529          0      19070
20200630      -3320      15750
20200731       8790      24540
20200831      -5520      19020
20200930      -1560      17460
20201030      -1200      16260
20201130       2630      18890
20201231      -7670      11220      -9600
20210129      -1550       9670
20210226      -3980       5690
20210331      -1560       4130
20210430        290       4420
20210528      13510      17930
20210630      -6770      11160
20210730          0      11160
20210831      -1560       9600
20210930      -3110       6490
20211029          0       6490
20211130       -210       6280
20211231          0       6280      -4940
20220131      -1550       4730
20220228      -4010        720
20220331       4190       4910      -1370
-----------------------------------------
-----------------------------------------
Sys Name : TF-System#7_1R
Mkt Symb : KC Mkt Name : Coffee
Profit/Loss : -24925.0
Num Trades : 116
Percent Wins : 0.233
Avg Win  : 3877.78
Avg Loss : -1456.46
Avg Trade: -214.87
Max DrawDown: 64431.25
Avg DrawDown: 13968.23
AVG Monthly Return: -169.55782
Monthly StdDev: 3370.12326
-----------------------------------------
20100129        337        337
20100226        788       1125
20100331      -1888       -763
20100430      -2144      -2906
20100528          0      -2906
20100630       7406       4500
20100730      -1944       2556
20100831      -1550       1006
20100930      -1550       -544
20101029       1225        681
20101130      -2281      -1600
20101231       5812       4212       4212
20110131       1613       5825
20110228       9244      15069
20110331        363      15431
20110429        325      15756
20110531      -8050       7706
20110630      -3587       4119
20110729          0       4119
20110831       6325      10444
20110930     -11538      -1094
20111031      -1569      -2662
20111130          0      -2662
20111230      -1550      -4212      -8425
20120131       -837      -5050
20120229      -1175      -6225
20120330       7800       1575
20120430       1950       3525
20120531        906       4431
20120629       -819       3613
20120731      -1569       2044
20120831          0       2044
20120928      -1588        456
20121031      -1550      -1094
20121130       3637       2544
20121231       2550       5094       9306
20130131      -2187       2906
20130228        769       3675
20130328      -1081       2594
20130430      -1306       1288
20130531        794       2081
20130628       3281       5363
20130731      -3744       1619
20130830      -1231        388
20130930       -800       -412
20131031       1619       1206
20131129       -900        306
20131231       -388        -81      -5175
20140131      -1569      -1650
20140228      19894      18244
20140331      -3162      15081
20140430      -1569      13513
20140530      -1550      11963
20140630      -1550      10413
20140731      -1550       8863
20140829      -1550       7313
20140930      -3100       4213
20141031      -2169       2044
20141128      -1550        494
20141231       6525       7019       7100
20150130      -7637       -619
20150227       7406       6788
20150331       2850       9638
20150430      -2038       7600
20150529       -294       7306
20150630      -2825       4481
20150731      -3137       1344
20150831      -3137      -1794
20150930      -1550      -3344
20151030      -1550      -4894
20151130      -1550      -6444
20151231      -1550      -7994     -15012
20160129      -1550      -9544
20160229          0      -9544
20160331        619      -8925
20160429       -875      -9800
20160531      -3100     -12900
20160630      -2000     -14900
20160729      -1569     -16469
20160831      -1569     -18037
20160930        -31     -18069
20161031      -1287     -19356
20161130        -31     -19387
20161230       5081     -14306      -6312
20170131      -4394     -18700
20170228       -412     -19112
20170331      -1925     -21037
20170428       -725     -21762
20170531      -3138     -24900
20170630        981     -23919
20170731       -837     -24756
20170831      -1850     -26606
20170929      -1456     -28062
20171031      -3138     -31200
20171130          0     -31200
20171229      -1100     -32300     -17994
20180131          0     -32300
20180228       -637     -32937
20180329       -500     -33437
20180430      -1863     -35300
20180531       -819     -36119
20180629       1200     -34919
20180731        662     -34256
20180831       3113     -31144
20180928       -406     -31550
20181031        281     -31269
20181130      -2519     -33787
20181231       2494     -31294       1006
20190131      -1944     -33237
20190228       1838     -31400
20190329       1481     -29919
20190430        981     -28937
20190531       1450     -27487
20190628      -2900     -30387
20190731      -1550     -31937
20190830       1388     -30550
20190930      -2487     -33037
20191031      -1306     -34344
20191129       4369     -29975
20191231       3994     -25981       5313
20200131       1169     -24812
20200228      -2588     -27400
20200331      -3850     -31250
20200430        394     -30856
20200529       1188     -29669
20200630      -1812     -31481
20200731       4069     -27412
20200831      -2750     -30162
20200930       -950     -31112
20201030       2456     -28656
20201130       -838     -29494
20201231       1856     -27637      -1656
20210129      -2281     -29919
20210226        975     -28944
20210331      -1081     -30025
20210430        344     -29681
20210528       7837     -21844
20210630      -4962     -26806
20210730       5313     -21494
20210831          0     -21494
20210930          0     -21494
20211029      -3644     -25137
20211130       4575     -20562
20211231        -87     -20650       6987
20220131          0     -20650
20220228      -1156     -21806
20220331      -3119     -24925      -4275
-----------------------------------------
-----------------------------------------
Sys Name : TF-System#7_1R
Mkt Symb : NG Mkt Name : Nat.Gas
Profit/Loss : 3370.0
Num Trades : 100
Percent Wins : 0.3
Avg Win  : 3329.67
Avg Loss : -1379.57
Avg Trade: 33.7
Max DrawDown: 33960.0
Avg DrawDown: 10360.0
AVG Monthly Return: 22.92517
Monthly StdDev: 2789.24382
-----------------------------------------
20100129          0          0
20100226          0          0
20100331       8720       8720
20100430        380       9100
20100528      -3620       5480
20100630       -390       5090
20100730      -3000       2090
20100831       4350       6440
20100930        720       7160
20101029       2330       9490
20101130      -1550       7940
20101231      -2180       5760       5760
20110131      -2260       3500
20110228       1140       4640
20110331      -1020       3620
20110429          0       3620
20110531      -3110        510
20110630      -1550      -1040
20110729      -1560      -2600
20110831      -1560      -4160
20110930       1190      -2970
20111031       -250      -3220
20111130       1320      -1900
20111230       5990       4090      -1670
20120131       5260       9350
20120229        270       9620
20120330       5830      15450
20120430       -970      14480
20120531      -1550      12930
20120629      -1560      11370
20120731       1440      12810
20120831      -4150       8660
20120928        -40       8620
20121031        450       9070
20121130      -1560       7510
20121231       -490       7020       2930
20130131       -690       6330
20130228      -1560       4770
20130329       3630       8400
20130430       2820      11220
20130531      -3540       7680
20130628       3020      10700
20130731      -1790       8910
20130830       -430       8480
20130930      -3120       5360
20131031          0       5360
20131129       -930       4430
20131231       2230       6660       -360
20140131       2670       9330
20140228      -3460       5870
20140331      -1560       4310
20140430        410       4720
20140530      -1960       2760
20140630          0       2760
20140731       5230       7990
20140829      -1820       6170
20140930        650       6820
20141031       -590       6230
20141128       -670       5560
20141231       2440       8000       1340
20150130       1670       9670
20150227      -2580       7090
20150331       -160       6930
20150430        540       7470
20150529        500       7970
20150630          0       7970
20150731          0       7970
20150831        350       8320
20150930        310       8630
20151030       4930      13560
20151130       2070      15630
20151231       -670      14960       6960
20160129          0      14960
20160229       2610      17570
20160331      -1720      15850
20160429      -1970      13880
20160531          0      13880
20160630       5230      19110
20160729       -130      18980
20160831      -2870      16110
20160930      -1560      14550
20161031       1160      15710
20161130      -1210      14500
20161230      -1560      12940      -2020
20170131          0      12940
20170228       1020      13960
20170331      -2120      11840
20170428      -1560      10280
20170531        750      11030
20170630       -260      10770
20170731      -1260       9510
20170831      -1210       8300
20170929      -2090       6210
20171031      -1080       5130
20171130      -2930       2200
20171229      -1300        900     -12040
20180131       2930       3830
20180228      -3060        770
20180329          0        770
20180430       -810        -40
20180531        190        150
20180629       -350       -200
20180731        660        460
20180831       -960       -500
20180928       -250       -750
20181031       1920       1170
20181130       6410       7580
20181231      -1560       6020       5120
20190131      -1560       4460
20190228       -800       3660
20190329       -760       2900
20190430       1130       4030
20190531       -670       3360
20190628       1190       4550
20190731      -2390       2160
20190830      -1560        600
20190930        650       1250
20191031          0       1250
20191129          0       1250
20191231       -770        480      -5540
20200131       3250       3730
20200228       1690       5420
20200331      -1540       3880
20200430      -3180        700
20200529      -3100      -2400
20200630       -120      -2520
20200731          0      -2520
20200831       4300       1780
20200930      -4770      -2990
20201030          0      -2990
20201130      -3110      -6100
20201231      -3100      -9200      -9680
20210129          0      -9200
20210226      -1560     -10760
20210331          0     -10760
20210430       -340     -11100
20210528       -880     -11980
20210630        560     -11420
20210730       2820      -8600
20210831       4430      -4170
20210930      14230      10060
20211029      -4980       5080
20211130      -1560       3520
20211231       7750      11270      20470
20220131      -7440       3830
20220228      -4960      -1130
20220331       4500       3370      -7900
-----------------------------------------
-----------------------------------------
Sys Name : TF-System#7_1R
Mkt Symb : S_ Mkt Name : SoyBean
Profit/Loss : 71737.5
Num Trades : 88
Percent Wins : 0.341
Avg Win  : 4668.75
Avg Loss : -1178.02
Avg Trade: 815.2
Max DrawDown: 16950.0
Avg DrawDown: 6834.38
AVG Monthly Return: 488.0102
Monthly StdDev: 2687.89575
-----------------------------------------
20100129       1800       1800
20100226      -1925       -125
20100331        262        138
20100430        288        425
20100528       -725       -300
20100630      -1600      -1900
20100730       4000       2100
20100831       -688       1412
20100930       1888       3300
20101029       1775       5075
20101130      -1312       3762
20101231       3888       7650       7650
20110131        500       8150
20110228      -2138       6012
20110331      -1562       4450
20110429          0       4450
20110531          0       4450
20110630       -300       4150
20110729      -2550       1600
20110831       1800       3400
20110930       3650       7050
20111031      -1462       5588
20111130       4300       9888
20111230      -1638       8250        600
20120131          0       8250
20120229       3038      11288
20120330       4150      15438
20120430       5288      20725
20120531      -5625      15100
20120629      -3112      11988
20120731      11825      23812
20120831       5775      29588
20120928      -6075      23512
20121031      -3125      20388
20121130        475      20862
20121231      -1712      19150      10900
20130131      -2000      17150
20130228      -1112      16038
20130329          0      16038
20130430      -1700      14338
20130531       3012      17350
20130628       -562      16788
20130731       1538      18325
20130830       1488      19812
20130930      -3625      16188
20131031          0      16188
20131129      -1088      15100
20131231       -938      14162      -4988
20140131       -525      13638
20140228       4175      17812
20140331       2500      20312
20140430       2625      22938
20140530      -2750      20188
20140630       5000      25188
20140731       3762      28950
20140829       2888      31838
20140930       5150      36988
20141031      -1475      35512
20141128      -1788      33725
20141231          0      33725      19562
20150130       2200      35925
20150227      -1600      34325
20150331      -3112      31212
20150430          0      31212
20150529        612      31825
20150630       3650      35475
20150731      -3225      32250
20150831       1225      33475
20150930       -225      33250
20151030      -1238      32012
20151130       -738      31275
20151231          0      31275      -2450
20160129          0      31275
20160229         88      31362
20160331        150      31512
20160429       5475      36988
20160531       2438      39425
20160630       5150      44575
20160729      -3488      41088
20160831       3000      44088
20160930      -1838      42250
20161031        475      42725
20161130      -1150      41575
20161230       -675      40900       9625
20170131      -3012      37888
20170228      -1275      36612
20170331       3225      39838
20170428         12      39850
20170531       -162      39688
20170630      -2438      37250
20170731       2188      39438
20170831      -1525      37912
20170929      -1350      36562
20171031       -750      35812
20171130       -988      34825
20171229       -312      34512      -6388
20180131      -1025      33488
20180228       1650      35138
20180329      -1288      33850
20180430          0      33850
20180531       -888      32962
20180629       5725      38688
20180731      -1950      36738
20180831       3775      40512
20180928       -325      40188
20181031      -1038      39150
20181130      -1238      37912
20181231       -638      37275       2762
20190131          0      37275
20190228          0      37275
20190329       -525      36750
20190430        875      37625
20190531        -75      37550
20190628        -50      37500
20190731       -812      36688
20190830       -800      35888
20190930        138      36025
20191031        300      36325
20191129       1062      37388
20191231      -1912      35475      -1800
20200131      -1175      34300
20200228       -550      33750
20200331       1238      34988
20200430          0      34988
20200529          0      34988
20200630        762      35750
20200731         38      35788
20200831       1025      36812
20200930       3500      40312
20201030       1925      42238
20201130       5612      47850
20201231       7025      54875      19400
20210129       2950      57825
20210226       1588      59412
20210331      -2850      56562
20210430       4475      61038
20210528       -388      60650
20210630       1225      61875
20210730       -788      61088
20210831      -1562      59525
20210930      -1562      57962
20211029        375      58338
20211130      -3112      55225
20211231       1225      56450       1575
20220131       7562      64012
20220228       7512      71525
20220331        212      71738      15288
-----------------------------------------
-----------------------------------------
Sys Name : TF-System#7_1R
Mkt Symb : LH Mkt Name : LHogs
Profit/Loss : 26870.0
Num Trades : 84
Percent Wins : 0.417
Avg Win  : 2216.29
Avg Loss : -1056.25
Avg Trade: 319.88
Max DrawDown: 11510.0
Avg DrawDown: 5516.67
AVG Monthly Return: 182.78912
Monthly StdDev: 1860.18698
-----------------------------------------
20100129       -880       -880
20100226          0       -880
20100331        -30       -910
20100430        440       -470
20100528        140       -330
20100630      -1240      -1570
20100730      -1220      -2790
20100831      -1140      -3930
20100930          0      -3930
20101029        -40      -3970
20101130      -1450      -5420
20101231        390      -5030      -5030
20110131        880      -4150
20110228      -1320      -5470
20110331      -1350      -6820
20110429       1320      -5500
20110531       2170      -3330
20110630      -2630      -5960
20110729        930      -5030
20110831      -1400      -6430
20110930       -580      -7010
20111031       -580      -7590
20111130          0      -7590
20111230       1160      -6430      -1400
20120131       -690      -7120
20120229       -180      -7300
20120330       1890      -5410
20120430       -230      -5640
20120531       -220      -5860
20120629       -350      -6210
20120731      -1070      -7280
20120831       -410      -7690
20120928       -210      -7900
20121031       1810      -6090
20121130       1680      -4410
20121231       -960      -5370       1060
20130131          0      -5370
20130228       1350      -4020
20130328        600      -3420
20130430        170      -3250
20130531        890      -2360
20130628       1590       -770
20130731       -490      -1260
20130830        880       -380
20130930        940        560
20131031       1020       1580
20131129       -470       1110
20131231       1470       2580       7950
20140131       -670       1910
20140228       4090       6000
20140331       6650      12650
20140430      -2180      10470
20140530        960      11430
20140630      -1820       9610
20140731       2110      11720
20140829       2020      13740
20140930      -1820      11920
20141031       -110      11810
20141128      -1450      10360
20141231       1560      11920       9340
20150130       4440      16360
20150227        910      17270
20150331       -610      16660
20150430       -180      16480
20150529        670      17150
20150630       1400      18550
20150731      -1130      17420
20150831          0      17420
20150930       1890      19310
20151030       -850      18460
20151130        680      19140
20151231      -1180      17960       6040
20160129       1330      19290
20160229       -290      19000
20160331       -130      18870
20160429       -240      18630
20160531      -1160      17470
20160630        160      17630
20160729       3520      21150
20160831      -1520      19630
20160930       5770      25400
20161031      -1590      23810
20161130        170      23980
20161230       3320      27300       9340
20170131        690      27990
20170228       -750      27240
20170331        -80      27160
20170428        310      27470
20170531       2780      30250
20170630        630      30880
20170731       -960      29920
20170831      -1740      28180
20170929       1720      29900
20171031      -1150      28750
20171130      -1550      27200
20171229          0      27200       -100
20180131      -1040      26160
20180228       -400      25760
20180329       2810      28570
20180430       1540      30110
20180531      -1910      28200
20180629      -2400      25800
20180731       3750      29550
20180831      -1350      28200
20180928        880      29080
20181031      -1670      27410
20181130      -1430      25980
20181231       1070      27050       -150
20190131      -1240      25810
20190228       1740      27550
20190329       -420      27130
20190430       -130      27000
20190531       -240      26760
20190628       4250      31010
20190731      -2360      28650
20190830      -3740      24910
20190930          0      24910
20191031      -2740      22170
20191129       1030      23200
20191231       -790      22410      -4640
20200131       3800      26210
20200228      -2660      23550
20200331       1000      24550
20200430      -1560      22990
20200529      -1550      21440
20200630        990      22430
20200731      -1190      21240
20200831       -160      21080
20200930       6730      27810
20201030        990      28800
20201130       -360      28440
20201231      -1560      26880       4470
20210129      -1550      25330
20210226       3000      28330
20210331       5340      33670
20210430      -1280      32390
20210528       -470      31920
20210630      -1060      30860
20210730      -1680      29180
20210831          0      29180
20210930        250      29430
20211029      -4650      24780
20211130          0      24780
20211231       -960      23820      -3060
20220131       1030      24850
20220228       3120      27970
20220331      -1100      26870       3050
-----------------------------------------
-----------------------------------------
Sys Name : TF-System#7_1R
Mkt Symb : SB Mkt Name : Sugar
Profit/Loss : 17702.8
Num Trades : 87
Percent Wins : 0.379
Avg Win  : 1803.77
Avg Loss : -774.47
Avg Trade: 203.48
Max DrawDown: 15435.2
Avg DrawDown: 4331.17
AVG Monthly Return: 120.42721
Monthly StdDev: 1469.22804
-----------------------------------------
20100129       2688       2688
20100226      -4239      -1551
20100331       4043       2492
20100430       1714       4206
20100528        -39       4167
20100630        728       4895
20100730       3931       8826
20100831        202       9028
20100930       5387      14415
20101029       6317      20732
20101130      -2967      17765
20101231      -1551      16214      16214
20110131          0      16214
20110228      -3802      12412
20110331      -1551      10861
20110429       1030      11892
20110531       -722      11170
20110630       3998      15168
20110729       3886      19054
20110831      -2978      16076
20110930        930      17006
20111031      -1708      15298
20111130        605      15903
20111230        437      16340        126
20120131      -2374      13966
20120229        706      14672
20120330      -1092      13580
20120430       2106      15686
20120531       1904      17590
20120629      -2424      15165
20120731        616      15781
20120831       -912      14869
20120928         56      14925
20121031      -1080      13844
20121130        134      13979
20121231      -1086      12893      -3446
20130131       -879      12014
20130228       -453      11561
20130328       -498      11063
20130430       -213      10850
20130531        488      11338
20130628       -330      11008
20130731       -364      10644
20130830       -666       9978
20130930        235      10214
20131031        611      10824
20131129        504      11328
20131231        829      12157       -736
20140131        801      12958
20140228        974      13933
20140331       -711      13222
20140430       -845      12377
20140530      -1058      11319
20140630       -140      11179
20140731        762      11941
20140829       1086      13027
20140930        846      13873
20141031       -744      13129
20141128       -733      12396
20141231        773      13168       1011
20150130      -1388      11780
20150227         90      11870
20150331       2061      13931
20150430      -1394      12537
20150529       -408      12128
20150630         17      12146
20150731        459      12605
20150831        504      13109
20150930       -621      12488
20151030       1848      14336
20151130        459      14795
20151231       -487      14308       1140
20160129        -84      14224
20160229       -621      13603
20160331       1075      14678
20160429       -800      13878
20160531        571      14449
20160630       3035      17484
20160729       -722      16762
20160831          0      16762
20160930        963      17726
20161031       -588      17138
20161130       1915      19053
20161230        336      19389       5081
20170131       -845      18544
20170228        650      19194
20170331       2766      21960
20170428        795      22755
20170531        196      22952
20170630       1434      24385
20170731       -778      23607
20170831      -2004      21603
20170929       -935      20668
20171031        101      20769
20171130       -285      20484
20171229       -985      19499        110
20180131        459      19958
20180228       -291      19667
20180329        488      20155
20180430        885      21040
20180531       -319      20721
20180629      -1058      19663
20180731       1232      20895
20180831       -240      20654
20180928       -935      19720
20181031        280      20000
20181130       -375      19625
20181231        302      19927        428
20190131      -1343      18584
20190228       -509      18075
20190329       -464      17610
20190430         45      17655
20190531        269      17924
20190628       -184      17740
20190731       -509      17230
20190830        258      17488
20190930       -274      17214
20191031          0      17214
20191129        123      17337
20191231        538      17875      -2052
20200131       1333      19208
20200228        320      19527
20200331       3450      22977
20200430        258      23234
20200529       -576      22658
20200630        510      23168
20200731          0      23168
20200831        -11      23157
20200930      -1041      22116
20201030        594      22710
20201130        342      23052
20201231       -554      22498       4623
20210129        129      22627
20210226       -235      22392
20210331       -296      22095
20210430       -756      21340
20210528        426      21765
20210630       -783      20982
20210730          0      20982
20210831        202      21184
20210930       -935      20249
20211029       -464      19784
20211130       -834      18950
20211231       -856      18094      -4404
20220131       -487      17607
20220228          0      17607
20220331         96      17703       -391
-----------------------------------------
-----------------------------------------
Sys Name : TF-System#7_1R
Mkt Symb : SI Mkt Name : Silver
Profit/Loss : 37545.0
Num Trades : 112
Percent Wins : 0.223
Avg Win  : 9616.2
Avg Loss : -2331.72
Avg Trade: 335.22
Max DrawDown: 93095.0
Avg DrawDown: 22745.83
AVG Monthly Return: 255.40816
Monthly StdDev: 8684.21226
-----------------------------------------
20100129        350        350
20100226      -3490      -3140
20100331          0      -3140
20100430      -1570      -4710
20100528      -3140      -7850
20100630          0      -7850
20100730          0      -7850
20100831       2205      -5645
20100930      11945       6300
20101029      13715      20015
20101130       7565      27580
20101231      -7200      20380      20380
20110131      -6960      13420
20110228      14610      28030
20110331      20340      48370
20110429      53450     101820
20110531     -39105      62715
20110630          0      62715
20110729      -9415      53300
20110831     -16440      36860
20110930      29010      65870
20111031     -17475      48395
20111130          0      48395
20111230      -3650      44745      24365
20120131      -1550      43195
20120229     -16640      26555
20120330      -3650      22905
20120430      -4700      18205
20120531       8540      26745
20120629     -18020       8725
20120731        510       9235
20120831      12995      22230
20120928      15675      37905
20121031     -12580      25325
20121130      -5180      20145
20121231       -540      19605     -25140
20130131          0      19605
20130228       7815      27420
20130329        545      27965
20130430      20900      48865
20130531       7925      56790
20130628      -3935      52855
20130731          0      52855
20130830      10470      63325
20130930      -5960      57365
20131031          0      57365
20131129       3035      60400
20131231       3315      63715      44110
20140131      -3875      59840
20140228      -1570      58270
20140331         15      58285
20140430      -3155      55130
20140530          0      55130
20140630       -400      54730
20140731      -2725      52005
20140829      -1555      50450
20140930      10765      61215
20141031      -1650      59565
20141128      -1675      57890
20141231      -1570      56320      -7395
20150130      -1570      54750
20150227      -1555      53195
20150331      -1555      51640
20150430      -3225      48415
20150529      -1570      46845
20150630       -245      46600
20150731       4180      50780
20150831      -5195      45585
20150930          0      45585
20151030       -265      45320
20151130       3905      49225
20151231       1415      50640      -5680
20160129      -3260      47380
20160229       1095      48475
20160331      -1555      46920
20160429       7850      54770
20160531      -6605      48165
20160630          0      48165
20160729       7660      55825
20160831      -1825      54000
20160930      -2835      51165
20161031         45      51210
20161130      -4755      46455
20161230      -1565      44890      -5750
20170131          0      44890
20170228        745      45635
20170331      -3865      41770
20170428          0      41770
20170531       -820      40950
20170630          0      40950
20170731      -1560      39390
20170831      -1740      37650
20170929       -600      37050
20171031      -1575      35475
20171130      -1395      34080
20171229       -500      33580     -11310
20180131      -1555      32025
20180228          0      32025
20180329          0      32025
20180430      -1555      30470
20180531      -1570      28900
20180629      -1530      27370
20180731      -1445      25925
20180831       5635      31560
20180928       -775      30785
20181031       -815      29970
20181130      -1250      28720
20181231       3400      32120      -1460
20190131      -1465      30655
20190228          0      30655
20190329      -2175      28480
20190430      -1365      27115
20190531       -145      26970
20190628      -2290      24680
20190731       4100      28780
20190830       8960      37740
20190930      -2190      35550
20191031          0      35550
20191129        535      36085
20191231       2550      38635       6515
20200131      -1020      37615
20200228      -1565      36050
20200331       6775      42825
20200430      -2415      40410
20200529       6370      46780
20200630        -90      46690
20200731      27895      74585
20200831      -2400      72185
20200930          0      72185
20201030          0      72185
20201130        935      73120
20201231      -9635      63485      24850
20210129          0      63485
20210226     -11850      51635
20210331      -3985      47650
20210430        310      47960
20210528      -5250      42710
20210630          0      42710
20210730      -1570      41140
20210831        680      41820
20210930       4315      46135
20211029      -7290      38845
20211130      -1000      37845
20211231      -2150      35695     -27790
20220131      -1550      34145
20220228        180      34325
20220331       3220      37545       1850
-----------------------------------------
-----------------------------------------
Sys Name : TF-System#7_1R
Mkt Symb : TY Mkt Name : TenYr
Profit/Loss : 6341.1
Num Trades : 88
Percent Wins : 0.341
Avg Win  : 1738.4
Avg Loss : -790.71
Avg Trade: 72.06
Max DrawDown: 20421.45
Avg DrawDown: 5276.86
AVG Monthly Return: 43.13673
Monthly StdDev: 1309.90101
-----------------------------------------
20100129          0          0
20100226          0          0
20100331       -516       -516
20100430        216       -299
20100528       2781       2482
20100630       2672       5154
20100730       -347       4806
20100831       2672       7478
20100930      -2254       5224
20101029       -991       4234
20101130      -1800       2433
20101231       3672       6105       6105
20110131       -580       5525
20110228      -1018       4507
20110331       -316       4190
20110429        203       4393
20110531       2859       7253
20110630        605       7858
20110729          0       7858
20110831       4547      12405
20110930       1062      13467
20111031      -2693      10774
20111130       -656      10118
20111230      -1273       8844       2739
20120131       -614       8231
20120229      -1222       7009
20120330       -845       6163
20120430        703       6866
20120531       2625       9491
20120629       -562       8929
20120731        731       9659
20120831      -1394       8266
20120928          0       8266
20121031       -956       7310
20121130        688       7997
20121231       -770       7227      -1617
20130131       -909       6318
20130228          0       6318
20130329       -141       6178
20130430       1375       7553
20130531        -51       7502
20130628       2656      10158
20130731        125      10283
20130830       -865       9418
20130930       -861       8558
20131031        969       9526
20131129      -1331       8195
20131231       1219       9414       2186
20140131        169       9583
20140228        344       9927
20140331       -848       9079
20140430      -1080       7999
20140530       1297       9296
20140630      -1113       8183
20140731          0       8183
20140829       -379       7804
20140930       -159       7645
20141031        903       8547
20141128          0       8547
20141231       -879       7668      -1746
20150130       1609       9277
20150227      -3709       5568
20150331      -1815       3753
20150430       -238       3515
20150529       -299       3216
20150630       -628       2589
20150731          0       2589
20150831      -1617        972
20150930        -47        925
20151030       -581        343
20151130        641        984
20151231       -674        310      -7358
20160129       2047       2357
20160229       1297       3654
20160331      -1113       2541
20160429          0       2541
20160531          0       2541
20160630       -739       1802
20160729          0       1802
20160831       -516       1286
20160930      -1161        125
20161031       -203        -78
20161130       2247       2169
20161230        234       2403       2093
20170131       -284       2119
20170228       -547       1572
20170331      -1475         97
20170428        516        612
20170531       -878       -266
20170630       -442       -707
20170731       -987      -1694
20170831        500      -1194
20170929       -347      -1542
20171031        375      -1167
20171130       -503      -1670
20171229      -1049      -2719      -5122
20180131       2469       -250
20180228      -1050      -1299
20180329      -1002      -2302
20180430       -141      -2442
20180531       -361      -2803
20180629       -941      -3745
20180731          0      -3745
20180831      -1033      -4778
20180928       -145      -4923
20181031       -189      -5112
20181130        359      -4753
20181231       2562      -2190        528
20190131        453      -1737
20190228       -598      -2335
20190329        530      -1806
20190430       -972      -2778
20190531       2016       -762
20190628       1219        457
20190731       -547        -90
20190830       3641       3550
20190930      -1676       1874
20191031      -1125        749
20191129        950       1699
20191231          0       1699       3889
20200131       1078       2777
20200228       3203       5980
20200331        622       6602
20200430          0       6602
20200529          0       6602
20200630       -550       6052
20200731        906       6958
20200831       -676       6282
20200930          0       6282
20201030      -1068       5215
20201130      -1646       3569
20201231          0       3569       1870
20210129         29       3598
20210226       1844       5442
20210331       1781       7223
20210430      -1094       6129
20210528       -534       5595
20210630       -692       4904
20210730       1109       6013
20210831       -676       5338
20210930         29       5366
20211029        906       6273
20211130      -2255       4018
20211231      -1159       2858       -711
20220131       1531       4390
20220228        469       4858
20220331       1483       6341       3483
-----------------------------------------
