-----------------------------------------
Sys Name : TF-System#3_1R
Mkt Symb : EC Mkt Name : EuroCur
20100324    TF_Sys3:S  1   1.47735       0.00       0.00
20100729  LiqShortPos  1   1.45305    2987.50    2987.50
20100729    TF_Sys3:B  1   1.45305       0.00       0.00
20100820        Lxit1  1   1.41300   -5056.25   -2068.75
20101110    TF_Sys3:S  1   1.52355       0.00       0.00
20110318         Sxit  1   1.56360   -5056.25   -7125.00
20110421    TF_Sys3:B  1   1.60105       0.00       0.00
20110512        Lxit1  1   1.56105   -5050.00  -12175.00
20110513    TF_Sys3:S  1   1.55865       0.00       0.00
20110602         Sxit  1   1.59870   -5056.25  -17231.25
20120113    TF_Sys3:S  1   1.41855       0.00       0.00
20120125         Sxit  1   1.45860   -5056.25  -22287.50
20120209    TF_Sys3:B  1   1.48035       0.00       0.00
20120514        Lxit1  1   1.43885   -5237.50  -27525.00
20120720    TF_Sys3:S  1   1.36545       0.00       0.00
20120823         Sxit  1   1.40550   -5056.25  -32581.25
20120907    TF_Sys3:B  1   1.42845       0.00       0.00
20130225   LiqLongPos  1   1.45845    3700.00  -28881.25
20130225    TF_Sys3:S  1   1.45845       0.00       0.00
20130918         Sxit  1   1.49850   -5056.25  -33937.50
20131017    TF_Sys3:B  1   1.51205       0.00       0.00
20131101   LiqLongPos  1   1.49345   -2375.00  -36312.50
20131101    TF_Sys3:S  1   1.49345       0.00       0.00
20131227         Sxit  1   1.53345   -5050.00  -41362.50
20140307    TF_Sys3:B  1   1.53155       0.00       0.00
20140605   LiqLongPos  1   1.51045   -2687.50  -44050.00
20140605    TF_Sys3:S  1   1.51045       0.00       0.00
20150506  LiqShortPos  1   1.27755   29062.50  -14987.50
20150506    TF_Sys3:B  1   1.27755       0.00       0.00
20150526        Lxit1  1   1.23750   -5056.25  -20043.75
20151125    TF_Sys3:S  1   1.20055       0.00       0.00
20151209         Sxit  1   1.24060   -5056.25  -25100.00
20160203    TF_Sys3:B  1   1.24635       0.00       0.00
20160519   LiqLongPos  1   1.25360     856.25  -24243.75
20160519    TF_Sys3:S  1   1.25360       0.00       0.00
20161109  LiqShortPos  1   1.21940    4225.00  -20018.75
20161109    TF_Sys3:B  1   1.21940       0.00       0.00
20161118   LiqLongPos  1   1.18590   -4237.50  -24256.25
20161118    TF_Sys3:S  1   1.18590       0.00       0.00
20170516  LiqShortPos  1   1.22655   -5131.25  -29387.50
20170516    TF_Sys3:B  1   1.22655       0.00       0.00
20170927   LiqLongPos  1   1.28520    7281.25  -22106.25
20170927    TF_Sys3:S  1   1.28520       0.00       0.00
20180116  LiqShortPos  1   1.32830   -5437.50  -27543.75
20180116    TF_Sys3:B  1   1.32830       0.00       0.00
20180501   LiqLongPos  1   1.29170   -4625.00  -32168.75
20180501    TF_Sys3:S  1   1.29170       0.00       0.00
20180827  LiqShortPos  1   1.24935    5243.75  -26925.00
20180827    TF_Sys3:B  1   1.24935       0.00       0.00
20181031        Lxit1  1   1.20930   -5056.25  -31981.25
20190307    TF_Sys3:S  1   1.18120       0.00       0.00
20190607  LiqShortPos  1   1.18815    -918.75  -32900.00
20190607    TF_Sys3:B  1   1.18815       0.00       0.00
20190725   LiqLongPos  1   1.16425   -3037.50  -35937.50
20190725    TF_Sys3:S  1   1.16425       0.00       0.00
20191017  LiqShortPos  1   1.15450    1168.75  -34768.75
20191017    TF_Sys3:B  1   1.15450       0.00       0.00
20200213   LiqLongPos  1   1.11725   -4706.25  -39475.00
20200213    TF_Sys3:S  1   1.11725       0.00       0.00
20200302  LiqShortPos  1   1.14830   -3931.25  -43406.25
20200302    TF_Sys3:B  1   1.14830       0.00       0.00
20200318   LiqLongPos  1   1.11950   -3650.00  -47056.25
20200318    TF_Sys3:S  1   1.11950       0.00       0.00
20200604         Sxit  1   1.15950   -5050.00  -52106.25
20200721    TF_Sys3:B  1   1.17895       0.00       0.00
20210204   LiqLongPos  1   1.21675    4675.00  -47431.25
20210204    TF_Sys3:S  1   1.21675       0.00       0.00
20210903  LiqShortPos  1   1.20385    1562.50  -45868.75
20210903    TF_Sys3:B  1   1.20385       0.00       0.00
20211006   LiqLongPos  1   1.16900   -4406.25  -50275.00
20211006    TF_Sys3:S  1   1.16900       0.00       0.00
-----------------------------------------
Sys Name : TF-System#3_1R
Mkt Symb : JY Mkt Name : J.Yen
20100506    TF_Sys3:B  1   1.23665       0.00       0.00
20101126   LiqLongPos  1   1.31915   10262.50   10262.50
20101126    TF_Sys3:S  1   1.31915       0.00       0.00
20101230         Sxit  1   1.35920   -5056.25    5206.25
20110317    TF_Sys3:B  1   1.39315       0.00       0.00
20110318        Lxit1  1   1.35315   -5050.00     156.25
20110401    TF_Sys3:S  1   1.31735       0.00       0.00
20110427         Sxit  1   1.35740   -5056.25   -4900.00
20110727    TF_Sys3:B  1   1.40955       0.00       0.00
20111031   LiqLongPos  1   1.40515    -600.00   -5500.00
20111031    TF_Sys3:S  1   1.40515       0.00       0.00
20120601  LiqShortPos  1   1.40265     262.50   -5237.50
20120601    TF_Sys3:B  1   1.40265       0.00       0.00
20120622        Lxit1  1   1.36260   -5056.25  -10293.75
20121115    TF_Sys3:S  1   1.35085       0.00       0.00
20130606  LiqShortPos  1   1.14555   25612.50   15318.75
20130606    TF_Sys3:B  1   1.14555       0.00       0.00
20130705        Lxit1  1   1.10555   -5050.00   10268.75
20131227    TF_Sys3:S  1   1.06595       0.00       0.00
20140203  LiqShortPos  1   1.10625   -5087.50    5181.25
20140203    TF_Sys3:B  1   1.10625       0.00       0.00
20140822   LiqLongPos  1   1.07575   -3862.50    1318.75
20140822    TF_Sys3:S  1   1.07575       0.00       0.00
20150824  LiqShortPos  1   0.95440   15118.75   16437.50
20150824    TF_Sys3:B  1   0.95440       0.00       0.00
20151218        Lxit1  1   0.91440   -5050.00   11387.50
20160211    TF_Sys3:B  1   0.99710       0.00       0.00
20161116   LiqLongPos  1   1.01420    2087.50   13475.00
20161116    TF_Sys3:S  1   1.01420       0.00       0.00
20170206  LiqShortPos  1   0.98890    3112.50   16587.50
20170206    TF_Sys3:B  1   0.98890       0.00       0.00
20170927   LiqLongPos  1   0.97210   -2150.00   14437.50
20170927    TF_Sys3:S  1   0.97210       0.00       0.00
20171122  LiqShortPos  1   0.98210   -1300.00   13137.50
20171122    TF_Sys3:B  1   0.98210       0.00       0.00
20180423   LiqLongPos  1   0.99465    1518.75   14656.25
20180423    TF_Sys3:S  1   0.99465       0.00       0.00
20181224  LiqShortPos  1   0.96395    3787.50   18443.75
20181224    TF_Sys3:B  1   0.96395       0.00       0.00
20191015   LiqLongPos  1   0.95520   -1143.75   17300.00
20191015    TF_Sys3:S  1   0.95520       0.00       0.00
20200106  LiqShortPos  1   0.95320     200.00   17500.00
20200106    TF_Sys3:B  1   0.95320       0.00       0.00
20200113   LiqLongPos  1   0.94040   -1650.00   15850.00
20200113    TF_Sys3:S  1   0.94040       0.00       0.00
20200228  LiqShortPos  1   0.95585   -1981.25   13868.75
20200228    TF_Sys3:B  1   0.95585       0.00       0.00
20210128   LiqLongPos  1   0.98010    2981.25   16850.00
20210128    TF_Sys3:S  1   0.98010       0.00       0.00
20210708  LiqShortPos  1   0.92995    6218.75   23068.75
20210708    TF_Sys3:B  1   0.92995       0.00       0.00
20211011   LiqLongPos  1   0.90085   -3687.50   19381.25
20211011    TF_Sys3:S  1   0.90085       0.00       0.00
20211130  LiqShortPos  1   0.90235    -237.50   19143.75
20211130    TF_Sys3:B  1   0.90235       0.00       0.00
20220104   LiqLongPos  1   0.87875   -3000.00   16143.75
20220104    TF_Sys3:S  1   0.87875       0.00       0.00
-----------------------------------------
Sys Name : TF-System#3_1R
Mkt Symb : BP Mkt Name : B.Pound
20100301    TF_Sys3:S  1   1.54580       0.00       0.00
20100727  LiqShortPos  1   1.60560   -3787.50   -3787.50
20100727    TF_Sys3:B  1   1.60560       0.00       0.00
20101126   LiqLongPos  1   1.60910     168.75   -3618.75
20101126    TF_Sys3:S  1   1.60910       0.00       0.00
20110322         Sxit  1   1.68920   -5056.25   -8675.00
20110328    TF_Sys3:S  1   1.65120       0.00       0.00
20110421  LiqShortPos  1   1.70390   -3343.75  -12018.75
20110421    TF_Sys3:B  1   1.70390       0.00       0.00
20110623   LiqLongPos  1   1.65270   -3250.00  -15268.75
20110623    TF_Sys3:S  1   1.65270       0.00       0.00
20120921  LiqShortPos  1   1.68690   -2187.50  -17456.25
20120921    TF_Sys3:B  1   1.68690       0.00       0.00
20130118   LiqLongPos  1   1.64910   -2412.50  -19868.75
20130118    TF_Sys3:S  1   1.64910       0.00       0.00
20130613  LiqShortPos  1   1.63320     943.75  -18925.00
20130613    TF_Sys3:B  1   1.63320       0.00       0.00
20130705        Lxit1  1   1.55310   -5056.25  -23981.25
20130913    TF_Sys3:B  1   1.65180       0.00       0.00
20140203   LiqLongPos  1   1.69560    2687.50  -21293.75
20140203    TF_Sys3:S  1   1.69560       0.00       0.00
20140218  LiqShortPos  1   1.73350   -2418.75  -23712.50
20140218    TF_Sys3:B  1   1.73350       0.00       0.00
20140801   LiqLongPos  1   1.74930     937.50  -22775.00
20140801    TF_Sys3:S  1   1.74930       0.00       0.00
20150427  LiqShortPos  1   1.59080    9856.25  -12918.75
20150427    TF_Sys3:B  1   1.59080       0.00       0.00
20150904   LiqLongPos  1   1.58840    -200.00  -13118.75
20150904    TF_Sys3:S  1   1.58840       0.00       0.00
20160426  LiqShortPos  1   1.52820    3712.50   -9406.25
20160426    TF_Sys3:B  1   1.52820       0.00       0.00
20160624        Lxit1  1   1.44810   -5056.25  -14462.50
20160624    TF_Sys3:S  1   1.43520       0.00       0.00
20170418  LiqShortPos  1   1.34850    5368.75   -9093.75
20170418    TF_Sys3:B  1   1.34850       0.00       0.00
20170609   LiqLongPos  1   1.33450    -925.00  -10018.75
20170609    TF_Sys3:S  1   1.33450       0.00       0.00
20170914  LiqShortPos  1   1.39750   -3987.50  -14006.25
20170914    TF_Sys3:B  1   1.39750       0.00       0.00
20180501   LiqLongPos  1   1.40830     625.00  -13381.25
20180501    TF_Sys3:S  1   1.40830       0.00       0.00
20180920  LiqShortPos  1   1.36450    2687.50  -10693.75
20180920    TF_Sys3:B  1   1.36450       0.00       0.00
20181210        Lxit1  1   1.28440   -5056.25  -15750.00
20181210    TF_Sys3:S  1   1.28880       0.00       0.00
20190125  LiqShortPos  1   1.34970   -3856.25  -19606.25
20190125    TF_Sys3:B  1   1.34970       0.00       0.00
20190705        Lxit1  1   1.26960   -5056.25  -24662.50
20190705    TF_Sys3:S  1   1.27210       0.00       0.00
20190920  LiqShortPos  1   1.26260     543.75  -24118.75
20190920    TF_Sys3:B  1   1.26260       0.00       0.00
20191223   LiqLongPos  1   1.30490    2593.75  -21525.00
20191223    TF_Sys3:S  1   1.30490       0.00       0.00
20200610  LiqShortPos  1   1.28310    1312.50  -20212.50
20200610    TF_Sys3:B  1   1.28310       0.00       0.00
20200908   LiqLongPos  1   1.30460    1293.75  -18918.75
20200908    TF_Sys3:S  1   1.30460       0.00       0.00
20201231  LiqShortPos  1   1.36980   -4125.00  -23043.75
20201231    TF_Sys3:B  1   1.36980       0.00       0.00
20210702   LiqLongPos  1   1.38400     837.50  -22206.25
20210702    TF_Sys3:S  1   1.38400       0.00       0.00
20211019  LiqShortPos  1   1.38290      18.75  -22187.50
20211019    TF_Sys3:B  1   1.38290       0.00       0.00
20220311   LiqLongPos  1   1.30610   -4850.00  -27037.50
20220311    TF_Sys3:S  1   1.30610       0.00       0.00
-----------------------------------------
Sys Name : TF-System#3_1R
Mkt Symb : TY Mkt Name : TenYr
20100629    TF_Sys3:B  1  97.48438       0.00       0.00
20101116   LiqLongPos  1 100.81250    3278.12    3278.12
20101116    TF_Sys3:S  1 100.81250       0.00       0.00
20110311  LiqShortPos  1  97.64062    3121.88    6400.00
20110311    TF_Sys3:B  1  97.64062       0.00       0.00
20111010   LiqLongPos  1 107.90625   10215.62   16615.62
20111010    TF_Sys3:S  1 107.90625       0.00       0.00
20120130         Sxit  1 112.92040   -5064.15   11551.47
20120131    TF_Sys3:B  1 113.29688       0.00       0.00
20120314   LiqLongPos  1 110.09375   -3253.12    8298.35
20120314    TF_Sys3:S  1 110.09375       0.00       0.00
20120517         Sxit  1 115.10920   -5065.45    3232.90
20120530    TF_Sys3:B  1 116.00000       0.00       0.00
20120815   LiqLongPos  1 114.87500   -1175.00    2057.90
20120815    TF_Sys3:S  1 114.87500       0.00       0.00
20130405  LiqShortPos  1 118.17188   -3346.88   -1288.98
20130405    TF_Sys3:B  1 118.17188       0.00       0.00
20130510   LiqLongPos  1 117.09375   -1128.12   -2417.10
20130510    TF_Sys3:S  1 117.09375       0.00       0.00
20130927  LiqShortPos  1 113.51562    3528.12    1111.02
20130927    TF_Sys3:B  1 113.51562       0.00       0.00
20140918   LiqLongPos  1 115.10938    1543.75    2654.77
20140918    TF_Sys3:S  1 115.10938       0.00       0.00
20141009  LiqShortPos  1 117.81250   -2753.12     -98.35
20141009    TF_Sys3:B  1 117.81250       0.00       0.00
20150605   LiqLongPos  1 118.35938     496.88     398.52
20150605    TF_Sys3:S  1 118.35938       0.00       0.00
20151002         Sxit  1 123.37440   -5065.02   -4666.50
20160201    TF_Sys3:B  1 123.62500       0.00       0.00
20161109   LiqLongPos  1 123.90625     231.25   -4435.25
20161109    TF_Sys3:S  1 123.90625       0.00       0.00
20170407  LiqShortPos  1 121.92188    1934.38   -2500.87
20170407    TF_Sys3:B  1 121.92188       0.00       0.00
20170920   LiqLongPos  1 123.29688    1325.00   -1175.87
20170920    TF_Sys3:S  1 123.29688       0.00       0.00
20180529  LiqShortPos  1 119.73438    3512.50    2336.63
20180529    TF_Sys3:B  1 119.73438       0.00       0.00
20190910   LiqLongPos  1 127.89062    8106.25   10442.88
20190910    TF_Sys3:S  1 127.89062       0.00       0.00
20200225  LiqShortPos  1 130.79688   -2956.25    7486.63
20200225    TF_Sys3:B  1 130.79688       0.00       0.00
20210222   LiqLongPos  1 133.90625    3059.38   10546.00
20210222    TF_Sys3:S  1 133.90625       0.00       0.00
20210610  LiqShortPos  1 133.50000     356.25   10902.25
20210610    TF_Sys3:B  1 133.50000       0.00       0.00
20210928   LiqLongPos  1 132.62500    -925.00    9977.25
20210928    TF_Sys3:S  1 132.62500       0.00       0.00
20211130  LiqShortPos  1 132.75000    -175.00    9802.25
20211130    TF_Sys3:B  1 132.75000       0.00       0.00
20220110   LiqLongPos  1 130.07812   -2721.88    7080.38
20220110    TF_Sys3:S  1 130.07812       0.00       0.00
20220301  LiqShortPos  1 130.73438    -706.25    6374.13
20220301    TF_Sys3:B  1 130.73438       0.00       0.00
20220315   LiqLongPos  1 126.65625   -4128.12    2246.00
20220315    TF_Sys3:S  1 126.65625       0.00       0.00
-----------------------------------------
Sys Name : TF-System#3_1R
Mkt Symb : FV Mkt Name : FiveYr
20100629    TF_Sys3:B  1 102.80469       0.00       0.00
20101110   LiqLongPos  1 106.56250    3707.81    3707.81
20101110    TF_Sys3:S  1 106.56250       0.00       0.00
20110311  LiqShortPos  1 104.32812    2184.38    5892.19
20110311    TF_Sys3:B  1 104.32812       0.00       0.00
20111010   LiqLongPos  1 110.30469    5926.56   11818.75
20111010    TF_Sys3:S  1 110.30469       0.00       0.00
20111208  LiqShortPos  1 112.42969   -2175.00    9643.75
20111208    TF_Sys3:B  1 112.42969       0.00       0.00
20120313   LiqLongPos  1 112.00000    -479.69    9164.06
20120313    TF_Sys3:S  1 112.00000       0.00       0.00
20120716  LiqShortPos  1 114.21094   -2260.94    6903.12
20120716    TF_Sys3:B  1 114.21094       0.00       0.00
20120816   LiqLongPos  1 113.35156    -909.38    5993.75
20120816    TF_Sys3:S  1 113.35156       0.00       0.00
20130430  LiqShortPos  1 115.07812   -1776.56    4217.19
20130430    TF_Sys3:B  1 115.07812       0.00       0.00
20130510   LiqLongPos  1 114.42969    -698.44    3518.75
20130510    TF_Sys3:S  1 114.42969       0.00       0.00
20130918  LiqShortPos  1 112.49219    1887.50    5406.25
20130918    TF_Sys3:B  1 112.49219       0.00       0.00
20140319   LiqLongPos  1 112.75000     207.81    5614.06
20140319    TF_Sys3:S  1 112.75000       0.00       0.00
20140815  LiqShortPos  1 114.50781   -1807.81    3806.25
20140815    TF_Sys3:B  1 114.50781       0.00       0.00
20151106   LiqLongPos  1 116.51562    1957.81    5764.06
20151106    TF_Sys3:S  1 116.51562       0.00       0.00
20160211  LiqShortPos  1 120.11719   -3651.56    2112.50
20160211    TF_Sys3:B  1 120.11719       0.00       0.00
20161114   LiqLongPos  1 117.97656   -2190.62     -78.13
20161114    TF_Sys3:S  1 117.97656       0.00       0.00
20170407  LiqShortPos  1 117.49219     434.38     356.25
20170407    TF_Sys3:B  1 117.49219       0.00       0.00
20170920   LiqLongPos  1 118.12500     582.81     939.06
20170920    TF_Sys3:S  1 118.12500       0.00       0.00
20180525  LiqShortPos  1 114.35938    3715.62    4654.69
20180525    TF_Sys3:B  1 114.35938       0.00       0.00
20190910   LiqLongPos  1 119.79688    5387.50   10042.19
20190910    TF_Sys3:S  1 119.79688       0.00       0.00
20200227  LiqShortPos  1 121.71875   -1971.88    8070.31
20200227    TF_Sys3:B  1 121.71875       0.00       0.00
20200812   LiqLongPos  1 125.82031    4051.56   12121.87
20200812    TF_Sys3:S  1 125.82031       0.00       0.00
20210507  LiqShortPos  1 124.42188    1348.44   13470.31
20210507    TF_Sys3:B  1 124.42188       0.00       0.00
20211018   LiqLongPos  1 122.92188   -1550.00   11920.31
20211018    TF_Sys3:S  1 122.92188       0.00       0.00
20220301  LiqShortPos  1 121.18750    1684.38   13604.69
20220301    TF_Sys3:B  1 121.18750       0.00       0.00
20220321   LiqLongPos  1 117.11719   -4120.31    9484.37
20220321    TF_Sys3:S  1 117.11719       0.00       0.00
-----------------------------------------
Sys Name : TF-System#3_1R
Mkt Symb : US Mkt Name : 30YrBnd
20100810    TF_Sys3:B  1  99.06250       0.00       0.00
20101115   LiqLongPos  1  96.87500   -2237.50   -2237.50
20101115    TF_Sys3:S  1  96.87500       0.00       0.00
20110225  LiqShortPos  1  93.84375    2981.25     743.75
20110225    TF_Sys3:B  1  93.84375       0.00       0.00
20110629   LiqLongPos  1  98.53125    4637.50    5381.25
20110629    TF_Sys3:S  1  98.53125       0.00       0.00
20110801  LiqShortPos  1 103.96875   -5487.50    -106.25
20110801    TF_Sys3:B  1 103.96875       0.00       0.00
20111017   LiqLongPos  1 115.96875   11950.00   11843.75
20111017    TF_Sys3:S  1 115.96875       0.00       0.00
20111123         Sxit  1 120.97030   -5051.55    6792.20
20120530    TF_Sys3:B  1 127.46875       0.00       0.00
20120809   LiqLongPos  1 126.62500    -893.75    5898.45
20120809    TF_Sys3:S  1 126.62500       0.00       0.00
20130403  LiqShortPos  1 125.59375     981.25    6879.70
20130403    TF_Sys3:B  1 125.59375       0.00       0.00
20130529        Lxit1  1 120.56340   -5080.35    1799.35
20130620    TF_Sys3:S  1 117.40625       0.00       0.00
20131017  LiqShortPos  1 116.84375     512.50    2311.85
20131017    TF_Sys3:B  1 116.84375       0.00       0.00
20150304   LiqLongPos  1 132.37500   15481.25   17793.10
20150304    TF_Sys3:S  1 132.37500       0.00       0.00
20150318         Sxit  1 137.37560   -5050.60   12742.50
20150727    TF_Sys3:B  1 130.31250       0.00       0.00
20160913   LiqLongPos  1 147.43750   17075.00   29817.50
20160913    TF_Sys3:S  1 147.43750       0.00       0.00
20170412  LiqShortPos  1 137.75000    9637.50   39455.00
20170412    TF_Sys3:B  1 137.75000       0.00       0.00
20170706   LiqLongPos  1 138.31250     512.50   39967.50
20170706    TF_Sys3:S  1 138.31250       0.00       0.00
20170829         Sxit  1 143.31300   -5050.50   34917.00
20170928    TF_Sys3:S  1 140.03125       0.00       0.00
20180529  LiqShortPos  1 135.59375    4387.50   39304.50
20180529    TF_Sys3:B  1 135.59375       0.00       0.00
20180925        Lxit1  1 130.56340   -5080.35   34224.15
20181204    TF_Sys3:B  1 133.71875       0.00       0.00
20210216   LiqLongPos  1 161.50000   27731.25   61955.40
20210216    TF_Sys3:S  1 161.50000       0.00       0.00
20210621  LiqShortPos  1 160.46875     981.25   62936.65
20210621    TF_Sys3:B  1 160.46875       0.00       0.00
20220106   LiqLongPos  1 159.59375    -925.00   62011.65
20220106    TF_Sys3:S  1 159.59375       0.00       0.00
20220301  LiqShortPos  1 161.15625   -1612.50   60399.15
20220301    TF_Sys3:B  1 161.15625       0.00       0.00
20220314        Lxit1  1 156.12520   -5081.05   55318.10
20220316    TF_Sys3:S  1 153.81250       0.00       0.00
-----------------------------------------
Sys Name : TF-System#3_1R
Mkt Symb : ES Mkt Name : MiniES
20100122    TF_Sys3:S  1 858.25000       0.00       0.00
20100401  LiqShortPos  1 945.75000   -4425.00   -4425.00
20100401    TF_Sys3:B  1 945.75000       0.00       0.00
20100505   LiqLongPos  1 936.00000    -537.50   -4962.50
20100505    TF_Sys3:S  1 936.00000       0.00       0.00
20100802  LiqShortPos  1 898.00000    1850.00   -3112.50
20100802    TF_Sys3:B  1 898.00000       0.00       0.00
20110315   LiqLongPos  1 1066.25000    8362.50    5250.00
20110315    TF_Sys3:S  1 1066.25000       0.00       0.00
20111024  LiqShortPos  1 1049.25000     800.00    6050.00
20111024    TF_Sys3:B  1 1049.25000       0.00       0.00
20120514   LiqLongPos  1 1147.75000    4875.00   10925.00
20120514    TF_Sys3:S  1 1147.75000       0.00       0.00
20120906         Sxit  1 1248.00000   -5062.50    5862.50
20120914    TF_Sys3:B  1 1286.25000       0.00       0.00
20121023   LiqLongPos  1 1234.00000   -2662.50    3200.00
20121023    TF_Sys3:S  1 1234.00000       0.00       0.00
20130129         Sxit  1 1334.25000   -5062.50   -1862.50
20130219    TF_Sys3:B  1 1361.50000       0.00       0.00
20130415   LiqLongPos  1 1381.75000     962.50    -900.00
20130415    TF_Sys3:S  1 1381.75000       0.00       0.00
20130514  LiqShortPos  1 1486.25000   -5275.00   -6175.00
20130514    TF_Sys3:B  1 1486.25000       0.00       0.00
20130827   LiqLongPos  1 1472.50000    -737.50   -6912.50
20130827    TF_Sys3:S  1 1472.50000       0.00       0.00
20130918         Sxit  1 1572.75000   -5062.50  -11975.00
20131018    TF_Sys3:B  1 1587.25000       0.00       0.00
20140127   LiqLongPos  1 1632.75000    2225.00   -9750.00
20140127    TF_Sys3:S  1 1632.75000       0.00       0.00
20140306  LiqShortPos  1 1733.25000   -5075.00  -14825.00
20140306    TF_Sys3:B  1 1733.25000       0.00       0.00
20140407   LiqLongPos  1 1702.00000   -1612.50  -16437.50
20140407    TF_Sys3:S  1 1702.00000       0.00       0.00
20140513  LiqShortPos  1 1758.25000   -2862.50  -19300.00
20140513    TF_Sys3:B  1 1758.25000       0.00       0.00
20140731   LiqLongPos  1 1796.00000    1837.50  -17462.50
20140731    TF_Sys3:S  1 1796.00000       0.00       0.00
20140826  LiqShortPos  1 1869.75000   -3737.50  -21200.00
20140826    TF_Sys3:B  1 1869.75000       0.00       0.00
20140925   LiqLongPos  1 1840.75000   -1500.00  -22700.00
20140925    TF_Sys3:S  1 1840.75000       0.00       0.00
20141107  LiqShortPos  1 1905.25000   -3275.00  -25975.00
20141107    TF_Sys3:B  1 1905.25000       0.00       0.00
20141212   LiqLongPos  1 1876.75000   -1475.00  -27450.00
20141212    TF_Sys3:S  1 1876.75000       0.00       0.00
20150213         Sxit  1 1977.00000   -5062.50  -32512.50
20150224    TF_Sys3:B  1 2000.00000       0.00       0.00
20150629   LiqLongPos  1 1952.00000   -2450.00  -34962.50
20150629    TF_Sys3:S  1 1952.00000       0.00       0.00
20150917  LiqShortPos  1 1888.00000    3150.00  -31812.50
20150917    TF_Sys3:B  1 1888.00000       0.00       0.00
20150928        Lxit1  1 1788.00000   -5050.00  -36862.50
20160627    TF_Sys3:S  1 1921.75000       0.00       0.00
20160630         Sxit  1 2022.00000   -5062.50  -41925.00
20160708    TF_Sys3:B  1 2057.25000       0.00       0.00
20160909   LiqLongPos  1 2059.25000      50.00  -41875.00
20160909    TF_Sys3:S  1 2059.25000       0.00       0.00
20161125  LiqShortPos  1 2154.50000   -4812.50  -46687.50
20161125    TF_Sys3:B  1 2154.50000       0.00       0.00
20170821   LiqLongPos  1 2381.75000   11312.50  -35375.00
20170821    TF_Sys3:S  1 2381.75000       0.00       0.00
20170915  LiqShortPos  1 2452.75000   -3600.00  -38975.00
20170915    TF_Sys3:B  1 2452.75000       0.00       0.00
20180205   LiqLongPos  1 2560.50000    5337.50  -33637.50
20180205    TF_Sys3:S  1 2560.50000       0.00       0.00
20180207         Sxit  1 2660.75000   -5062.50  -38700.00
20180920    TF_Sys3:B  1 2878.50000       0.00       0.00
20181010        Lxit1  1 2778.50000   -5050.00  -43750.00
20181010    TF_Sys3:S  1 2720.00000       0.00       0.00
20190212  LiqShortPos  1 2679.75000    1962.50  -41787.50
20190212    TF_Sys3:B  1 2679.75000       0.00       0.00
20190509   LiqLongPos  1 2802.25000    6075.00  -35712.50
20190509    TF_Sys3:S  1 2802.25000       0.00       0.00
20190701         Sxit  1 2905.00000   -5187.50  -40900.00
20190712    TF_Sys3:B  1 2941.00000       0.00       0.00
20190802        Lxit1  1 2841.00000   -5050.00  -45950.00
20190802    TF_Sys3:S  1 2858.00000       0.00       0.00
20191028         Sxit  1 2958.25000   -5062.50  -51012.50
20191115    TF_Sys3:B  1 3042.00000       0.00       0.00
20200224   LiqLongPos  1 3147.25000    5212.50  -45800.00
20200224    TF_Sys3:S  1 3147.25000       0.00       0.00
20200605  LiqShortPos  1 3119.00000    1362.50  -44437.50
20200605    TF_Sys3:B  1 3119.00000       0.00       0.00
20200611        Lxit1  1 3019.00000   -5050.00  -49487.50
20200902    TF_Sys3:B  1 3522.00000       0.00       0.00
20200903        Lxit1  1 3422.00000   -5050.00  -54537.50
20200904    TF_Sys3:S  1 3360.25000       0.00       0.00
20201012         Sxit  1 3460.50000   -5062.50  -59600.00
20201228    TF_Sys3:B  1 3690.75000       0.00       0.00
20210512   LiqLongPos  1 4027.75000   16800.00  -42800.00
20210512    TF_Sys3:S  1 4027.75000       0.00       0.00
20210514         Sxit  1 4128.00000   -5062.50  -47862.50
20210701    TF_Sys3:B  1 4291.50000       0.00       0.00
20210920   LiqLongPos  1 4338.25000    2287.50  -45575.00
20210920    TF_Sys3:S  1 4338.25000       0.00       0.00
20210923         Sxit  1 4438.50000   -5062.50  -50637.50
20211029    TF_Sys3:B  1 4590.50000       0.00       0.00
20211201        Lxit1  1 4490.50000   -5050.00  -55687.50
20211203    TF_Sys3:S  1 4527.50000       0.00       0.00
20211207         Sxit  1 4637.75000   -5562.50  -61250.00
20220120    TF_Sys3:S  1 4471.50000       0.00       0.00
20220202         Sxit  1 4571.75000   -5062.50  -66312.50
-----------------------------------------
Sys Name : TF-System#3_1R
Mkt Symb : NQ Mkt Name : MiniNQ
20100917    TF_Sys3:B  1 3171.00000       0.00       0.00
20110315   LiqLongPos  1 3467.00000    5870.00    5870.00
20110315    TF_Sys3:S  1 3467.00000       0.00       0.00
20110502  LiqShortPos  1 3623.50000   -3180.00    2690.00
20110502    TF_Sys3:B  1 3623.50000       0.00       0.00
20110608   LiqLongPos  1 3470.00000   -3120.00    -430.00
20110608    TF_Sys3:S  1 3470.00000       0.00       0.00
20110707  LiqShortPos  1 3641.25000   -3475.00   -3905.00
20110707    TF_Sys3:B  1 3641.25000       0.00       0.00
20110805        Lxit1  1 3391.25000   -5050.00   -8955.00
20110805    TF_Sys3:S  1 3412.75000       0.00       0.00
20111014  LiqShortPos  1 3598.00000   -3755.00  -12710.00
20111014    TF_Sys3:B  1 3598.00000       0.00       0.00
20120508   LiqLongPos  1 3862.75000    5245.00   -7465.00
20120508    TF_Sys3:S  1 3862.75000       0.00       0.00
20120821  LiqShortPos  1 4020.00000   -3195.00  -10660.00
20120821    TF_Sys3:B  1 4020.00000       0.00       0.00
20121009   LiqLongPos  1 3986.75000    -715.00  -11375.00
20121009    TF_Sys3:S  1 3986.75000       0.00       0.00
20130502  LiqShortPos  1 4164.25000   -3600.00  -14975.00
20130502    TF_Sys3:B  1 4164.25000       0.00       0.00
20140127   LiqLongPos  1 4782.50000   12315.00   -2660.00
20140127    TF_Sys3:S  1 4782.50000       0.00       0.00
20140213  LiqShortPos  1 4930.50000   -3010.00   -5670.00
20140213    TF_Sys3:B  1 4930.50000       0.00       0.00
20140411   LiqLongPos  1 4730.50000   -4050.00   -9720.00
20140411    TF_Sys3:S  1 4730.50000       0.00       0.00
20140527         Sxit  1 4980.75000   -5055.00  -14775.00
20140701    TF_Sys3:B  1 5178.00000       0.00       0.00
20141002   LiqLongPos  1 5278.75000    1965.00  -12810.00
20141002    TF_Sys3:S  1 5278.75000       0.00       0.00
20141103  LiqShortPos  1 5458.00000   -3635.00  -16445.00
20141103    TF_Sys3:B  1 5458.00000       0.00       0.00
20150116   LiqLongPos  1 5439.50000    -420.00  -16865.00
20150116    TF_Sys3:S  1 5439.50000       0.00       0.00
20150217         Sxit  1 5689.75000   -5055.00  -21920.00
20150424    TF_Sys3:B  1 5841.00000       0.00       0.00
20150629   LiqLongPos  1 5696.25000   -2945.00  -24865.00
20150629    TF_Sys3:S  1 5696.25000       0.00       0.00
20150717         Sxit  1 5946.50000   -5055.00  -29920.00
20150720    TF_Sys3:B  1 5989.50000       0.00       0.00
20150820        Lxit1  1 5739.50000   -5050.00  -34970.00
20150820    TF_Sys3:S  1 5684.50000       0.00       0.00
20150917  LiqShortPos  1 5696.50000    -290.00  -35260.00
20150917    TF_Sys3:B  1 5696.50000       0.00       0.00
20150928        Lxit1  1 5446.50000   -5050.00  -40310.00
20160107    TF_Sys3:S  1 5622.25000       0.00       0.00
20160321  LiqShortPos  1 5758.25000   -2770.00  -43080.00
20160321    TF_Sys3:B  1 5758.25000       0.00       0.00
20160909   LiqLongPos  1 6022.25000    5230.00  -37850.00
20160909    TF_Sys3:S  1 6022.25000       0.00       0.00
20160922  LiqShortPos  1 6240.75000   -4420.00  -42270.00
20160922    TF_Sys3:B  1 6240.75000       0.00       0.00
20161101   LiqLongPos  1 6111.75000   -2630.00  -44900.00
20161101    TF_Sys3:S  1 6111.75000       0.00       0.00
20170106  LiqShortPos  1 6359.75000   -5010.00  -49910.00
20170106    TF_Sys3:B  1 6359.75000       0.00       0.00
20170629   LiqLongPos  1 6997.25000   12700.00  -37210.00
20170629    TF_Sys3:S  1 6997.25000       0.00       0.00
20170719         Sxit  1 7247.50000   -5055.00  -42265.00
20170727    TF_Sys3:B  1 7253.75000       0.00       0.00
20180205   LiqLongPos  1 7747.50000    9825.00  -32440.00
20180205    TF_Sys3:S  1 7747.50000       0.00       0.00
20180207         Sxit  1 7997.75000   -5055.00  -37495.00
20180312    TF_Sys3:B  1 8458.75000       0.00       0.00
20180319        Lxit1  1 8208.75000   -5050.00  -42545.00
20180402    TF_Sys3:S  1 7686.25000       0.00       0.00
20180405         Sxit  1 7936.50000   -5055.00  -47600.00
20180828    TF_Sys3:B  1 8847.00000       0.00       0.00
20181005        Lxit1  1 8597.00000   -5050.00  -52650.00
20181008    TF_Sys3:S  1 8632.75000       0.00       0.00
20190205  LiqShortPos  1 8224.00000    8125.00  -44525.00
20190205    TF_Sys3:B  1 8224.00000       0.00       0.00
20190513   LiqLongPos  1 8503.25000    5535.00  -38990.00
20190513    TF_Sys3:S  1 8503.25000       0.00       0.00
20190516         Sxit  1 8753.50000   -5055.00  -44045.00
20190805    TF_Sys3:S  1 8547.75000       0.00       0.00
20190808         Sxit  1 8798.00000   -5055.00  -49100.00
20191028    TF_Sys3:B  1 9236.25000       0.00       0.00
20200225   LiqLongPos  1 9971.25000   14650.00  -34450.00
20200225    TF_Sys3:S  1 9971.25000       0.00       0.00
20200429         Sxit  1 10221.50000   -5055.00  -39505.00
20200608    TF_Sys3:B  1 11013.25000       0.00       0.00
20200611        Lxit1  1 10763.25000   -5050.00  -44555.00
20200713    TF_Sys3:B  1 11742.50000       0.00       0.00
20200724        Lxit1  1 11492.50000   -5050.00  -49605.00
20200826    TF_Sys3:B  1 13133.75000       0.00       0.00
20200903        Lxit1  1 12883.75000   -5050.00  -54655.00
20200909    TF_Sys3:S  1 12535.25000       0.00       0.00
20201009         Sxit  1 12785.50000   -5055.00  -59710.00
20210120    TF_Sys3:B  1 14450.50000       0.00       0.00
20210127        Lxit1  1 14200.50000   -5050.00  -64760.00
20210223    TF_Sys3:S  1 14348.25000       0.00       0.00
20210405         Sxit  1 14598.50000   -5055.00  -69815.00
20210617    TF_Sys3:B  1 15333.25000       0.00       0.00
20210920   LiqLongPos  1 16195.50000   17195.00  -52620.00
20210920    TF_Sys3:S  1 16195.50000       0.00       0.00
20210923         Sxit  1 16445.75000   -5055.00  -57675.00
20211028    TF_Sys3:B  1 16950.75000       0.00       0.00
20211220        Lxit1  1 16700.75000   -5050.00  -62725.00
20220110    TF_Sys3:S  1 16790.00000       0.00       0.00
20220112         Sxit  1 17040.25000   -5055.00  -67780.00
20220329    TF_Sys3:B  1 16421.75000       0.00       0.00
20220331        Lxit1  1 16171.75000   -5050.00  -72830.00
20220509    TF_Sys3:S  1 13377.75000       0.00       0.00
20220510         Sxit  1 13628.00000   -5055.00  -77885.00
20220801    TF_Sys3:B  1 14116.25000       0.00       0.00
20220826        Lxit1  1 13866.25000   -5050.00  -82935.00
20230201    TF_Sys3:B  1 13379.75000       0.00       0.00
20230221        Lxit1  1 13129.75000   -5050.00  -87985.00
20230518    TF_Sys3:B  1 14730.75000       0.00       0.00
20230524        Lxit1  1 14480.75000   -5050.00  -93035.00
20230612    TF_Sys3:B  1 15644.00000       0.00       0.00
20230811   LiqLongPos  1 15753.00000    2130.00  -90905.00
20230811    TF_Sys3:S  1 15753.00000       0.00       0.00
20230823         Sxit  1 16003.25000   -5055.00  -95960.00
20231213    TF_Sys3:B  1 17027.75000       0.00       0.00
20240103        Lxit1  1 16777.75000   -5050.00 -101010.00
20240124    TF_Sys3:B  1 17871.50000       0.00       0.00
20240131        Lxit1  1 17621.50000   -5050.00 -106060.00
20240415    TF_Sys3:S  1 17876.25000       0.00       0.00
-----------------------------------------
Sys Name : TF-System#3_1R
Mkt Symb : EM Mkt Name : MiniDow
20141031    TF_Sys3:B  1 17532.00000       0.00       0.00
20141104        Lxit1  1 17482.00000   -5050.00   -5050.00
20141212    TF_Sys3:S  1 17481.00000       0.00       0.00
20141215         Sxit  1 17531.10000   -5060.00  -10110.00
20150202    TF_Sys3:S  1 17589.00000       0.00       0.00
20150203         Sxit  1 17639.10000   -5060.00  -15170.00
20150515    TF_Sys3:B  1 18595.00000       0.00       0.00
20150526        Lxit1  1 18545.00000   -5050.00  -20220.00
20150629    TF_Sys3:S  1 17966.00000       0.00       0.00
20150630         Sxit  1 18016.10000   -5060.00  -25280.00
20150821    TF_Sys3:S  1 16913.00000       0.00       0.00
20150827         Sxit  1 16963.10000   -5060.00  -30340.00
20151008    TF_Sys3:B  1 17503.00000       0.00       0.00
20151009        Lxit1  1 17453.00000   -5050.00  -35390.00
20160519    TF_Sys3:S  1 18127.00000       0.00       0.00
20160520         Sxit  1 18177.10000   -5060.00  -40450.00
20160627    TF_Sys3:S  1 17794.00000       0.00       0.00
20160628         Sxit  1 17844.10000   -5060.00  -45510.00
20160630    TF_Sys3:B  1 18628.00000       0.00       0.00
20160701        Lxit1  1 18578.00000   -5050.00  -50560.00
20160909    TF_Sys3:S  1 18857.00000       0.00       0.00
20160912         Sxit  1 18907.10000   -5060.00  -55620.00
20161114    TF_Sys3:B  1 19712.00000       0.00       0.00
20161115        Lxit1  1 19662.00000   -5050.00  -60670.00
20170210    TF_Sys3:B  1 21177.00000       0.00       0.00
20180205   LiqLongPos  1 25007.00000  382950.00  322280.00
20180205    TF_Sys3:S  1 25007.00000       0.00       0.00
20180206         Sxit  1 25156.00000  -14950.00  307330.00
20180920    TF_Sys3:B  1 27730.00000       0.00       0.00
20180924        Lxit1  1 27680.00000   -5050.00  302280.00
20181010    TF_Sys3:S  1 26522.00000       0.00       0.00
20181011         Sxit  1 26572.10000   -5060.00  297220.00
20181224    TF_Sys3:S  1 22688.00000       0.00       0.00
20181226         Sxit  1 22738.10000   -5060.00  292160.00
20190212    TF_Sys3:B  1 26394.00000       0.00       0.00
20190214        Lxit1  1 26344.00000   -5050.00  287110.00
20190513    TF_Sys3:S  1 26234.00000       0.00       0.00
20190514         Sxit  1 26284.10000   -5060.00  282050.00
20190805    TF_Sys3:S  1 26502.00000       0.00       0.00
20190806         Sxit  1 26552.10000   -5060.00  276990.00
20191107    TF_Sys3:B  1 28636.00000       0.00       0.00
20191108        Lxit1  1 28586.00000   -5050.00  271940.00
20191219    TF_Sys3:B  1 29375.00000       0.00       0.00
20191231        Lxit1  1 29325.00000   -5050.00  266890.00
20200131    TF_Sys3:S  1 29170.00000       0.00       0.00
20200203         Sxit  1 29220.10000   -5060.00  261830.00
20200224    TF_Sys3:S  1 28942.00000       0.00       0.00
20200225         Sxit  1 28992.10000   -5060.00  256770.00
20200312    TF_Sys3:S  1 22052.00000       0.00       0.00
20200313         Sxit  1 22102.10000   -5060.00  251710.00
20200605    TF_Sys3:B  1 28180.00000       0.00       0.00
20200610        Lxit1  1 28130.00000   -5050.00  246660.00
20201030    TF_Sys3:S  1 27752.00000       0.00       0.00
20201102         Sxit  1 27802.10000   -5060.00  241600.00
20201124    TF_Sys3:B  1 31356.00000       0.00       0.00
20201125        Lxit1  1 31306.00000   -5050.00  236550.00
20210208    TF_Sys3:B  1 32717.00000       0.00       0.00
20210209        Lxit1  1 32667.00000   -5050.00  231500.00
20210317    TF_Sys3:B  1 34466.00000       0.00       0.00
20210318        Lxit1  1 34416.00000   -5050.00  226450.00
20210512    TF_Sys3:S  1 35070.00000       0.00       0.00
20210513         Sxit  1 35120.10000   -5060.00  221390.00
20210806    TF_Sys3:B  1 36760.00000       0.00       0.00
20210809        Lxit1  1 36710.00000   -5050.00  216340.00
20210920    TF_Sys3:S  1 35624.00000       0.00       0.00
20210921         Sxit  1 35674.10000   -5060.00  211280.00
20211108    TF_Sys3:B  1 38097.00000       0.00       0.00
20211109        Lxit1  1 38047.00000   -5050.00  206230.00
20211201    TF_Sys3:S  1 35787.00000       0.00       0.00
20211202         Sxit  1 35837.10000   -5060.00  201170.00
20220124    TF_Sys3:S  1 36125.00000       0.00       0.00
20220125         Sxit  1 36175.10000   -5060.00  196110.00
20220614    TF_Sys3:S  1 32354.00000       0.00       0.00
20220615         Sxit  1 32404.10000   -5060.00  191050.00
20220811    TF_Sys3:B  1 35303.00000       0.00       0.00
20220822        Lxit1  1 35253.00000   -5050.00  186000.00
20221028    TF_Sys3:B  1 34802.00000       0.00       0.00
20221031        Lxit1  1 34752.00000   -5050.00  180950.00
20230309    TF_Sys3:S  1 33925.00000       0.00       0.00
20230310         Sxit  1 33975.10000   -5060.00  175890.00
20230925    TF_Sys3:S  1 35073.00000       0.00       0.00
20231103  LiqShortPos  1 34937.00000   13550.00  189440.00
20231103    TF_Sys3:B  1 34937.00000       0.00       0.00
20231106        Lxit1  1 34887.00000   -5050.00  184390.00
20240209    TF_Sys3:B  1 39185.00000       0.00       0.00
20240212        Lxit1  1 39135.00000   -5050.00  179340.00
20240404    TF_Sys3:S  1 38916.00000       0.00       0.00
20240405         Sxit  1 38966.10000   -5060.00  174280.00
-----------------------------------------
Sys Name : TF-System#3_1R
Mkt Symb : CL Mkt Name : Crude
20100428    TF_Sys3:S  1 126.24000       0.00       0.00
20110223  LiqShortPos  1 128.30000   -2110.00   -2110.00
20110223    TF_Sys3:B  1 128.30000       0.00       0.00
20110505   LiqLongPos  1 128.66000     310.00   -1800.00
20110505    TF_Sys3:S  1 128.66000       0.00       0.00
20111107  LiqShortPos  1 122.67000    5940.00    4140.00
20111107    TF_Sys3:B  1 122.67000       0.00       0.00
20120504   LiqLongPos  1 123.91000    1190.00    5330.00
20120504    TF_Sys3:S  1 123.91000       0.00       0.00
20120718  LiqShortPos  1 114.64000    9220.00   14550.00
20120718    TF_Sys3:B  1 114.64000       0.00       0.00
20121023        Lxit1  1 109.64000   -5050.00    9500.00
20130702    TF_Sys3:B  1 119.88000       0.00       0.00
20130925   LiqLongPos  1 123.81000    3880.00   13380.00
20130925    TF_Sys3:S  1 123.81000       0.00       0.00
20140218  LiqShortPos  1 122.30000    1460.00   14840.00
20140218    TF_Sys3:B  1 122.30000       0.00       0.00
20140714   LiqLongPos  1 123.72000    1370.00   16210.00
20140714    TF_Sys3:S  1 123.72000       0.00       0.00
20150415  LiqShortPos  1  80.88000   42790.00   59000.00
20150415    TF_Sys3:B  1  80.88000       0.00       0.00
20150706        Lxit1  1  75.87000   -5060.00   53940.00
20150810    TF_Sys3:S  1  66.36000       0.00       0.00
20150831  LiqShortPos  1  70.06000   -3750.00   50190.00
20150831    TF_Sys3:B  1  70.06000       0.00       0.00
20150901        Lxit1  1  65.06000   -5050.00   45140.00
20151208    TF_Sys3:S  1  56.47000       0.00       0.00
20160304  LiqShortPos  1  50.52000    5900.00   51040.00
20160304    TF_Sys3:B  1  50.52000       0.00       0.00
20160707   LiqLongPos  1  55.72000    5150.00   56190.00
20160707    TF_Sys3:S  1  55.72000       0.00       0.00
20161212         Sxit  1  60.72000   -5050.00   51140.00
20170928    TF_Sys3:B  1  54.48000       0.00       0.00
20180209   LiqLongPos  1  61.71000    7180.00   58320.00
20180209    TF_Sys3:S  1  61.71000       0.00       0.00
20180226         Sxit  1  66.72000   -5060.00   53260.00
20180509    TF_Sys3:B  1  73.77000       0.00       0.00
20180529        Lxit1  1  68.76000   -5060.00   48200.00
20180529    TF_Sys3:S  1  69.28000       0.00       0.00
20180627         Sxit  1  74.29000   -5060.00   43140.00
20181001    TF_Sys3:B  1  79.79000       0.00       0.00
20181017        Lxit1  1  74.79000   -5050.00   38090.00
20181023    TF_Sys3:S  1  70.97000       0.00       0.00
20190109  LiqShortPos  1  56.44000   14480.00   52570.00
20190109    TF_Sys3:B  1  56.44000       0.00       0.00
20200122   LiqLongPos  1  59.35000    2860.00   55430.00
20200122    TF_Sys3:S  1  59.35000       0.00       0.00
20200507  LiqShortPos  1  19.85000   39450.00   94880.00
20200507    TF_Sys3:B  1  19.85000       0.00       0.00
20210719   LiqLongPos  1  61.05000   41150.00  136030.00
20210719    TF_Sys3:S  1  61.05000       0.00       0.00
20210722         Sxit  1  66.05000   -5050.00  130980.00
20211011    TF_Sys3:B  1  75.71000       0.00       0.00
20211126        Lxit1  1  70.70000   -5060.00  125920.00
20211126    TF_Sys3:S  1  64.91000       0.00       0.00
20211209         Sxit  1  69.91000   -5050.00  120870.00
20220202    TF_Sys3:B  1  85.75000       0.00       0.00
-----------------------------------------
Sys Name : TF-System#3_1R
Mkt Symb : NG Mkt Name : Nat.Gas
20100603    TF_Sys3:B  1  11.82500       0.00       0.00
20100816        Lxit1  1  11.32400   -5060.00   -5060.00
20101004    TF_Sys3:S  1  10.69300       0.00       0.00
20101208  LiqShortPos  1  11.06200   -3740.00   -8800.00
20101208    TF_Sys3:B  1  11.06200       0.00       0.00
20101216        Lxit1  1  10.56100   -5060.00  -13860.00
20110303    TF_Sys3:S  1  10.12700       0.00       0.00
20110323         Sxit  1  10.62800   -5060.00  -18920.00
20110328    TF_Sys3:B  1  10.71000       0.00       0.00
20110707        Lxit1  1  10.21000   -5050.00  -23970.00
20110922    TF_Sys3:S  1   9.89300       0.00       0.00
20120511  LiqShortPos  1   7.89900   19890.00   -4080.00
20120511    TF_Sys3:B  1   7.89900       0.00       0.00
20120829   LiqLongPos  1   7.97400     700.00   -3380.00
20120829    TF_Sys3:S  1   7.97400       0.00       0.00
20121001         Sxit  1   8.47500   -5060.00   -8440.00
20121211    TF_Sys3:S  1   8.02000       0.00       0.00
20130321  LiqShortPos  1   8.43500   -4200.00  -12640.00
20130321    TF_Sys3:B  1   8.43500       0.00       0.00
20130606   LiqLongPos  1   8.21800   -2220.00  -14860.00
20130606    TF_Sys3:S  1   8.21800       0.00       0.00
20131205  LiqShortPos  1   8.24400    -310.00  -15170.00
20131205    TF_Sys3:B  1   8.24400       0.00       0.00
20141020   LiqLongPos  1   8.58300    3340.00  -11830.00
20141020    TF_Sys3:S  1   8.58300       0.00       0.00
20141105  LiqShortPos  1   9.03100   -4530.00  -16360.00
20141105    TF_Sys3:B  1   9.03100       0.00       0.00
20141203        Lxit1  1   8.53100   -5050.00  -21410.00
20141222    TF_Sys3:S  1   7.83000       0.00       0.00
20150504  LiqShortPos  1   7.41900    4060.00  -17350.00
20150504    TF_Sys3:B  1   7.41900       0.00       0.00
20150929   LiqLongPos  1   7.04100   -3830.00  -21180.00
20150929    TF_Sys3:S  1   7.04100       0.00       0.00
20160609  LiqShortPos  1   6.20100    8350.00  -12830.00
20160609    TF_Sys3:B  1   6.20100       0.00       0.00
20161024   LiqLongPos  1   6.32100    1150.00  -11680.00
20161024    TF_Sys3:S  1   6.32100       0.00       0.00
20161228         Sxit  1   6.82100   -5050.00  -16730.00
20170109    TF_Sys3:S  1   6.07700       0.00       0.00
20171109  LiqShortPos  1   5.53100    5410.00  -11320.00
20171109    TF_Sys3:B  1   5.53100       0.00       0.00
20171124   LiqLongPos  1   5.14800   -3880.00  -15200.00
20171124    TF_Sys3:S  1   5.14800       0.00       0.00
20180112  LiqShortPos  1   5.44100   -2980.00  -18180.00
20180112    TF_Sys3:B  1   5.44100       0.00       0.00
20181214   LiqLongPos  1   6.25900    8130.00  -10050.00
20181214    TF_Sys3:S  1   6.25900       0.00       0.00
20190905  LiqShortPos  1   4.94500   13090.00    3040.00
20190905    TF_Sys3:B  1   4.94500       0.00       0.00
20191129   LiqLongPos  1   4.55900   -3910.00    -870.00
20191129    TF_Sys3:S  1   4.55900       0.00       0.00
20200803  LiqShortPos  1   3.91700    6370.00    5500.00
20200803    TF_Sys3:B  1   3.91700       0.00       0.00
20200921   LiqLongPos  1   3.54800   -3740.00    1760.00
20200921    TF_Sys3:S  1   3.54800       0.00       0.00
20201021         Sxit  1   4.04900   -5060.00   -3300.00
20210216    TF_Sys3:B  1   3.83900       0.00       0.00
20210315        Lxit1  1   3.33800   -5060.00   -8360.00
20210726    TF_Sys3:B  1   4.66000       0.00       0.00
20211130   LiqLongPos  1   4.80500    1400.00   -6960.00
20211130    TF_Sys3:S  1   4.80500       0.00       0.00
20220128         Sxit  1   5.30500   -5050.00  -12010.00
-----------------------------------------
Sys Name : TF-System#3_1R
Mkt Symb : HO Mkt Name : H.Oil
20100505    TF_Sys3:S  1   2.00050       0.00       0.00
20101109         Sxit  1   2.11960   -5052.20   -5052.20
20101221    TF_Sys3:B  1   2.20370       0.00       0.00
20110505   LiqLongPos  1   2.51490   13020.40    7968.20
20110505    TF_Sys3:S  1   2.51490       0.00       0.00
20110510         Sxit  1   2.63400   -5052.20    2916.00
20111111    TF_Sys3:B  1   2.74000       0.00       0.00
20111118        Lxit1  1   2.62090   -5052.20   -2136.20
20120504    TF_Sys3:S  1   2.55290       0.00       0.00
20120718  LiqShortPos  1   2.42080    5498.20    3362.00
20120718    TF_Sys3:B  1   2.42080       0.00       0.00
20121102   LiqLongPos  1   2.51510    3910.60    7272.60
20121102    TF_Sys3:S  1   2.51510       0.00       0.00
20121119         Sxit  1   2.63420   -5052.20    2220.40
20130301    TF_Sys3:S  1   2.52380       0.00       0.00
20130712  LiqShortPos  1   2.53740    -621.20    1599.20
20130712    TF_Sys3:B  1   2.53740       0.00       0.00
20131024        Lxit1  1   2.41830   -5052.20   -3453.00
20131101    TF_Sys3:S  1   2.38930       0.00       0.00
20131121         Sxit  1   2.50840   -5052.20   -8505.20
20140814    TF_Sys3:S  1   2.61450       0.00       0.00
20150217  LiqShortPos  1   1.89530   30156.40   21651.20
20150217    TF_Sys3:B  1   1.89530       0.00       0.00
20150316        Lxit1  1   1.77620   -5052.20   16599.00
20150828    TF_Sys3:B  1   1.63890       0.00       0.00
20151002        Lxit1  1   1.51980   -5052.20   11546.80
20151116    TF_Sys3:S  1   1.38830       0.00       0.00
20160307  LiqShortPos  1   1.14560   10143.40   21690.20
20160307    TF_Sys3:B  1   1.14560       0.00       0.00
20160404        Lxit1  1   1.02650   -5052.20   16638.00
20160725    TF_Sys3:S  1   1.20980       0.00       0.00
20160817         Sxit  1   1.32890   -5052.20   11585.80
20170228    TF_Sys3:S  1   1.40390       0.00       0.00
20170731  LiqShortPos  1   1.40990    -302.00   11283.80
20170731    TF_Sys3:B  1   1.40990       0.00       0.00
20180205   LiqLongPos  1   1.78070   15523.60   26807.40
20180205    TF_Sys3:S  1   1.78070       0.00       0.00
20180423         Sxit  1   1.89980   -5052.20   21755.20
20180509    TF_Sys3:B  1   1.98540       0.00       0.00
20180615        Lxit1  1   1.86630   -5052.20   16703.00
20180716    TF_Sys3:S  1   1.82280       0.00       0.00
20180726         Sxit  1   1.94190   -5052.20   11650.80
20181001    TF_Sys3:B  1   2.16240       0.00       0.00
20181018        Lxit1  1   2.04330   -5052.20    6598.60
20181023    TF_Sys3:S  1   2.00290       0.00       0.00
20190110  LiqShortPos  1   1.66940   13957.00   20555.60
20190110    TF_Sys3:B  1   1.66940       0.00       0.00
20190604        Lxit1  1   1.55030   -5052.20   15503.40
20190916    TF_Sys3:B  1   1.82160       0.00       0.00
20190918        Lxit1  1   1.70250   -5052.20   10451.20
20200117    TF_Sys3:S  1   1.61050       0.00       0.00
20200605  LiqShortPos  1   0.77340   35108.20   45559.40
20200605    TF_Sys3:B  1   0.77340       0.00       0.00
20200908        Lxit1  1   0.65430   -5052.20   40507.20
20210202    TF_Sys3:B  1   1.24680       0.00       0.00
20210719   LiqLongPos  1   1.56100   13146.40   53653.60
20210719    TF_Sys3:S  1   1.56100       0.00       0.00
20210722         Sxit  1   1.68010   -5052.20   48601.40
20210924    TF_Sys3:B  1   1.84330       0.00       0.00
20211126        Lxit1  1   1.72420   -5052.20   43549.20
20211126    TF_Sys3:S  1   1.68220       0.00       0.00
20211129         Sxit  1   1.80130   -5052.20   38497.00
20220118    TF_Sys3:B  1   2.27590       0.00       0.00
