EC,JY,BP,
20100129,0,0,0,
20100226,0,0,0,
20100331,-2500.0,0,-1150.0,
20100430,175.0,0,-1756.25,
20100528,13012.5,-775.0,3412.5,
20100630,13425.0,3175.0,306.25,
20100730,2600.0,6275.0,-3112.5,
20100831,-2068.75,10162.5,-5312.5,
20100930,-2068.75,11325.0,-2925.0,
20101029,-2068.75,17100.0,-862.5,
20101130,7918.75,9650.0,-3312.5,
20101231,3031.25,5206.25,-3581.25,
20110131,-1093.75,5206.25,-6281.25,
20110228,-2506.25,5206.25,-7787.5,
20110331,-7125.0,156.25,-8868.75,
20110429,-3425.0,-4900.0,-10887.5,
20110531,-15837.5,-4900.0,-12418.75,
20110630,-17231.25,-4900.0,-15618.75,
20110729,-17231.25,-2150.0,-17993.75,
20110831,-17231.25,-2087.5,-16893.75,
20110930,-17231.25,-3112.5,-12775.0,
20111031,-17231.25,-5500.0,-15931.25,
20111130,-17231.25,-6537.5,-13543.75,
20111230,-17231.25,-7950.0,-12612.5,
20120131,-22287.5,-9225.0,-14075.0,
20120229,-21675.0,687.5,-15075.0,
20120330,-21675.0,3900.0,-15743.75,
20120430,-23012.5,-1775.0,-17106.25,
20120531,-27525.0,-4775.0,-11962.5,
20120629,-27525.0,-10293.75,-13868.75,
20120731,-29337.5,-10293.75,-13893.75,
20120831,-32581.25,-10293.75,-15150.0,
20120928,-31918.75,-10293.75,-18112.5,
20121031,-30606.25,-10293.75,-18168.75,
20121130,-30193.75,-8056.25,-18818.75,
20121231,-27756.25,-568.75,-17437.5,
20130131,-23131.25,6993.75,-19831.25,
20130228,-28168.75,8931.25,-15575.0,
20130329,-24968.75,11043.75,-15575.0,
20130430,-29256.25,15731.25,-17831.25,
20130531,-26968.75,19781.25,-15668.75,
20130628,-27456.25,12668.75,-21943.75,
20130731,-31406.25,10268.75,-23981.25,
20130830,-29768.75,10268.75,-23981.25,
20130930,-33937.5,10268.75,-22056.25,
20131031,-35025.0,10268.75,-22862.5,
20131129,-37487.5,10268.75,-20912.5,
20131231,-41362.5,10418.75,-19637.5,
20140131,-41362.5,7018.75,-20450.0,
20140228,-41362.5,4018.75,-23231.25,
20140331,-42550.0,2306.25,-23775.0,
20140430,-41350.0,3593.75,-22406.25,
20140530,-44300.0,4081.25,-23150.0,
20140630,-44525.0,4581.25,-20993.75,
20140731,-40700.0,2631.25,-22362.5,
20140829,-37487.5,1531.25,-21168.75,
20140930,-31100.0,7706.25,-18931.25,
20141031,-29787.5,10356.25,-17643.75,
20141128,-28612.5,16406.25,-15343.75,
20141231,-24387.5,17456.25,-15106.25,
20150130,-14250.0,15393.75,-11875.0,
20150227,-12987.5,17393.75,-14268.75,
20150331,-7400.0,17618.75,-10487.5,
20150430,-13800.0,17218.75,-12068.75,
20150529,-20043.75,21168.75,-12475.0,
20150630,-20043.75,19775.0,-9687.5,
20150731,-20043.75,21212.5,-10406.25,
20150831,-20043.75,14093.75,-12043.75,
20150930,-20043.75,15000.0,-12718.75,
20151030,-20043.75,14312.5,-14650.0,
20151130,-19506.25,12268.75,-12381.25,
20151231,-25100.0,11387.5,-10350.0,
20160129,-25100.0,11387.5,-7275.0,
20160229,-27825.0,10918.75,-5237.5,
20160331,-21643.75,11068.75,-8062.5,
20160429,-20981.25,16993.75,-9200.0,
20160531,-23268.75,12825.0,-10112.5,
20160630,-22506.25,20731.25,-11887.5,
20160729,-23681.25,22137.5,-11881.25,
20160831,-23243.75,20318.75,-11150.0,
20160930,-24106.25,22525.0,-10187.5,
20161031,-20481.25,18212.5,-5543.75,
20161130,-24175.0,18687.5,-7143.75,
20161230,-23225.0,21106.25,-6031.25,
20170131,-26312.5,17531.25,-7487.5,
20170228,-23518.75,16106.25,-6325.0,
20170331,-24456.25,16806.25,-7075.0,
20170428,-26943.75,16587.5,-8512.5,
20170531,-27593.75,17312.5,-8912.5,
20170630,-25637.5,15037.5,-11756.25,
20170731,-20718.75,17300.0,-12831.25,
20170831,-20075.0,17393.75,-11100.0,
20170929,-22775.0,14243.75,-13975.0,
20171031,-20481.25,15575.0,-14837.5,
20171130,-23318.75,11731.25,-13406.25,
20171229,-24481.25,11400.0,-13531.25,
20180131,-25906.25,14837.5,-9512.5,
20180228,-28787.5,17300.0,-12150.0,
20180329,-28087.5,17281.25,-10756.25,
20180430,-31031.25,15400.0,-12518.75,
20180531,-27975.0,14937.5,-11212.5,
20180629,-27381.25,17518.75,-10456.25,
20180731,-27393.75,18737.5,-9918.75,
20180831,-28012.5,18150.0,-8756.25,
20180928,-28125.0,20937.5,-12143.75,
20181031,-31981.25,20668.75,-13956.25,
20181130,-31981.25,21468.75,-14237.5,
20181231,-31981.25,19043.75,-16800.0,
20190131,-31981.25,19600.0,-20168.75,
20190228,-31981.25,16750.0,-19312.5,
20190329,-32125.0,17081.25,-21068.75,
20190430,-31850.0,16218.75,-20987.5,
20190531,-30856.25,19056.25,-23650.0,
20190628,-32675.0,19443.75,-23312.5,
20190731,-35162.5,18100.0,-22300.0,
20190830,-33437.5,20568.75,-22131.25,
20190930,-32162.5,18306.25,-25256.25,
20191031,-34650.0,16537.5,-21350.0,
20191129,-36518.75,18237.5,-21475.0,
20191231,-34181.25,17675.0,-23506.25,
20200131,-36225.0,14325.0,-23037.5,
20200228,-41687.5,13868.75,-20418.75,
20200331,-48593.75,13918.75,-18206.25,
20200430,-47500.0,14087.5,-19118.75,
20200529,-49237.5,13381.25,-17393.75,
20200630,-52106.25,13143.75,-22575.0,
20200731,-48918.75,15500.0,-18131.25,
20200831,-47168.75,15350.0,-16437.5,
20200930,-50006.25,15712.5,-18343.75,
20201030,-51012.5,16587.5,-18700.0,
20201130,-47318.75,16950.0,-21093.75,
20201231,-44000.0,18043.75,-23043.75,
20210129,-45287.5,17431.25,-22756.25,
20210226,-48756.25,19587.5,-21250.0,
20210331,-44206.25,23987.5,-22312.5,
20210430,-47837.5,22537.5,-22125.0,
20210528,-49987.5,23062.5,-19718.75,
20210630,-45475.0,24425.0,-22168.75,
20210730,-45487.5,23093.75,-22743.75,
20210831,-44856.25,22825.0,-21900.0,
20210930,-49787.5,21356.25,-20118.75,
20211029,-50318.75,19968.75,-22868.75,
20211130,-47293.75,19143.75,-25412.5,
20211231,-47906.25,17225.0,-23893.75,
20220131,-46043.75,15100.0,-24368.75,
20220228,-45706.25,15000.0,-24618.75,
20220331,-43637.5,21143.75,-27656.25,
