Testing from : 20100104 to: 20220331
-----------------------------------------------------------------------------------------------------------
                                                                                      Avg.   Monthly    Avg.
SysName         Market     TotProfit  MaxDD ClsTrdDD AvgWin  AvgLoss PerWins #Trds  MonthRet.  StdDev  YearlyRet.
TF-TMA_1R       EuroCur-EC     23674  35150   25362    4210    -3660    0.53     43      161    3329     1867
TF-TMA_1R       J.Yen-JY        6025  32218   27074    4669    -2368    0.35     48       40    2774        0
TF-TMA_1R       B.Pound-BP    -13481  25018   20749    2822    -1643    0.31     49      -91    1778    -1236
TF-TMA_1R       Crude-CL         539  73740   70490   11437    -4631    0.29     45        3    5525    -1836
TF-TMA_1R       Nat.Gas-NG     44580  23440   19820    6364    -2593    0.40     45      303    3584     3485
TF-TMA_1R       H.Oil-HO       56888  92227   71982   15928    -6153    0.34     41      386    6278      235
-------------------------------------------------------------------------------------------------------------------
Totals                        118226 164399 or 103.5 % Avg. DD   50305         271
-----------------------------------------------------------------------------------------------------------
Combined Monthly Return
Date         Profit Cum.Profit
-------------------------------------------------------------------
20100129     -18794     -18794
20100226      14896      -3898
20100331       9744       5846
20100430       6910      12756
20100528     -20280      -7523
20100630       -723      -8246
20100730     -10295     -18541
20100831      13765      -4776
20100930     -18137     -22913
20101029       8317     -14596
20101130     -15466     -30061
20101231      12706     -17355     -17355
20110131      11933      -5422
20110228       7522       2100
20110331       5361       7462
20110429      23322      30784
20110531     -45403     -14619
20110630       1543     -13076
20110729       9207      -3869
20110831      -2969      -6838
20110930       4217      -2620
20111031     -40691     -43311
20111130       5960     -37351
20111230      10816     -26535      -9180
20120131       -580     -27115
20120229     -10789     -37904
20120330       1618     -36285
20120430      -6488     -42773
20120531       3763     -39011
20120629      -8086     -47097
20120731     -11372     -58469
20120831      -1547     -60016
20120928      -5687     -65703
20121031      -4479     -70182
20121130      -6589     -76771
20121231       9399     -67372     -40838
20130131      11822     -55550
20130228     -16102     -71652
20130329      -1432     -73084
20130430      -4993     -78076
20130531      -8464     -86540
20130628     -18481    -105022
20130731       2344    -102678
20130830       -210    -102888
20130930      -7631    -110519
20131031      -1916    -112436
20131129      -9511    -121947
20131231       -884    -122831     -55459
20140131       2415    -120416
20140228       7474    -112942
20140331      -6498    -119440
20140430      -3048    -122488
20140530      -1972    -124459
20140630       -244    -124704
20140731      -5578    -130282
20140829       2164    -128118
20140930      21785    -106332
20141031      20750     -85582
20141128      31442     -54141
20141231      40017     -14124     108707
20150130      23306       9182
20150227     -14480      -5297
20150331       6145        848
20150430     -26672     -25825
20150529       2393     -23432
20150630      -2201     -25634
20150731      25110       -524
20150831     -17174     -17697
20150930      15137      -2560
20151030       2519        -42
20151130      16179      16138
20151231      10863      27001      41125
20160129       8589      35590
20160229      16023      51612
20160331     -10191      41421
20160429       3984      45405
20160531      -7859      37546
20160630       9085      46631
20160729      -3938      42693
20160831      -7479      35213
20160930       7656      42869
20161031      -3256      39613
20161130      -7405      32208
20161230       7061      39269      12268
20170131     -17023      22246
20170228       -313      21933
20170331     -10971      10962
20170428      -3436       7526
20170531      -6159       1367
20170630       4921       6287
20170731      -1094       5193
20170831      -3370       1823
20170929      -4343      -2520
20171031       1515      -1005
20171130        564       -442
20171229      12405      11963     -27306
20180131       8073      20036
20180228     -14246       5790
20180329       2039       7829
20180430       9042      16871
20180531       -839      16032
20180629      -3969      12063
20180731      -4086       7976
20180831      -1202       6775
20180928       8532      15307
20181031      -8284       7023
20181130      10572      17595
20181231      -6642      10952      -1011
20190131     -20248      -9296
20190228       -952     -10248
20190329       3059      -7190
20190430       2199      -4991
20190531        838      -4153
20190628      -8667     -12819
20190731       6077      -6742
20190830      -2288      -9031
20190930     -15829     -24860
20191031      -4821     -29681
20191129      -3144     -32825
20191231      -3886     -36711     -47663
20200131     -14572     -51283
20200228      13820     -37463
20200331      37421        -42
20200430      13436      13394
20200529     -21581      -8188
20200630      -7158     -15346
20200731       7722      -7623
20200831      -1227      -8851
20200930      -5655     -14506
20201030       2394     -12112
20201130      -9852     -21963
20201231      16364      -5600      31111
20210129       5560        -40
20210226      18077      18037
20210331      -5429      12608
20210430      -4365       8244
20210528       8772      17016
20210630      10778      27794
20210730       4075      31869
20210831      -6659      25210
20210930      29633      54843
20211029      10697      65540
20211130     -34521      31019
20211231       -845      30174      35774
20220131      12297      42472
20220228      20328      62799
20220331      55428     118227      88053
Average Monthly Return:      804 StdDev: 13755  Sharpe: 0.06
Average  Yearly Return:     9094 StdDev: 50606  Sharpe: 0.18
