-----------------------------------------
Sys Name : TF-TMA_1R
Mkt Symb : EC Mkt Name : EuroCur
Profit/Loss : 23675.0
Num Trades : 43
Percent Wins : 0.535
Avg Win  : 4210.6
Avg Loss : -3660.94
Avg Trade: 550.58
Max DrawDown: 35150.0
Avg DrawDown: 12016.67
AVG Monthly Return: 161.05442
Monthly StdDev: 3329.46853
-----------------------------------------
20100129          0          0
20100226        713        713
20100331       1463       2175
20100430       2675       4850
20100528      12838      17687
20100630        413      18100
20100730      -4350      13750
20100831          0      13750
20100930      -8362       5388
20101029       2587       7975
20101130      -8375       -400
20101231          0       -400       -400
20110131        200       -200
20110228       1413       1212
20110331       4425       5637
20110429       8525      14162
20110531      -8662       5500
20110630       1300       6800
20110729          0       6800
20110831       -988       5812
20110930      -8700      -2888
20111031      -5337      -8225
20111130       -288      -8513
20111230       6125      -2388      -1988
20120131      -1488      -3875
20120229      -1950      -5825
20120330          0      -5825
20120430      -1237      -7062
20120531      10963       3900
20120629      -3575        325
20120731       4438       4763
20120831      -2387       2375
20120928          0       2375
20121031        213       2588
20121130      -3238       -650
20121231       2387       1737       4125
20130131       4625       6363
20130228      -6413        -50
20130329       -513       -563
20130430       1312        750
20130531      -5512      -4762
20130628      -4975      -9738
20130731      -3388     -13125
20130830       1437     -11688
20130930       3913      -7775
20131031        812      -6963
20131129      -1962      -8925
20131231        500      -8425     -10163
20140131      -1713     -10138
20140228          0     -10138
20140331       -113     -10250
20140430       1200      -9050
20140530      -2050     -11100
20140630          0     -11100
20140731       3163      -7938
20140829       3212      -4725
20140930       6388       1662
20141031       1312       2975
20141128       1175       4150
20141231       4225       8375      16800
20150130      10138      18512
20150227       1262      19775
20150331       5587      25362
20150430      -6400      18962
20150529        863      19825
20150630          0      19825
20150731       1025      20850
20150831      -6913      13937
20150930          0      13937
20151030      -3038      10900
20151130        850      11750
20151231      -4975       6775      -1600
20160129          0       6775
20160229          0       6775
20160331          0       6775
20160429        756       7531
20160531      -3400       4131
20160630          0       4131
20160729          0       4131
20160831      -1994       2137
20160930        862       3000
20161031        731       3731
20161130       4781       8512
20161230        950       9462       2687
20170131      -1625       7837
20170228          0       7837
20170331      -3769       4069
20170428          0       4069
20170531          0       4069
20170630       1869       5937
20170731       4919      10856
20170831        644      11500
20170929      -1312      10187
20171031      -1119       9069
20171130          0       9069
20171229       1569      10637       1175
20180131       4650      15287
20180228      -2881      12406
20180329       1413      13819
20180430          0      13819
20180531       -262      13556
20180629        594      14150
20180731        -12      14137
20180831       1606      15744
20180928      -1000      14744
20181031       2431      17175
20181130        419      17594
20181231      -1325      16269       5631
20190131      -1175      15094
20190228         88      15181
20190329       2387      17569
20190430        275      17844
20190531        994      18837
20190628      -2306      16531
20190731        925      17456
20190830       1725      19181
20190930       1275      20456
20191031      -2331      18125
20191129        100      18225
20191231      -1831      16394        125
20200131       -825      15569
20200228        988      16556
20200331      -2081      14475
20200430      -1019      13456
20200529       -656      12800
20200630          0      12800
20200731       6269      19069
20200831       1750      20819
20200930      -3575      17244
20201030          0      17244
20201130       2087      19331
20201231       3319      22650       6256
20210129      -1287      21362
20210226      -1275      20087
20210331          0      20087
20210430      -1319      18769
20210528       2150      20919
20210630      -3544      17375
20210730       -919      16456
20210831        631      17087
20210930       2519      19606
20211029        394      20000
20211130       3025      23025
20211231       -613      22412       -238
20220131        712      23125
20220228        469      23594
20220331         81      23675       1262
-----------------------------------------
-----------------------------------------
Sys Name : TF-TMA_1R
Mkt Symb : JY Mkt Name : J.Yen
Profit/Loss : 6025.0
Num Trades : 48
Percent Wins : 0.354
Avg Win  : 4669.85
Avg Loss : -2368.15
Avg Trade: 125.52
Max DrawDown: 32218.75
Avg DrawDown: 10439.06
AVG Monthly Return: 40.98639
Monthly StdDev: 2774.58964
-----------------------------------------
20100129          0          0
20100226       1288       1288
20100331      -5750      -4462
20100430       -262      -4725
20100528      -5412     -10137
20100630          0     -10137
20100730       3113      -7025
20100831       3887      -3137
20100930       1163      -1975
20101029       5775       3800
20101130      -7225      -3425
20101231          0      -3425      -3425
20110131       2362      -1062
20110228        450       -612
20110331      -2988      -3600
20110429      -2825      -6425
20110531      -1750      -8175
20110630       1925      -6250
20110729       7750       1500
20110831         62       1563
20110930      -1025        538
20111031      -3938      -3400
20111130        125      -3275
20111230          0      -3275        150
20120131       1225      -2050
20120229      -7262      -9312
20120330       2463      -6850
20120430      -2862      -9712
20120531          0      -9712
20120629          0      -9712
20120731      -2700     -12412
20120831       2000     -10412
20120928        688      -9725
20121031      -4038     -13762
20121130          0     -13762
20121231       7875      -5887      -2612
20130131       7562       1675
20130228       1938       3613
20130329       2112       5725
20130430       4688      10413
20130531       4050      14463
20130628      -8500       5962
20130731      -3488       2475
20130830       -675       1800
20130930       -838        962
20131031      -1162       -200
20131129       2925       2725
20131231       3275       6000      11887
20140131      -3400       2600
20140228      -1050       1550
20140331          0       1550
20140430      -1312        237
20140530         75        312
20140630       -650       -338
20140731        575        237
20140829        563        800
20140930       4812       5613
20141031       2650       8263
20141128       6050      14313
20141231       1050      15363       9363
20150130      -1875      13488
20150227          0      13488
20150331        225      13713
20150430       -725      12988
20150529       2487      15475
20150630      -1394      14081
20150731        744      14825
20150831      -2719      12106
20150930          0      12106
20151030      -1088      11019
20151130          0      11019
20151231      -2412       8606      -6756
20160129      -3100       5506
20160229       7544      13050
20160331        150      13200
20160429       5925      19125
20160531      -4169      14956
20160630       6631      21588
20160729       1406      22994
20160831      -1819      21175
20160930       2206      23381
20161031      -1919      21463
20161130          0      21463
20161230       2875      24338      15731
20170131      -3575      20763
20170228        -69      20694
20170331      -1562      19131
20170428          0      19131
20170531      -3006      16125
20170630       -650      15475
20170731      -3719      11756
20170831        -19      11738
20170929      -2387       9350
20171031         12       9363
20171130       -981       8381
20171229       -150       8231     -16106
20180131      -2181       6050
20180228        656       6706
20180329        -19       6688
20180430      -1281       5406
20180531          0       5406
20180629       1075       6481
20180731       1219       7700
20180831       -650       7050
20180928       1619       8669
20181031       -269       8400
20181130        800       9200
20181231      -2000       7200      -1031
20190131          0       7200
20190228       -200       7000
20190329        375       7375
20190430        862       8238
20190531      -1481       6756
20190628        700       7456
20190731      -1425       6031
20190830        -12       6019
20190930      -2137       3881
20191031          0       3881
20191129        569       4450
20191231       -563       3888      -3313
20200131        -50       3838
20200228       -406       3431
20200331      -6350      -2919
20200430       -994      -3912
20200529          0      -3912
20200630      -1169      -5081
20200731       1344      -3737
20200831       -150      -3887
20200930        363      -3525
20201030        875      -2650
20201130        363      -2287
20201231       1094      -1194      -5081
20210129      -1725      -2919
20210226       -300      -3219
20210331       1831      -1387
20210430      -1450      -2837
20210528        387      -2450
20210630       1363      -1087
20210730      -1331      -2419
20210831       -519      -2937
20210930        687      -2250
20211029       2513        263
20211130       -775       -512
20211231        506         -6       1188
20220131        -12        -19
20220228       -100       -119
20220331       6144       6025       6031
-----------------------------------------
-----------------------------------------
Sys Name : TF-TMA_1R
Mkt Symb : BP Mkt Name : B.Pound
Profit/Loss : -13481.25
Num Trades : 49
Percent Wins : 0.306
Avg Win  : 2822.5
Avg Loss : -1643.2
Avg Trade: -275.13
Max DrawDown: 25018.75
Avg DrawDown: 7208.85
AVG Monthly Return: -91.70918
Monthly StdDev: 1778.98245
-----------------------------------------
20100129          0          0
20100226       3294       3294
20100331        363       3656
20100430      -1525       2131
20100528        937       3069
20100630      -3106        -38
20100730      -1531      -1569
20100831          0      -1569
20100930        194      -1375
20101029       1475        100
20101130      -3013      -2913
20101231       1381      -1531      -1531
20110131       1200       -331
20110228       1506       1175
20110331      -1344       -169
20110429       4231       4062
20110531      -1531       2531
20110630        -62       2469
20110729          0       2469
20110831      -1194       1275
20110930      -3056      -1781
20111031      -4087      -5869
20111130        862      -5006
20111230        319      -4688      -3156
20120131      -1462      -6150
20120229       -431      -6581
20120330          0      -6581
20120430       2006      -4575
20120531      -3750      -8325
20120629          0      -8325
20120731      -1094      -9419
20120831          0      -9419
20120928        194      -9225
20121031        -56      -9281
20121130        -81      -9362
20121231        806      -8556      -3869
20130131      -2894     -11450
20130228          0     -11450
20130329        -37     -11487
20130430       -513     -12000
20130531        312     -11687
20130628      -3406     -15094
20130731      -1181     -16275
20130830      -1300     -17575
20130930        325     -17250
20131031       -806     -18056
20131129        250     -17806
20131231       1213     -16594      -8037
20140131       -813     -17406
20140228       2056     -15350
20140331       -544     -15894
20140430       1369     -14525
20140530       -744     -15269
20140630       1394     -13875
20140731      -1369     -15244
20140829       -731     -15975
20140930        994     -14981
20141031       1287     -13694
20141128       2300     -11394
20141231        238     -11156       5437
20150130       3231      -7925
20150227      -2269     -10194
20150331        662      -9531
20150430      -3231     -12762
20150529       1413     -11350
20150630          0     -11350
20150731       -650     -12000
20150831      -2500     -14500
20150930        -81     -14581
20151030          0     -14581
20151130       -556     -15137
20151231       2031     -13106      -1950
20160129       3075     -10031
20160229       2037      -7994
20160331      -2925     -10919
20160429      -1788     -12706
20160531          0     -12706
20160630       8863      -3844
20160729          6      -3837
20160831        731      -3106
20160930      -1119      -4225
20161031       4437        213
20161130      -1600      -1387
20161230       -950      -2337      10769
20170131      -1556      -3894
20170228        250      -3644
20170331      -2250      -5894
20170428        962      -4931
20170531       -300      -5231
20170630      -1075      -6306
20170731        931      -5375
20170831      -1775      -7150
20170929      -1163      -8312
20171031      -1856     -10169
20171130          0     -10169
20171229        194      -9975      -7638
20180131       4019      -5956
20180228      -2638      -8594
20180329        975      -7619
20180430      -1981      -9600
20180531      -1163     -10762
20180629        575     -10187
20180731        537      -9650
20180831       1162      -8487
20180928      -1969     -10456
20181031       -381     -10837
20181130        281     -10556
20181231        138     -10419       -444
20190131      -2050     -12469
20190228          0     -12469
20190329      -1344     -13812
20190430        131     -13681
20190531        194     -13487
20190628       -338     -13825
20190731       3506     -10319
20190830        169     -10150
20190930      -1987     -12137
20191031          0     -12137
20191129          0     -12137
20191231        744     -11394       -975
20200131      -1219     -12612
20200228          0     -12612
20200331          0     -12612
20200430      -1019     -13631
20200529        944     -12687
20200630      -2600     -15287
20200731          0     -15287
20200831       1012     -14275
20200930      -4006     -18281
20201030          0     -18281
20201130       1687     -16594
20201231       1900     -14694      -3300
20210129        288     -14406
20210226       1506     -12900
20210331      -1063     -13962
20210430        206     -13756
20210528       1794     -11962
20210630      -2269     -14231
20210730          0     -14231
20210831          0     -14231
20210930       1931     -12300
20211029      -1338     -13637
20211130        313     -13325
20211231      -1519     -14844       -150
20220131       -319     -15162
20220228          0     -15162
20220331       1681     -13481       1362
-----------------------------------------
-----------------------------------------
Sys Name : TF-TMA_1R
Mkt Symb : CL Mkt Name : Crude
Profit/Loss : 540.0
Num Trades : 45
Percent Wins : 0.289
Avg Win  : 11437.69
Avg Loss : -4631.25
Avg Trade: 12.0
Max DrawDown: 73740.0
Avg DrawDown: 19649.17
AVG Monthly Return: 3.67347
Monthly StdDev: 5525.03209
-----------------------------------------
20100129      -7500      -7500
20100226        100      -7400
20100331       1670      -5730
20100430        960      -4770
20100528     -10090     -14860
20100630       -850     -15710
20100730      -1550     -17260
20100831       3580     -13680
20100930      -6790     -20470
20101029      -3350     -23820
20101130          0     -23820
20101231       2740     -21080     -21080
20110131       -120     -21200
20110228      -3180     -24380
20110331       1290     -23090
20110429       6650     -16440
20110531     -16410     -32850
20110630          0     -32850
20110729        650     -32200
20110831       7020     -25180
20110930       9830     -15350
20111031     -14190     -29540
20111130          0     -29540
20111230       -950     -30490      -9410
20120131       -520     -31010
20120229       -340     -31350
20120330      -4570     -35920
20120430       -270     -36190
20120531          0     -36190
20120629      -1000     -37190
20120731      -2990     -40180
20120831          0     -40180
20120928          0     -40180
20121031       2200     -37980
20121130      -2240     -40220
20121231      -1670     -41890     -11400
20130131          0     -41890
20130228      -4290     -46180
20130329      -1270     -47450
20130430     -11380     -58830
20130531      -1760     -60590
20130628      -1600     -62190
20130731       8600     -53590
20130830       2760     -50830
20130930      -4720     -55550
20131031       -760     -56310
20131129          0     -56310
20131231      -6250     -62560     -20670
20140131      -3200     -65760
20140228      -3020     -68780
20140331          0     -68780
20140430      -4640     -73420
20140530       3340     -70080
20140630       3150     -66930
20140731      -2280     -69210
20140829          0     -69210
20140930        800     -68410
20141031       9870     -58540
20141128      14410     -44130
20141231      13210     -30920      31640
20150130       5510     -25410
20150227       -840     -26250
20150331      -1510     -27760
20150430      -8990     -36750
20150529          0     -36750
20150630          0     -36750
20150731      12180     -24570
20150831      -1540     -26110
20150930       4830     -21280
20151030          0     -21280
20151130       5970     -15310
20151231       5840      -9470      21450
20160129       4390      -5080
20160229       2030      -3050
20160331      -4470      -7520
20160429          0      -7520
20160531          0      -7520
20160630       -100      -7620
20160729      -3310     -10930
20160831          0     -10930
20160930        890     -10040
20161031      -1810     -11850
20161130      -3710     -15560
20161230        200     -15360      -5890
20170131      -1690     -17050
20170228        280     -16770
20170331          0     -16770
20170428       -110     -16880
20170531       1350     -15530
20170630       2500     -13030
20170731      -3920     -16950
20170831        -90     -17040
20170929      -1780     -18820
20171031          0     -18820
20171130       1240     -17580
20171229       2980     -14600        760
20180131       4360     -10240
20180228      -2920     -13160
20180329       -350     -13510
20180430       3670      -9840
20180531      -1610     -11450
20180629       -470     -11920
20180731      -4190     -16110
20180831      -3860     -19970
20180928       4690     -15280
20181031      -7890     -23170
20181130      -1100     -24270
20181231       5790     -18480      -3880
20190131      -7640     -26120
20190228          0     -26120
20190329          0     -26120
20190430          0     -26120
20190531      -3400     -29520
20190628      -4170     -33690
20190731        900     -32790
20190830      -2270     -35060
20190930      -3810     -38870
20191031       -570     -39440
20191129      -2660     -42100
20191231          0     -42100     -23620
20200131      -7690     -49790
20200228       5320     -44470
20200331      24660     -19810
20200430       7300     -12510
20200529     -15030     -27540
20200630          0     -27540
20200731          0     -27540
20200831          0     -27540
20200930      -2650     -30190
20201030       4710     -25480
20201130     -10500     -35980
20201231       2970     -33010       9090
20210129       3630     -29380
20210226       9280     -20100
20210331      -2370     -22470
20210430        430     -22040
20210528       -140     -22180
20210630       7410     -14770
20210730        750     -14020
20210831      -6120     -20140
20210930       4600     -15540
20211029       9090      -6450
20211130     -16370     -22820
20211231        780     -22040      10970
20220131       7290     -14750
20220228       9400      -5350
20220331       5890        540      22580
-----------------------------------------
-----------------------------------------
Sys Name : TF-TMA_1R
Mkt Symb : NG Mkt Name : Nat.Gas
Profit/Loss : 44580.0
Num Trades : 45
Percent Wins : 0.4
Avg Win  : 6364.44
Avg Loss : -2593.7
Avg Trade: 990.67
Max DrawDown: 23440.0
Avg DrawDown: 12099.17
AVG Monthly Return: 303.26531
Monthly StdDev: 3584.83529
-----------------------------------------
20100129          0          0
20100226       5020       5020
20100331       9920      14940
20100430        380      15320
20100528      -3630      11690
20100630       -140      11550
20100730      -3360       8190
20100831      11320      19510
20100930        720      20230
20101029       1830      22060
20101130        190      22250
20101231        -50      22200      22200
20110131          0      22200
20110228       -340      21860
20110331      -2650      19210
20110429        500      19710
20110531      -2610      17100
20110630      -1620      15480
20110729       1370      16850
20110831        660      17510
20110930       4510      22020
20111031       -740      21280
20111130       5260      26540
20111230       5990      32530      10330
20120131       5260      37790
20120229        270      38060
20120330       5830      43890
20120430       -710      43180
20120531      -3450      39730
20120629          0      39730
20120731          0      39730
20120831      -1160      38570
20120928      -3250      35320
20121031        100      35420
20121130        330      35750
20121231          0      35750       3220
20130131       -420      35330
20130228       -890      34440
20130329      -1590      32850
20130430       1030      33880
20130531      -2610      31270
20130628          0      31270
20130731       1800      33070
20130830       -950      32120
20130930       -520      31600
20131031          0      31600
20131129      -4680      26920
20131231       -160      26760      -8990
20140131       7630      34390
20140228       4910      39300
20140331      -2410      36890
20140430        440      37330
20140530      -3240      34090
20140630      -1320      32770
20140731       -190      32580
20140829       -880      31700
20140930        -20      31680
20141031        250      31930
20141128      -4350      27580
20141231       8690      36270       9510
20150130       1670      37940
20150227       -290      37650
20150331       1180      38830
20150430       -720      38110
20150529      -2370      35740
20150630       -270      35470
20150731      -1150      34320
20150831        500      34820
20150930       2480      37300
20151030       4930      42230
20151130       2070      44300
20151231       -520      43780       7510
20160129       1830      45610
20160229       4420      50030
20160331      -1720      48310
20160429       -910      47400
20160531       -290      47110
20160630      -3100      44010
20160729       2230      46240
20160831      -2210      44030
20160930        280      44310
20161031      -2550      41760
20161130      -2160      39600
20161230       2310      41910      -1870
20170131      -3780      38130
20170228       -720      37410
20170331      -3390      34020
20170428      -1080      32940
20170531       1240      34180
20170630        580      34760
20170731       2240      37000
20170831      -2130      34870
20170929        220      35090
20171031       1470      36560
20171130       -300      36260
20171229        630      36890      -5020
20180131      -3060      33830
20180228          0      33830
20180329         20      33850
20180430         50      33900
20180531       -320      33580
20180629       -300      33280
20180731      -1640      31640
20180831       -330      31310
20180928        950      32260
20181031       1920      34180
20181130      13040      47220
20181231     -16280      30940      -5950
20190131       -240      30700
20190228       -840      29860
20190329       1640      31500
20190430        930      32430
20190531       1340      33770
20190628       1290      35060
20190731        570      35630
20190830       -480      35150
20190930      -3260      31890
20191031      -1920      29970
20191129        -90      29880
20191231       2430      32310       1370
20200131       3250      35560
20200228       1690      37250
20200331       1200      38450
20200430      -1820      36630
20200529        150      36780
20200630       1520      38300
20200731        110      38410
20200831      -3840      34570
20200930       2420      36990
20201030      -6030      30960
20201130      -1360      29600
20201231       3230      32830        520
20210129       -150      32680
20210226      -1710      30970
20210331       -690      30280
20210430      -2350      27930
20210528       -350      27580
20210630       4130      31710
20210730       2820      34530
20210831       4430      38960
20210930      14230      53190
20211029      -6220      46970
20211130      -5140      41830
20211231          0      41830       9000
20220131      -6970      34860
20220228          0      34860
20220331       9720      44580       2750
-----------------------------------------
-----------------------------------------
Sys Name : TF-TMA_1R
Mkt Symb : HO Mkt Name : H.Oil
Profit/Loss : 56888.2
Num Trades : 41
Percent Wins : 0.341
Avg Win  : 15928.0
Avg Loss : -6153.84
Avg Trade: 1387.52
Max DrawDown: 92227.6
Avg DrawDown: 23321.35
AVG Monthly Return: 386.99456
Monthly StdDev: 6278.86317
-----------------------------------------
20100129     -11294     -11294
20100226       4482      -6812
20100331       2079      -4733
20100430       4683        -50
20100528     -14922     -14972
20100630       2961     -12011
20100730      -2616     -14627
20100831      -5023     -19650
20100930      -5061     -24711
20101029          0     -24711
20101130       2957     -21754
20101231       8635     -13119     -13119
20110131       8291      -4828
20110228       7673       2845
20110331       6628       9473
20110429       6241      15714
20110531     -14439       1275
20110630          0       1275
20110729       -563        712
20110831      -8530      -7818
20110930       2659      -5159
20111031     -12398     -17557
20111130          0     -17557
20111230       -668     -18225      -5106
20120131      -3595     -21820
20120229      -1075     -22895
20120330      -2104     -24999
20120430      -3414     -28413
20120531          0     -28413
20120629      -3511     -31924
20120731      -9025     -40950
20120831          0     -40950
20120928      -3318     -44268
20121031      -2898     -47166
20121130      -1360     -48526
20121231          0     -48526     -30301
20130131       2948     -45578
20130228      -6447     -52025
20130329       -134     -52159
20130430       -130     -52289
20130531      -2944     -55233
20130628          0     -55233
20130731          0     -55233
20130830      -1483     -56715
20130930      -5791     -62507
20131031          0     -62507
20131129      -6044     -68551
20131231        538     -68013     -19486
20140131       3910     -64102
20140228       4578     -59524
20140331      -3431     -62956
20140430       -105     -63060
20140530        647     -62413
20140630      -2818     -65231
20140731      -5476     -70708
20140829          0     -70708
20140930       8812     -61896
20141031       5380     -56516
20141128      11857     -44659
20141231      12604     -32055      35957
20150130       4633     -27423
20150227     -12343     -39766
20150331          0     -39766
20150430      -6606     -46372
20150529          0     -46372
20150630       -538     -46910
20150731      12961     -33949
20150831      -4003     -37951
20150930       7909     -30043
20151030       1714     -28329
20151130       7846     -20483
20151231      10899      -9584      22471
20160129       2394      -7190
20160229         -8      -7199
20160331      -1226      -8425
20160429          0      -8425
20160531          0      -8425
20160630      -3209     -11634
20160729      -4271     -15905
20160831      -2188     -18093
20160930       4536     -13557
20161031      -2146     -15703
20161130      -4716     -20419
20161230       1676     -18743      -9159
20170131      -4796     -23540
20170228        -54     -23594
20170331          0     -23594
20170428      -3209     -26803
20170531      -5443     -32246
20170630       1697     -30549
20170731      -1545     -32094
20170831          0     -32094
20170929       2079     -30015
20171031       3007     -27008
20171130        605     -26403
20171229       7182     -19221       -478
20180131        286     -18935
20180228      -6463     -25399
20180329          0     -25399
20180430       8585     -16814
20180531       2516     -14298
20180629      -5443     -19741
20180731          0     -19741
20180831        869     -18872
20180928       4242     -14630
20181031      -4095     -18725
20181130      -2868     -21593
20181231       7035     -14558       4663
20190131      -9143     -23701
20190228          0     -23701
20190329          0     -23701
20190430          0     -23701
20190531       3192     -20509
20190628      -3843     -24352
20190731       1601     -22751
20190830      -1420     -24171
20190930      -5909     -30080
20191031          0     -30080
20191129      -1063     -31142
20191231      -4666     -35808     -21250
20200131      -8038     -43847
20200228       6229     -37618
20200331      19992     -17626
20200430      10987      -6639
20200529      -6989     -13628
20200630      -4909     -18537
20200731          0     -18537
20200831          0     -18537
20200930       1793     -16744
20201030       2839     -13904
20201130      -2129     -16033
20201231       3851     -12182      23626
20210129       4805      -7377
20210226      10576       3198
20210331      -3137         61
20210430        118        179
20210528       4931       5110
20210630       3688       8797
20210730       2755      11553
20210831      -5082       6471
20210930       5666      12137
20211029       6258      18395
20211130     -15573       2822
20211231          0       2822      15004
20220131      11596      14418
20220228      10559      24977
20220331      31912      56888      54067
-----------------------------------------
