20100104     0.00
20100105  -111.97
20100106     0.00
20100107     0.00
20100108 -2013.90
20100111 -4112.50
20100112 -3848.05
20100113 -3014.57
20100114 -3587.55
20100115 -2869.30
20100119     0.00
20100120     0.00
20100121  -932.00
20100122 -2994.60
20100125 -5314.70
20100126 -7962.20
20100127 -8665.00
20100128 -7050.70
20100129 -2670.20
20100201 -9427.10
20100202 -13570.20
20100203 -8196.10
20100204 -1763.90
20100205     0.00
20100208 -3993.40
20100209 -8277.00
20100210 -10753.60
20100211 -11829.30
20100212 -10426.40
20100216 -20839.70
20100217 -18523.50
20100218 -18579.00
20100219 -21199.40
20100222 -19421.50
20100223 -15989.00
20100224 -17399.00
20100225 -14199.00
20100226 -18019.00
20100301 -17321.50
20100302 -22159.00
20100303 -22394.00
20100304 -17456.50
20100305 -19019.00
20100308 -21019.00
20100309 -22331.50
20100310 -23595.00
20100311 -21816.70
20100312 -21250.20
20100315 -21013.00
20100316 -22109.50
20100317 -22908.60
20100318 -21759.10
20100319 -16425.50
20100322 -15633.50
20100323 -16898.70
20100324 -16637.70
20100325 -16158.90
20100326 -17294.40
20100329 -22621.80
20100330 -23725.60
20100331 -17853.50
20100401 -19997.40
20100402 -19997.40
20100405 -16517.90
20100406 -13108.00
20100407 -14527.80
20100408 -12267.70
20100409 -18543.00
20100412 -21259.00
20100413 -22727.10
20100414 -23681.60
20100415 -16918.40
20100416 -19432.40
20100419 -22475.30
20100420 -21167.30
20100421 -17321.40
20100422 -18533.70
20100423 -23030.30
20100426 -24144.30
20100427 -18964.10
20100428 -18286.70
20100429 -16179.90
20100430 -11351.47
20100503 -11063.80
20100504 -7407.25
20100505 -6062.00
20100506     0.00
20100507     0.00
20100510 -7648.20
20100511 -2391.52
20100512   -57.67
20100513 -2167.78
20100514     0.00
20100517 -4047.40
20100518 -1830.80
20100519 -8566.38
20100520 -7741.40
20100521 -9241.68
20100524 -2638.15
20100525  -222.55
20100526     0.00
20100527 -7413.15
20100528 -3575.45
20100601     0.00
20100602 -3888.35
20100603 -9159.10
20100604 -1607.55
20100607     0.00
20100608 -2736.38
20100609 -8989.20
20100610 -17029.08
20100611 -8694.38
20100614 -9615.92
20100615 -4421.50
20100616 -8343.73
20100617 -2847.28
20100618  -575.62
20100621 -12109.00
20100622 -9809.33
20100623 -9937.90
20100624   -32.90
20100625     0.00
20100628 -2283.75
20100629 -5990.62
20100630 -1151.25
20100701 -3408.75
20100702 -9778.13
20100706 -18081.25
20100707 -15926.88
20100708 -22304.37
20100709 -18043.75
20100712 -16576.25
20100713 -18280.62
20100714 -18005.00
20100715 -10551.87
20100716 -10322.50
20100719 -16739.38
20100720 -22153.75
20100721 -21218.13
20100722 -18502.40
20100723 -14829.30
20100726 -16694.70
20100727 -19224.20
20100728 -10222.20
20100729  -678.53
20100730     0.00
20100802 -7255.58
20100803 -14345.92
20100804 -9987.15
20100805 -10235.17
20100806 -10459.42
20100809 -10560.52
20100810 -8296.72
20100811 -6960.97
20100812     0.00
20100813     0.00
20100816     0.00
20100817 -1577.85
20100818 -3088.65
20100819 -2929.35
20100820     0.00
20100823 -1584.30
20100824 -16806.90
20100825 -20313.07
20100826 -12971.05
20100827 -5095.15
20100830 -1686.65
20100831 -4300.75
20100901  -241.22
20100902     0.00
20100903     0.00
20100907     0.00
20100908     0.00
20100909 -3963.25
20100910 -8120.88
20100913 -3750.65
20100914     0.00
20100915 -2613.15
20100916 -4550.55
20100917 -1355.63
20100920 -4392.70
20100921 -5117.70
20100922 -1265.50
20100923     0.00
20100924     0.00
20100927     0.00
20100928     0.00
20100929 -8053.35
20100930 -14903.47
20101001 -20154.17
20101004 -30151.75
20101005 -16808.62
20101006 -15661.25
20101007 -12397.43
20101008     0.00
20101011     0.00
20101012     0.00
20101013     0.00
20101014     0.00
20101015 -7419.30
20101018     0.00
20101019 -11210.63
20101020     0.00
20101021 -11173.10
20101022 -13182.40
20101025 -1235.35
20101026 -5195.37
20101027 -8074.82
20101028 -1447.25
20101029     0.00
20101101     0.00
20101102     0.00
20101103 -2819.83
20101104     0.00
20101105     0.00
20101108     0.00
20101109     0.00
20101110 -13525.50
20101111 -23123.87
20101112 -61445.25
20101115 -58864.42
20101116 -82304.87
20101117 -86088.52
20101118 -61869.97
20101119 -75008.72
20101122 -72952.72
20101123 -67322.67
20101124 -65321.97
20101126 -73055.23
20101129 -68922.98
20101130 -63094.72
20101201 -51553.27
20101202 -53410.22
20101203 -41394.72
20101206 -42056.12
20101207 -35130.88
20101208 -41641.92
20101209 -40449.12
20101210 -36587.92
20101213 -20912.07
20101214 -12191.42
20101215 -10502.62
20101216 -19583.47
20101217 -14732.22
20101220 -6344.12
20101221  -855.02
20101222 -2197.92
20101223     0.00
20101227  -243.65
20101228     0.00
20101229 -8570.35
20101230 -24099.85
20101231 -8597.20
20110103 -9173.45
20110104 -34121.65
20110105 -20972.15
20110106 -37751.50
20110107 -45555.85
20110110 -40147.75
20110111 -30106.65
20110112 -20010.70
20110113 -26500.05
20110114 -33478.75
20110118 -29578.45
20110119 -33388.10
20110120 -37522.55
20110121 -33509.10
20110124 -45005.05
20110125 -59698.00
20110126 -42958.60
20110127 -42648.10
20110128 -43017.00
20110131 -32824.95
20110201 -26583.55
20110202 -21415.05
20110203 -34462.25
20110204 -27558.75
20110207 -27993.10
20110208 -33794.05
20110209 -34539.45
20110210 -26850.70
20110211 -34698.20
20110214 -36784.45
20110215 -44865.70
20110216 -45756.95
20110217 -37854.45
20110218 -39859.45
20110222 -49038.20
20110223 -49068.20
20110224 -57194.45
20110225 -57923.20
20110228 -58821.95
20110301 -52575.70
20110302 -42524.45
20110303 -40265.70
20110304 -36763.20
20110307 -36903.20
20110308 -36320.70
20110309 -36380.70
20110310 -55569.60
20110311 -52065.85
20110314 -50203.35
20110315 -75614.60
20110316 -74479.60
20110317 -71778.35
20110318 -62615.85
20110321 -54470.85
20110322 -55342.10
20110323 -53785.85
20110324 -55935.85
20110325 -61775.85
20110328 -66203.35
20110329 -68027.10
20110330 -61759.60
20110331 -52349.60
20110401 -54647.10
20110404 -51120.85
20110405 -37262.10
20110406 -32389.60
20110407 -27885.85
20110408 -10080.80
20110411 -16676.95
20110412 -24178.65
20110413 -16924.45
20110414  -362.70
20110415     0.00
20110418 -4096.30
20110419     0.00
20110420     0.00
20110421     0.00
20110425     0.00
20110426 -8290.70
20110427     0.00
20110428     0.00
20110429     0.00
20110502 -9036.35
20110503 -23467.75
20110504 -46204.25
20110505 -89814.05
20110506 -87546.85
20110509 -85298.30
20110510 -91980.10
20110511 -96901.20
20110512 -102154.65
20110513 -107466.00
20110516 -105747.10
20110517 -108648.90
20110518 -104973.00
20110519 -99557.35
20110520 -97299.30
20110523 -80722.30
20110524 -73603.05
20110525 -77948.45
20110526 -71648.70
20110527 -71368.95
20110531 -73703.90
20110601 -62537.05
20110602 -56703.35
20110603 -59636.00
20110606 -44266.95
20110607 -53053.00
20110608 -51184.55
20110609 -75365.80
20110610 -70325.80
20110613 -84674.55
20110614 -101209.55
20110615 -91147.05
20110616 -102595.80
20110617 -101559.55
20110620 -103277.05
20110621 -108723.30
20110622 -108384.55
20110623 -107099.55
20110624 -111453.30
20110627 -118247.05
20110628 -138971.80
20110629 -147520.35
20110630 -155429.20
20110701 -158069.00
20110705 -159948.25
20110706 -154336.90
20110707 -157543.35
20110708 -139003.55
20110711 -130416.60
20110712 -125469.95
20110713 -133011.20
20110714 -134898.35
20110715 -130355.60
20110718 -119564.70
20110719 -122132.40
20110720 -128380.35
20110721 -132233.25
20110722 -118044.20
20110725 -121677.45
20110726 -117668.45
20110727 -112507.90
20110728 -116490.35
20110729 -99549.55
20110801 -102293.10
20110802 -94238.80
20110803 -87404.70
20110804 -60073.95
20110805 -74837.70
20110808 -36718.40
20110809 -11986.20
20110810 -8826.35
20110811 -46505.15
20110812 -41155.45
20110815 -56757.15
20110816 -38965.20
20110817 -37946.20
20110818 -18123.85
20110819 -1762.80
20110822  -226.45
20110823 -21211.10
20110824 -65346.90
20110825 -56413.80
20110826 -38679.35
20110829 -41166.95
20110830 -28072.60
20110831 -36570.65
20110901 -41115.45
20110902 -3084.40
20110906 -34905.20
20110907 -58370.05
20110908 -32689.65
20110909 -23561.75
20110912 -45154.85
20110913 -59561.30
20110914 -73926.25
20110915 -102186.50
20110916 -90470.85
20110919 -86824.70
20110920 -78365.95
20110921 -68043.45
20110922 -53970.95
20110923 -47318.45
20110926 -61960.95
20110927 -101305.95
20110928 -60184.70
20110929 -58022.20
20110930 -16615.95
20111003     0.00
20111004     0.00
20111005 -13467.50
20111006 -38095.00
20111007 -21832.50
20111010 -80006.25
20111011 -102555.00
20111012 -110722.50
20111013 -107771.25
20111014 -124771.25
20111017 -94621.25
20111018 -86435.00
20111019 -87093.75
20111020 -84185.00
20111021 -101481.25
20111024 -124478.75
20111025 -120521.25
20111026 -119822.50
20111027 -152872.75
20111028 -155655.25
20111031 -137202.75
20111101 -113320.25
20111102 -122450.25
20111103 -139110.25
20111104 -136052.75
20111107 -138625.25
20111108 -143847.75
20111109 -131502.75
20111110 -123627.75
20111111 -128982.75
20111114 -120812.75
20111115 -131925.25
20111116 -112202.75
20111117 -102180.25
20111118 -106662.75
20111121 -97332.75
20111122 -107026.75
20111123 -91901.75
20111125 -79636.25
20111128 -79467.75
20111129 -85524.25
20111130 -95944.25
20111201 -97781.75
20111202 -89228.75
20111205 -90317.25
20111206 -94667.25
20111207 -75806.25
20111208 -88182.25
20111209 -64841.25
20111212 -54209.25
20111213 -57426.75
20111214 -28968.75
20111215 -35931.25
20111216 -48928.30
20111219 -46679.05
20111220 -65419.68
20111221 -62048.80
20111222 -64919.05
20111223 -68055.30
20111227 -76958.05
20111228 -54197.05
20111229 -44129.93
20111230 -51001.68
20120103 -86264.30
20120104 -85300.05
20120105 -57560.18
20120106 -57594.68
20120109 -56020.30
20120110 -63556.93
20120111 -60841.55
20120112 -64866.93
20120113 -54797.80
20120117 -48974.93
20120118 -59756.05
20120119 -67768.05
20120120 -82605.55
20120123 -96724.30
20120124 -98637.43
20120125 -102765.55
20120126 -91231.18
20120127 -97717.43
20120130 -91277.43
20120131 -78733.68
20120201 -78839.30
20120202 -88084.30
20120203 -93603.05
20120206 -94109.30
20120207 -101074.93
20120208 -99949.93
20120209 -103818.68
20120210 -97809.30
20120213 -95799.93
20120214 -90856.18
20120215 -82384.30
20120216 -93815.55
20120217 -101090.55
20120221 -101496.80
20120222 -95168.05
20120223 -89034.80
20120224 -79369.83
20120227 -67358.03
20120228 -63689.85
20120229 -82994.55
20120301 -71952.53
20120302 -72564.43
20120305 -76626.98
20120306 -76949.90
20120307 -69100.33
20120308 -65646.92
20120309 -66864.93
20120312 -68763.08
20120313 -65637.70
20120314 -66856.10
20120315 -55117.25
20120316 -48567.40
20120319 -41792.40
20120320 -51557.90
20120321 -57647.95
20120322 -49022.40
20120323 -49203.70
20120326 -50805.95
20120327 -67419.25
20120328 -67411.40
20120329 -59023.75
20120330 -46614.40
20120402 -58339.20
20120403 -53138.50
20120404 -54389.05
20120405 -58675.45
20120406 -63132.70
20120409 -62774.20
20120410 -64116.80
20120411 -60340.00
20120412 -57080.80
20120413 -45196.20
20120416 -40671.20
20120417 -40161.20
20120418 -33246.20
20120419 -36373.70
20120420 -25498.70
20120423 -33793.70
20120424 -23606.20
20120425 -25751.20
20120426 -20285.90
20120427 -15669.60
20120430 -17982.30
20120501 -22809.90
20120502 -11076.90
20120503 -16041.40
20120504 -7399.10
20120507 -19433.65
20120508 -20102.80
20120509 -26730.63
20120510 -24488.53
20120511 -32039.80
20120514 -25032.05
20120515 -17548.78
20120516 -8108.25
20120517 -15703.10
20120518 -24206.68
20120521 -18301.88
20120522 -12901.78
20120523     0.00
20120524 -4960.40
20120525 -11557.95
20120529 -10953.15
20120530     0.00
20120531 -1243.68
20120601     0.00
20120604 -4715.08
20120605 -7904.02
20120606 -31603.20
20120607 -23512.40
20120608 -20755.80
20120611 -19347.98
20120612 -26251.28
20120613 -21314.48
20120614 -21089.85
20120615 -29894.38
20120618 -25906.90
20120619 -41558.10
20120620 -32571.75
20120621 -10408.50
20120622 -5728.63
20120625 -8008.23
20120626 -12689.23
20120627 -17702.00
20120628 -6397.20
20120629 -48177.83
20120702 -38920.95
20120703 -51380.95
20120705 -29015.95
20120706 -16042.20
20120709 -15714.70
20120710 -11097.83
20120711 -12669.08
20120712 -10716.58
20120713 -16694.70
20120716 -16817.83
20120717 -20059.70
20120718 -6265.33
20120719 -10161.58
20120720     0.00
20120723     0.00
20120724     0.00
20120725 -10418.75
20120726 -21115.63
20120727 -28524.37
20120730 -14191.88
20120731 -14900.62
20120801 -19070.62
20120802 -18946.87
20120803 -49503.12
20120806 -52586.25
20120807 -58227.50
20120808 -56071.25
20120809 -50829.80
20120810 -54542.30
20120813 -60134.80
20120814 -57127.30
20120815 -54727.30
20120816 -61109.80
20120817 -57714.80
20120820 -55867.30
20120821 -55429.80
20120822 -59759.80
20120823 -55614.80
20120824 -53129.80
20120827 -51999.80
20120828 -53104.80
20120829 -50904.80
20120830 -52824.80
20120831 -45494.80
20120903 -41299.80
20120904 -38634.80
20120905 -41319.80
20120906 -38484.80
20120907 -31084.80
20120910 -37629.80
20120911 -37489.80
20120912 -35409.80
20120913 -22039.80
20120914 -21229.80
20120917 -28624.80
20120918 -33149.80
20120919 -31709.80
20120920 -39029.80
20120921 -39949.80
20120924 -48734.80
20120925 -48809.80
20120926 -55654.80
20120927 -49534.80
20120928 -52264.80
20121001 -46679.80
20121002 -46099.80
20121003 -51414.80
20121004 -44274.80
20121005 -48539.80
20121008 -52994.80
20121009 -53964.80
20121010 -52689.80
20121011 -46289.80
20121012 -48489.80
20121015 -60729.80
20121016 -58214.80
20121017 -52809.80
20121018 -52329.80
20121019 -58054.80
20121022 -63099.80
20121023 -66359.80
20121024 -70439.80
20121025 -68594.80
20121026 -71824.80
20121029 -70424.80
20121030 -72874.80
20121031 -70244.80
20121101 -72139.80
20121102 -86449.80
20121105 -87627.30
20121106 -89762.30
20121107 -87142.30
20121108 -88467.30
20121109 -89059.80
20121112 -85922.30
20121113 -80819.80
20121114 -83984.80
20121115 -82342.30
20121116 -80495.20
20121119 -89648.95
20121120 -87284.58
20121121 -91285.83
20121123 -89655.83
20121126 -86759.58
20121127 -88193.95
20121128 -87239.58
20121129 -91088.95
20121130 -86448.33
20121203 -92906.45
20121204 -90383.33
20121205 -90819.58
20121206 -94600.20
20121207 -99462.70
20121210 -92507.70
20121211 -95238.95
20121212 -92403.60
20121213 -91864.10
20121214 -100061.40
20121217 -108492.40
20121218 -105131.85
20121219 -95982.45
20121220 -84964.25
20121221 -94854.25
20121224 -88126.05
20121226 -90903.75
20121227 -95207.25
20121228 -95334.55
20121231 -98465.15
20130102 -106131.35
20130103 -97463.25
20130104 -88441.05
20130107 -91461.95
20130108 -95417.35
20130109 -99734.35
20130110 -100540.95
20130111 -100319.85
20130114 -105498.05
20130115 -113730.35
20130116 -115427.55
20130117 -111307.35
20130118 -120035.35
20130122 -121407.85
20130123 -125234.55
20130124 -112523.65
20130125 -100338.75
20130128 -97155.25
20130129 -90378.75
20130130 -96308.45
20130131 -94087.25
20130201 -92517.15
20130204 -105347.75
20130205 -101307.45
20130206 -106799.15
20130207 -109683.95
20130208 -110019.65
20130211 -104981.65
20130212 -96294.25
20130213 -96652.75
20130214 -96719.15
20130215 -93517.05
20130219 -87424.35
20130220 -90161.05
20130221 -98365.35
20130222 -99666.60
20130225 -113617.40
20130226 -119558.80
20130227 -112071.50
20130228 -109069.40
20130301 -104298.70
20130304 -107306.50
20130305 -102773.90
20130306 -103922.30
20130307 -115982.60
20130308 -118385.10
20130311 -115455.10
20130312 -119575.10
20130313 -114297.60
20130314 -113920.10
20130315 -109547.60
20130318 -111240.10
20130319 -105587.60
20130320 -104362.60
20130321 -109790.10
20130322 -106242.60
20130325 -109842.60
20130326 -108602.60
20130327 -105692.60
20130328 -106018.20
20130329 -106018.20
20130401 -108418.40
20130402 -99191.90
20130403 -98430.43
20130404 -96735.73
20130405 -90531.43
20130408 -93300.30
20130409 -102811.48
20130410 -96135.80
20130411 -96920.40
20130412 -74650.00
20130415 -24328.40
20130416 -37895.70
20130417 -34324.43
20130418 -33411.90
20130419 -36245.23
20130422 -44907.48
20130423 -36469.30
20130424 -46058.55
20130425 -64426.33
20130426 -57257.43
20130429 -57449.50
20130430 -63801.75
20130501 -52304.95
20130502 -73223.00
20130503 -75607.95
20130506 -78363.15
20130507 -76052.22
20130508 -80288.18
20130509 -75990.68
20130510 -73195.20
20130513 -72800.88
20130514 -70943.55
20130515 -62024.75
20130516 -63368.95
20130517 -52824.35
20130520 -53777.15
20130521 -47111.65
20130522 -37296.50
20130523 -41981.40
20130524 -42566.10
20130528 -34520.30
20130529 -46161.30
20130530 -54990.75
20130531 -46960.50
20130603 -52744.70
20130604 -46427.70
20130605 -47696.45
20130606 -56224.20
20130607 -35450.95
20130610 -36836.45
20130611 -25365.85
20130612 -17994.90
20130613 -22752.60
20130614 -33291.20
20130617 -31952.20
20130618 -23024.40
20130619 -17550.80
20130620     0.00
20130621 -5084.30
20130624     0.00
20130625   -55.50
20130626     0.00
20130627     0.00
20130628 -12580.65
20130701 -21812.45
20130702 -23788.05
20130703 -19334.40
20130705     0.00
20130708 -19083.80
20130709 -16364.70
20130710 -9061.60
20130711 -26386.85
20130712 -24945.75
20130715 -31648.50
20130716 -30789.10
20130717 -30935.05
20130718 -42067.80
20130719 -45520.20
20130722 -53916.35
20130723 -51160.95
20130724 -43910.45
20130725 -51822.95
20130726 -54558.90
20130729 -57544.40
20130730 -58996.55
20130731 -54903.90
20130801 -40811.30
20130802 -48626.45
20130805 -38037.00
20130806 -31657.35
20130807 -38703.05
20130808 -50165.40
20130809 -50618.20
20130812 -58523.20
20130813 -49121.95
20130814 -49335.70
20130815 -53368.20
20130816 -50554.45
20130819 -52109.45
20130820 -53409.45
20130821 -56705.70
20130822 -59896.95
20130823 -57559.45
20130826 -53534.45
20130827 -55109.45
20130828 -55201.95
20130829 -60019.45
20130830 -63766.95
20130903 -53996.95
20130904 -58349.45
20130905 -48374.45
20130906 -40646.95
20130909 -48503.20
20130910 -51196.95
20130911 -53670.70
20130912 -56568.20
20130913 -61073.20
20130916 -64089.45
20130917 -72260.70
20130918 -76935.30
20130919 -81090.30
20130920 -86280.30
20130923 -92740.30
20130924 -88900.30
20130925 -77372.10
20130926 -79742.10
20130927 -84193.10
20130930 -83331.10
20131001 -81830.70
20131002 -74942.50
20131003 -72449.70
20131004 -72795.90
20131007 -68805.10
20131008 -68631.70
20131009 -76460.10
20131010 -71418.70
20131011 -69869.90
20131014 -67036.30
20131015 -72449.30
20131016 -61552.50
20131017 -53820.30
20131018 -45808.70
20131021 -46809.85
20131022 -31156.45
20131023 -31686.55
20131024 -34448.35
20131025 -28432.80
20131028 -25502.65
20131029 -37553.95
20131030 -43669.10
20131031 -52271.60
20131101 -62944.95
20131104 -55831.60
20131105 -60794.65
20131106 -61358.20
20131107 -69257.50
20131108 -74333.80
20131111 -76993.35
20131112 -86319.15
20131113 -81175.40
20131114 -82439.15
20131115 -88532.90
20131118 -86620.40
20131119 -88560.40
20131120 -91695.40
20131121 -93645.40
20131122 -85932.90
20131125 -85905.40
20131126 -83471.65
20131127 -82631.65
20131129 -89082.90
20131202 -87291.65
20131203 -88125.40
20131204 -96276.65
20131205 -88150.70
20131206 -88855.70
20131209 -87145.70
20131210 -100200.70
20131211 -96120.70
20131212 -89395.70
20131213 -96990.70
20131216 -102775.70
20131217 -94368.70
20131218 -98159.70
20131219 -89426.70
20131220 -95951.70
20131223 -91187.70
20131224 -92418.70
20131226 -95184.70
20131227 -106293.95
20131230 -97156.45
20131231 -101662.45
20140102 -113638.45
20140103 -114446.45
20140106 -114286.45
20140107 -109142.45
20140108 -105688.45
20140109 -107326.45
20140110 -114814.45
20140113 -115300.45
20140114 -114483.45
20140115 -111561.45
20140116 -114475.45
20140117 -112639.45
20140121 -108979.45
20140122 -104336.45
20140123 -107323.45
20140124 -104867.45
20140127 -105425.45
20140128 -102029.45
20140129 -94438.45
20140130 -99228.45
20140131 -106907.95
20140203 -98118.45
20140204 -97502.45
20140205 -102677.95
20140206 -105075.45
20140207 -106628.95
20140210 -108145.95
20140211 -101754.95
20140212 -104339.95
20140213 -101144.95
20140214 -104648.95
20140218 -92927.45
20140219 -76527.45
20140220 -77863.95
20140221 -78943.45
20140224 -76718.45
20140225 -75688.45
20140226 -81148.45
20140227 -70433.45
20140228 -56518.45
20140303 -31770.33
20140304 -34726.58
20140305 -30284.08
20140306 -22729.08
20140307 -23712.83
20140310 -15154.70
20140311 -11519.70
20140312 -14048.45
20140313  -705.95
20140314     0.00
20140317 -1417.50
20140318     0.00
20140319 -15751.35
20140320 -29993.85
20140321 -31653.85
20140324 -31973.85
20140325 -42433.85
20140326 -40728.85
20140327 -32181.35
20140328 -28433.85
20140331 -37013.85
20140401 -35306.35
20140402 -48996.35
20140403 -53051.35
20140404 -52806.35
20140407 -44588.85
20140408 -47278.85
20140409 -32173.85
20140410 -27986.35
20140411 -34891.35
20140414 -23786.35
20140415 -38228.85
20140416 -36123.85
20140417 -19508.85
20140421 -34821.35
20140422 -23361.35
20140423 -13926.35
20140424 -15533.85
20140425 -21823.85
20140428 -25018.85
20140429 -10268.85
20140430 -23381.35
20140501 -36008.85
20140502 -40293.85
20140505 -39416.35
20140506 -38338.85
20140507 -47718.85
20140508 -60845.22
20140509 -74358.35
20140512 -82642.72
20140513 -77155.85
20140514 -72460.85
20140515 -66092.72
20140516 -77702.10
20140519 -74655.22
20140520 -80253.35
20140521 -71045.85
20140522 -80273.35
20140523 -82462.72
20140527 -84434.60
20140528 -81777.72
20140529 -80192.10
20140530 -81450.22
20140602 -85302.72
20140603 -91261.47
20140604 -92004.60
20140605 -99332.72
20140606 -99638.97
20140609 -95607.10
20140610 -95585.22
20140611 -96565.22
20140612 -93533.97
20140613 -94018.97
20140616 -95624.60
20140617 -98693.97
20140618 -97638.35
20140619 -101168.35
20140620 -99592.72
20140623 -101325.22
20140624 -99489.60
20140625 -97846.47
20140626 -96447.72
20140627 -97963.35
20140630 -97906.47
20140701 -98994.60
20140702 -102867.72
20140703 -104821.85
20140707 -104852.45
20140708 -105657.35
20140709 -106515.15
20140710 -103281.55
20140711 -101585.65
20140714 -106074.55
20140715 -103921.45
20140716 -102870.65
20140717 -98130.15
20140718 -99201.15
20140721 -98834.35
20140722 -96932.95
20140723 -93753.95
20140724 -97646.25
20140725 -95563.55
20140728 -95312.05
20140729 -91694.15
20140730 -88048.85
20140731 -87961.45
20140801 -87117.25
20140804 -89168.15
20140805 -85521.35
20140806 -88478.15
20140807 -83949.62
20140808 -86765.05
20140811 -86718.92
20140812 -82350.87
20140813 -78736.77
20140814 -76223.82
20140815 -75802.27
20140818 -73205.72
20140819 -70412.65
20140820 -68795.12
20140821 -72995.17
20140822 -68593.17
20140825 -65054.07
20140826 -67732.95
20140827 -68113.72
20140828 -67471.20
20140829 -68565.80
20140902 -67975.27
20140903 -72622.52
20140904 -61755.97
20140905 -64426.75
20140908 -61830.42
20140909 -66535.35
20140910 -66973.15
20140911 -65512.95
20140912 -61795.35
20140915 -62568.65
20140916 -65009.75
20140917 -65292.35
20140918 -60937.55
20140919 -51401.25
20140922 -53416.35
20140923 -55531.15
20140924 -55378.55
20140925 -53840.65
20140926 -54958.75
20140929 -60429.05
20140930 -48624.55
20141001 -46239.35
20141002 -46617.80
20141003 -38581.10
20141006 -46807.40
20141007 -48995.15
20141008 -46295.95
20141009 -42602.55
20141010 -36881.42
20141013 -39550.95
20141014 -34843.00
20141015 -34792.30
20141016 -40087.82
20141017 -41824.32
20141020 -46659.40
20141021 -47115.35
20141022 -43507.92
20141023 -43891.87
20141024 -44397.15
20141027 -42968.27
20141028 -48925.27
20141029 -50852.67
20141030 -41605.80
20141031 -34031.72
20141103 -33716.27
20141104 -31393.15
20141105 -25543.25
20141106 -17537.90
20141107 -22810.35
20141110 -24524.37
20141111 -31766.02
20141112 -30160.87
20141113 -29840.12
20141114 -36995.30
20141117 -32425.45
20141118 -36170.37
20141119 -37740.57
20141120 -37699.30
20141121 -35754.60
20141124 -37743.55
20141125 -36747.30
20141126 -37554.32
20141128 -14440.22
20141201 -29467.72
20141202 -21161.35
20141203 -18760.85
20141204 -19196.00
20141205 -15976.85
20141208 -12557.05
20141209 -21955.95
20141210 -20079.45
20141211 -14800.30
20141212 -12006.02
20141215 -7663.50
20141216  -667.87
20141217     0.00
20141218 -1710.65
20141219  -234.70
20141222     0.00
20141223 -6391.53
20141224 -3565.50
20141226 -2989.80
20141229     0.00
20141230     0.00
20141231     0.00
20150102     0.00
20150105     0.00
20150106 -1115.45
20150107     0.00
20150108     0.00
20150109 -2504.10
20150112     0.00
20150113     0.00
20150114 -6487.57
20150115     0.00
20150116     0.00
20150120     0.00
20150121 -5103.12
20150122     0.00
20150123     0.00
20150126 -5276.88
20150127 -8881.88
20150128 -5396.88
20150129 -9783.12
20150130 -3675.62
20150202 -5190.70
20150203 -21267.57
20150204 -9741.93
20150205 -11845.00
20150206 -24342.62
20150209 -24548.95
20150210 -19694.75
20150211 -16413.50
20150212 -27022.35
20150213 -30585.90
20150217 -31618.22
20150218 -29022.22
20150219 -27614.52
20150220 -27430.38
20150223 -21447.32
20150224 -22127.97
20150225 -21167.52
20150226 -7361.52
20150227 -8194.37
20150302 -6042.02
20150303     0.00
20150304 -3668.30
20150305     0.00
20150306     0.00
20150309     0.00
20150310     0.00
20150311     0.00
20150312     0.00
20150313     0.00
20150316 -7690.25
20150317 -8710.15
20150318 -15632.85
20150319 -7816.15
20150320 -18344.35
20150323 -26012.55
20150324 -21202.50
20150325 -27461.65
20150326 -27829.55
20150327 -23389.60
20150330 -18330.05
20150331 -14963.10
20150401 -23612.65
20150402 -32453.80
20150403 -36016.30
20150406 -39232.30
20150407 -33269.15
20150408 -31746.90
20150409 -22070.75
20150410 -21868.60
20150413 -21871.95
20150414 -27485.30
20150415 -23883.50
20150416 -34846.85
20150417 -32922.55
20150420 -25765.30
20150421 -27837.45
20150422 -27256.20
20150423 -36419.25
20150424 -40300.70
20150427 -39800.00
20150428 -44417.30
20150429 -54025.65
20150430 -54046.00
20150501 -51742.85
20150504 -49052.35
20150505 -49476.40
20150506 -48365.30
20150507 -51616.35
20150508 -55363.80
20150511 -55794.50
20150512 -57553.78
20150513 -57578.78
20150514 -60205.03
20150515 -62708.15
20150518 -63496.90
20150519 -64980.65
20150520 -63160.03
20150521 -58855.65
20150522 -57083.15
20150526 -60678.15
20150527 -62035.03
20150528 -63123.78
20150529 -62384.70
20150601 -62653.45
20150602 -64893.45
20150603 -66228.40
20150604 -70987.15
20150605 -66663.40
20150608 -69640.90
20150609 -68559.65
20150610 -65725.90
20150611 -64698.40
20150612 -65395.90
20150615 -63784.20
20150616 -66551.20
20150617 -68076.25
20150618 -67245.50
20150619 -67965.65
20150622 -70514.85
20150623 -66792.45
20150624 -71919.95
20150625 -70929.45
20150626 -70128.30
20150629 -73555.95
20150630 -72436.45
20150701 -72243.60
20150702 -74020.30
20150706 -78066.15
20150707 -78294.40
20150708 -79403.75
20150709 -71541.05
20150710 -75613.25
20150713 -76942.50
20150714 -80500.10
20150715 -76651.75
20150716 -75707.45
20150717 -71760.50
20150720 -64044.85
20150721 -64217.95
20150722 -64046.65
20150723 -64482.75
20150724 -62245.85
20150727 -63502.10
20150728 -63730.45
20150729 -67366.75
20150730 -66156.20
20150731 -64898.85
20150803 -59061.35
20150804 -61134.00
20150805 -58709.00
20150806 -58267.05
20150807 -59659.50
20150810 -65362.20
20150811 -64138.20
20150812 -67586.70
20150813 -65964.45
20150814 -66541.25
20150817 -65757.75
20150818 -65074.75
20150819 -64047.70
20150820 -68050.55
20150821 -64838.45
20150824 -56444.95
20150825 -63078.65
20150826 -60427.00
20150827 -71623.60
20150828 -76746.30
20150831 -78309.70
20150901 -71884.10
20150902 -72107.25
20150903 -79502.70
20150904 -75123.55
20150908 -78068.30
20150909 -75997.50
20150910 -76968.00
20150911 -76931.55
20150914 -78729.05
20150915 -81086.55
20150916 -86504.05
20150917 -87137.80
20150918 -82296.55
20150921 -83711.55
20150922 -81212.80
20150923 -80295.30
20150924 -80752.80
20150925 -83257.80
20150928 -79804.05
20150929 -76786.55
20150930 -75907.80
20151001 -74474.05
20151002 -74339.80
20151005 -78167.00
20151006 -78463.05
20151007 -79207.55
20151008 -79783.15
20151009 -78648.50
20151012 -79161.50
20151013 -79735.80
20151014 -78709.75
20151015 -77344.30
20151016 -78154.60
20151019 -80861.90
20151020 -80615.40
20151021 -80820.30
20151022 -80241.20
20151023 -83343.55
20151026 -74312.00
20151027 -77528.85
20151028 -72465.95
20151029 -79296.65
20151030 -82019.60
20151102 -78972.30
20151103 -78622.40
20151104 -83650.40
20151105 -85172.80
20151106 -86540.55
20151109 -85596.15
20151110 -81655.55
20151111 -82685.15
20151112 -82193.25
20151113 -82399.65
20151116 -80554.95
20151117 -82979.45
20151118 -83260.75
20151119 -81677.85
20151120 -76714.85
20151123 -77047.05
20151124 -80688.85
20151125 -81267.05
20151127 -75243.25
20151130 -76337.45
20151201 -77270.15
20151202 -72170.65
20151203 -77632.95
20151204 -78393.45
20151207 -70809.85
20151208 -73306.35
20151209 -74870.65
20151210 -73909.85
20151211 -74092.95
20151214 -71074.05
20151215 -68403.15
20151216 -67908.15
20151217 -60940.35
20151218 -61600.85
20151221 -68575.75
20151222 -67589.65
20151223 -70189.35
20151224 -73832.55
20151228 -78724.05
20151229 -82609.45
20151230 -73969.35
20151231 -77011.15
20160104 -78850.75
20160105 -78865.25
20160106 -77684.75
20160107 -82336.35
20160108 -85825.55
20160111 -82531.10
20160112 -77128.60
20160113 -77978.60
20160114 -75011.10
20160115 -73192.35
20160119 -72383.60
20160120 -70672.20
20160121 -73908.45
20160122 -77792.20
20160125 -76337.20
20160126 -77099.70
20160127 -78119.65
20160128 -78323.75
20160129 -79567.20
20160201 -73135.90
20160202 -67246.45
20160203 -70382.20
20160204 -67460.95
20160205 -70875.85
20160208 -68957.25
20160209 -65858.45
20160210 -63869.90
20160211 -53129.85
20160212 -61400.75
20160216 -66168.10
20160217 -68860.55
20160218 -61990.65
20160219 -57944.60
20160222 -68181.55
20160223 -67950.00
20160224 -64486.65
20160225 -64196.50
20160226 -69755.50
20160229 -67124.55
20160301 -71627.70
20160302 -69275.30
20160303 -67136.55
20160304 -68487.80
20160307 -72506.55
20160308 -73520.30
20160309 -76265.30
20160310 -75734.05
20160311 -78407.80
20160314 -80011.55
20160315 -83712.80
20160316 -83790.30
20160317 -75227.80
20160318 -75350.30
20160321 -75056.05
20160322 -69908.30
20160323 -76216.55
20160324 -83329.30
20160328 -83696.05
20160329 -80085.30
20160330 -83410.55
20160331 -80985.05
20160401 -83178.30
20160404 -92773.55
20160405 -92407.30
20160406 -91518.30
20160407 -93119.55
20160408 -87050.80
20160411 -76705.80
20160412 -76708.30
20160413 -73832.05
20160414 -77842.05
20160415 -71123.30
20160418 -72985.80
20160419 -62029.55
20160420 -56073.30
20160421 -54383.30
20160422 -68007.05
20160425 -62410.80
20160426 -56023.65
20160427 -53324.90
20160428 -49772.40
20160429 -44379.90
20160502 -40574.90
20160503 -47351.15
20160504 -48826.15
20160505 -56184.90
20160506 -45937.40
20160509 -54693.65
20160510 -36626.15
20160511 -33876.15
20160512 -37441.15
20160513 -40586.15
20160516 -38947.40
20160517 -33569.90
20160518 -39244.90
20160519 -49809.90
20160520 -49239.90
20160523 -54979.90
20160524 -57694.90
20160525 -47494.90
20160526 -48889.90
20160527 -47384.90
20160531 -51144.90
20160601 -44859.90
20160602 -30509.90
20160603 -31363.70
20160606 -26627.90
20160607 -24128.70
20160608 -7180.35
20160609 -8116.05
20160610 -8650.75
20160613 -9261.47
20160614 -8790.35
20160615 -11384.78
20160616 -17237.95
20160617 -8279.78
20160620 -11774.97
20160621 -19322.60
20160622 -24847.10
20160623 -28843.65
20160624 -40260.70
20160627 -27972.90
20160628 -16341.15
20160629 -10720.95
20160630  -123.88
20160701     0.00
20160705 -20067.60
20160706 -22029.35
20160707 -41797.38
20160708 -29748.10
20160711 -29388.12
20160712 -26596.60
20160713 -19290.50
20160714 -32328.20
20160715 -39051.07
20160718 -36001.98
20160719 -46852.45
20160720 -52228.75
20160721 -46140.45
20160722 -48914.03
20160725 -50737.28
20160726 -49807.98
20160727 -43513.55
20160728 -34789.67
20160729 -29997.80
20160801 -35139.20
20160802 -34375.30
20160803 -32711.40
20160804 -27582.55
20160805 -33326.05
20160808 -36517.80
20160809 -36822.28
20160810 -39364.15
20160811 -43424.80
20160812 -49078.32
20160815 -54277.38
20160816 -49057.82
20160817 -55300.35
20160818 -52094.88
20160819 -59731.10
20160822 -57582.73
20160823 -54893.63
20160824 -59677.23
20160825 -56902.18
20160826 -63023.43
20160829 -62801.82
20160830 -66120.82
20160831 -69266.42
20160901 -71795.62
20160902 -64663.22
20160906 -60878.82
20160907 -64543.62
20160908 -65028.82
20160909 -62251.62
20160912 -61811.62
20160913 -55823.22
20160914 -53181.22
20160915 -52455.23
20160916 -48737.22
20160919 -46562.02
20160920 -48046.22
20160921 -45454.77
20160922 -46933.08
20160923 -48576.02
20160926 -43618.57
20160927 -38287.12
20160928 -38829.72
20160929 -42790.77
20160930 -38501.77
20161003 -41251.82
20161004 -35249.42
20161005 -27651.43
20161006 -31013.42
20161007 -26699.22
20161010 -26766.12
20161011 -26963.52
20161012 -30043.92
20161013 -31179.22
20161014 -24962.82
20161017 -25417.83
20161018 -25576.98
20161019 -28522.18
20161020 -28982.22
20161021 -31742.32
20161024 -33153.43
20161025 -36605.63
20161026 -34971.73
20161027 -35683.03
20161028 -43292.82
20161031 -47636.48
20161101 -53611.28
20161102 -59887.53
20161103 -55313.78
20161104 -52576.27
20161107 -46568.78
20161108 -45980.02
20161109 -60343.53
20161110 -63313.53
20161111 -60411.03
20161114 -57383.53
20161115 -55938.53
20161116 -59636.03
20161117 -55463.53
20161118 -54947.28
20161121 -59468.53
20161122 -61221.03
20161123 -57753.53
20161125 -57031.03
20161128 -59983.53
20161129 -62252.28
20161130 -58466.03
20161201 -57936.03
20161202 -61737.28
20161205 -60910.88
20161206 -61291.98
20161207 -66244.58
20161208 -63726.93
20161209 -57522.38
20161212 -61868.43
20161213 -57413.93
20161214 -58159.08
20161215 -46493.48
20161216 -45314.03
20161219 -46175.08
20161220 -48799.68
20161221 -48481.93
20161222 -46450.23
20161223 -47126.68
20161227 -46891.38
20161228 -48851.12
20161229 -56653.62
20161230 -55158.23
20170103 -65519.48
20170104 -68329.38
20170105 -74501.68
20170106 -72027.93
20170109 -78122.93
20170110 -79619.18
20170111 -79332.93
20170112 -79432.93
20170113 -79714.18
20170117 -84205.43
20170118 -84445.43
20170119 -81369.18
20170120 -82796.68
20170123 -88682.93
20170124 -86812.93
20170125 -84226.68
20170126 -85544.18
20170127 -85295.43
20170130 -88937.93
20170131 -89046.68
20170201 -87875.43
20170202 -87739.18
20170203 -86451.68
20170206 -87414.18
20170207 -87832.93
20170208 -88872.93
20170209 -89137.93
20170210 -88496.68
20170213 -89771.68
20170214 -87132.93
20170215 -87231.68
20170216 -89340.43
20170217 -88700.43
20170221 -87840.43
20170222 -92455.43
20170223 -92546.03
20170224 -92506.03
20170227 -91446.03
20170228 -92886.03
20170301 -92146.03
20170302 -92376.03
20170303 -94436.03
20170306 -94666.03
20170307 -92846.03
20170308 -93166.03
20170309 -94181.63
20170310 -94824.43
20170313 -92534.83
20170314 -90027.53
20170315 -92591.83
20170316 -92121.62
20170317 -93417.43
20170320 -93349.62
20170321 -93161.22
20170322 -91896.12
20170323 -90750.62
20170324 -93244.53
20170327 -93165.88
20170328 -94733.53
20170329 -95915.42
20170330 -96248.53
20170331 -95945.28
20170403 -94146.92
20170404 -95710.73
20170405 -96335.08
20170406 -97375.33
20170407 -99997.12
20170410 -99483.53
20170411 -98403.88
20170412 -98815.33
20170413 -98440.08
20170417 -98350.12
20170418 -96384.07
20170419 -96268.12
20170420 -94962.78
20170421 -93845.52
20170424 -96289.92
20170425 -98689.07
20170426 -95688.67
20170427 -96508.82
20170428 -99876.83
20170501 -102682.57
20170502 -101824.32
20170503 -105575.42
20170504 -100026.92
20170505 -100435.03
20170508 -101784.32
20170509 -101501.23
20170510 -105047.23
20170511 -104004.33
20170512 -102724.28
20170515 -103875.78
20170516 -103160.58
20170517 -103968.88
20170518 -99959.08
20170519 -102645.58
20170522 -104728.03
20170523 -104273.17
20170524 -102502.67
20170525 -102435.27
20170526 -102081.38
20170530 -101534.17
20170531 -98990.67
20170601 -96900.83
20170602 -95255.73
20170605 -99317.98
20170606 -97075.83
20170607 -99277.98
20170608 -101415.98
20170609 -102556.67
20170612 -104712.92
20170613 -103257.73
20170614 -98358.17
20170615 -104434.67
20170616 -102933.73
20170619 -99532.28
20170620 -97274.53
20170621 -92570.03
20170622 -92517.23
20170623 -96566.12
20170626 -97963.08
20170627 -98656.42
20170628 -97686.48
20170629 -98527.83
20170630 -98637.23
20170703 -100889.57
20170705 -98089.07
20170706 -100827.07
20170707 -95957.28
20170710 -96833.18
20170711 -96858.12
20170712 -99475.12
20170713 -106384.88
20170714 -111554.53
20170717 -111857.88
20170718 -113484.03
20170719 -112023.78
20170720 -110802.18
20170721 -110244.78
20170724 -112579.78
20170725 -114873.53
20170726 -112961.47
20170727 -114023.22
20170728 -114136.32
20170731 -114613.42
20170801 -120912.32
20170802 -118207.32
20170803 -120036.07
20170804 -119539.82
20170807 -117821.07
20170808 -119012.32
20170809 -119028.57
20170810 -120191.07
20170811 -118722.32
20170814 -118328.57
20170815 -117099.82
20170816 -118324.82
20170817 -121303.57
20170818 -123349.82
20170821 -122892.32
20170822 -123976.07
20170823 -122652.32
20170824 -123351.07
20170825 -121256.07
20170828 -118383.57
20170829 -117493.88
20170830 -120190.12
20170831 -119623.88
20170901 -120685.12
20170905 -117332.62
20170906 -119330.12
20170907 -112652.62
20170908 -112875.12
20170911 -117888.87
20170912 -117911.38
20170913 -120558.88
20170914 -120091.38
20170915 -122551.38
20170918 -126828.67
20170919 -125764.92
20170920 -125086.17
20170921 -127512.42
20170922 -125798.67
20170925 -125587.42
20170926 -126634.92
20170927 -129529.92
20170928 -128544.92
20170929 -130426.17
20171002 -134292.42
20171003 -134266.17
20171004 -134841.17
20171005 -135393.67
20171006 -134793.67
20171009 -134223.67
20171010 -133943.67
20171011 -134303.67
20171012 -135303.67
20171013 -135278.67
20171016 -136058.67
20171017 -134828.67
20171018 -135968.67
20171019 -137308.67
20171020 -137878.67
20171023 -137753.67
20171024 -137583.67
20171025 -138281.07
20171026 -138046.70
20171027 -136632.95
20171030 -138248.57
20171031 -137594.20
20171101 -137550.45
20171102 -138433.57
20171103 -137870.45
20171106 -138551.07
20171107 -138807.32
20171108 -138775.45
20171109 -138859.20
20171110 -138048.57
20171113 -137819.20
20171114 -140782.32
20171115 -142564.83
20171116 -142172.33
20171117 -141221.75
20171120 -142602.70
20171121 -142640.70
20171122 -140924.33
20171124 -137640.85
20171127 -140228.40
20171128 -142557.65
20171129 -142826.38
20171130 -139775.95
20171201 -140318.95
20171204 -139499.92
20171205 -138512.98
20171206 -142636.17
20171207 -139354.92
20171208 -138475.55
20171211 -137815.55
20171212 -135450.42
20171213 -140396.10
20171214 -140486.67
20171215 -139578.95
20171218 -142733.70
20171219 -141960.83
20171220 -142298.10
20171221 -140883.10
20171222 -142548.73
20171226 -144797.47
20171227 -148673.10
20171228 -149743.72
20171229 -151393.10
20180102 -153539.98
20180103 -153429.97
20180104 -151953.10
20180105 -152648.10
20180108 -152999.35
20180109 -150409.35
20180110 -149592.48
20180111 -149176.23
20180112 -145643.73
20180116 -143957.95
20180117 -143379.88
20180118 -142991.85
20180119 -144379.92
20180122 -144022.38
20180123 -143003.95
20180124 -136919.40
20180125 -137707.57
20180126 -136435.78
20180129 -139316.12
20180130 -140497.25
20180131 -140562.10
20180201 -138209.38
20180202 -139209.85
20180205 -144935.80
20180206 -148134.20
20180207 -152359.92
20180208 -151051.85
20180209 -155921.75
20180212 -153597.10
20180213 -151785.23
20180214 -145715.80
20180215 -146031.25
20180216 -146916.10
20180220 -149530.15
20180221 -147726.10
20180222 -150745.20
20180223 -151613.25
20180226 -152193.70
20180227 -150307.10
20180228 -153245.70
20180301 -156363.25
20180302 -152046.97
20180305 -151622.38
20180306 -150179.02
20180307 -148222.67
20180308 -150256.80
20180309 -151743.17
20180312 -151452.45
20180313 -150857.10
20180314 -152853.75
20180315 -150069.67
20180316 -147959.77
20180319 -149835.55
20180320 -148391.12
20180321 -146630.10
20180322 -148072.35
20180323 -145236.60
20180326 -143609.48
20180327 -146571.42
20180328 -147848.87
20180329 -149543.65
20180402 -146658.60
20180403 -144267.47
20180404 -144904.85
20180405 -145698.02
20180406 -146508.80
20180409 -149227.87
20180410 -146585.70
20180411 -147869.87
20180412 -147453.77
20180413 -147226.45
20180416 -145121.08
20180417 -143428.52
20180418 -142900.30
20180419 -141101.40
20180420 -140485.55
20180423 -138142.00
20180424 -138899.80
20180425 -136108.70
20180426 -137034.17
20180427 -139294.57
20180430 -140549.87
20180501 -139825.77
20180502 -139191.75
20180503 -139765.77
20180504 -137756.60
20180507 -136021.32
20180508 -138785.85
20180509 -135248.65
20180510 -137647.70
20180511 -136446.57
20180514 -136429.72
20180515 -129901.45
20180516 -130302.60
20180517 -130197.10
20180518 -130343.72
20180521 -131554.62
20180522 -131701.37
20180523 -134645.25
20180524 -138295.42
20180525 -142182.97
20180529 -147155.92
20180530 -151870.22
20180531 -150023.97
20180601 -153940.92
20180604 -153965.92
20180605 -154833.42
20180606 -156532.17
20180607 -154484.67
20180608 -156132.17
20180611 -152942.17
20180612 -154079.67
20180613 -154290.92
20180614 -150345.92
20180615 -148347.17
20180618 -149558.42
20180619 -148697.17
20180620 -147344.67
20180621 -146412.17
20180622 -148750.92
20180625 -148744.67
20180626 -146969.67
20180627 -144454.67
20180628 -141488.42
20180629 -142993.42
20180702 -137460.92
20180703 -139566.72
20180705 -140323.67
20180706 -145608.07
20180709 -145312.77
20180710 -141742.57
20180711 -137554.97
20180712 -138602.92
20180713 -133896.57
20180716 -138067.97
20180717 -133818.17
20180718 -131972.92
20180719 -130870.12
20180720 -134897.12
20180723 -133721.67
20180724 -133891.97
20180725 -135915.72
20180726 -131118.92
20180727 -130345.67
20180730 -132106.87
20180731 -130923.52
20180801 -126827.42
20180802 -123116.47
20180803 -126782.52
20180806 -125836.17
20180807 -126673.17
20180808 -125302.07
20180809 -126407.72
20180810 -119564.97
20180813 -115001.02
20180814 -115118.97
20180815 -108229.92
20180816 -113263.52
20180817 -115110.92
20180820 -111736.47
20180821 -114496.12
20180822 -111415.92
20180823 -106199.62
20180824 -113924.92
20180827 -119268.07
20180828 -113329.57
20180829 -112528.37
20180830 -109341.87
20180831 -110463.77
20180904 -108292.97
20180905 -112002.97
20180906 -112967.27
20180907 -114428.07
20180910 -114676.77
20180911 -112232.17
20180912 -117821.77
20180913 -115781.77
20180914 -114151.77
20180917 -113056.77
20180918 -111389.57
20180919 -112904.57
20180920 -116754.57
20180921 -116299.57
20180924 -115429.57
20180925 -113979.57
20180926 -117014.57
20180927 -114694.57
20180928 -119527.07
20181001 -114269.57
20181002 -120422.07
20181003 -116493.32
20181004 -118099.57
20181005 -119168.32
20181008 -113094.57
20181009 -113633.32
20181010 -114964.57
20181011 -126223.32
20181012 -127040.27
20181015 -123718.17
20181016 -124281.72
20181017 -121565.17
20181018 -123252.27
20181019 -122156.32
20181022 -125622.77
20181023 -124975.12
20181024 -125375.62
20181025 -123637.52
20181026 -128194.32
20181029 -130049.22
20181030 -130355.27
20181031 -126562.07
20181101 -129460.82
20181102 -124270.82
20181105 -121438.97
20181106 -122221.12
20181107 -121094.37
20181108 -118418.07
20181109 -116950.17
20181112 -115779.57
20181113 -107813.37
20181114 -95312.72
20181115 -112945.37
20181116 -108893.47
20181119 -100990.12
20181120 -100802.52
20181121 -102959.57
20181123 -101608.92
20181126 -103811.57
20181127 -103914.47
20181128 -93824.47
20181129 -96093.67
20181130 -95329.47
20181203 -105780.52
20181204 -103199.37
20181205 -103125.17
20181206 -107051.17
20181207 -99034.62
20181210 -98441.12
20181211 -102402.77
20181212 -108046.42
20181213 -113850.67
20181214 -118879.42
20181217 -118759.42
20181218 -112624.42
20181219 -112903.17
20181220 -111669.42
20181221 -114014.42
20181224 -105870.67
20181226 -111966.92
20181227 -104035.67
20181228 -102228.17
20181231 -98570.67
20190102 -95319.42
20190103 -85086.92
20190104 -94816.92
20190107 -97850.67
20190108 -102234.42
20190109 -104518.17
20190110 -106588.17
20190111 -103163.17
20190114 -101798.17
20190115 -104638.17
20190116 -105198.17
20190117 -109183.17
20190118 -117573.17
20190122 -114273.17
20190123 -113593.17
20190124 -111348.17
20190125 -104688.17
20190128 -100898.17
20190129 -98408.17
20190130 -96118.17
20190131 -85338.17
20190201 -92928.17
20190204 -99668.17
20190205 -95718.17
20190206 -97133.17
20190207 -90478.17
20190208 -86108.17
20190211 -90360.67
20190212 -95393.17
20190213 -95523.17
20190214 -93390.67
20190215 -91758.17
20190219 -79890.67
20190220 -72228.17
20190221 -86330.67
20190222 -81563.17
20190225 -82095.67
20190226 -83510.67
20190227 -89308.17
20190228 -93975.67
20190301 -104160.67
20190304 -105530.67
20190305 -106160.67
20190306 -102098.17
20190307 -97253.17
20190308 -102348.17
20190311 -106353.17
20190312 -108183.17
20190313 -111051.92
20190314 -111051.92
20190315 -110733.17
20190318 -111426.92
20190319 -112176.92
20190320 -108364.42
20190321 -107488.17
20190322 -101100.67
20190325 -99001.92
20190326 -97784.42
20190327 -93981.92
20190328 -96413.17
20190329 -99475.67
20190401 -104551.92
20190402 -101859.42
20190403 -104533.17
20190404 -103799.42
20190405 -100413.17
20190408 -100979.42
20190409 -101411.92
20190410 -99599.42
20190411 -99579.42
20190412 -103293.17
20190415 -104150.67
20190416 -104958.17
20190417 -103481.92
20190418 -101189.42
20190422 -102684.42
20190423 -98653.17
20190424 -94948.17
20190425 -98366.92
20190426 -99999.42
20190429 -99630.67
20190430 -97931.92
20190501 -94555.37
20190502 -96301.22
20190503 -96333.12
20190506 -93123.22
20190507 -90486.82
20190508 -90056.57
20190509 -88326.47
20190510 -88238.92
20190513 -87334.02
20190514 -89530.77
20190515 -85682.57
20190516 -83933.97
20190517 -77741.07
20190520 -81509.67
20190521 -83659.62
20190522 -82849.67
20190523 -80165.67
20190524 -84830.12
20190528 -82948.32
20190529 -84152.17
20190530 -85850.62
20190531 -82367.57
20190603 -79290.77
20190604 -84906.17
20190605 -82056.62
20190606 -83809.37
20190607 -83945.82
20190610 -86637.82
20190611 -88155.02
20190612 -83770.02
20190613 -80695.02
20190614 -83580.02
20190617 -82890.02
20190618 -81515.02
20190619 -77650.02
20190620 -72495.02
20190621 -76930.02
20190624 -74125.02
20190625 -73062.52
20190626 -79077.52
20190627 -78273.77
20190628 -75072.52
20190701 -80935.02
20190702 -75647.52
20190703 -72742.52
20190705 -84058.77
20190708 -84891.27
20190709 -87712.52
20190710 -87408.77
20190711 -89640.02
20190712 -89532.52
20190715 -86432.52
20190716 -87820.02
20190717 -82091.27
20190718 -76648.67
20190719 -78199.77
20190722 -78149.57
20190723 -84771.12
20190724 -81664.57
20190725 -85650.42
20190726 -84085.97
20190729 -81147.97
20190730 -80987.67
20190731 -80036.82
20190801 -68672.47
20190802 -62189.72
20190805 -53285.47
20190806 -51752.37
20190807 -39452.27
20190808 -45921.62
20190809 -53462.82
20190812 -44755.82
20190813 -51372.72
20190814 -39707.82
20190815 -35370.87
20190816 -35075.52
20190819 -41448.97
20190820 -38425.02
20190821 -37113.02
20190822 -40708.87
20190823 -29551.47
20190826 -30485.37
20190827 -22115.77
20190828 -21881.22
20190829 -27463.07
20190830 -21608.02
20190903 -11963.77
20190904 -12262.57
20190905 -27126.47
20190906 -29988.47
20190909 -34455.72
20190910 -40818.37
20190911 -40213.32
20190912 -46037.57
20190913 -54559.72
20190916 -45803.97
20190917 -49420.47
20190918 -51707.12
20190919 -55723.72
20190920 -54036.47
20190923 -48352.82
20190924 -52998.32
20190925 -60283.32
20190926 -62013.47
20190927 -65490.97
20190930 -75602.02
20191001 -72658.27
20191002 -69302.02
20191003 -69765.77
20191004 -70430.77
20191007 -70033.27
20191008 -69748.27
20191009 -69717.02
20191010 -73669.52
20191011 -79268.27
20191014 -75750.77
20191015 -79250.77
20191016 -81592.02
20191017 -81365.77
20191018 -82295.77
20191021 -81915.77
20191022 -82315.77
20191023 -83390.77
20191024 -81860.77
20191025 -84000.77
20191028 -84440.77
20191029 -84535.77
20191030 -85535.77
20191031 -84275.77
20191101 -82830.77
20191104 -82100.77
20191105 -85620.77
20191106 -86908.27
20191107 -85625.77
20191108 -86184.52
20191111 -92969.52
20191112 -94065.77
20191113 -93352.02
20191114 -93030.77
20191115 -93084.52
20191118 -95513.27
20191119 -97307.02
20191120 -94827.02
20191121 -92919.52
20191122 -93374.52
20191125 -92235.77
20191126 -93264.52
20191127 -91734.52
20191129 -93718.32
20191202 -93421.67
20191203 -95414.27
20191204 -93982.52
20191205 -92705.72
20191206 -89675.47
20191209 -85787.47
20191210 -84552.77
20191211 -85748.87
20191212 -85226.12
20191213 -90163.82
20191216 -88717.72
20191217 -89500.77
20191218 -87276.37
20191219 -89931.82
20191220 -89742.72
20191223 -92925.82
20191224 -93413.02
20191226 -94266.72
20191227 -91385.22
20191230 -91781.12
20191231 -92887.27
20200102 -98564.62
20200103 -95805.92
20200106 -91758.67
20200107 -94852.52
20200108 -104695.82
20200109 -105534.22
20200110 -101566.82
20200113 -104766.22
20200114 -105150.57
20200115 -101387.57
20200116 -101779.42
20200117 -99182.62
20200121 -99083.62
20200122 -99416.22
20200123 -99456.82
20200124 -98693.02
20200127 -100611.72
20200128 -101897.02
20200129 -99569.02
20200130 -92109.40
20200131 -88136.35
20200203 -85980.52
20200204 -91666.72
20200205 -91381.17
20200206 -92758.40
20200207 -89252.82
20200210 -83773.27
20200211 -83050.60
20200212 -82129.80
20200213 -86258.72
20200214 -86083.97
20200218 -82940.42
20200219 -83543.42
20200220 -81586.50
20200221 -76959.67
20200224 -65681.65
20200225 -70522.00
20200226 -74010.62
20200227 -75700.60
20200228 -75995.37
20200302 -82021.95
20200303 -79622.07
20200304 -82608.17
20200305 -77787.32
20200306 -66992.95
20200309 -45234.20
20200310 -63843.57
20200311 -63436.70
20200312 -63788.47
20200313 -58799.82
20200316 -31678.12
20200317 -36328.50
20200318 -30031.35
20200319 -30743.12
20200320 -28017.90
20200323 -38200.25
20200324 -52418.35
20200325 -62677.27
20200326 -59946.55
20200327 -53759.70
20200330 -43968.30
20200331 -47979.47
20200401 -37607.75
20200402 -38749.00
20200403 -35968.40
20200406 -37754.82
20200407 -42406.92
20200408 -40864.72
20200409 -33739.17
20200413 -24240.10
20200414 -20319.32
20200415 -17021.02
20200416 -17154.15
20200417 -21224.10
20200420 -17134.65
20200421 -6115.20
20200422 -7579.05
20200423 -13447.80
20200424 -11642.55
20200427 -9379.82
20200428 -8962.50
20200429 -15611.12
20200430 -27746.37
20200501 -34573.37
20200504 -29601.72
20200505 -38943.45
20200506 -36568.75
20200507 -35189.45
20200508 -40209.40
20200511 -41226.37
20200512 -41750.60
20200513 -35425.92
20200514 -39700.55
20200515 -39069.20
20200518 -52129.72
20200519 -51423.85
20200520 -53389.90
20200521 -52493.07
20200522 -50163.32
20200526 -59011.60
20200527 -54507.85
20200528 -54415.35
20200529 -52178.30
20200601 -53026.22
20200602 -58088.37
20200603 -68317.00
20200604 -66302.07
20200605 -74300.97
20200608 -74028.47
20200609 -71244.72
20200610 -68935.97
20200611 -72464.72
20200612 -72905.97
20200615 -67634.72
20200616 -67997.22
20200617 -71945.97
20200618 -71777.22
20200619 -72622.22
20200622 -71303.47
20200623 -69000.97
20200624 -70088.47
20200625 -67938.47
20200626 -68142.22
20200629 -73748.47
20200630 -75282.22
20200701 -73807.22
20200702 -75704.72
20200706 -68162.22
20200707 -72757.22
20200708 -70948.47
20200709 -69567.22
20200710 -71649.72
20200713 -73098.47
20200714 -70650.97
20200715 -68984.72
20200716 -67772.22
20200717 -67403.47
20200720 -62214.72
20200721 -54832.22
20200722 -46628.47
20200723 -44410.97
20200724 -45764.67
20200727 -29142.80
20200728 -32332.17
20200729 -30851.55
20200730 -28850.92
20200731 -22245.92
20200803 -25526.55
20200804 -13004.67
20200805 -5170.92
20200806 -1414.05
20200807 -20119.67
20200810 -15329.05
20200811 -48785.30
20200812 -44634.05
20200813 -25427.62
20200814 -36140.97
20200817 -19050.32
20200818 -5775.37
20200819 -9986.37
20200820 -27856.07
20200821 -27905.02
20200824 -26141.82
20200825 -20446.07
20200826 -18790.02
20200827 -2117.17
20200828     0.00
20200831     0.00
20200901 -6589.65
20200902 -25007.05
20200903 -21654.90
20200904 -7007.40
20200908 -23567.40
20200909 -15641.15
20200910     0.00
20200911     0.00
20200914 -15520.00
20200915 -8888.75
20200916 -18727.50
20200917 -23590.00
20200918 -24877.50
20200921 -60296.25
20200922 -47200.00
20200923 -53766.25
20200924 -57231.25
20200925 -45516.25
20200928 -47762.50
20200929 -57317.50
20200930 -44161.25
20201001 -47535.25
20201002 -50533.00
20201005 -52663.75
20201006 -40855.25
20201007 -28132.25
20201008 -18757.00
20201009 -9802.75
20201012 -27673.50
20201013 -27352.50
20201014 -8133.00
20201015  -892.75
20201016     0.00
20201019     0.00
20201020 -10896.22
20201021 -6160.72
20201022 -14719.22
20201023 -7682.22
20201026 -8832.22
20201027 -13656.10
20201028 -25698.72
20201029 -29331.35
20201030 -24523.35
20201102 -16699.72
20201103 -18820.35
20201104 -29078.22
20201105 -26327.80
20201106 -30506.30
20201109 -24742.55
20201110 -20481.30
20201111 -25587.05
20201112 -19981.80
20201113 -23256.05
20201116 -11131.80
20201117 -10313.55
20201118 -3827.80
20201119 -18675.05
20201120 -19742.30
20201123 -13420.30
20201124 -12075.80
20201125 -14096.80
20201127 -11353.05
20201130 -18512.30
20201201 -19593.55
20201202 -19145.30
20201203 -11488.55
20201204 -18004.55
20201207 -33634.05
20201208 -36537.05
20201209 -13730.55
20201210 -27832.30
20201211 -46140.05
20201214 -47781.80
20201215 -43889.80
20201216 -40988.30
20201217 -30148.80
20201218 -29994.55
20201221 -25116.30
20201222 -34585.80
20201223 -16566.30
20201224 -12671.55
20201228 -8423.80
20201229     0.00
20201230     0.00
20201231 -1335.75
20210104     0.00
20210105     0.00
20210106     0.00
20210107 -10952.50
20210108 -14268.75
20210111 -15376.50
20210112 -7669.50
20210113 -10960.50
20210114     0.00
20210115 -18427.25
20210119 -33658.50
20210120 -40316.25
20210121 -39387.25
20210122 -61467.50
20210125 -60426.50
20210126 -50922.75
20210127 -51407.25
20210128 -63005.25
20210129 -50034.50
20210201 -34098.50
20210202 -45990.25
20210203 -35865.25
20210204 -32717.25
20210205 -19753.75
20210208 -13308.75
20210209 -9969.00
20210210 -17763.00
20210211 -7278.50
20210212     0.00
20210216     0.00
20210217     0.00
20210218     0.00
20210219     0.00
20210222     0.00
20210223     0.00
20210224     0.00
20210225     0.00
20210226 -26624.50
20210301 -38386.50
20210302 -45550.50
20210303 -36203.75
20210304 -26381.50
20210305 -18108.25
20210308 -15679.50
20210309 -26847.00
20210310 -34651.50
20210311 -16947.75
20210312 -10636.75
20210315 -14913.50
20210316     0.00
20210317 -10881.75
20210318 -18104.25
20210319 -12853.25
20210322 -20231.00
20210323 -26496.25
20210324 -13223.75
20210325 -13001.25
20210326 -5382.50
20210329     0.00
20210330     0.00
20210331     0.00
20210401 -11527.50
20210405 -15656.25
20210406 -25798.75
20210407 -20282.50
20210408 -24342.50
20210409 -20862.50
20210412 -30963.75
20210413 -39417.50
20210414 -22191.25
20210415 -43090.00
20210416 -50606.25
20210419 -37966.25
20210420 -31945.00
20210421 -36315.00
20210422 -30821.25
20210423 -18852.50
20210426 -3765.90
20210427     0.00
20210428     0.00
20210429 -11905.15
20210430     0.00
20210503     0.00
20210504     0.00
20210505     0.00
20210506     0.00
20210507 -9364.40
20210510 -16224.40
20210511 -5702.00
20210512     0.00
20210513 -31873.20
20210514 -35386.70
20210517 -34151.50
20210518 -29146.70
20210519 -46902.60
20210520 -46897.00
20210521 -45980.30
20210524 -44140.90
20210525 -35134.50
20210526 -35530.40
20210527 -22877.30
20210528 -8740.70
20210601     0.00
20210602     0.00
20210603 -14550.00
20210604     0.00
20210607 -4307.20
20210608     0.00
20210609 -3038.20
20210610 -6372.00
20210611 -23538.40
20210614 -50978.40
20210615 -59987.50
20210616 -73870.90
20210617 -114222.60
20210618 -116350.10
20210621 -120695.53
20210622 -118924.28
20210623 -115317.40
20210624 -111961.78
20210625 -106029.28
20210628 -98870.53
20210629 -99125.53
20210630 -96042.40
20210701 -96235.53
20210702 -94484.28
20210706 -100468.65
20210707 -100764.28
20210708 -91473.03
20210709 -92636.78
20210712 -88791.15
20210713 -92876.78
20210714 -92013.03
20210715 -94069.28
20210716 -88193.65
20210719 -91972.40
20210720 -80401.78
20210721 -74119.28
20210722 -58137.40
20210723 -60110.53
20210726 -43973.03
20210727 -52776.15
20210728 -55313.03
20210729 -61330.25
20210730 -78774.33
20210802 -79129.50
20210803 -73812.60
20210804 -68794.73
20210805 -66937.90
20210806 -66014.10
20210809 -62978.65
20210810 -57589.18
20210811 -60323.03
20210812 -61964.43
20210813 -68350.13
20210816 -62811.72
20210817 -69981.53
20210818 -67422.03
20210819 -68764.43
20210820 -69637.10
20210823 -69908.35
20210824 -71993.98
20210825 -70682.60
20210826 -57742.85
20210827 -48712.55
20210830 -43964.90
20210831 -46334.18
20210901 -38838.28
20210902 -35681.00
20210903 -40512.28
20210907 -46776.35
20210908 -32369.05
20210909 -29726.55
20210910 -36033.80
20210913 -22895.73
20210914 -21095.33
20210915 -10272.78
20210916 -11850.30
20210917 -23839.60
20210920 -32258.20
20210921 -40437.90
20210922 -39180.10
20210923 -25902.00
20210924 -17152.30
20210927     0.00
20210928     0.00
20210929 -15672.60
20210930 -2833.75
20211001 -12230.65
20211004 -11215.75
20211005     0.00
20211006 -22142.15
20211007 -16779.80
20211008 -14773.80
20211011 -14810.85
20211012     0.00
20211013 -10274.55
20211014 -11606.65
20211015 -23385.85
20211018 -42158.80
20211019 -39737.55
20211020 -39881.30
20211021 -37070.05
20211022 -32860.05
20211025 -9660.05
20211026 -6321.30
20211027 -9886.30
20211028 -28082.55
20211029 -32506.30
20211101 -40007.55
20211102 -28182.55
20211103 -23606.30
20211104 -21447.55
20211105 -31131.30
20211108 -33168.80
20211109 -49272.55
20211110 -41123.80
20211111 -30688.80
20211112 -29097.55
20211115 -24503.80
20211116 -21148.80
20211117 -20916.30
20211118 -28661.30
20211119 -26605.05
20211122 -23775.05
20211123 -15055.05
20211124 -10333.80
20211126 -30570.05
20211129 -35595.05
20211130 -41095.35
20211201 -40082.85
20211202 -36652.15
20211203 -33333.85
20211206 -28383.25
20211207 -33214.55
20211208 -40088.75
20211209 -43503.75
20211210 -57913.75
20211213 -51853.75
20211214 -48071.25
20211215 -47458.75
20211216 -56811.25
20211217 -55091.25
20211220 -60070.95
20211221 -65992.45
20211222 -71934.15
20211223 -71934.95
20211227 -72968.65
20211228 -72438.65
20211229 -72805.55
20211230 -70723.35
20211231 -78134.35
20220103 -72917.45
20220104 -60052.05
20220105 -58408.45
20220106 -55076.95
20220107 -49237.55
20220110 -52758.85
20220111 -58317.65
20220112 -66190.95
20220113 -71825.95
20220114 -70809.65
20220118 -72668.15
20220119 -68421.75
20220120 -62967.35
20220121 -71583.55
20220124 -78819.65
20220125 -70348.35
20220126 -57899.95
20220127 -62441.90
20220128 -55537.80
20220131 -55687.00
20220201 -50140.35
20220202 -42462.35
20220203 -40102.45
20220204 -34822.85
20220207 -29235.05
20220208 -23558.85
20220209 -15447.85
20220210 -16860.05
20220211 -20454.15
20220214 -17427.25
20220215 -18424.25
20220216 -7966.75
20220217 -9278.35
20220218 -9484.05
20220222     0.00
20220223     0.00
20220224 -15056.30
20220225 -34847.45
20220228 -27318.45
20220301 -6307.15
20220302 -6933.40
20220303 -6525.90
20220304     0.00
20220307     0.00
20220308     0.00
20220309 -43695.60
20220310 -36440.20
20220311 -28674.85
20220314 -41723.35
20220315 -48489.35
20220316 -64012.90
20220317 -48694.45
20220318 -54272.60
20220321 -28874.85
20220322 -30985.80
20220323 -17853.70
20220324 -5383.65
20220325     0.00
20220328 -13743.80
20220329 -47991.25
20220330 -36642.85
20220331 -55999.05
