-----------------------------------------
Sys Name : TFBoll-ATRNORM_1R
Mkt Symb : CL Mkt Name : Crude
Profit/Loss : 46560.0
Num Trades : 45
Percent Wins : 0.267
Avg Win  : 15479.58
Avg Loss : -4218.79
Avg Trade: 1034.67
Max DrawDown: 58105.0
Avg DrawDown: 23720.42
AVG Monthly Return: 316.73469
Monthly StdDev: 6644.03262
-----------------------------------------
20100129          0          0
20100226      -6045      -6045
20100331          0      -6045
20100430      -5345     -11390
20100528       4160      -7230
20100630       -580      -7810
20100730      -2950     -10760
20100831       -745     -11505
20100930          0     -11505
20101029      -2760     -14265
20101130      -1035     -15300
20101231       4040     -11260     -11260
20110131      -9090     -20350
20110228       -720     -21070
20110331       8970     -12100
20110429       6650      -5450
20110531     -12195     -17645
20110630      -2280     -19925
20110729         80     -19845
20110831      14040      -5805
20110930      19660      13855
20111031     -19890      -6035
20111130       1600      -4435
20111230      -3500      -7935       3325
20120131      -1040      -8975
20120229       1130      -7845
20120330      -9790     -17635
20120430          0     -17635
20120531      23380       5745
20120629       3800       9545
20120731      -5600       3945
20120831      -7370      -3425
20120928          0      -3425
20121031       -340      -3765
20121130      -2240      -6005
20121231      -1335      -7340        595
20130131       3060      -4280
20130228     -11930     -16210
20130329          0     -16210
20130430      -4615     -20825
20130531          0     -20825
20130628      -4515     -25340
20130731       5560     -19780
20130830       2760     -17020
20130930      -4455     -21475
20131031       2980     -18495
20131129       4310     -14185
20131231      -7315     -21500     -14160
20140131          0     -21500
20140228       3260     -18240
20140331     -10070     -28310
20140430          0     -28310
20140530      -2600     -30910
20140630       6300     -24610
20140731      -7410     -32020
20140829      -2000     -34020
20140930       3580     -30440
20141031       9870     -20570
20141128      14410      -6160
20141231      13210       7050      28550
20150130       5510      12560
20150227       -840      11720
20150331       4150      15870
20150430      -4265      11605
20150529       -290      11315
20150630      -1240      10075
20150731       1775      11850
20150831      -1540      10310
20150930       4410      14720
20151030      -4145      10575
20151130        510      11085
20151231       5840      16925       9875
20160129       4390      21315
20160229       2030      23345
20160331      -4335      19010
20160429        890      19900
20160531       2500      22400
20160630      -1300      21100
20160729      -2415      18685
20160831      -5555      13130
20160930          0      13130
20161031          0      13130
20161130          0      13130
20161230       -460      12670      -4255
20170131      -1690      10980
20170228      -1015       9965
20170331      -1550       8415
20170428      -2355       6060
20170531      -3645       2415
20170630       -410       2005
20170731      -2165       -160
20170831          0       -160
20170929        -20       -180
20171031       2480       2300
20171130       2830       5130
20171229       2980       8110      -4560
20180131       4360      12470
20180228      -5975       6495
20180329          0       6495
20180430       1580       8075
20180531      -1610       6465
20180629        -25       6440
20180731      -6105        335
20180831          0        335
20180928        550        885
20181031      -3805      -2920
20181130      12800       9880
20181231       5790      15670       7560
20190131      -8140       7530
20190228       -905       6625
20190329          0       6625
20190430       1550       8175
20190531      -4205       3970
20190628      -4730       -760
20190731      -1625      -2385
20190830      -4410      -6795
20190930      -6960     -13755
20191031      -4175     -17930
20191129          0     -17930
20191231       1400     -16530     -32200
20200131      -3515     -20045
20200228       7070     -12975
20200331      24660      11685
20200430       7300      18985
20200529     -16605       2380
20200630          0       2380
20200731          0       2380
20200831          0       2380
20200930          0       2380
20201030      -6035      -3655
20201130      -9730     -13385
20201231       5940      -7445       9085
20210129       7260       -185
20210226      18560      18375
20210331      -4740      13635
20210430       8740      22375
20210528       5460      27835
20210630      14820      42655
20210730     -13890      28765
20210831          0      28765
20210930       -230      28535
20211029       9090      37625
20211130      -9015      28610
20211231          0      28610      36055
20220131       2660      31270
20220228       9400      40670
20220331       5890      46560      17950
-----------------------------------------
-----------------------------------------
Sys Name : TFBoll-ATRNORM_1R
Mkt Symb : EC Mkt Name : EuroCur
Profit/Loss : 31556.25
Num Trades : 44
Percent Wins : 0.364
Avg Win  : 11350.39
Avg Loss : -5361.61
Avg Trade: 717.19
Max DrawDown: 96187.5
Avg DrawDown: 23851.56
AVG Monthly Return: 214.66837
Monthly StdDev: 7918.17849
-----------------------------------------
20100129       5656       5656
20100226       2825       8481
20100331       1463       9944
20100430       2675      12619
20100528      12838      25456
20100630        413      25869
20100730      -6838      19031
20100831          0      19031
20100930       3169      22200
20101029       3912      26113
20101130      -6906      19206
20101231          0      19206      19206
20110131          0      19206
20110228          0      19206
20110331       4500      23706
20110429      17050      40756
20110531     -19487      21269
20110630          0      21269
20110729     -10425      10844
20110831          0      10844
20110930      28625      39469
20111031     -29250      10219
20111130          0      10219
20111230       3300      13519      -5687
20120131      -4463       9056
20120229      -8944        113
20120330          0        113
20120430          0        113
20120531      21206      21319
20120629     -10725      10594
20120731      13313      23906
20120831      -8063      15844
20120928       1625      17469
20121031       2625      20094
20121130      -6562      13531
20121231       -806      12725       -794
20130131      13875      26600
20130228     -16219      10381
20130329       -137      10244
20130430      -4531       5713
20130531          0       5713
20130628      -6138       -425
20130731          0       -425
20130830      -4788      -5212
20130930       -563      -5775
20131031       3250      -2525
20131129      -8500     -11025
20131231      -2869     -13894     -26619
20140131      -7725     -21619
20140228          0     -21619
20140331      -3400     -25019
20140430      -3350     -28369
20140530     -14250     -42619
20140630      -4200     -46819
20140731      11475     -35344
20140829       9637     -25706
20140930      19163      -6544
20141031       3937      -2606
20141128       3525        919
20141231      12675      13594      27488
20150130      30413      44006
20150227       3788      47794
20150331      16762      64556
20150430     -14288      50269
20150529          0      50269
20150630          0      50269
20150731          0      50269
20150831      -2550      47719
20150930      -1287      46431
20151030      -3744      42688
20151130       3044      45731
20151231      -3550      42181      28588
20160129      -1406      40775
20160229      -4994      35781
20160331       1262      37044
20160429        663      37706
20160531      -2913      34794
20160630       -388      34406
20160729      -1175      33231
20160831       -519      32713
20160930          0      32713
20161031       1275      33988
20161130       -812      33175
20161230        950      34125      -8056
20170131      -2731      31394
20170228          0      31394
20170331      -2581      28813
20170428        350      29163
20170531       4187      33350
20170630       1956      35306
20170731       4919      40225
20170831        644      40869
20170929      -1312      39556
20171031      -1488      38069
20171130      -3038      35031
20171229          0      35031        906
20180131       3994      39025
20180228      -2881      36144
20180329        700      36844
20180430       -112      36731
20180531       5281      42013
20180629        594      42606
20180731        -12      42594
20180831        -19      42575
20180928          0      42575
20181031       2262      44838
20181130        419      45256
20181231      -1325      43931       8900
20190131       -713      43219
20190228      -1137      42081
20190329       -250      41831
20190430        275      42106
20190531        994      43100
20190628      -1656      41444
20190731       3412      44856
20190830       5175      50031
20190930       3825      53856
20191031      -9169      44688
20191129          0      44688
20191231        600      45288       1356
20200131      -6175      39113
20200228       1975      41088
20200331     -15688      25400
20200430          0      25400
20200529          0      25400
20200630      -2400      23000
20200731      20475      43475
20200831       5250      48725
20200930      -8512      40213
20201030        712      40925
20201130       -675      40250
20201231      13275      53525       8238
20210129      -5150      48375
20210226      -5925      42450
20210331       8219      50669
20210430     -20688      29981
20210528          0      29981
20210630          0      29981
20210730          0      29981
20210831          0      29981
20210930        900      30881
20211029       1575      32456
20211130      12100      44556
20211231      -2450      42106     -11419
20220131      -8094      34013
20220228      -8662      25350
20220331       6206      31556     -10550
-----------------------------------------
-----------------------------------------
Sys Name : TFBoll-ATRNORM_1R
Mkt Symb : GC Mkt Name : Gold
Profit/Loss : 23840.0
Num Trades : 45
Percent Wins : 0.356
Avg Win  : 10067.19
Avg Loss : -4733.1
Avg Trade: 529.78
Max DrawDown: 94740.0
Avg DrawDown: 23107.92
AVG Monthly Return: 162.17687
Monthly StdDev: 8207.04665
-----------------------------------------
20100129          0          0
20100226          0          0
20100331          0          0
20100430       2830       2830
20100528       3180       6010
20100630       3090       9100
20100730      -5425       3675
20100831          0       3675
20100930       4030       7705
20101029       4800      12505
20101130       2700      15205
20101231       3530      18735      18735
20110131      -9005       9730
20110228      -7410       2320
20110331     -11220      -8900
20110429      34950      26050
20110531      -6180      19870
20110630     -10200       9670
20110729       5975      15645
20110831      40100      55745
20110930     -33590      22155
20111031          0      22155
20111130          0      22155
20111230       2430      24585       5850
20120131     -11145      13440
20120229          0      13440
20120330          0      13440
20120430          0      13440
20120531       3850      17290
20120629      -4000      13290
20120731       -575      12715
20120831       3030      15745
20120928       8630      24375
20121031      -5480      18895
20121130      -2935      15960
20121231      -1900      14060     -10525
20130131       3180      17240
20130228      16780      34020
20130328      -3120      30900
20130430      24720      55620
20130531      15980      71600
20130628      33860     105460
20130731     -17780      87680
20130830      -7790      79890
20130930          0      79890
20131031          0      79890
20131129       1220      81110
20131231       4810      85920      71860
20140131      -6585      79335
20140228      -2620      76715
20140331      -7560      69155
20140430        190      69345
20140530        450      69795
20140630      -5555      64240
20140731          0      64240
20140829          0      64240
20140930       3050      67290
20141031       4000      71290
20141128       -320      70970
20141231      -4865      66105     -19815
20150130       2320      68425
20150227      -6155      62270
20150331      -7235      55035
20150430          0      55035
20150529          0      55035
20150630          0      55035
20150731       6040      61075
20150831      -6445      54630
20150930          0      54630
20151030      -4400      50230
20151130       -745      49485
20151231        510      49995     -16110
20160129      -4725      45270
20160229       5610      50880
20160331        -70      50810
20160429       5490      56300
20160531      -5185      51115
20160630      -4295      46820
20160729       2940      49760
20160831      -4505      45255
20160930          0      45255
20161031       1510      46765
20161130       2925      49690
20161230       2220      51910       1915
20170131      -6795      45115
20170228          0      45115
20170331          0      45115
20170428      -2450      42665
20170531      -3015      39650
20170630      -4045      35605
20170731      -4015      31590
20170831       2010      33600
20170929      -4295      29305
20171031          0      29305
20171130          0      29305
20171229      -3565      25740     -26170
20180131       1250      26990
20180228      -2520      24470
20180329       -915      23555
20180430       -730      22825
20180531       1980      24805
20180629       5020      29825
20180731       3050      32875
20180831       2690      35565
20180928       1050      36615
20181031      -2745      33870
20181130          0      33870
20181231       6780      40650      14910
20190131       7540      48190
20190228      -1820      46370
20190329      -6990      39380
20190430      -1030      38350
20190531      -1545      36805
20190628       6800      43605
20190731       1120      44725
20190830       9160      53885
20190930      -5650      48235
20191031        685      48920
20191129      -1030      47890
20191231      -2575      45315       4665
20200131       4360      49675
20200228      -2120      47555
20200331     -10105      37450
20200430       9760      47210
20200529       3490      50700
20200630      -6035      44665
20200731      13420      58085
20200831       -730      57355
20200930      -9455      47900
20201030          0      47900
20201130       6120      54020
20201231     -12085      41935      -3380
20210129      -3860      38075
20210226      12150      50225
20210331       1560      51785
20210430      -8065      43720
20210528       2730      46450
20210630     -11155      35295
20210730          0      35295
20210831      -8955      26340
20210930      -3000      23340
20211029      -3115      20225
20211130      -4815      15410
20211231          0      15410     -26525
20220131          0      15410
20220228       3590      19000
20220331       4840      23840       8430
-----------------------------------------
-----------------------------------------
Sys Name : TFBoll-ATRNORM_1R
Mkt Symb : KC Mkt Name : Coffee
Profit/Loss : 100681.25
Num Trades : 37
Percent Wins : 0.351
Avg Win  : 17849.52
Avg Loss : -5476.56
Avg Trade: 2721.11
Max DrawDown: 89081.25
Avg DrawDown: 24520.83
AVG Monthly Return: 684.90646
Monthly StdDev: 8161.41795
-----------------------------------------
20100129       1237       1237
20100226       1575       2812
20100331      -5375      -2563
20100430          0      -2563
20100528          0      -2563
20100630      27394      24831
20100730      11756      36588
20100831        562      37150
20100930       5175      42325
20101029      -7950      34375
20101130      -1856      32519
20101231      14738      47256      47256
20110131       1613      48869
20110228       9244      58112
20110331      -2831      55281
20110429      12300      67581
20110531     -10394      57188
20110630      -8700      48488
20110729      19538      68025
20110831     -17375      50650
20110930     -26850      23800
20111031       1462      25263
20111130      -4913      20350
20111230       7538      27888     -19369
20120131      -5675      22213
20120229      10425      32637
20120330      15600      48238
20120430       3900      52137
20120531      14175      66312
20120629      -6188      60125
20120731      -3312      56812
20120831          0      56812
20120928          0      56812
20121031          0      56812
20121130       5025      61837
20121231       5100      66938      39050
20130131     -10588      56350
20130228      -2100      54250
20130328       4538      58787
20130430       3262      62050
20130531      -1306      60744
20130628       9844      70587
20130731     -14869      55719
20130830          0      55719
20130930        825      56544
20131031      12450      68994
20131129      -3600      65394
20131231      -5725      59669      -7269
20140131       2062      61731
20140228      39637     101369
20140331      -1800      99569
20140430      19237     118806
20140530     -18875      99931
20140630          0      99931
20140731          0      99931
20140829          0      99931
20140930      -6850      93081
20141031      -4881      88200
20141128          0      88200
20141231          0      88200      28531
20150130       -150      88050
20150227       9094      97144
20150331       2850      99994
20150430       -675      99319
20150529       4238     103556
20150630      -1425     102131
20150731       2681     104812
20150831      -3269     101544
20150930       1106     102650
20151030      -2425     100225
20151130          0     100225
20151231          0     100225      12025
20160129      -1012      99213
20160229      -2144      97069
20160331      -5750      91319
20160429      -4287      87031
20160531      -6912      80119
20160630       3356      83475
20160729        206      83681
20160831      -3737      79944
20160930      -2344      77600
20161031       1062      78663
20161130      -4169      74494
20161230       1481      75975     -24250
20170131      -6250      69725
20170228          0      69725
20170331          0      69725
20170428        862      70588
20170531       1519      72106
20170630       2231      74338
20170731      -3269      71069
20170831          0      71069
20170929          0      71069
20171031          0      71069
20171130          0      71069
20171229      -1144      69925      -6050
20180131      -1225      68700
20180228      -1650      67050
20180329       2887      69938
20180430      -2025      67913
20180531       -275      67638
20180629       2288      69925
20180731       3900      73825
20180831       8362      82188
20180928       -488      81700
20181031      -8862      72838
20181130      -1469      71369
20181231          0      71369       1444
20190131          0      71369
20190228          0      71369
20190329        225      71594
20190430       1444      73038
20190531      -1600      71438
20190628       1012      72450
20190731      -3550      68900
20190830          0      68900
20190930          0      68900
20191031          0      68900
20191129       2831      71731
20191231       3994      75725       4356
20200131      -6006      69719
20200228          0      69719
20200331          0      69719
20200430          0      69719
20200529        975      70694
20200630      -2175      68519
20200731      -4363      64156
20200831       8250      72406
20200930     -25900      46506
20201030          0      46506
20201130          0      46506
20201231          0      46506     -29219
20210129      -7875      38631
20210226      14062      52694
20210331     -11494      41200
20210430       2213      43413
20210528      15675      59088
20210630      -3525      55563
20210730      14850      70413
20210831       9938      80350
20210930      -1425      78925
20211029       7462      86388
20211130      19238     105625
20211231      -4650     100975      54469
20220131       6750     107725
20220228       -238     107488
20220331      -6806     100681       -294
-----------------------------------------
-----------------------------------------
Sys Name : TFBoll-ATRNORM_1R
Mkt Symb : NG Mkt Name : Nat.Gas
Profit/Loss : 78115.0
Num Trades : 46
Percent Wins : 0.304
Avg Win  : 18641.79
Avg Loss : -5717.03
Avg Trade: 1698.15
Max DrawDown: 78100.0
Avg DrawDown: 29424.17
AVG Monthly Return: 531.39456
Monthly StdDev: 10192.61756
-----------------------------------------
20100129          0          0
20100226          0          0
20100331       5160       5160
20100430        380       5540
20100528      -3630       1910
20100630      -6695      -4785
20100730      -1725      -6510
20100831       1190      -5320
20100930        720      -4600
20101029       1830      -2770
20101130      -2465      -5235
20101231          0      -5235      -5235
20110131      -7490     -12725
20110228      -1960     -14685
20110331      -4690     -19375
20110429          0     -19375
20110531       -180     -19555
20110630     -26325     -45880
20110729          0     -45880
20110831      -3450     -49330
20110930      22550     -26780
20111031      -3700     -30480
20111130      26300      -4180
20111230      29950      25770      31005
20120131      26300      52070
20120229       1350      53420
20120330      29150      82570
20120430      -3550      79020
20120531     -11825      67195
20120629       -690      66505
20120731      12090      78595
20120831     -15615      62980
20120928          0      62980
20121031      -3480      59500
20121130      -5700      53800
20121231       -780      53020      27250
20130131        620      53640
20130228      -1780      51860
20130329       -290      51570
20130430       8460      60030
20130531     -12180      47850
20130628       1875      49725
20130731       3660      53385
20130830      -2850      50535
20130930      -3855      46680
20131031          0      46680
20131129      -4570      42110
20131231       3220      45330      -7690
20140131        140      45470
20140228       4910      50380
20140331      -2410      47970
20140430       4260      52230
20140530      -3675      48555
20140630          0      48555
20140731       4620      53175
20140829      -1820      51355
20140930       -565      50790
20141031      -2940      47850
20141128     -10635      37215
20141231       9870      47085       1755
20150130       1670      48755
20150227       -290      48465
20150331       1180      49645
20150430       -720      48925
20150529      -5805      43120
20150630          0      43120
20150731          0      43120
20150831      -1060      42060
20150930       3190      45250
20151030      14790      60040
20151130       6210      66250
20151231      -1560      64690      17605
20160129       1080      65770
20160229      19020      84790
20160331      -5160      79630
20160429      -3855      75775
20160531          0      75775
20160630       9020      84795
20160729       -260      84535
20160831      -7030      77505
20160930      -3940      73565
20161031        250      73815
20161130      -2575      71240
20161230          0      71240       6550
20170131          0      71240
20170228        360      71600
20170331      -3390      68210
20170428      -1375      66835
20170531          0      66835
20170630         10      66845
20170731       2240      69085
20170831      -2130      66955
20170929       -135      66820
20171031      -1970      64850
20171130      -2475      62375
20171229        630      63005      -8235
20180131      -1495      61510
20180228      -3585      57925
20180329          0      57925
20180430          0      57925
20180531       -280      57645
20180629       -560      57085
20180731      -1590      55495
20180831          0      55495
20180928       -260      55235
20181031       3840      59075
20181130      26080      85155
20181231     -21330      63825        820
20190131          0      63825
20190228          0      63825
20190329          0      63825
20190430          0      63825
20190531        360      64185
20190628       2580      66765
20190731       1140      67905
20190830       -960      66945
20190930      -9415      57530
20191031          0      57530
20191129      -5610      51920
20191231       1070      52990     -10835
20200131       3250      56240
20200228       1690      57930
20200331       1200      59130
20200430      -2905      56225
20200529         80      56305
20200630       3040      59345
20200731        220      59565
20200831      14930      74495
20200930     -40280      34215
20201030          0      34215
20201130      -4050      30165
20201231       9690      39855     -13135
20210129     -10575      29280
20210226          0      29280
20210331          0      29280
20210430          0      29280
20210528     -11900      17380
20210630      15640      33020
20210730      11280      44300
20210831      17720      62020
20210930      56920     118940
20211029     -24880      94060
20211130     -15940      78120
20211231        -50      78070      38215
20220131     -10965      67105
20220228          0      67105
20220331      11010      78115         45
-----------------------------------------
-----------------------------------------
Sys Name : TFBoll-ATRNORM_1R
Mkt Symb : S_ Mkt Name : SoyBean
Profit/Loss : 280437.5
Num Trades : 35
Percent Wins : 0.4
Avg Win  : 28840.18
Avg Loss : -5876.19
Avg Trade: 8012.5
Max DrawDown: 67450.0
Avg DrawDown: 25934.38
AVG Monthly Return: 1907.7381
Monthly StdDev: 10651.4099
-----------------------------------------
20100129        825        825
20100226      -3850      -3025
20100331       2000      -1025
20100430      -3125      -4150
20100528          0      -4150
20100630          0      -4150
20100730       8588       4438
20100831       -975       3462
20100930      14512      17975
20101029      17738      35712
20101130       1050      36762
20101231      22500      59262      59262
20110131       1500      60762
20110228     -10988      49775
20110331          0      49775
20110429          0      49775
20110531          0      49775
20110630        825      50600
20110729     -16200      34400
20110831      -2712      31688
20110930      10062      41750
20111031     -10238      31512
20111130      30100      61612
20111230     -23450      38162     -21100
20120131      -9012      29150
20120229       9438      38588
20120330      20750      59338
20120430      26438      85775
20120531     -35812      49962
20120629        -50      49912
20120731      24750      74662
20120831      11550      86212
20120928     -19950      66262
20121031          0      66262
20121130       1700      67962
20121231       2325      70288      32125
20130131      -5150      65138
20130228          0      65138
20130329          0      65138
20130430      -6000      59138
20130531      10575      69712
20130628      -1688      68025
20130731      -6750      61275
20130830        950      62225
20130930      -7525      54700
20131031          0      54700
20131129          0      54700
20131231          0      54700     -15588
20140131          0      54700
20140228      12150      66850
20140331       7500      74350
20140430       7875      82225
20140530      -2925      79300
20140630      -4475      74825
20140731       3762      78588
20140829       2888      81475
20140930       5150      86625
20141031      -4938      81688
20141128          0      81688
20141231          0      81688      26988
20150130          0      81688
20150227          0      81688
20150331      -1875      79812
20150430      -1525      78288
20150529       1575      79862
20150630        425      80288
20150731      -8250      72038
20150831       -650      71388
20150930       -225      71162
20151030        288      71450
20151130        238      71688
20151231       -212      71475     -10212
20160129          0      71475
20160229          0      71475
20160331       3300      74775
20160429      32850     107625
20160531      14625     122250
20160630      30900     153150
20160729     -37200     115950
20160831          0     115950
20160930          0     115950
20161031          0     115950
20161130        525     116475
20161230      -3750     112725      41250
20170131      -4300     108425
20170228          0     108425
20170331       2675     111100
20170428         12     111112
20170531       2012     113125
20170630      -1625     111500
20170731      -2325     109175
20170831      -4100     105075
20170929          0     105075
20171031          0     105075
20171130          0     105075
20171229      -2775     102300     -10425
20180131      -2775      99525
20180228       2225     101750
20180329      -4550      97200
20180430          0      97200
20180531      -2288      94912
20180629       7025     101938
20180731      -1950      99988
20180831       3775     103762
20180928       -100     103662
20181031      -1250     102412
20181130          0     102412
20181231      -8750      93662      -8638
20190131          0      93662
20190228          0      93662
20190329       1175      94838
20190430       4375      99212
20190531      -2375      96838
20190628      -1450      95388
20190731          0      95388
20190830          0      95388
20190930          0      95388
20191031      -4000      91388
20191129      -4300      87088
20191231          0      87088      -6575
20200131       2438      89525
20200228      -1650      87875
20200331       1012      88888
20200430       5738      94625
20200529       2175      96800
20200630      -3900      92900
20200731        125      93025
20200831      15250     108275
20200930      17500     125775
20201030       9625     135400
20201130      28062     163462
20201231      35125     198588     111500
20210129      14750     213338
20210226       7938     221275
20210331       8125     229400
20210430      31938     261338
20210528       -938     260400
20210630     -18250     242150
20210730          0     242150
20210831          0     242150
20210930          0     242150
20211029       -562     241588
20211130      -5550     236038
20211231       1950     237988      39400
20220131      22688     260675
20220228      22538     283212
20220331      -2775     280438      42450
-----------------------------------------
-----------------------------------------
Sys Name : TFBoll-ATRNORM_1R
Mkt Symb : LH Mkt Name : LHogs
Profit/Loss : 163425.0
Num Trades : 39
Percent Wins : 0.385
Avg Win  : 20188.67
Avg Loss : -5811.67
Avg Trade: 4190.38
Max DrawDown: 93755.0
Avg DrawDown: 36345.0
AVG Monthly Return: 1111.73469
Monthly StdDev: 12825.6361
-----------------------------------------
20100129      -8100      -8100
20100226       -775      -8875
20100331      -6175     -15050
20100430       5800      -9250
20100528      -7940     -17190
20100630     -11475     -28665
20100730          0     -28665
20100831          0     -28665
20100930      -3675     -32340
20101029       6360     -25980
20101130      -3440     -29420
20101231      -3980     -33400     -33400
20110131      14560     -18840
20110228     -14880     -33720
20110331      -6200     -39920
20110429       2000     -37920
20110531      17360     -20560
20110630     -21560     -42120
20110729          0     -42120
20110831          0     -42120
20110930       1600     -40520
20111031      -3360     -43880
20111130     -17040     -60920
20111230          0     -60920     -27520
20120131          0     -60920
20120229          0     -60920
20120330       4920     -56000
20120430      19320     -36680
20120531     -16200     -52880
20120629      -6780     -59660
20120731      -2750     -62410
20120831      -8775     -71185
20120928     -12750     -83935
20121031          0     -83935
20121130        490     -83445
20121231      -3360     -86805     -25885
20130131       4270     -82535
20130228       2695     -79840
20130328       4200     -75640
20130430      -4200     -79840
20130531      -2345     -82185
20130628       9450     -72735
20130731      -3430     -76165
20130830      12040     -64125
20130930      10640     -53485
20131031       7140     -46345
20131129     -11095     -57440
20131231       2280     -55160      31645
20140131      -4020     -59180
20140228      15210     -43970
20140331      59850      15880
20140430     -14580       1300
20140530     -24525     -23225
20140630          0     -23225
20140731       3760     -19465
20140829       4040     -15425
20140930      -7190     -22615
20141031          0     -22615
20141128          0     -22615
20141231       1000     -21615      33545
20150130      17760      -3855
20150227       7640       3785
20150331       8520      12305
20150430      -8740       3565
20150529          0       3565
20150630      -3540         25
20150731      -4455      -4430
20150831          0      -4430
20150930       2190      -2240
20151030      -6705      -8945
20151130      -2520     -11465
20151231      -3090     -14555       7060
20160129          0     -14555
20160229          0     -14555
20160331          0     -14555
20160429          0     -14555
20160531          0     -14555
20160630      -1140     -15695
20160729       9425      -6270
20160831      -7600     -13870
20160930      28850      14980
20161031      -7950       7030
20161130      -3925       3105
20161230       1680       4785      19340
20170131       2070       6855
20170228      -1980       4875
20170331      -1125       3750
20170428      -1880       1870
20170531      -1010        860
20170630       1890       2750
20170731      -4050      -1300
20170831        -75      -1375
20170929       3440       2065
20171031      -4690      -2625
20171130          0      -2625
20171229          0      -2625      -7410
20180131      -1860      -4485
20180228       -330      -4815
20180329       5400        585
20180430       3080       3665
20180531      -1960       1705
20180629      -2030       -325
20180731       7640       7315
20180831        240       7555
20180928      -5690       1865
20181031          0       1865
20181130          0       1865
20181231          0       1865       4490
20190131       5600       7465
20190228       6960      14425
20190329     -13770        655
20190430       -130        525
20190531      -1135       -610
20190628       -320       -930
20190731       -790      -1720
20190830       2990       1270
20190930      -1170        100
20191031       2640       2740
20191129       1930       4670
20191231      -1300       3370       1505
20200131       6925      10295
20200228       -540       9755
20200331       6240      15995
20200430       1100      17095
20200529      -5430      11665
20200630          0      11665
20200731          0      11665
20200831          0      11665
20200930      78540      90205
20201030      13860     104065
20201130       8400     112465
20201231     -30590      81875      78505
20210129          0      81875
20210226      33030     114905
20210331      48060     162965
20210430      15930     178895
20210528      29430     208325
20210630     -39285     169040
20210730          0     169040
20210831          0     169040
20210930          0     169040
20211029          0     169040
20211130          0     169040
20211231     -11975     157065      75190
20220131          0     157065
20220228       7860     164925
20220331      -1500     163425       6360
-----------------------------------------
-----------------------------------------
Sys Name : TFBoll-ATRNORM_1R
Mkt Symb : SB Mkt Name : Sugar
Profit/Loss : 36773.0
Num Trades : 37
Percent Wins : 0.405
Avg Win  : 10576.11
Avg Loss : -5553.12
Avg Trade: 993.86
Max DrawDown: 68561.0
Avg DrawDown: 27893.58
AVG Monthly Return: 250.15646
Monthly StdDev: 7109.49507
-----------------------------------------
20100129       3248       3248
20100226      -4987      -1739
20100331       7168       5429
20100430       3427       8857
20100528       2150      11007
20100630      -5314       5693
20100730       5645      11338
20100831        605      11943
20100930      16162      28104
20101029      18950      47055
20101130      -5275      41779
20101231      15355      57135      57135
20110131       6216      63351
20110228     -11667      51684
20110331          0      51684
20110429       9139      60823
20110531      -4166      56656
20110630     -10673      45984
20110729      23318      69302
20110831       -874      68428
20110930     -15203      53226
20111031          0      53226
20111130      -3024      50202
20111230       4368      54570      -2565
20120131     -14922      39648
20120229        896      40544
20120330      -2688      37856
20120430      -8174      29681
20120531      11424      41105
20120629     -16480      24626
20120731          0      24626
20120831          0      24626
20120928          0      24626
20121031          0      24626
20121130          0      24626
20121231      -7683      16942     -37627
20130131       5723      22666
20130228       1333      23998
20130328      -2684      21315
20130430       -549      20766
20130531       8232      28998
20130628       -706      28292
20130731       -392      27900
20130830       -332      27568
20130930       2979      30548
20131031       3830      34378
20131129     -10264      24114
20131231      -2128      21986       5044
20140131       9632      31618
20140228     -11338      20280
20140331          0      20280
20140430          0      20280
20140530          0      20280
20140630          0      20280
20140731       7190      27471
20140829       6518      33989
20140930       4032      38021
20141031       2755      40776
20141128       3024      43800
20141231       7190      50991      29004
20150130      -8080      42911
20150227       2352      45263
20150331      12365      57628
20150430      -8870      48757
20150529      -2636      46121
20150630      -2957      43164
20150731       8938      52102
20150831       3024      55126
20150930      -6736      48390
20151030       4883      53273
20151130       1837      55110
20151231       1389      56499       5508
20160129      -2071      54428
20160229      -4794      49634
20160331      -5588      44046
20160429      -4437      39609
20160531          0      39609
20160630       7963      47572
20160729      -4301      43272
20160831       3394      46665
20160930       8198      54864
20161031      -4805      50059
20161130       -680      49379
20161230      -1747      47632      -8867
20170131      -7447      40185
20170228          0      40185
20170331       2912      43097
20170428       1590      44687
20170531       2822      47509
20170630       2867      50377
20170731      -2464      47913
20170831       -296      47616
20170929          0      47616
20171031          0      47616
20171130      -1568      46048
20171229      -5293      40755      -6877
20180131       1176      41931
20180228       -874      41057
20180329       3461      44518
20180430       2654      47172
20180531      -2897      44275
20180629          0      44275
20180731       3942      48217
20180831       -224      47993
20180928      -3908      44085
20181031          0      44085
20181130      -1176      42909
20181231      -1419      41490        736
20190131          0      41490
20190228          0      41490
20190329          0      41490
20190430          0      41490
20190531        986      42476
20190628      -2071      40405
20190731      -4077      36328
20190830       8389      44717
20190930      -5820      38897
20191031          0      38897
20191129       -549      38348
20191231       3763      42111        621
20200131       9330      51441
20200228        -78      51363
20200331       2703      54066
20200430       1546      55612
20200529      -3629      51983
20200630      -5324      46658
20200731          0      46658
20200831     -14291      32367
20200930     -16812      15555
20201030      10080      25635
20201130       2520      28155
20201231      16464      44619       2507
20210129       5712      50331
20210226      25872      76203
20210331     -23895      52308
20210430       -941      51367
20210528       2979      54346
20210630      -6682      47664
20210730      -3629      44035
20210831       8646      52682
20210930      -1075      51606
20211029      -3818      47788
20211130       3136      50924
20211231     -11039      39885      -4734
20220131       5914      45799
20220228       -538      45261
20220331      -8488      36773      -3112
-----------------------------------------
-----------------------------------------
Sys Name : TFBoll-ATRNORM_1R
Mkt Symb : SI Mkt Name : Silver
Profit/Loss : -80435.0
Num Trades : 49
Percent Wins : 0.327
Avg Win  : 10201.56
Avg Loss : -7384.39
Avg Trade: -1641.53
Max DrawDown: 181695.0
Avg DrawDown: 33223.75
AVG Monthly Return: -547.17687
Monthly StdDev: 10693.58477
-----------------------------------------
20100129         70         70
20100226      -1545      -1475
20100331      -4075      -5550
20100430          0      -5550
20100528      -3895      -9445
20100630      -7845     -17290
20100730      -5905     -23195
20100831      -1130     -24325
20100930      11945     -12380
20101029      13715       1335
20101130      18015      19350
20101231      13625      32975      32975
20110131     -20375      12600
20110228       9290      21890
20110331      20340      42230
20110429      53450      95680
20110531     -67055      28625
20110630          0      28625
20110729          0      28625
20110831      -9875      18750
20110930       2475      21225
20111031     -21355       -130
20111130       8235       8105
20111230      24445      32550       -425
20120131     -17900      14650
20120229      -9415       5235
20120330     -12585      -7350
20120430          0      -7350
20120531       8910       1560
20120629        945       2505
20120731      -1510        995
20120831       5110       6105
20120928      15675      21780
20121031     -11305      10475
20121130      -5550       4925
20121231       3385       8310     -24240
20130131     -11110      -2800
20130228       5560       2760
20130329        545       3305
20130430      20900      24205
20130531       9710      33915
20130628      13995      47910
20130731       -790      47120
20130830     -14760      32360
20130930     -10810      21550
20131031          0      21550
20131129          0      21550
20131231       1305      22855      14545
20140131       1250      24105
20140228     -10820      13285
20140331      -4760       8525
20140430          0       8525
20140530        345       8870
20140630      -6120       2750
20140731      -4520      -1770
20140829      -1905      -3675
20140930       5720       2045
20141031       4755       6800
20141128       3025       9825
20141231       -215       9610     -13245
20150130      -9175        435
20150227      -2635      -2200
20150331          0      -2200
20150430          0      -2200
20150529          0      -2200
20150630          0      -2200
20150731       2795        595
20150831        920       1515
20150930      -3590      -2075
20151030      -2560      -4635
20151130      -2340      -6975
20151231          0      -6975     -16585
20160129          0      -6975
20160229      -4880     -11855
20160331       2730      -9125
20160429      11530       2405
20160531      -8880      -6475
20160630       2215      -4260
20160729       8620       4360
20160831      -9560      -5200
20160930          0      -5200
20161031      -1535      -6735
20161130      -3335     -10070
20161230       2465      -7605       -630
20170131      -6370     -13975
20170228          0     -13975
20170331          0     -13975
20170428          0     -13975
20170531      -3735     -17710
20170630       -990     -18700
20170731      -4295     -22995
20170831       -755     -23750
20170929      -4750     -28500
20171031          0     -28500
20171130        100     -28400
20171229      -2450     -30850     -23245
20180131          0     -30850
20180228          0     -30850
20180329          0     -30850
20180430          0     -30850
20180531          0     -30850
20180629      -2240     -33090
20180731       3195     -29895
20180831       5635     -24260
20180928       -775     -25035
20181031       2150     -22885
20181130      -2890     -25775
20181231       5380     -20395      10455
20190131       5320     -15075
20190228      -5360     -20435
20190329      -3640     -24075
20190430       -565     -24640
20190531       2085     -22555
20190628      -2620     -25175
20190731       3780     -21395
20190830       8960     -12435
20190930      -6720     -19155
20191031       5345     -13810
20191129      -2715     -16525
20191231      -5275     -21800      -1405
20200131      -5200     -27000
20200228      -3815     -30815
20200331       6180     -24635
20200430      -3430     -28065
20200529      -6285     -34350
20200630          0     -34350
20200731      20475     -13875
20200831      21115       7240
20200930     -28015     -20775
20201030          0     -20775
20201130      -2385     -23160
20201231     -12140     -35300     -13500
20210129     -12160     -47460
20210226      -2640     -50100
20210331      -6660     -56760
20210430      -8240     -65000
20210528      -1305     -66305
20210630      -6995     -73300
20210730      -5015     -78315
20210831       7935     -70380
20210930       9795     -60585
20211029     -10640     -71225
20211130          0     -71225
20211231      -8825     -80050     -44750
20220131          0     -80050
20220228      -4220     -84270
20220331       3835     -80435       -385
-----------------------------------------
-----------------------------------------
Sys Name : TFBoll-ATRNORM_1R
Mkt Symb : TY Mkt Name : TenYr
Profit/Loss : 174500.8
Num Trades : 39
Percent Wins : 0.41
Avg Win  : 19213.81
Avg Loss : -5787.83
Avg Trade: 4474.38
Max DrawDown: 87539.25
Avg DrawDown: 25724.79
AVG Monthly Return: 1187.08027
Monthly StdDev: 9592.10225
-----------------------------------------
20100129      -2214      -2214
20100226          0      -2214
20100331          0      -2214
20100430       -140      -2354
20100528       8344       5990
20100630       8016      14005
20100730       3797      17802
20100831       7875      25677
20100930       1266      26943
20101029        703      27646
20101130      -3216      24430
20101231      11531      35961      35961
20110131      -2156      33805
20110228       3094      36898
20110331      -2396      34502
20110429       1577      36079
20110531      28594      64673
20110630      -2812      61861
20110729      33594      95454
20110831      43125     138580
20110930      10625     149204
20111031     -22597     126608
20111130          0     126608
20111230       -138     126470      90509
20120131      10125     136595
20120229      -9141     127454
20120330      -8977     118478
20120430      -9301     109177
20120531      14003     123179
20120629      -3938     119242
20120731       8969     128210
20120831     -10462     117749
20120928          0     117749
20121031          0     117749
20121130       -431     117318
20121231      -6962     110355     -16115
20130131        497     110853
20130228      -9321     101531
20130329          0     101531
20130430       4769     106300
20130531     -11825      94476
20130628      15938     110413
20130731        750     111163
20130830       5906     117070
20130930      -6801     110269
20131031       1409     111678
20131129      -4312     107365
20131231      -6158     101208      -9148
20140131          0     101208
20140228          0     101208
20140331     -13085      88122
20140430          0      88122
20140530       7986      96109
20140630      -2406      93702
20140731      -8933      84769
20140829       2037      86807
20140930      -6148      80658
20141031       2034      82692
20141128       6562      89255
20141231      -1250      88005     -13203
20150130      20391     108395
20150227     -17472      90923
20150331          0      90923
20150430          0      90923
20150529      -5420      85504
20150630      -1315      84189
20150731      -1986      82202
20150831      -1841      80361
20150930       3344      83705
20151030      -2094      81611
20151130       -551      81060
20151231          0      81060      -6944
20160129       1189      82249
20160229       2594      84843
20160331       -250      84593
20160429      -2238      82355
20160531          0      82355
20160630       4689      87044
20160729        188      87232
20160831      -4156      83076
20160930          0      83076
20161031       1058      84133
20161130       1217      85350
20161230        469      85819       4758
20170131       -375      85444
20170228      -1204      84239
20170331          0      84239
20170428       1313      85552
20170531       1750      87302
20170630      -1531      85771
20170731       -552      85219
20170831       -308      84911
20170929      -3730      81181
20171031      -1501      79681
20171130       1969      81650
20171229          0      81650      -4169
20180131       7406      89056
20180228       2906      91962
20180329      -3281      88681
20180430       4547      93228
20180531      -7425      85802
20180629      -3041      82762
20180731          0      82762
20180831          0      82762
20180928        557      83319
20181031       1375      84694
20181130      -2531      82162
20181231      11633      93795      12146
20190131       3625      97420
20190228      -6375      91045
20190329      17750     108795
20190430      -4375     104420
20190531      22000     126420
20190628       9750     136170
20190731      -4375     131795
20190830      29125     160920
20190930     -22084     138836
20191031          0     138836
20191129          0     138836
20191231       -846     137990      44195
20200131       -655     137335
20200228       9609     146945
20200331      11812     158757
20200430       1125     159882
20200529        797     160679
20200630      -6310     154369
20200731       2684     157053
20200831     -10069     146984
20200930          0     146984
20201030       8880     155864
20201130     -22251     133612
20201231        938     134550      -3440
20210129      10469     145018
20210226      32188     177206
20210331      17812     195018
20210430     -10938     184081
20210528     -13843     170238
20210630     -15204     155034
20210730      13672     168706
20210831      -2844     165863
20210930      -7142     158720
20211029       5438     164158
20211130      -7743     156415
20211231          0     156415      21865
20220131       3495     159910
20220228       1875     161785
20220331      12716     174501      18086
-----------------------------------------
