-----------------------------------------
Sys Name : TS-18LimitExample
Mkt Symb : ES Mkt Name : MiniES
20100122  TS-18-B:Lim  1 875.00000       0.00       0.00
20100129  5B-L1<L3-Lx  1 852.75000   -1162.50   -1162.50
20100205  TS-18-B:Lim  1 826.50000       0.00       0.00
20100210     2B-LProf  1 832.75000     262.50    -900.00
20100326  TS-18-B:Lim  1 932.25000       0.00       0.00
20100329     2B-LProf  1 939.00000     287.50    -612.50
20100506  TS-18-B:Lim  1 926.75000       0.00       0.00
20100511     2B-LProf  1 918.00000    -487.50   -1100.00
20100517  TS-18-B:Lim  1 895.75000       0.00       0.00
20100524  5B-L1<L3-Lx  1 852.00000   -2237.50   -3337.50
20100614  TS-18-S:Lim  1 872.00000       0.00       0.00
20100621  5B-H1>H3-Sx  1 902.75000   -1587.50   -4925.00
20100708  TS-18-S:Lim  1 840.75000       0.00       0.00
20100715  5B-H1>H3-Sx  1 867.50000   -1387.50   -6312.50
20100721  TS-18-S:Lim  1 861.25000       0.00       0.00
20100722     2B-SProf  1 854.50000     287.50   -6025.00
20100726  TS-18-S:Lim  1 877.75000       0.00       0.00
20100730     2B-SProf  1 862.75000     700.00   -5325.00
20100902  TS-18-S:Lim  1 858.75000       0.00       0.00
20100910  5B-H1>H3-Sx  1 881.75000   -1200.00   -6525.00
20100923  TS-18-B:Lim  1 901.25000       0.00       0.00
20100927     2B-LProf  1 925.00000    1137.50   -5387.50
20101110  TS-18-B:Lim  1 987.25000       0.00       0.00
20101111     2B-LProf  1 986.50000     -87.50   -5475.00
20110224  TS-18-B:Lim  1 1083.50000       0.00       0.00
20110228     2B-LProf  1 1109.75000    1262.50   -4212.50
20110311  TS-18-B:Lim  1 1076.50000       0.00       0.00
20110314     2B-LProf  1 1081.50000     200.00   -4012.50
20110316  TS-18-B:Lim  1 1046.25000       0.00       0.00
20110318     2B-LProf  1 1075.50000    1412.50   -2600.00
20110411  TS-18-B:Lim  1 1109.75000       0.00       0.00
20110419  5B-L1<L3-Lx  1 1094.25000    -825.00   -3425.00
20110504  TS-18-B:Lim  1 1136.75000       0.00       0.00
20110511     2B-LProf  1 1142.75000     250.00   -3175.00
20110517  TS-18-B:Lim  1 1113.00000       0.00       0.00
20110519     2B-LProf  1 1134.00000    1000.00   -2175.00
20110525  TS-18-B:Lim  1 1100.25000       0.00       0.00
20110526     2B-LProf  1 1106.00000     237.50   -1937.50
20110607  TS-18-B:Lim  1 1074.25000       0.00       0.00
20110610     2B-LProf  1 1074.00000     -62.50   -2000.00
20110712  TS-18-B:Lim  1 1108.25000       0.00       0.00
20110714     2B-LProf  1 1113.50000     212.50   -1787.50
20110726  TS-18-B:Lim  1 1123.25000       0.00       0.00
20110802  5B-L1<L3-Lx  1 1070.00000   -2712.50   -4500.00
20110815  TS-18-S:Lim  1 983.25000       0.00       0.00
20110819     2B-SProf  1 920.25000    3100.00   -1400.00
20110825  TS-18-S:Lim  1 978.25000       0.00       0.00
20110826     2B-SProf  1 947.50000    1487.50      87.50
20110830  TS-18-S:Lim  1 1005.25000       0.00       0.00
20110831     2B-SProf  1 1015.50000    -562.50    -475.00
20110914  TS-18-S:Lim  1 974.25000       0.00       0.00
20110922     2B-SProf  1 928.75000    2225.00    1750.00
20110927  TS-18-S:Lim  1 982.00000       0.00       0.00
20110929     2B-SProf  1 966.75000     712.50    2462.50
20111006  TS-18-S:Lim  1 943.50000       0.00       0.00
20111013  5B-H1>H3-Sx  1 996.75000   -2712.50    -250.00
20111024  TS-18-S:Lim  1 1038.25000       0.00       0.00
20111026     2B-SProf  1 1040.00000    -137.50    -387.50
20111130  TS-18-S:Lim  1 1031.25000       0.00       0.00
20111207  5B-H1>H3-Sx  1 1054.75000   -1225.00   -1612.50
20111222  TS-18-S:Lim  1 1049.75000       0.00       0.00
20120104  5B-H1>H3-Sx  1 1075.75000   -1350.00   -2962.50
20120130  TS-18-B:Lim  1 1108.75000       0.00       0.00
20120202     2B-LProf  1 1130.50000    1037.50   -1925.00
20120306  TS-18-B:Lim  1 1156.50000       0.00       0.00
20120308     2B-LProf  1 1168.00000     525.00   -1400.00
20120322  TS-18-B:Lim  1 1200.75000       0.00       0.00
20120326     2B-LProf  1 1215.50000     687.50    -712.50
20120329  TS-18-B:Lim  1 1205.75000       0.00       0.00
20120402     2B-LProf  1 1215.50000     437.50    -275.00
20120405  TS-18-B:Lim  1 1202.25000       0.00       0.00
20120417  5B-L1<L3-Lx  1 1187.25000    -800.00   -1075.00
20120504  TS-18-B:Lim  1 1193.50000       0.00       0.00
20120515  5B-L1<L3-Lx  1 1148.50000   -2300.00   -3375.00
20120516  TS-18-B:Lim  1 1139.25000       0.00       0.00
20120530     2B-LProf  1 1133.50000    -337.50   -3712.50
20120709  TS-18-B:Lim  1 1162.50000       0.00       0.00
20120716     2B-LProf  1 1168.50000     250.00   -3462.50
20120724  TS-18-B:Lim  1 1152.25000       0.00       0.00
20120726     2B-LProf  1 1173.00000     987.50   -2475.00
20120801  TS-18-B:Lim  1 1191.25000       0.00       0.00
20120806     2B-LProf  1 1211.50000     962.50   -1512.50
20120822  TS-18-B:Lim  1 1228.00000       0.00       0.00
20120827     2B-LProf  1 1232.75000     187.50   -1325.00
20120830  TS-18-B:Lim  1 1222.50000       0.00       0.00
20120904     2B-LProf  1 1224.25000      37.50   -1287.50
20120925  TS-18-B:Lim  1 1272.00000       0.00       0.00
20121005     2B-LProf  1 1290.75000     887.50    -400.00
20121009  TS-18-B:Lim  1 1274.75000       0.00       0.00
20121016  5B-L1<L3-Lx  1 1269.00000    -337.50    -737.50
20121022  TS-18-B:Lim  1 1250.75000       0.00       0.00
20121023     2B-LProf  1 1239.50000    -612.50   -1350.00
20121025  TS-18-B:Lim  1 1229.00000       0.00       0.00
20121026     2B-LProf  1 1234.00000     200.00   -1150.00
20121109  TS-18-B:Lim  1 1197.00000       0.00       0.00
20121112     2B-LProf  1 1206.75000     437.50    -712.50
20121128  TS-18-B:Lim  1 1217.75000       0.00       0.00
20121129     2B-LProf  1 1240.25000    1075.00     362.50
20121204  TS-18-B:Lim  1 1233.75000       0.00       0.00
20121206     2B-LProf  1 1233.75000     -50.00     312.50
20121214  TS-18-B:Lim  1 1243.25000       0.00       0.00
20121218     2B-LProf  1 1261.00000     837.50    1150.00
20121226  TS-18-B:Lim  1 1252.50000       0.00       0.00
20130102     2B-LProf  1 1281.75000    1412.50    2562.50
20130319  TS-18-B:Lim  1 1376.00000       0.00       0.00
20130321     2B-LProf  1 1382.00000     250.00    2812.50
20130606  TS-18-B:Lim  1 1443.75000       0.00       0.00
20130607     2B-LProf  1 1471.25000    1325.00    4137.50
20130613  TS-18-B:Lim  1 1447.75000       0.00       0.00
20130614     2B-LProf  1 1473.25000    1225.00    5362.50
20130621  TS-18-B:Lim  1 1421.25000       0.00       0.00
20130626     2B-LProf  1 1439.25000     850.00    6212.50
20130725  TS-18-B:Lim  1 1521.50000       0.00       0.00
20130726     2B-LProf  1 1522.25000     -12.50    6200.00
20130807  TS-18-B:Lim  1 1531.50000       0.00       0.00
20130809     2B-LProf  1 1535.25000     137.50    6337.50
20130816  TS-18-B:Lim  1 1499.50000       0.00       0.00
20130826     2B-LProf  1 1506.50000     300.00    6637.50
20130828  TS-18-B:Lim  1 1470.50000       0.00       0.00
20130829     2B-LProf  1 1473.75000     112.50    6750.00
20130923  TS-18-B:Lim  1 1551.25000       0.00       0.00
20130930  5B-L1<L3-Lx  1 1520.75000   -1575.00    5175.00
20131009  TS-18-B:Lim  1 1499.00000       0.00       0.00
20131011     2B-LProf  1 1534.75000    1737.50    6912.50
20131101  TS-18-B:Lim  1 1601.00000       0.00       0.00
20131104     2B-LProf  1 1612.75000     537.50    7450.00
20131120  TS-18-B:Lim  1 1632.75000       0.00       0.00
20131122     2B-LProf  1 1645.50000     587.50    8037.50
20131203  TS-18-B:Lim  1 1644.75000       0.00       0.00
20131209     2B-LProf  1 1660.50000     737.50    8775.00
20131212  TS-18-B:Lim  1 1630.00000       0.00       0.00
20131217     2B-LProf  1 1638.50000     375.00    9150.00
20140106  TS-18-B:Lim  1 1680.00000       0.00       0.00
20140108     2B-LProf  1 1688.25000     362.50    9512.50
20140121  TS-18-B:Lim  1 1686.25000       0.00       0.00
20140122     2B-LProf  1 1698.25000     550.00   10062.50
20140127  TS-18-B:Lim  1 1638.25000       0.00       0.00
20140129     2B-LProf  1 1628.25000    -550.00    9512.50
20140312  TS-18-B:Lim  1 1715.25000       0.00       0.00
20140313     2B-LProf  1 1730.50000     712.50   10225.00
20140408  TS-18-B:Lim  1 1698.50000       0.00       0.00
20140409     2B-LProf  1 1714.75000     762.50   10987.50
20140505  TS-18-B:Lim  1 1729.75000       0.00       0.00
20140506     2B-LProf  1 1738.25000     375.00   11362.50
20140625  TS-18-B:Lim  1 1809.00000       0.00       0.00
20140626     2B-LProf  1 1822.75000     637.50   12000.00
20140904  TS-18-B:Lim  1 1867.50000       0.00       0.00
20140908     2B-LProf  1 1874.75000     312.50   12312.50
20140910  TS-18-B:Lim  1 1854.50000       0.00       0.00
20140911     2B-LProf  1 1858.25000     137.50   12450.00
20140923  TS-18-B:Lim  1 1859.00000       0.00       0.00
20140925     2B-LProf  1 1865.25000     262.50   12712.50
20141001  TS-18-B:Lim  1 1840.25000       0.00       0.00
20141008  5B-L1<L3-Lx  1 1807.50000   -1687.50   11025.00
20141013  TS-18-B:Lim  1 1772.50000       0.00       0.00
20141020   LiqLongPos  1 1771.00000    -125.00   10900.00
20141020  TS-18-S:Lim  1 1771.00000       0.00       0.00
20141027  5B-H1>H3-Sx  1 1831.00000   -3050.00    7850.00
20141210  TS-18-B:Lim  1 1912.50000       0.00       0.00
20141217  5B-L1<L3-Lx  1 1857.75000   -2787.50    5062.50
20150102  TS-18-B:Lim  1 1937.00000       0.00       0.00
20150109     2B-LProf  1 1947.00000     450.00    5512.50
20150113  TS-18-B:Lim  1 1901.50000       0.00       0.00
20150121     2B-LProf  1 1897.25000    -262.50    5250.00
20150129  TS-18-B:Lim  1 1877.50000       0.00       0.00
20150130     2B-LProf  1 1887.25000     437.50    5687.50
20150220  TS-18-B:Lim  1 1973.75000       0.00       0.00
20150223     2B-LProf  1 1990.75000     800.00    6487.50
20150227  TS-18-B:Lim  1 1987.75000       0.00       0.00
20150303     2B-LProf  1 1996.00000     362.50    6850.00
20150325  TS-18-B:Lim  1 1976.75000       0.00       0.00
20150402  5B-L1<L3-Lx  1 1945.00000   -1637.50    5212.50
20150608  TS-18-B:Lim  1 1977.25000       0.00       0.00
20150611     2B-LProf  1 2002.50000    1212.50    6425.00
20150626  TS-18-B:Lim  1 1993.50000       0.00       0.00
20150629     2B-LProf  1 1976.50000    -900.00    5525.00
20150707  TS-18-B:Lim  1 1950.75000       0.00       0.00
20150708     2B-LProf  1 1959.75000     400.00    5925.00
20150723  TS-18-B:Lim  1 2004.50000       0.00       0.00
20150731     2B-LProf  1 2009.50000     200.00    6125.00
20150820  TS-18-B:Lim  1 1959.75000       0.00       0.00
20150824         Lxit  1 1770.25000   -9525.00   -3400.00
20150827  TS-18-S:Lim  1 1864.50000       0.00       0.00
20150902     2B-SProf  1 1840.25000    1162.50   -2237.50
20150914  TS-18-S:Lim  1 1862.75000       0.00       0.00
20150915     2B-SProf  1 1859.50000     112.50   -2125.00
20150917  TS-18-S:Lim  1 1899.75000       0.00       0.00
20150918     2B-SProf  1 1859.75000    1950.00    -175.00
20151001  TS-18-S:Lim  1 1823.75000       0.00       0.00
20151008  5B-H1>H3-Sx  1 1893.25000   -3525.00   -3700.00
20151009  TS-18-S:Lim  1 1919.50000       0.00       0.00
20151014     2B-SProf  1 1905.75000     637.50   -3062.50
20151019  TS-18-S:Lim  1 1936.75000       0.00       0.00
20151021     2B-SProf  1 1940.50000    -237.50   -3300.00
20151106  TS-18-B:Lim  1 1994.75000       0.00       0.00
20151113  5B-L1<L3-Lx  1 1947.00000   -2437.50   -5737.50
20151209  TS-18-B:Lim  1 1961.00000       0.00       0.00
20151216   LiqLongPos  1 1966.75000     237.50   -5500.00
20151216  TS-18-S:Lim  1 1966.75000       0.00       0.00
20151218     2B-SProf  1 1940.50000    1262.50   -4237.50
20151223  TS-18-S:Lim  1 1961.50000       0.00       0.00
20151231  5B-H1>H3-Sx  1 1965.75000    -262.50   -4500.00
20160113  TS-18-S:Lim  1 1858.75000       0.00       0.00
20160114     2B-SProf  1 1808.50000    2462.50   -2037.50
20160201  TS-18-S:Lim  1 1851.50000       0.00       0.00
20160203     2B-SProf  1 1827.00000    1175.00    -862.50
20160217  TS-18-S:Lim  1 1824.50000       0.00       0.00
20160224  5B-H1>H3-Sx  1 1818.75000     237.50    -625.00
20160226  TS-18-S:Lim  1 1878.25000       0.00       0.00
20160229     2B-SProf  1 1863.25000     700.00      75.00
20160303  TS-18-S:Lim  1 1903.25000       0.00       0.00
20160309     2B-SProf  1 1906.00000    -187.50    -112.50
20160324  TS-18-B:Lim  1 1942.50000       0.00       0.00
20160330     2B-LProf  1 1986.25000    2137.50    2025.00
20160506  TS-18-B:Lim  1 1963.25000       0.00       0.00
20160509     2B-LProf  1 1978.25000     700.00    2725.00
20160519  TS-18-B:Lim  1 1958.50000       0.00       0.00
20160523     2B-LProf  1 1977.25000     887.50    3612.50
20160613  TS-18-B:Lim  1 2015.75000       0.00       0.00
20160620  5B-L1<L3-Lx  1 2021.50000     237.50    3850.00
20160826  TS-18-B:Lim  1 2104.25000       0.00       0.00
20160830     2B-LProf  1 2114.75000     475.00    4325.00
20160901  TS-18-B:Lim  1 2096.25000       0.00       0.00
20160906     2B-LProf  1 2118.50000    1062.50    5387.50
20160912  TS-18-B:Lim  1 2054.75000       0.00       0.00
20160913     2B-LProf  1 2079.00000    1162.50    6550.00
20160927  TS-18-B:Lim  1 2080.00000       0.00       0.00
20160928     2B-LProf  1 2099.00000     900.00    7450.00
20161013  TS-18-B:Lim  1 2061.00000       0.00       0.00
20161017     2B-LProf  1 2070.25000     412.50    7862.50
20161027  TS-18-B:Lim  1 2068.00000       0.00       0.00
20161103  5B-L1<L3-Lx  1 2038.25000   -1537.50    6325.00
20161104  TS-18-B:Lim  1 2023.00000       0.00       0.00
20161108     2B-LProf  1 2065.50000    2075.00    8400.00
20161230  TS-18-B:Lim  1 2188.00000       0.00       0.00
20170104     2B-LProf  1 2204.75000     787.50    9187.50
20170111  TS-18-B:Lim  1 2208.00000       0.00       0.00
20170112     2B-LProf  1 2212.75000     187.50    9375.00
20170131  TS-18-B:Lim  1 2211.75000       0.00       0.00
20170203     2B-LProf  1 2235.50000    1137.50   10512.50
20170306  TS-18-B:Lim  1 2320.25000       0.00       0.00
20170314     2B-LProf  1 2316.75000    -225.00   10287.50
20170320  TS-18-B:Lim  1 2324.25000       0.00       0.00
20170327  5B-L1<L3-Lx  1 2272.50000   -2637.50    7650.00
20170413  TS-18-B:Lim  1 2287.75000       0.00       0.00
20170418     2B-LProf  1 2288.25000     -25.00    7625.00
20170518  TS-18-B:Lim  1 2305.75000       0.00       0.00
20170519     2B-LProf  1 2322.00000     762.50    8387.50
20170607  TS-18-B:Lim  1 2378.50000       0.00       0.00
20170608     2B-LProf  1 2384.75000     262.50    8650.00
20170623  TS-18-B:Lim  1 2383.75000       0.00       0.00
20170626     2B-LProf  1 2396.25000     575.00    9225.00
20170821  TS-18-B:Lim  1 2373.25000       0.00       0.00
20170822     2B-LProf  1 2387.00000     637.50    9862.50
20170925  TS-18-B:Lim  1 2450.25000       0.00       0.00
20170928     2B-LProf  1 2456.75000     275.00   10137.50
20171113  TS-18-B:Lim  1 2528.00000       0.00       0.00
20171114     2B-LProf  1 2528.75000     -12.50   10125.00
20171205  TS-18-B:Lim  1 2592.50000       0.00       0.00
20171208     2B-LProf  1 2602.00000     425.00   10550.00
20180131  TS-18-B:Lim  1 2771.25000       0.00       0.00
20180201     2B-LProf  1 2769.75000    -125.00   10425.00
20180205  TS-18-B:Lim  1 2692.00000       0.00       0.00
20180206         Lxit  1 2554.50000   -6925.00    3500.00
20180209  TS-18-B:Lim  1 2529.75000       0.00       0.00
20180212     2B-LProf  1 2592.00000    3062.50    6562.50
20180221  TS-18-B:Lim  1 2658.50000       0.00       0.00
20180223     2B-LProf  1 2670.75000     562.50    7125.00
20180301  TS-18-B:Lim  1 2664.75000       0.00       0.00
20180306     2B-LProf  1 2684.25000     925.00    8050.00
20180315  TS-18-B:Lim  1 2696.00000       0.00       0.00
20180316     2B-LProf  1 2704.00000     350.00    8400.00
20180323  TS-18-B:Lim  1 2589.75000       0.00       0.00
20180327     2B-LProf  1 2618.25000    1375.00    9775.00
20180423  TS-18-B:Lim  1 2607.50000       0.00       0.00
20180427     2B-LProf  1 2620.50000     600.00   10375.00
20180501  TS-18-B:Lim  1 2589.00000       0.00       0.00
20180502     2B-LProf  1 2597.00000     350.00   10725.00
20180619  TS-18-B:Lim  1 2694.50000       0.00       0.00
20180621     2B-LProf  1 2714.00000     925.00   11650.00
20180723  TS-18-B:Lim  1 2744.00000       0.00       0.00
20180724     2B-LProf  1 2767.00000    1100.00   12750.00
20180810  TS-18-B:Lim  1 2781.00000       0.00       0.00
20180815     2B-LProf  1 2769.25000    -637.50   12112.50
20180906  TS-18-B:Lim  1 2821.50000       0.00       0.00
20180911     2B-LProf  1 2815.25000    -362.50   11750.00
20180926  TS-18-B:Lim  1 2857.25000       0.00       0.00
20180928     2B-LProf  1 2851.50000    -337.50   11412.50
20181008  TS-18-B:Lim  1 2812.25000       0.00       0.00
20181011         Lxit  1 2712.25000   -5050.00    6362.50
20181101  TS-18-S:Lim  1 2676.25000       0.00       0.00
20181105     2B-SProf  1 2666.50000     437.50    6800.00
20181107  TS-18-S:Lim  1 2718.25000       0.00       0.00
20181112  LiqShortPos  1 2703.50000     687.50    7487.50
20181112  TS-18-B:Lim  1 2703.50000       0.00       0.00
20181120         Lxit  1 2593.00000   -5575.00    1912.50
20181128  TS-18-S:Lim  1 2634.00000       0.00       0.00
20181203        Sxit1  1 2740.50000   -5375.00   -3462.50
20181228  TS-18-S:Lim  1 2439.00000       0.00       0.00
20181231     2B-SProf  1 2438.50000     -25.00   -3487.50
20190108  TS-18-S:Lim  1 2511.00000       0.00       0.00
20190116  5B-H1>H3-Sx  1 2549.75000   -1987.50   -5475.00
20190117  TS-18-S:Lim  1 2561.25000       0.00       0.00
20190128  5B-H1>H3-Sx  1 2573.50000    -662.50   -6137.50
20190201  TS-18-S:Lim  1 2644.00000       0.00       0.00
20190204     2B-SProf  1 2639.75000     162.50   -5975.00
20190212  TS-18-S:Lim  1 2661.75000       0.00       0.00
20190219  5B-H1>H3-Sx  1 2701.00000   -2012.50   -7987.50
20190509  TS-18-B:Lim  1 2785.75000       0.00       0.00
20190513     2B-LProf  1 2756.25000   -1525.00   -9512.50
20190709  TS-18-B:Lim  1 2891.75000       0.00       0.00
20190710     2B-LProf  1 2920.25000    1375.00   -8137.50
20190718  TS-18-B:Lim  1 2906.25000       0.00       0.00
20190719     2B-LProf  1 2934.75000    1375.00   -6762.50
20190731  TS-18-B:Lim  1 2927.00000       0.00       0.00
20190805         Lxit  1 2810.50000   -5875.00  -12637.50
20190923  TS-18-B:Lim  1 2909.00000       0.00       0.00
20190924     2B-LProf  1 2928.50000     925.00  -11712.50
20191003  TS-18-B:Lim  1 2797.75000       0.00       0.00
20191004     2B-LProf  1 2842.00000    2162.50   -9550.00
20191203  TS-18-B:Lim  1 3008.50000       0.00       0.00
20191205     2B-LProf  1 3043.75000    1712.50   -7837.50
20191231  TS-18-B:Lim  1 3138.00000       0.00       0.00
20200102     2B-LProf  1 3167.50000    1425.00   -6412.50
20200224  TS-18-B:Lim  1 3153.50000       0.00       0.00
20200225         Lxit  1 3053.50000   -5050.00  -11462.50
20200226  TS-18-B:Lim  1 3038.25000       0.00       0.00
20200227         Lxit  1 2938.25000   -5050.00  -16512.50
20200326  TS-18-S:Lim  1 2493.00000       0.00       0.00
20200330     2B-SProf  1 2485.75000     312.50  -16200.00
20200428  TS-18-S:Lim  1 2840.75000       0.00       0.00
20200429     2B-SProf  1 2845.25000    -275.00  -16475.00
20200511  TS-18-S:Lim  1 2862.00000       0.00       0.00
20200512     2B-SProf  1 2867.25000    -312.50  -16787.50
20200611  TS-18-B:Lim  1 3043.50000       0.00       0.00
20200612         Lxit  1 2943.50000   -5050.00  -21837.50
20200619  TS-18-B:Lim  1 3023.50000       0.00       0.00
20200623     2B-LProf  1 3077.00000    2625.00  -19212.50
20200908  TS-18-B:Lim  1 3290.50000       0.00       0.00
20200910     2B-LProf  1 3359.75000    3412.50  -15800.00
20200918  TS-18-B:Lim  1 3270.75000       0.00       0.00
20200921         Lxit  1 3170.75000   -5050.00  -20850.00
20201015  TS-18-B:Lim  1 3390.50000       0.00       0.00
20201023     2B-LProf  1 3413.00000    1075.00  -19775.00
20201028  TS-18-B:Lim  1 3274.00000       0.00       0.00
20201104     2B-LProf  1 3361.75000    4337.50  -15437.50
20201119  TS-18-B:Lim  1 3509.50000       0.00       0.00
20201120     2B-LProf  1 3528.25000     887.50  -14550.00
20201211  TS-18-B:Lim  1 3597.25000       0.00       0.00
20201216     2B-LProf  1 3652.25000    2700.00  -11850.00
20201231  TS-18-B:Lim  1 3682.00000       0.00       0.00
20210104     2B-LProf  1 3719.75000    1837.50  -10012.50
20210222  TS-18-B:Lim  1 3834.25000       0.00       0.00
20210225     2B-LProf  1 3868.25000    1650.00   -8362.50
20210304  TS-18-B:Lim  1 3774.75000       0.00       0.00
20210308     2B-LProf  1 3810.00000    1712.50   -6650.00
20210325  TS-18-B:Lim  1 3835.25000       0.00       0.00
20210326     2B-LProf  1 3884.75000    2425.00   -4225.00
20210512  TS-18-B:Lim  1 4075.00000       0.00       0.00
20210514     2B-LProf  1 4106.25000    1512.50   -2712.50
20210519  TS-18-B:Lim  1 4043.00000       0.00       0.00
20210521     2B-LProf  1 4142.75000    4937.50    2225.00
20210617  TS-18-B:Lim  1 4171.00000       0.00       0.00
20210622     2B-LProf  1 4194.75000    1137.50    3362.50
20210719  TS-18-B:Lim  1 4247.50000       0.00       0.00
20210721     2B-LProf  1 4308.75000    3012.50    6375.00
20210803  TS-18-B:Lim  1 4358.00000       0.00       0.00
20210804     2B-LProf  1 4382.50000    1175.00    7550.00
20210819  TS-18-B:Lim  1 4346.50000       0.00       0.00
20210820     2B-LProf  1 4386.00000    1925.00    9475.00
20210908  TS-18-B:Lim  1 4491.50000       0.00       0.00
20210915  5B-L1<L3-Lx  1 4429.50000   -3150.00    6325.00
20210920  TS-18-B:Lim  1 4344.25000       0.00       0.00
20210923     2B-LProf  1 4394.25000    2450.00    8775.00
20211012  TS-18-B:Lim  1 4336.00000       0.00       0.00
20211014     2B-LProf  1 4385.50000    2425.00   11200.00
20211123  TS-18-B:Lim  1 4664.25000       0.00       0.00
20211124     2B-LProf  1 4655.00000    -512.50   10687.50
20211220  TS-18-B:Lim  1 4549.75000       0.00       0.00
20211222     2B-LProf  1 4634.25000    4175.00   14862.50
20220103  TS-18-B:Lim  1 4754.00000       0.00       0.00
20220104     2B-LProf  1 4798.00000    2150.00   17012.50
20220106  TS-18-B:Lim  1 4684.00000       0.00       0.00
20220110         Lxit  1 4584.00000   -5050.00   11962.50
20220120  TS-18-B:Lim  1 4518.00000       0.00       0.00
20220121         Lxit  1 4418.00000   -5050.00    6912.50
20220228  TS-18-S:Lim  1 4380.00000       0.00       0.00
20220301     2B-SProf  1 4350.00000    1450.00    8362.50
20220317  TS-18-S:Lim  1 4358.50000       0.00       0.00
20220318        Sxit1  1 4458.75000   -5062.50    3300.00
