CL,EC,GC,KC,NG,S_,LH,SB,SI,TY,
20100129,-5050.0,4462.5,-740.0,506.25,-5050.0,2275.0,-720.0,2699.2,2875.0,0,
20100226,-10110.0,6856.25,-5060.0,1293.75,-4670.0,350.0,900.0,-3416.0,2385.0,-46.88,
20100331,-9850.0,8318.75,-5060.0,-562.5,4740.0,1350.0,1440.0,2184.8,2385.0,-1281.25,
20100430,-8890.0,10993.75,-1690.0,431.25,5120.0,-937.5,2890.0,3898.4,4995.0,-4568.75,
20100528,-7560.0,17375.0,-2660.0,825.0,1490.0,-4625.0,690.0,4973.6,-7740.0,-1787.5,
20100630,-8140.0,16137.5,-3290.0,5618.75,-480.0,-5075.0,-1400.0,2386.4,-7740.0,884.38,
20100730,-11090.0,12556.25,-9030.0,9537.5,2880.0,-5575.0,-2800.0,4878.8,-7740.0,2150.0,
20100831,-17650.0,7268.75,-12780.0,12937.5,830.0,-5900.0,-4480.0,5080.4,-7740.0,4443.18,
20100930,-22600.0,10993.75,-8290.0,10837.5,1550.0,-1837.5,-3340.0,10283.2,3700.0,4865.05,
20101029,-22600.0,14687.5,-3860.0,9681.25,2840.0,4075.0,-3260.0,16516.4,14640.0,5099.43,
20101130,-27650.0,10231.25,2130.0,15331.25,3030.0,1650.0,-4120.0,14758.0,24495.0,3880.68,
20101231,-26200.0,4612.5,-2920.0,22781.25,-5670.0,3875.0,-5350.0,19876.4,20365.0,5221.3,
20110131,-32710.0,-443.75,-3220.0,17837.5,-8510.0,4375.0,-2760.0,21948.4,14365.0,4861.93,
20110228,-39270.0,-81.25,-7970.0,26018.75,-10510.0,1487.5,-4620.0,24004.0,16760.0,5377.55,
20110331,-30300.0,4343.75,-6630.0,32662.5,-13160.0,-7150.0,-9970.0,23768.8,29935.0,2905.68,
20110429,-24660.0,11406.25,4480.0,32775.0,-14150.0,-7150.0,-6450.0,27330.4,58195.0,5015.05,
20110531,-40400.0,1956.25,2420.0,27606.25,-19970.0,-7150.0,-4280.0,26288.8,50345.0,7874.43,
20110630,-40340.0,1956.25,-980.0,19212.5,-25020.0,-7137.5,-4440.0,24782.8,50345.0,7593.18,
20110729,-40300.0,-3100.0,10900.0,18206.25,-25340.0,-12212.5,-6090.0,28406.4,40220.0,10952.55,
20110831,-25490.0,-5412.5,16970.0,16843.75,-24680.0,-14987.5,-8890.0,23058.8,31865.0,15167.03,
20110930,-25490.0,-3900.0,6820.0,9612.5,-20170.0,-17175.0,-5620.0,20668.0,55190.0,16229.53,
20111031,-28290.0,-6450.0,6820.0,2325.0,-20910.0,-18637.5,-5830.0,20130.4,55190.0,12054.53,
20111130,-22150.0,-6450.0,6820.0,2325.0,-16240.0,-15412.5,-5450.0,22460.0,55190.0,11038.9,
20111230,-28160.0,-4112.5,14280.0,956.25,-10110.0,-18762.5,-6860.0,22896.8,57575.0,10145.15,
20120131,-33220.0,-5600.0,14280.0,-2731.25,-5170.0,-20075.0,-8360.0,22516.0,57575.0,11270.15,
20120229,-30420.0,-10000.0,9230.0,1468.75,-4900.0,-16675.0,-9920.0,21659.6,41660.0,10254.53,
20120330,-34990.0,-10000.0,9230.0,8525.0,500.0,-12612.5,-11000.0,21323.6,41610.0,8829.53,
20120430,-33590.0,-11337.5,4180.0,12187.5,-210.0,-7975.0,-9390.0,20601.6,36675.0,6732.65,
20120531,-24010.0,-7043.75,11640.0,17156.25,-5300.0,-16250.0,-10740.0,22505.6,46370.0,9357.65,
20120629,-25700.0,-10618.75,11640.0,14581.25,-1680.0,-21600.0,-11280.0,20176.0,41300.0,8795.15,
20120731,-28420.0,-6181.25,11640.0,9525.0,2350.0,-10050.0,-11190.0,20674.8,41300.0,10076.4,
20120831,-25510.0,-9543.75,16390.0,9525.0,-1950.0,-5537.5,-14290.0,16749.6,51590.0,5698.28,
20120928,-30120.0,-9256.25,24800.0,4468.75,1300.0,-11712.5,-15120.0,16805.6,48480.0,5932.65,
20121031,-31590.0,-7943.75,21510.0,5181.25,1400.0,-12537.5,-16960.0,17880.8,43410.0,6385.78,
20121130,-33830.0,-7531.25,21510.0,8818.75,-760.0,-4262.5,-15280.0,18015.2,43410.0,5820.15,
20121231,-36270.0,-5093.75,21430.0,11168.75,1290.0,-4262.5,-15760.0,17824.8,46015.0,4960.78,
20130131,-35200.0,-1112.5,23020.0,6862.5,1600.0,-9325.0,-15150.0,18642.4,50880.0,3223.28,
20130228,-41190.0,-7525.0,30830.0,7312.5,710.0,-11050.0,-15100.0,18832.8,55220.0,1817.03,
20130329,-43420.0,-6256.25,29270.0,9581.25,1070.0,-13425.0,-14500.0,19650.4,55765.0,1423.28,
20130430,-46890.0,-10543.75,48470.0,11212.5,3890.0,-17462.5,-15100.0,19572.0,60720.0,2798.28,
20130531,-48470.0,-8256.25,48470.0,13862.5,-170.0,-15412.5,-14660.0,20748.0,55650.0,935.78,
20130628,-53520.0,-14443.75,55650.0,17143.75,3100.0,-15975.0,-13070.0,20647.2,58060.0,3592.03,
20130731,-48360.0,-21731.25,50860.0,17818.75,4320.0,-19287.5,-13560.0,20591.2,58060.0,3717.03,
20130830,-52260.0,-24431.25,50990.0,19693.75,6700.0,-21587.5,-11840.0,21296.8,60450.0,4701.4,
20130930,-57020.0,-20518.75,45800.0,20668.75,6700.0,-25325.0,-10320.0,20507.6,60450.0,3042.03,
20131031,-50870.0,-19706.25,40750.0,23693.75,6700.0,-25987.5,-9380.0,20709.2,60450.0,4010.78,
20131129,-46720.0,-19768.75,40820.0,22793.75,3140.0,-30325.0,-10730.0,19684.8,62985.0,3292.03,
20131231,-53770.0,-17231.25,45630.0,22850.0,4060.0,-32350.0,-9420.0,20513.6,60465.0,3320.15,
20140131,-58820.0,-21031.25,41850.0,22462.5,11600.0,-32837.5,-10090.0,21476.8,57810.0,254.53,
20140228,-56790.0,-16806.25,42040.0,37250.0,24820.0,-25687.5,-8280.0,20497.2,65265.0,598.28,
20140331,-56980.0,-17368.75,40240.0,37262.5,24820.0,-23137.5,-2210.0,20620.4,65265.0,-432.97,
20140430,-57890.0,-16168.75,38000.0,32206.25,24820.0,-20637.5,-3830.0,19858.8,65630.0,488.9,
20140530,-54550.0,-18293.75,43010.0,32206.25,24820.0,-21612.5,-6310.0,18868.0,68090.0,2363.9,
20140630,-52460.0,-19068.75,34720.0,27150.0,20700.0,-19350.0,-9520.0,19092.0,62185.0,2020.15,
20140731,-56760.0,-15243.75,30550.0,24343.75,24510.0,-15850.0,-4300.0,20828.0,58965.0,1457.65,
20140829,-56580.0,-12031.25,30130.0,25075.0,22690.0,-12962.5,700.0,21914.4,54260.0,3223.28,
20140930,-53000.0,-7562.5,36310.0,17037.5,21940.0,-8687.5,700.0,22586.4,65345.0,32.65,
20141031,-43420.0,-6250.0,33700.0,11981.25,19010.0,-14400.0,-2690.0,23045.6,69200.0,-1892.35,
20141128,-34040.0,-5075.0,33380.0,11981.25,11860.0,-16562.5,-2080.0,23549.6,64145.0,-579.85,
20141231,-22450.0,-1268.75,27480.0,18206.25,18660.0,-16512.5,-2040.0,24748.0,57095.0,-829.85,
20150130,-17210.0,7106.25,31380.0,13700.0,20330.0,-16762.5,2400.0,24445.6,56360.0,3248.28,
20150227,-18050.0,8368.75,22420.0,22518.75,20040.0,-20162.5,4070.0,25543.2,52025.0,795.15,
20150331,-16720.0,12187.5,17360.0,25368.75,21220.0,-17237.5,6200.0,27318.8,46970.0,1904.53,
20150430,-15400.0,6031.25,17360.0,24693.75,20500.0,-17375.0,3950.0,25840.4,46970.0,1373.28,
20150529,-15690.0,968.75,13800.0,28337.5,14110.0,-15275.0,2870.0,23164.4,43225.0,1310.78,
20150630,-16930.0,968.75,12060.0,24218.75,15800.0,-15137.5,-450.0,23130.8,42135.0,-1442.35,
20150731,-10160.0,-731.25,18300.0,24500.0,14650.0,-19987.5,-1710.0,24620.4,46315.0,-2707.97,
20150831,-9680.0,-6725.0,14710.0,18675.0,13500.0,-21275.0,-3220.0,25124.4,49370.0,-3101.72,
20150930,-9680.0,-7700.0,14710.0,19781.25,15980.0,-21500.0,-1220.0,24111.2,49370.0,-1429.85,
20151030,-14730.0,-8781.25,11870.0,14106.25,20740.0,-21212.5,-4230.0,25948.0,48505.0,-2476.72,
20151130,-12750.0,-3368.75,12870.0,13450.0,22810.0,-20975.0,-5280.0,26407.2,45160.0,-4229.85,
20151231,-7930.0,-6918.75,13380.0,10806.25,22290.0,-20325.0,-6480.0,26754.4,46575.0,-3698.6,
20160129,-4870.0,-6325.0,8330.0,14687.5,22650.0,-21225.0,-5840.0,26122.0,44375.0,-3701.72,
20160229,-8900.0,-12031.25,18800.0,15962.5,28940.0,-19925.0,-6130.0,24923.6,43555.0,-2404.85,
20160331,-13280.0,-5850.0,17910.0,10550.0,27010.0,-20812.5,-6270.0,23563.2,46285.0,-2529.85,
20160429,-12910.0,-5187.5,17990.0,7531.25,26060.0,-15337.5,-8300.0,24414.4,57280.0,-2857.97,
20160531,-10410.0,-9312.5,12120.0,7550.0,26620.0,-13100.0,-7880.0,25724.8,52220.0,-3139.22,
20160630,-11710.0,-8550.0,2900.0,15875.0,29050.0,-6712.5,-9220.0,28760.0,54825.0,157.65,
20160729,-12510.0,-9725.0,5840.0,13318.75,28920.0,-6637.5,-7690.0,27326.4,61520.0,220.15,
20160831,-14880.0,-9287.5,1230.0,13318.75,28640.0,-3637.5,-9210.0,28457.6,54610.0,-936.1,
20160930,-17810.0,-10150.0,1800.0,10712.5,28250.0,-4187.5,-3680.0,30054.0,54610.0,-2376.72,
20161031,-23130.0,-6525.0,920.0,15437.5,32390.0,-8500.0,-5270.0,28452.4,57930.0,-876.72,
20161130,-29710.0,-2225.0,9880.0,8931.25,30380.0,-7475.0,-5860.0,27551.2,63175.0,3560.78,
20161230,-29810.0,-1275.0,11420.0,12743.75,26100.0,-9362.5,-3220.0,27887.2,65640.0,3795.15,
20170131,-31500.0,-4362.5,7530.0,8056.25,22140.0,-8337.5,-2530.0,26834.4,59650.0,3607.65,
20170228,-30690.0,-1568.75,10300.0,11562.5,25950.0,-8325.0,-3190.0,23379.6,63940.0,2323.28,
20170331,-31640.0,-6843.75,9710.0,12800.0,22560.0,-7087.5,-3870.0,23564.8,62875.0,-1586.1,
20170428,-29910.0,-4356.25,11420.0,15075.0,22610.0,-7075.0,-3930.0,24360.0,57565.0,-1636.1,
20170531,-25690.0,-168.75,11800.0,16593.75,25570.0,-5062.5,-5100.0,25771.2,53105.0,-761.1,
20170630,-27410.0,1787.5,8490.0,18825.0,26150.0,-6687.5,-4470.0,27204.8,57315.0,-1526.72,
20170731,-30740.0,5737.5,920.0,14893.75,28390.0,-8162.5,-5820.0,25972.8,58080.0,-1167.35,
20170831,-30740.0,6381.25,3330.0,9237.5,26260.0,-11262.5,-6240.0,26544.0,58915.0,192.03,
20170929,-30200.0,5068.75,-410.0,4181.25,23460.0,-10112.5,-4520.0,27641.6,54420.0,-1717.35,
20171031,-27720.0,4137.5,-1840.0,4800.0,22950.0,-9850.0,-7740.0,26924.8,53015.0,-1342.35,
20171130,-24890.0,1300.0,-1670.0,4781.25,22650.0,-9800.0,-5990.0,26090.8,52865.0,-686.1,
20171229,-22880.0,737.5,-5750.0,5643.75,23280.0,-10012.5,-6790.0,23151.2,49510.0,-686.1,
20180131,-18520.0,5387.5,-2880.0,7275.0,20580.0,-11712.5,-9160.0,25312.8,46725.0,1782.65,
20180228,-21440.0,2506.25,-5400.0,7950.0,16880.0,-12387.5,-10780.0,25021.6,42890.0,2751.4,
20180329,-18200.0,3206.25,-5050.0,9393.75,17120.0,-12925.0,-8080.0,26175.2,42350.0,1657.65,
20180430,-14710.0,3425.0,-5860.0,8381.25,17070.0,-13325.0,-6540.0,27060.0,35070.0,3173.28,
20180531,-16320.0,9387.5,-5870.0,8043.75,18650.0,-17200.0,-7520.0,25895.2,32070.0,763.9,
20180629,-9000.0,7800.0,-850.0,11575.0,18370.0,-8587.5,-7290.0,26903.2,28180.0,513.9,
20180731,-8390.0,7787.5,2060.0,13525.0,15650.0,-11450.0,-2250.0,28807.2,31375.0,-251.72,
20180831,-8390.0,9393.75,8040.0,17706.25,14270.0,-7675.0,-2130.0,28751.2,35435.0,701.4,
20180928,-6490.0,4443.75,8040.0,17112.5,13710.0,-7775.0,-4930.0,25878.8,34660.0,-457.97,
20181031,-13720.0,2575.0,6540.0,13481.25,15630.0,-7450.0,-4720.0,28107.6,36810.0,-114.22,
20181130,-1970.0,2993.75,6990.0,10181.25,28390.0,-9600.0,-4340.0,27715.6,37820.0,-1039.22,
20181231,2180.0,1668.75,12520.0,9737.5,30240.0,-12787.5,-6970.0,27408.0,35985.0,1523.28,
20190131,-3570.0,2118.75,15160.0,8218.75,23280.0,-11775.0,-5840.0,26624.0,38645.0,1976.4,
20190228,-2490.0,3281.25,14250.0,12137.5,23200.0,-12687.5,-4100.0,25487.6,35965.0,1179.53,
20190329,130.0,5668.75,11850.0,13618.75,24840.0,-13087.5,-7000.0,25207.6,32045.0,3398.28,
20190430,3210.0,5943.75,10590.0,16437.5,26150.0,-10900.0,-7130.0,24620.0,33080.0,2851.4,
20190531,2940.0,6937.5,8590.0,13762.5,27490.0,-12087.5,-8920.0,24888.8,35165.0,5601.4,
20190628,-1790.0,4143.75,13310.0,14625.0,28780.0,-15075.0,-5400.0,24586.4,30330.0,6643.75,
20190731,-1760.0,2131.25,14430.0,10950.0,29350.0,-17150.0,-6190.0,25045.6,35650.0,6096.88,
20190830,1670.0,3856.25,21600.0,9212.5,28690.0,-19275.0,-1850.0,26244.0,43155.0,9737.5,
20190930,-6230.0,5131.25,15880.0,7600.0,25010.0,-21125.0,-1850.0,25650.4,40885.0,8331.25,
20191031,-6230.0,2456.25,15880.0,7300.0,26550.0,-22000.0,-2070.0,25840.8,40885.0,8315.62,
20191129,-6230.0,4325.0,15820.0,10137.5,24630.0,-22950.0,-140.0,25298.0,40770.0,5671.88,
20191231,-3840.0,1750.0,9750.0,12731.25,25700.0,-26450.0,-1440.0,25835.6,35815.0,6609.38,
20200131,-6940.0,-1843.75,17700.0,9718.75,28950.0,-22300.0,4980.0,27168.4,30760.0,6262.5,
20200228,-1590.0,-856.25,12650.0,7131.25,30990.0,-22850.0,4710.0,27157.2,28470.0,9465.62,
20200331,17710.0,-11812.5,2540.0,2393.75,31770.0,-22512.5,-40.0,27600.0,35545.0,12446.28,
20200430,25160.0,-10718.75,9990.0,-1575.0,29950.0,-20600.0,-430.0,27857.6,35545.0,12821.28,
20200529,25540.0,-12456.25,9990.0,768.75,32370.0,-19875.0,-880.0,27252.8,39310.0,13086.9,
20200630,29070.0,-13056.25,10200.0,-318.75,33890.0,-21475.0,2200.0,26094.0,39220.0,7783.78,
20200731,29910.0,-6375.0,24090.0,-1100.0,34000.0,-20962.5,420.0,26855.6,53750.0,8690.03,
20200831,32620.0,-4625.0,27300.0,1675.0,34130.0,-17912.5,-1660.0,26878.0,56135.0,8002.53,
20200930,30590.0,-7462.5,27300.0,3368.75,24610.0,-14737.5,5070.0,27247.6,56135.0,8283.78,
20201030,35300.0,-8468.75,27300.0,4118.75,20300.0,-12812.5,5260.0,28199.6,56135.0,7640.03,
20201130,30040.0,-12350.0,34320.0,-2100.0,18650.0,-7325.0,5860.0,28367.6,56135.0,7296.28,
20201231,33010.0,-9031.25,29700.0,-243.75,21880.0,-300.0,990.0,29465.2,51065.0,7390.03,
20210129,36310.0,-10318.75,29700.0,-2231.25,21730.0,1650.0,1040.0,29846.0,45995.0,8436.9,
20210226,45460.0,-11087.5,35280.0,2456.25,15970.0,3237.5,3710.0,31570.8,40925.0,11655.65,
20210331,50590.0,-9612.5,36290.0,-3893.75,13840.0,4862.5,8310.0,29689.2,38735.0,13436.9,
20210430,50590.0,-13243.75,32090.0,-8762.5,12340.0,9162.5,10080.0,32209.2,35870.0,12343.15,
20210528,49890.0,-15006.25,40690.0,-975.0,11480.0,15550.0,13350.0,32634.8,30840.0,11546.28,
20210630,58040.0,-18756.25,33040.0,-6031.25,17930.0,10487.5,4910.0,32881.2,22870.0,10683.78,
20210730,52980.0,-18768.75,29440.0,-3637.5,19770.0,10487.5,5280.0,32764.0,20835.0,12636.9,
20210831,49240.0,-18137.5,24390.0,-3637.5,24200.0,10487.5,4970.0,34925.6,28125.0,12230.65,
20210930,49210.0,-15181.25,24390.0,-3637.5,36200.0,11187.5,3550.0,34656.8,29595.0,11805.65,
20211029,57320.0,-14787.5,24390.0,-4725.0,29650.0,11987.5,-180.0,33027.6,23055.0,12711.9,
20211130,51550.0,-11856.25,19340.0,2443.75,21070.0,13600.0,-2380.0,29668.4,18005.0,11821.28,
20211231,45280.0,-12468.75,19340.0,118.75,23370.0,12012.5,-2980.0,29354.8,12955.0,10052.53,
20220131,50210.0,-10606.25,19340.0,-1225.0,23370.0,19112.5,-4050.0,30094.0,12955.0,9002.53,
20220228,60180.0,-19506.25,26790.0,-6281.25,18320.0,25262.5,2750.0,30026.8,10785.0,9471.28,
20220331,70030.0,-17437.5,34240.0,-13568.75,19110.0,24337.5,2750.0,29517.6,15380.0,15702.78,
