20100104     0.00
20100105     0.00
20100106     0.00
20100107     0.00
20100108     0.00
20100111     0.00
20100112     0.00
20100113     0.00
20100114     0.00
20100115     0.00
20100119     0.00
20100120     0.00
20100121     0.00
20100122  -837.50
20100125  -762.50
20100126 -1025.00
20100127  -662.50
20100128 -1425.00
20100129 -1162.50
20100201 -1162.50
20100202 -1162.50
20100203 -1162.50
20100204 -1162.50
20100205 -1137.50
20100208 -1325.00
20100209  -812.50
20100210  -900.00
20100211  -900.00
20100212  -900.00
20100216  -900.00
20100217  -900.00
20100218  -900.00
20100219  -900.00
20100222  -900.00
20100223  -900.00
20100224  -900.00
20100225  -900.00
20100226  -900.00
20100301  -900.00
20100302  -900.00
20100303  -900.00
20100304  -900.00
20100305  -900.00
20100308  -900.00
20100309  -900.00
20100310  -900.00
20100311  -900.00
20100312  -900.00
20100315  -900.00
20100316  -900.00
20100317  -900.00
20100318  -900.00
20100319  -900.00
20100322  -900.00
20100323  -900.00
20100324  -900.00
20100325  -900.00
20100326  -737.50
20100329  -612.50
20100330  -612.50
20100331  -612.50
20100401  -612.50
20100405  -612.50
20100406  -612.50
20100407  -612.50
20100408  -612.50
20100409  -612.50
20100412  -612.50
20100413  -612.50
20100414  -612.50
20100415  -612.50
20100416  -612.50
20100419  -612.50
20100420  -612.50
20100421  -612.50
20100422  -612.50
20100423  -612.50
20100426  -612.50
20100427  -612.50
20100428  -612.50
20100429  -612.50
20100430  -612.50
20100503  -612.50
20100504  -612.50
20100505  -612.50
20100506 -2225.00
20100507 -3000.00
20100510  -525.00
20100511 -1100.00
20100512 -1100.00
20100513 -1100.00
20100514 -1100.00
20100517  -562.50
20100518 -1350.00
20100519 -1787.50
20100520 -3787.50
20100521 -3062.50
20100524 -3337.50
20100525 -3337.50
20100526 -3337.50
20100527 -3337.50
20100528 -3337.50
20100601 -3337.50
20100602 -3337.50
20100603 -3337.50
20100604 -3337.50
20100607 -3337.50
20100608 -3337.50
20100609 -3337.50
20100610 -3337.50
20100611 -3337.50
20100614 -2862.50
20100615 -4012.50
20100616 -4025.00
20100617 -4137.50
20100618 -4062.50
20100621 -4925.00
20100622 -4925.00
20100623 -4925.00
20100624 -4925.00
20100625 -4925.00
20100628 -4925.00
20100629 -4925.00
20100630 -4925.00
20100701 -4925.00
20100702 -4925.00
20100706 -4925.00
20100707 -4925.00
20100708 -5050.00
20100709 -5325.00
20100712 -5525.00
20100713 -6187.50
20100714 -6250.00
20100715 -6312.50
20100716 -6312.50
20100719 -6312.50
20100720 -6312.50
20100721 -5262.50
20100722 -6025.00
20100723 -6025.00
20100726 -6425.00
20100727 -6500.00
20100728 -6050.00
20100729 -5800.00
20100730 -5325.00
20100802 -5325.00
20100803 -5325.00
20100804 -5325.00
20100805 -5325.00
20100806 -5325.00
20100809 -5325.00
20100810 -5325.00
20100811 -5325.00
20100812 -5325.00
20100813 -5325.00
20100816 -5325.00
20100817 -5325.00
20100818 -5325.00
20100819 -5325.00
20100820 -5325.00
20100823 -5325.00
20100824 -5325.00
20100825 -5325.00
20100826 -5325.00
20100827 -5325.00
20100830 -5325.00
20100831 -5325.00
20100901 -5325.00
20100902 -5675.00
20100903 -6375.00
20100907 -5762.50
20100908 -6162.50
20100909 -6312.50
20100910 -6525.00
20100913 -6525.00
20100914 -6525.00
20100915 -6525.00
20100916 -6525.00
20100917 -6525.00
20100920 -6525.00
20100921 -6525.00
20100922 -6525.00
20100923 -6512.50
20100924 -5375.00
20100927 -5387.50
20100928 -5387.50
20100929 -5387.50
20100930 -5387.50
20101001 -5387.50
20101004 -5387.50
20101005 -5387.50
20101006 -5387.50
20101007 -5387.50
20101008 -5387.50
20101011 -5387.50
20101012 -5387.50
20101013 -5387.50
20101014 -5387.50
20101015 -5387.50
20101018 -5387.50
20101019 -5387.50
20101020 -5387.50
20101021 -5387.50
20101022 -5387.50
20101025 -5387.50
20101026 -5387.50
20101027 -5387.50
20101028 -5387.50
20101029 -5387.50
20101101 -5387.50
20101102 -5387.50
20101103 -5387.50
20101104 -5387.50
20101105 -5387.50
20101108 -5387.50
20101109 -5387.50
20101110 -5000.00
20101111 -5475.00
20101112 -5475.00
20101115 -5475.00
20101116 -5475.00
20101117 -5475.00
20101118 -5475.00
20101119 -5475.00
20101122 -5475.00
20101123 -5475.00
20101124 -5475.00
20101126 -5475.00
20101129 -5475.00
20101130 -5475.00
20101201 -5475.00
20101202 -5475.00
20101203 -5475.00
20101206 -5475.00
20101207 -5475.00
20101208 -5475.00
20101209 -5475.00
20101210 -5475.00
20101213 -5475.00
20101214 -5475.00
20101215 -5475.00
20101216 -5475.00
20101217 -5475.00
20101220 -5475.00
20101221 -5475.00
20101222 -5475.00
20101223 -5475.00
20101227 -5475.00
20101228 -5475.00
20101229 -5475.00
20101230 -5475.00
20101231 -5475.00
20110103 -5475.00
20110104 -5475.00
20110105 -5475.00
20110106 -5475.00
20110107 -5475.00
20110110 -5475.00
20110111 -5475.00
20110112 -5475.00
20110113 -5475.00
20110114 -5475.00
20110118 -5475.00
20110119 -5475.00
20110120 -5475.00
20110121 -5475.00
20110124 -5475.00
20110125 -5475.00
20110126 -5475.00
20110127 -5475.00
20110128 -5475.00
20110131 -5475.00
20110201 -5475.00
20110202 -5475.00
20110203 -5475.00
20110204 -5475.00
20110207 -5475.00
20110208 -5475.00
20110209 -5475.00
20110210 -5475.00
20110211 -5475.00
20110214 -5475.00
20110215 -5475.00
20110216 -5475.00
20110217 -5475.00
20110218 -5475.00
20110222 -5475.00
20110223 -5475.00
20110224 -5212.50
20110225 -4412.50
20110228 -4212.50
20110301 -4212.50
20110302 -4212.50
20110303 -4212.50
20110304 -4212.50
20110307 -4212.50
20110308 -4212.50
20110309 -4212.50
20110310 -4212.50
20110311 -3425.00
20110314 -4012.50
20110315 -4012.50
20110316 -4075.00
20110317 -3337.50
20110318 -2600.00
20110321 -2600.00
20110322 -2600.00
20110323 -2600.00
20110324 -2600.00
20110325 -2600.00
20110328 -2600.00
20110329 -2600.00
20110330 -2600.00
20110331 -2600.00
20110401 -2600.00
20110404 -2600.00
20110405 -2600.00
20110406 -2600.00
20110407 -2600.00
20110408 -2600.00
20110411 -2562.50
20110412 -3125.00
20110413 -3100.00
20110414 -3025.00
20110415 -2600.00
20110418 -3487.50
20110419 -3425.00
20110420 -3425.00
20110421 -3425.00
20110425 -3425.00
20110426 -3425.00
20110427 -3425.00
20110428 -3425.00
20110429 -3425.00
20110502 -3425.00
20110503 -3425.00
20110504 -3562.50
20110505 -3962.50
20110506 -3987.50
20110509 -3575.00
20110510 -3025.00
20110511 -3175.00
20110512 -3175.00
20110513 -3175.00
20110516 -3175.00
20110517 -3000.00
20110518 -2350.00
20110519 -2175.00
20110520 -2175.00
20110523 -2175.00
20110524 -2175.00
20110525 -1812.50
20110526 -1937.50
20110527 -1937.50
20110531 -1937.50
20110601 -1937.50
20110602 -1937.50
20110603 -1937.50
20110606 -1937.50
20110607 -1862.50
20110608 -2250.00
20110609 -1725.00
20110610 -2000.00
20110613 -2000.00
20110614 -2000.00
20110615 -2000.00
20110616 -2000.00
20110617 -2000.00
20110620 -2000.00
20110621 -2000.00
20110622 -2000.00
20110623 -2000.00
20110624 -2000.00
20110627 -2000.00
20110628 -2000.00
20110629 -2000.00
20110630 -2000.00
20110701 -2000.00
20110705 -2000.00
20110706 -2000.00
20110707 -2000.00
20110708 -2000.00
20110711 -2000.00
20110712 -2050.00
20110713 -1975.00
20110714 -1787.50
20110715 -1787.50
20110718 -1787.50
20110719 -1787.50
20110720 -1787.50
20110721 -1787.50
20110722 -1787.50
20110725 -1787.50
20110726 -1812.50
20110727 -3175.00
20110728 -3287.50
20110729 -3700.00
20110801 -4137.50
20110802 -4500.00
20110803 -4500.00
20110804 -4500.00
20110805 -4500.00
20110808 -4500.00
20110809 -4500.00
20110810 -4500.00
20110811 -4500.00
20110812 -4500.00
20110815 -5087.50
20110816 -4775.00
20110817 -4662.50
20110818 -2337.50
20110819 -1400.00
20110822 -1400.00
20110823 -1400.00
20110824 -1400.00
20110825  -187.50
20110826     0.00
20110829     0.00
20110830     0.00
20110831  -762.50
20110901  -762.50
20110902  -762.50
20110906  -762.50
20110907  -762.50
20110908  -762.50
20110909  -762.50
20110912  -762.50
20110913  -762.50
20110914 -1275.00
20110915 -2375.00
20110916 -2750.00
20110919 -2050.00
20110920 -1962.50
20110921     0.00
20110922     0.00
20110923     0.00
20110926     0.00
20110927     0.00
20110928     0.00
20110929  -837.50
20110930  -837.50
20111003  -837.50
20111004  -837.50
20111005  -837.50
20111006 -1650.00
20111007 -1525.00
20111010 -3325.00
20111011 -3250.00
20111012 -3687.50
20111013 -3550.00
20111014 -3550.00
20111017 -3550.00
20111018 -3550.00
20111019 -3550.00
20111020 -3550.00
20111021 -3550.00
20111024 -4100.00
20111025 -2975.00
20111026 -3687.50
20111027 -3687.50
20111028 -3687.50
20111031 -3687.50
20111101 -3687.50
20111102 -3687.50
20111103 -3687.50
20111104 -3687.50
20111107 -3687.50
20111108 -3687.50
20111109 -3687.50
20111110 -3687.50
20111111 -3687.50
20111114 -3687.50
20111115 -3687.50
20111116 -3687.50
20111117 -3687.50
20111118 -3687.50
20111121 -3687.50
20111122 -3687.50
20111123 -3687.50
20111125 -3687.50
20111128 -3687.50
20111129 -3687.50
20111130 -4537.50
20111201 -4412.50
20111202 -4412.50
20111205 -4987.50
20111206 -4987.50
20111207 -4912.50
20111208 -4912.50
20111209 -4912.50
20111212 -4912.50
20111213 -4912.50
20111214 -4912.50
20111215 -4912.50
20111216 -4912.50
20111219 -4912.50
20111220 -4912.50
20111221 -4912.50
20111222 -5275.00
20111223 -5837.50
20111227 -5837.50
20111228 -5050.00
20111229 -5700.00
20111230 -5450.00
20120103 -6425.00
20120104 -6262.50
20120105 -6262.50
20120106 -6262.50
20120109 -6262.50
20120110 -6262.50
20120111 -6262.50
20120112 -6262.50
20120113 -6262.50
20120117 -6262.50
20120118 -6262.50
20120119 -6262.50
20120120 -6262.50
20120123 -6262.50
20120124 -6262.50
20120125 -6262.50
20120126 -6262.50
20120127 -6262.50
20120130 -5850.00
20120131 -5887.50
20120201 -5312.50
20120202 -5225.00
20120203 -5225.00
20120206 -5225.00
20120207 -5225.00
20120208 -5225.00
20120209 -5225.00
20120210 -5225.00
20120213 -5225.00
20120214 -5225.00
20120215 -5225.00
20120216 -5225.00
20120217 -5225.00
20120221 -5225.00
20120222 -5225.00
20120223 -5225.00
20120224 -5225.00
20120227 -5225.00
20120228 -5225.00
20120229 -5225.00
20120301 -5225.00
20120302 -5225.00
20120305 -5225.00
20120306 -5550.00
20120307 -5012.50
20120308 -4700.00
20120309 -4700.00
20120312 -4700.00
20120313 -4700.00
20120314 -4700.00
20120315 -4700.00
20120316 -4700.00
20120319 -4700.00
20120320 -4700.00
20120321 -4700.00
20120322 -4600.00
20120323 -4350.00
20120326 -4012.50
20120327 -4012.50
20120328 -4012.50
20120329 -3700.00
20120330 -3450.00
20120402 -3575.00
20120403 -3575.00
20120404 -3575.00
20120405 -3487.50
20120409 -4250.00
20120410 -5150.00
20120411 -4800.00
20120412 -3700.00
20120413 -4750.00
20120416 -4800.00
20120417 -4375.00
20120418 -4375.00
20120419 -4375.00
20120420 -4375.00
20120423 -4375.00
20120424 -4375.00
20120425 -4375.00
20120426 -4375.00
20120427 -4375.00
20120430 -4375.00
20120501 -4375.00
20120502 -4375.00
20120503 -4375.00
20120504 -5237.50
20120507 -5075.00
20120508 -5437.50
20120509 -5812.50
20120510 -5487.50
20120511 -5862.50
20120514 -6662.50
20120515 -6675.00
20120516 -6825.00
20120517 -7887.50
20120518 -8412.50
20120521 -7162.50
20120522 -7212.50
20120523 -7162.50
20120524 -6825.00
20120525 -7200.00
20120529 -6275.00
20120530 -7012.50
20120531 -7012.50
20120601 -7012.50
20120604 -7012.50
20120605 -7012.50
20120606 -7012.50
20120607 -7012.50
20120608 -7012.50
20120611 -7012.50
20120612 -7012.50
20120613 -7012.50
20120614 -7012.50
20120615 -7012.50
20120618 -7012.50
20120619 -7012.50
20120620 -7012.50
20120621 -7012.50
20120622 -7012.50
20120625 -7012.50
20120626 -7012.50
20120627 -7012.50
20120628 -7012.50
20120629 -7012.50
20120702 -7012.50
20120703 -7012.50
20120705 -7012.50
20120706 -7012.50
20120709 -6662.50
20120710 -7350.00
20120711 -7312.50
20120712 -7662.50
20120713 -6537.50
20120716 -6762.50
20120717 -6762.50
20120718 -6762.50
20120719 -6762.50
20120720 -6762.50
20120723 -6762.50
20120724 -6887.50
20120725 -6612.50
20120726 -5775.00
20120727 -5775.00
20120730 -5775.00
20120731 -5775.00
20120801 -5800.00
20120802 -6225.00
20120803 -4875.00
20120806 -4812.50
20120807 -4812.50
20120808 -4812.50
20120809 -4812.50
20120810 -4812.50
20120813 -4812.50
20120814 -4812.50
20120815 -4812.50
20120816 -4812.50
20120817 -4812.50
20120820 -4812.50
20120821 -4812.50
20120822 -4587.50
20120823 -5200.00
20120824 -4712.50
20120827 -4625.00
20120828 -4625.00
20120829 -4625.00
20120830 -4887.50
20120831 -4487.50
20120904 -4587.50
20120905 -4587.50
20120906 -4587.50
20120907 -4587.50
20120910 -4587.50
20120911 -4587.50
20120912 -4587.50
20120913 -4587.50
20120914 -4587.50
20120917 -4587.50
20120918 -4587.50
20120919 -4587.50
20120920 -4587.50
20120921 -4587.50
20120924 -4587.50
20120925 -4962.50
20120926 -5475.00
20120927 -4775.00
20120928 -5112.50
20121001 -4975.00
20121002 -4775.00
20121003 -4587.50
20121004 -4037.50
20121005 -3700.00
20121008 -3700.00
20121009 -4275.00
20121010 -4762.50
20121011 -4650.00
20121012 -5000.00
20121015 -4300.00
20121016 -4037.50
20121017 -4037.50
20121018 -4037.50
20121019 -4037.50
20121022 -3712.50
20121023 -4650.00
20121024 -4650.00
20121025 -4325.00
20121026 -4450.00
20121029 -4450.00
20121030 -4450.00
20121031 -4450.00
20121101 -4450.00
20121102 -4450.00
20121105 -4450.00
20121106 -4450.00
20121107 -4450.00
20121108 -4450.00
20121109 -4150.00
20121112 -4012.50
20121113 -4012.50
20121114 -4012.50
20121115 -4012.50
20121116 -4012.50
20121119 -4012.50
20121120 -4012.50
20121121 -4012.50
20121123 -4012.50
20121126 -4012.50
20121127 -4012.50
20121128 -3187.50
20121129 -2937.50
20121130 -2937.50
20121203 -2937.50
20121204 -2987.50
20121205 -2850.00
20121206 -2987.50
20121207 -2987.50
20121210 -2987.50
20121211 -2987.50
20121212 -2987.50
20121213 -2987.50
20121214 -3012.50
20121217 -2125.00
20121218 -2150.00
20121219 -2150.00
20121220 -2150.00
20121221 -2150.00
20121224 -2150.00
20121226 -2425.00
20121227 -2562.50
20121228 -3900.00
20121231 -2100.00
20130102  -737.50
20130103  -737.50
20130104  -737.50
20130107  -737.50
20130108  -737.50
20130109  -737.50
20130110  -737.50
20130111  -737.50
20130114  -737.50
20130115  -737.50
20130116  -737.50
20130117  -737.50
20130118  -737.50
20130122  -737.50
20130123  -737.50
20130124  -737.50
20130125  -737.50
20130128  -737.50
20130129  -737.50
20130130  -737.50
20130131  -737.50
20130201  -737.50
20130204  -737.50
20130205  -737.50
20130206  -737.50
20130207  -737.50
20130208  -737.50
20130211  -737.50
20130212  -737.50
20130213  -737.50
20130214  -737.50
20130215  -737.50
20130219  -737.50
20130220  -737.50
20130221  -737.50
20130222  -737.50
20130225  -737.50
20130226  -737.50
20130227  -737.50
20130228  -737.50
20130301  -737.50
20130304  -737.50
20130305  -737.50
20130306  -737.50
20130307  -737.50
20130308  -737.50
20130311  -737.50
20130312  -737.50
20130313  -737.50
20130314  -737.50
20130315  -737.50
20130318  -737.50
20130319  -512.50
20130320  -175.00
20130321  -487.50
20130322  -487.50
20130325  -487.50
20130326  -487.50
20130327  -487.50
20130328  -487.50
20130401  -487.50
20130402  -487.50
20130403  -487.50
20130404  -487.50
20130405  -487.50
20130408  -487.50
20130409  -487.50
20130410  -487.50
20130411  -487.50
20130412  -487.50
20130415  -487.50
20130416  -487.50
20130417  -487.50
20130418  -487.50
20130419  -487.50
20130422  -487.50
20130423  -487.50
20130424  -487.50
20130425  -487.50
20130426  -487.50
20130429  -487.50
20130430  -487.50
20130501  -487.50
20130502  -487.50
20130503  -487.50
20130506  -487.50
20130507  -487.50
20130508  -487.50
20130509  -487.50
20130510  -487.50
20130513  -487.50
20130514  -487.50
20130515  -487.50
20130516  -487.50
20130517  -487.50
20130520  -487.50
20130521  -487.50
20130522  -487.50
20130523  -487.50
20130524  -487.50
20130528  -487.50
20130529  -487.50
20130530  -487.50
20130531  -487.50
20130603  -487.50
20130604  -487.50
20130605  -487.50
20130606     0.00
20130607     0.00
20130610     0.00
20130611     0.00
20130612     0.00
20130613     0.00
20130614  -150.00
20130617  -150.00
20130618  -150.00
20130619  -150.00
20130620  -150.00
20130621     0.00
20130624  -887.50
20130625  -125.00
20130626     0.00
20130627     0.00
20130628     0.00
20130701     0.00
20130702     0.00
20130703     0.00
20130705     0.00
20130708     0.00
20130709     0.00
20130710     0.00
20130711     0.00
20130712     0.00
20130715     0.00
20130716     0.00
20130717     0.00
20130718     0.00
20130719     0.00
20130722     0.00
20130723     0.00
20130724     0.00
20130725     0.00
20130726  -350.00
20130729  -350.00
20130730  -350.00
20130731  -350.00
20130801  -350.00
20130802  -350.00
20130805  -350.00
20130806  -350.00
20130807  -300.00
20130808   -25.00
20130809  -212.50
20130812  -212.50
20130813  -212.50
20130814  -212.50
20130815  -212.50
20130816  -425.00
20130819  -725.00
20130820  -450.00
20130821 -1150.00
20130822  -237.50
20130823     0.00
20130826   -12.50
20130827   -12.50
20130828     0.00
20130829  -187.50
20130830  -187.50
20130903  -187.50
20130904  -187.50
20130905  -187.50
20130906  -187.50
20130909  -187.50
20130910  -187.50
20130911  -187.50
20130912  -187.50
20130913  -187.50
20130916  -187.50
20130917  -187.50
20130918  -187.50
20130919  -187.50
20130920  -187.50
20130923  -575.00
20130924  -587.50
20130925  -925.00
20130926  -587.50
20130927  -887.50
20130930 -1762.50
20131001 -1762.50
20131002 -1762.50
20131003 -1762.50
20131004 -1762.50
20131007 -1762.50
20131008 -1762.50
20131009 -1737.50
20131010     0.00
20131011  -100.00
20131014  -100.00
20131015  -100.00
20131016  -100.00
20131017  -100.00
20131018  -100.00
20131021  -100.00
20131022  -100.00
20131023  -100.00
20131024  -100.00
20131025  -100.00
20131028  -100.00
20131029  -100.00
20131030  -100.00
20131031  -100.00
20131101     0.00
20131104     0.00
20131105     0.00
20131106     0.00
20131107     0.00
20131108     0.00
20131111     0.00
20131112     0.00
20131113     0.00
20131114     0.00
20131115     0.00
20131118     0.00
20131119     0.00
20131120  -112.50
20131121     0.00
20131122     0.00
20131125     0.00
20131126     0.00
20131127     0.00
20131129     0.00
20131202     0.00
20131203  -125.00
20131204  -112.50
20131205  -500.00
20131206     0.00
20131209     0.00
20131210     0.00
20131211     0.00
20131212  -225.00
20131213  -225.00
20131216     0.00
20131217     0.00
20131218     0.00
20131219     0.00
20131220     0.00
20131223     0.00
20131224     0.00
20131226     0.00
20131227     0.00
20131230     0.00
20131231     0.00
20140102     0.00
20140103     0.00
20140106  -112.50
20140107     0.00
20140108   -25.00
20140109   -25.00
20140110   -25.00
20140113   -25.00
20140114   -25.00
20140115   -25.00
20140116   -25.00
20140117   -25.00
20140121     0.00
20140122     0.00
20140123     0.00
20140124     0.00
20140127  -275.00
20140128     0.00
20140129  -900.00
20140130  -900.00
20140131  -900.00
20140203  -900.00
20140204  -900.00
20140205  -900.00
20140206  -900.00
20140207  -900.00
20140210  -900.00
20140211  -900.00
20140212  -900.00
20140213  -900.00
20140214  -900.00
20140218  -900.00
20140219  -900.00
20140220  -900.00
20140221  -900.00
20140224  -900.00
20140225  -900.00
20140226  -900.00
20140227  -900.00
20140228  -900.00
20140303  -900.00
20140304  -900.00
20140305  -900.00
20140306  -900.00
20140307  -900.00
20140310  -900.00
20140311  -900.00
20140312  -425.00
20140313  -187.50
20140314  -187.50
20140317  -187.50
20140318  -187.50
20140319  -187.50
20140320  -187.50
20140321  -187.50
20140324  -187.50
20140325  -187.50
20140326  -187.50
20140327  -187.50
20140328  -187.50
20140331  -187.50
20140401  -187.50
20140402  -187.50
20140403  -187.50
20140404  -187.50
20140407  -187.50
20140408     0.00
20140409     0.00
20140410     0.00
20140411     0.00
20140414     0.00
20140415     0.00
20140416     0.00
20140417     0.00
20140421     0.00
20140422     0.00
20140423     0.00
20140424     0.00
20140425     0.00
20140428     0.00
20140429     0.00
20140430     0.00
20140501     0.00
20140502     0.00
20140505     0.00
20140506  -125.00
20140507  -125.00
20140508  -125.00
20140509  -125.00
20140512  -125.00
20140513  -125.00
20140514  -125.00
20140515  -125.00
20140516  -125.00
20140519  -125.00
20140520  -125.00
20140521  -125.00
20140522  -125.00
20140523  -125.00
20140527  -125.00
20140528  -125.00
20140529  -125.00
20140530  -125.00
20140602  -125.00
20140603  -125.00
20140604  -125.00
20140605  -125.00
20140606  -125.00
20140609  -125.00
20140610  -125.00
20140611  -125.00
20140612  -125.00
20140613  -125.00
20140616  -125.00
20140617  -125.00
20140618  -125.00
20140619  -125.00
20140620  -125.00
20140623  -125.00
20140624  -125.00
20140625     0.00
20140626     0.00
20140627     0.00
20140630     0.00
20140701     0.00
20140702     0.00
20140703     0.00
20140707     0.00
20140708     0.00
20140709     0.00
20140710     0.00
20140711     0.00
20140714     0.00
20140715     0.00
20140716     0.00
20140717     0.00
20140718     0.00
20140721     0.00
20140722     0.00
20140723     0.00
20140724     0.00
20140725     0.00
20140728     0.00
20140729     0.00
20140730     0.00
20140731     0.00
20140801     0.00
20140804     0.00
20140805     0.00
20140806     0.00
20140807     0.00
20140808     0.00
20140811     0.00
20140812     0.00
20140813     0.00
20140814     0.00
20140815     0.00
20140818     0.00
20140819     0.00
20140820     0.00
20140821     0.00
20140822     0.00
20140825     0.00
20140826     0.00
20140827     0.00
20140828     0.00
20140829     0.00
20140902     0.00
20140903     0.00
20140904     0.00
20140905     0.00
20140908  -175.00
20140909  -175.00
20140910     0.00
20140911  -450.00
20140912  -450.00
20140915  -450.00
20140916  -450.00
20140917  -450.00
20140918  -450.00
20140919  -450.00
20140922  -450.00
20140923  -825.00
20140924     0.00
20140925  -300.00
20140926  -300.00
20140929  -300.00
20140930  -300.00
20141001 -1312.50
20141002 -1425.00
20141003  -337.50
20141006  -550.00
20141007 -1950.00
20141008 -1987.50
20141009 -1987.50
20141010 -1987.50
20141013 -3375.00
20141014 -2912.50
20141015 -4312.50
20141016 -4125.00
20141017 -2600.00
20141020 -2525.00
20141021 -4425.00
20141022 -3775.00
20141023 -4825.00
20141024 -5512.50
20141027 -5162.50
20141028 -5162.50
20141029 -5162.50
20141030 -5162.50
20141031 -5162.50
20141103 -5162.50
20141104 -5162.50
20141105 -5162.50
20141106 -5162.50
20141107 -5162.50
20141110 -5162.50
20141111 -5162.50
20141112 -5162.50
20141113 -5162.50
20141114 -5162.50
20141117 -5162.50
20141118 -5162.50
20141119 -5162.50
20141120 -5162.50
20141121 -5162.50
20141124 -5162.50
20141125 -5162.50
20141126 -5162.50
20141128 -5162.50
20141201 -5162.50
20141202 -5162.50
20141203 -5162.50
20141204 -5162.50
20141205 -5162.50
20141208 -5162.50
20141209 -5162.50
20141210 -5500.00
20141211 -5275.00
20141212 -6950.00
20141215 -7312.50
20141216 -8225.00
20141217 -7950.00
20141218 -7950.00
20141219 -7950.00
20141222 -7950.00
20141223 -7950.00
20141224 -7950.00
20141226 -7950.00
20141229 -7950.00
20141230 -7950.00
20141231 -7950.00
20150102 -8175.00
20150105 -9687.50
20150106 -10762.50
20150107 -9512.50
20150108 -7737.50
20150109 -7500.00
20150112 -7500.00
20150113 -7462.50
20150114 -7887.50
20150115 -8812.50
20150116 -7612.50
20150120 -7425.00
20150121 -7762.50
20150122 -7762.50
20150123 -7762.50
20150126 -7762.50
20150127 -7762.50
20150128 -7762.50
20150129 -6400.00
20150130 -7325.00
20150202 -7325.00
20150203 -7325.00
20150204 -7325.00
20150205 -7325.00
20150206 -7325.00
20150209 -7325.00
20150210 -7325.00
20150211 -7325.00
20150212 -7325.00
20150213 -7325.00
20150217 -7325.00
20150218 -7325.00
20150219 -7325.00
20150220 -6350.00
20150223 -6525.00
20150224 -6525.00
20150225 -6525.00
20150226 -6525.00
20150227 -6462.50
20150302 -5900.00
20150303 -6162.50
20150304 -6162.50
20150305 -6162.50
20150306 -6162.50
20150309 -6162.50
20150310 -6162.50
20150311 -6162.50
20150312 -6162.50
20150313 -6162.50
20150316 -6162.50
20150317 -6162.50
20150318 -6162.50
20150319 -6162.50
20150320 -6162.50
20150323 -6162.50
20150324 -6162.50
20150325 -7625.00
20150326 -7887.50
20150327 -7687.50
20150330 -6537.50
20150331 -7275.00
20150401 -7662.50
20150402 -7800.00
20150406 -7800.00
20150407 -7800.00
20150408 -7800.00
20150409 -7800.00
20150410 -7800.00
20150413 -7800.00
20150414 -7800.00
20150415 -7800.00
20150416 -7800.00
20150417 -7800.00
20150420 -7800.00
20150421 -7800.00
20150422 -7800.00
20150423 -7800.00
20150424 -7800.00
20150427 -7800.00
20150428 -7800.00
20150429 -7800.00
20150430 -7800.00
20150501 -7800.00
20150504 -7800.00
20150505 -7800.00
20150506 -7800.00
20150507 -7800.00
20150508 -7800.00
20150511 -7800.00
20150512 -7800.00
20150513 -7800.00
20150514 -7800.00
20150515 -7800.00
20150518 -7800.00
20150519 -7800.00
20150520 -7800.00
20150521 -7800.00
20150522 -7800.00
20150526 -7800.00
20150527 -7800.00
20150528 -7800.00
20150529 -7800.00
20150601 -7800.00
20150602 -7800.00
20150603 -7800.00
20150604 -7800.00
20150605 -7800.00
20150608 -8062.50
20150609 -7975.00
20150610 -6625.00
20150611 -6587.50
20150612 -6587.50
20150615 -6587.50
20150616 -6587.50
20150617 -6587.50
20150618 -6587.50
20150619 -6587.50
20150622 -6587.50
20150623 -6587.50
20150624 -6587.50
20150625 -6587.50
20150626 -6400.00
20150629 -7487.50
20150630 -7487.50
20150701 -7487.50
20150702 -7487.50
20150706 -7487.50
20150707 -6262.50
20150708 -7087.50
20150709 -7087.50
20150710 -7087.50
20150713 -7087.50
20150714 -7087.50
20150715 -7087.50
20150716 -7087.50
20150717 -7087.50
20150720 -7087.50
20150721 -7087.50
20150722 -7087.50
20150723 -7312.50
20150724 -8362.50
20150727 -9012.50
20150728 -7875.00
20150729 -7162.50
20150730 -7050.00
20150731 -6887.50
20150803 -6887.50
20150804 -6887.50
20150805 -6887.50
20150806 -6887.50
20150807 -6887.50
20150810 -6887.50
20150811 -6887.50
20150812 -6887.50
20150813 -6887.50
20150814 -6887.50
20150817 -6887.50
20150818 -6887.50
20150819 -6887.50
20150820 -8525.00
20150821 -11225.00
20150824 -16412.50
20150825 -16412.50
20150826 -16412.50
20150827 -17725.00
20150828 -17750.00
20150831 -16725.00
20150901 -14062.50
20150902 -15250.00
20150903 -15250.00
20150904 -15250.00
20150908 -15250.00
20150909 -15250.00
20150910 -15250.00
20150911 -15250.00
20150914 -14850.00
20150915 -15137.50
20150916 -15137.50
20150917 -14550.00
20150918 -13187.50
20150921 -13187.50
20150922 -13187.50
20150923 -13187.50
20150924 -13187.50
20150925 -13187.50
20150928 -13187.50
20150929 -13187.50
20150930 -13187.50
20151001 -13375.00
20151002 -14687.50
20151005 -16275.00
20151006 -15962.50
20151007 -16900.00
20151008 -16712.50
20151009 -16650.00
20151012 -16825.00
20151013 -15975.00
20151014 -16075.00
20151015 -16075.00
20151016 -16075.00
20151019 -16150.00
20151020 -15800.00
20151021 -16312.50
20151022 -16312.50
20151023 -16312.50
20151026 -16312.50
20151027 -16312.50
20151028 -16312.50
20151029 -16312.50
20151030 -16312.50
20151102 -16312.50
20151103 -16312.50
20151104 -16312.50
20151105 -16312.50
20151106 -15825.00
20151109 -16862.50
20151110 -16612.50
20151111 -17062.50
20151112 -18487.50
20151113 -18750.00
20151116 -18750.00
20151117 -18750.00
20151118 -18750.00
20151119 -18750.00
20151120 -18750.00
20151123 -18750.00
20151124 -18750.00
20151125 -18750.00
20151127 -18750.00
20151130 -18750.00
20151201 -18750.00
20151202 -18750.00
20151203 -18750.00
20151204 -18750.00
20151207 -18750.00
20151208 -18750.00
20151209 -19162.50
20151210 -18825.00
20151211 -20812.50
20151214 -20400.00
20151215 -19025.00
20151216 -19287.50
20151217 -17337.50
20151218 -17250.00
20151221 -17250.00
20151222 -17250.00
20151223 -17750.00
20151224 -17662.50
20151228 -17537.50
20151229 -18737.50
20151230 -17825.00
20151231 -17512.50
20160104 -17512.50
20160105 -17512.50
20160106 -17512.50
20160107 -17512.50
20160108 -17512.50
20160111 -17512.50
20160112 -17512.50
20160113 -14575.00
20160114 -15050.00
20160115 -15050.00
20160119 -15050.00
20160120 -15050.00
20160121 -15050.00
20160122 -15050.00
20160125 -15050.00
20160126 -15050.00
20160127 -15050.00
20160128 -15050.00
20160129 -15050.00
20160201 -14962.50
20160202 -13275.00
20160203 -13875.00
20160204 -13875.00
20160205 -13875.00
20160208 -13875.00
20160209 -13875.00
20160210 -13875.00
20160211 -13875.00
20160212 -13875.00
20160216 -13875.00
20160217 -14712.50
20160218 -14400.00
20160219 -14300.00
20160222 -15387.50
20160223 -14375.00
20160224 -13637.50
20160225 -13637.50
20160226 -12787.50
20160229 -12937.50
20160301 -12937.50
20160302 -12937.50
20160303 -13225.00
20160304 -13450.00
20160307 -13650.00
20160308 -12750.00
20160309 -13125.00
20160310 -13125.00
20160311 -13125.00
20160314 -13125.00
20160315 -13125.00
20160316 -13125.00
20160317 -13125.00
20160318 -13125.00
20160321 -13125.00
20160322 -13125.00
20160323 -13125.00
20160324 -12437.50
20160328 -12462.50
20160329 -11487.50
20160330 -10987.50
20160331 -10987.50
20160401 -10987.50
20160404 -10987.50
20160405 -10987.50
20160406 -10987.50
20160407 -10987.50
20160408 -10987.50
20160411 -10987.50
20160412 -10987.50
20160413 -10987.50
20160414 -10987.50
20160415 -10987.50
20160418 -10987.50
20160419 -10987.50
20160420 -10987.50
20160421 -10987.50
20160422 -10987.50
20160425 -10987.50
20160426 -10987.50
20160427 -10987.50
20160428 -10987.50
20160429 -10987.50
20160502 -10987.50
20160503 -10987.50
20160504 -10987.50
20160505 -10987.50
20160506 -10125.00
20160509 -10287.50
20160510 -10287.50
20160511 -10287.50
20160512 -10287.50
20160513 -10287.50
20160516 -10287.50
20160517 -10287.50
20160518 -10287.50
20160519 -9887.50
20160520 -9325.00
20160523 -9400.00
20160524 -9400.00
20160525 -9400.00
20160526 -9400.00
20160527 -9400.00
20160531 -9400.00
20160601 -9400.00
20160602 -9400.00
20160603 -9400.00
20160606 -9400.00
20160607 -9400.00
20160608 -9400.00
20160609 -9400.00
20160610 -9400.00
20160613 -9862.50
20160614 -10050.00
20160615 -10175.00
20160616 -9825.00
20160617 -10400.00
20160620 -9162.50
20160621 -9162.50
20160622 -9162.50
20160623 -9162.50
20160624 -9162.50
20160627 -9162.50
20160628 -9162.50
20160629 -9162.50
20160630 -9162.50
20160701 -9162.50
20160705 -9162.50
20160706 -9162.50
20160707 -9162.50
20160708 -9162.50
20160711 -9162.50
20160712 -9162.50
20160713 -9162.50
20160714 -9162.50
20160715 -9162.50
20160718 -9162.50
20160719 -9162.50
20160720 -9162.50
20160721 -9162.50
20160722 -9162.50
20160725 -9162.50
20160726 -9162.50
20160727 -9162.50
20160728 -9162.50
20160729 -9162.50
20160801 -9162.50
20160802 -9162.50
20160803 -9162.50
20160804 -9162.50
20160805 -9162.50
20160808 -9162.50
20160809 -9162.50
20160810 -9162.50
20160811 -9162.50
20160812 -9162.50
20160815 -9162.50
20160816 -9162.50
20160817 -9162.50
20160818 -9162.50
20160819 -9162.50
20160822 -9162.50
20160823 -9162.50
20160824 -9162.50
20160825 -9162.50
20160826 -9112.50
20160829 -8575.00
20160830 -8687.50
20160831 -8687.50
20160901 -8300.00
20160902 -7762.50
20160906 -7625.00
20160907 -7625.00
20160908 -7625.00
20160909 -7625.00
20160912 -5600.00
20160913 -6462.50
20160914 -6462.50
20160915 -6462.50
20160916 -6462.50
20160919 -6462.50
20160920 -6462.50
20160921 -6462.50
20160922 -6462.50
20160923 -6462.50
20160926 -6462.50
20160927 -5662.50
20160928 -5562.50
20160929 -5562.50
20160930 -5562.50
20161003 -5562.50
20161004 -5562.50
20161005 -5562.50
20161006 -5562.50
20161007 -5562.50
20161010 -5562.50
20161011 -5562.50
20161012 -5562.50
20161013 -5137.50
20161014 -5100.00
20161017 -5150.00
20161018 -5150.00
20161019 -5150.00
20161020 -5150.00
20161021 -5150.00
20161024 -5150.00
20161025 -5150.00
20161026 -5150.00
20161027 -5212.50
20161028 -5200.00
20161031 -5387.50
20161101 -6200.00
20161102 -6775.00
20161103 -6687.50
20161104 -6675.00
20161107 -4225.00
20161108 -4612.50
20161109 -4612.50
20161110 -4612.50
20161111 -4612.50
20161114 -4612.50
20161115 -4612.50
20161116 -4612.50
20161117 -4612.50
20161118 -4612.50
20161121 -4612.50
20161122 -4612.50
20161123 -4612.50
20161125 -4612.50
20161128 -4612.50
20161129 -4612.50
20161130 -4612.50
20161201 -4612.50
20161202 -4612.50
20161205 -4612.50
20161206 -4612.50
20161207 -4612.50
20161208 -4612.50
20161209 -4612.50
20161212 -4612.50
20161213 -4612.50
20161214 -4612.50
20161215 -4612.50
20161216 -4612.50
20161219 -4612.50
20161220 -4612.50
20161221 -4612.50
20161222 -4612.50
20161223 -4612.50
20161227 -4612.50
20161228 -4612.50
20161229 -4612.50
20161230 -4775.00
20170103 -3962.50
20170104 -3825.00
20170105 -3825.00
20170106 -3825.00
20170109 -3825.00
20170110 -3825.00
20170111 -3275.00
20170112 -3637.50
20170113 -3637.50
20170116 -3637.50
20170117 -3637.50
20170118 -3637.50
20170119 -3637.50
20170120 -3637.50
20170123 -3637.50
20170124 -3637.50
20170125 -3637.50
20170126 -3637.50
20170127 -3637.50
20170130 -3637.50
20170131 -3075.00
20170201 -3075.00
20170202 -3025.00
20170203 -2500.00
20170206 -2500.00
20170207 -2500.00
20170208 -2500.00
20170209 -2500.00
20170210 -2500.00
20170213 -2500.00
20170214 -2500.00
20170215 -2500.00
20170216 -2500.00
20170217 -2500.00
20170221 -2500.00
20170222 -2500.00
20170223 -2500.00
20170224 -2500.00
20170227 -2500.00
20170228 -2500.00
20170301 -2500.00
20170302 -2500.00
20170303 -2500.00
20170306 -2312.50
20170307 -2762.50
20170308 -2887.50
20170309 -2775.00
20170310 -2512.50
20170313 -2350.00
20170314 -2725.00
20170315 -2725.00
20170316 -2725.00
20170317 -2725.00
20170320 -2850.00
20170321 -4250.00
20170322 -4237.50
20170323 -4362.50
20170324 -4125.00
20170327 -5362.50
20170328 -5362.50
20170329 -5362.50
20170330 -5362.50
20170331 -5362.50
20170403 -5362.50
20170404 -5362.50
20170405 -5362.50
20170406 -5362.50
20170407 -5362.50
20170410 -5362.50
20170411 -5362.50
20170412 -5362.50
20170413 -5800.00
20170417 -4925.00
20170418 -5387.50
20170419 -5387.50
20170420 -5387.50
20170421 -5387.50
20170424 -5387.50
20170425 -5387.50
20170426 -5387.50
20170427 -5387.50
20170428 -5387.50
20170501 -5387.50
20170502 -5387.50
20170503 -5387.50
20170504 -5387.50
20170505 -5387.50
20170508 -5387.50
20170509 -5387.50
20170510 -5387.50
20170511 -5387.50
20170512 -5387.50
20170515 -5387.50
20170516 -5387.50
20170517 -5387.50
20170518 -4925.00
20170519 -4625.00
20170522 -4625.00
20170523 -4625.00
20170524 -4625.00
20170525 -4625.00
20170526 -4625.00
20170529 -4625.00
20170530 -4625.00
20170531 -4625.00
20170601 -4625.00
20170602 -4625.00
20170605 -4625.00
20170606 -4625.00
20170607 -4375.00
20170608 -4362.50
20170609 -4362.50
20170612 -4362.50
20170613 -4362.50
20170614 -4362.50
20170615 -4362.50
20170616 -4362.50
20170619 -4362.50
20170620 -4362.50
20170621 -4362.50
20170622 -4362.50
20170623 -4112.50
20170626 -3787.50
20170627 -3787.50
20170628 -3787.50
20170629 -3787.50
20170630 -3787.50
20170703 -3787.50
20170705 -3787.50
20170706 -3787.50
20170707 -3787.50
20170710 -3787.50
20170711 -3787.50
20170712 -3787.50
20170713 -3787.50
20170714 -3787.50
20170717 -3787.50
20170718 -3787.50
20170719 -3787.50
20170720 -3787.50
20170721 -3787.50
20170724 -3787.50
20170725 -3787.50
20170726 -3787.50
20170727 -3787.50
20170728 -3787.50
20170731 -3787.50
20170801 -3787.50
20170802 -3787.50
20170803 -3787.50
20170804 -3787.50
20170807 -3787.50
20170808 -3787.50
20170809 -3787.50
20170810 -3787.50
20170811 -3787.50
20170814 -3787.50
20170815 -3787.50
20170816 -3787.50
20170817 -3787.50
20170818 -3787.50
20170821 -3362.50
20170822 -3150.00
20170823 -3150.00
20170824 -3150.00
20170825 -3150.00
20170828 -3150.00
20170829 -3150.00
20170830 -3150.00
20170831 -3150.00
20170901 -3150.00
20170904 -3150.00
20170905 -3150.00
20170906 -3150.00
20170907 -3150.00
20170908 -3150.00
20170911 -3150.00
20170912 -3150.00
20170913 -3150.00
20170914 -3150.00
20170915 -3150.00
20170918 -3150.00
20170919 -3150.00
20170920 -3150.00
20170921 -3150.00
20170922 -3150.00
20170925 -3037.50
20170926 -3112.50
20170927 -2662.50
20170928 -2875.00
20170929 -2875.00
20171002 -2875.00
20171003 -2875.00
20171004 -2875.00
20171005 -2875.00
20171006 -2875.00
20171009 -2875.00
20171010 -2875.00
20171011 -2875.00
20171012 -2875.00
20171013 -2875.00
20171016 -2875.00
20171017 -2875.00
20171018 -2875.00
20171019 -2875.00
20171020 -2875.00
20171023 -2875.00
20171024 -2875.00
20171025 -2875.00
20171026 -2875.00
20171027 -2875.00
20171030 -2875.00
20171031 -2875.00
20171101 -2875.00
20171102 -2875.00
20171103 -2875.00
20171106 -2875.00
20171107 -2875.00
20171108 -2875.00
20171109 -2875.00
20171110 -2875.00
20171113 -2400.00
20171114 -2887.50
20171115 -2887.50
20171116 -2887.50
20171117 -2887.50
20171120 -2887.50
20171121 -2887.50
20171122 -2887.50
20171124 -2887.50
20171127 -2887.50
20171128 -2887.50
20171129 -2887.50
20171130 -2887.50
20171201 -2887.50
20171204 -2887.50
20171205 -3325.00
20171206 -3275.00
20171207 -2762.50
20171208 -2462.50
20171211 -2462.50
20171212 -2462.50
20171213 -2462.50
20171214 -2462.50
20171215 -2462.50
20171218 -2462.50
20171219 -2462.50
20171220 -2462.50
20171221 -2462.50
20171222 -2462.50
20171226 -2462.50
20171227 -2462.50
20171228 -2462.50
20171229 -2462.50
20180102 -2462.50
20180103 -2462.50
20180104 -2462.50
20180105 -2462.50
20180108 -2462.50
20180109 -2462.50
20180110 -2462.50
20180111 -2462.50
20180112 -2462.50
20180115 -2462.50
20180116 -2462.50
20180117 -2462.50
20180118 -2462.50
20180119 -2462.50
20180122 -2462.50
20180123 -2462.50
20180124 -2462.50
20180125 -2462.50
20180126 -2462.50
20180129 -2462.50
20180130 -2462.50
20180131 -2100.00
20180201 -2587.50
20180202 -2587.50
20180205 -9162.50
20180206 -9512.50
20180207 -9512.50
20180208 -9512.50
20180209 -7412.50
20180212 -6450.00
20180213 -6450.00
20180214 -6450.00
20180215 -6450.00
20180216 -6450.00
20180219 -6450.00
20180220 -6450.00
20180221 -6800.00
20180222 -6162.50
20180223 -5887.50
20180226 -5887.50
20180227 -5887.50
20180228 -5887.50
20180301 -7575.00
20180302 -6975.00
20180305 -5562.50
20180306 -4962.50
20180307 -4962.50
20180308 -4962.50
20180309 -4962.50
20180312 -4962.50
20180313 -4962.50
20180314 -4962.50
20180315 -4600.00
20180316 -4612.50
20180319 -4612.50
20180320 -4612.50
20180321 -4612.50
20180322 -4612.50
20180323 -6825.00
20180326 -3737.50
20180327 -3237.50
20180328 -3237.50
20180329 -3237.50
20180402 -3237.50
20180403 -3237.50
20180404 -3237.50
20180405 -3237.50
20180406 -3237.50
20180409 -3237.50
20180410 -3237.50
20180411 -3237.50
20180412 -3237.50
20180413 -3237.50
20180416 -3237.50
20180417 -3237.50
20180418 -3237.50
20180419 -3237.50
20180420 -3237.50
20180423 -2662.50
20180424 -4462.50
20180425 -4000.00
20180426 -2500.00
20180427 -2637.50
20180430 -2637.50
20180501 -2087.50
20180502 -2287.50
20180503 -2287.50
20180504 -2287.50
20180507 -2287.50
20180508 -2287.50
20180509 -2287.50
20180510 -2287.50
20180511 -2287.50
20180514 -2287.50
20180515 -2287.50
20180516 -2287.50
20180517 -2287.50
20180518 -2287.50
20180521 -2287.50
20180522 -2287.50
20180523 -2287.50
20180524 -2287.50
20180525 -2287.50
20180528 -2287.50
20180529 -2287.50
20180530 -2287.50
20180531 -2287.50
20180601 -2287.50
20180604 -2287.50
20180605 -2287.50
20180606 -2287.50
20180607 -2287.50
20180608 -2287.50
20180611 -2287.50
20180612 -2287.50
20180613 -2287.50
20180614 -2287.50
20180615 -2287.50
20180618 -2287.50
20180619 -1500.00
20180620 -1212.50
20180621 -1362.50
20180622 -1362.50
20180625 -1362.50
20180626 -1362.50
20180627 -1362.50
20180628 -1362.50
20180629 -1362.50
20180702 -1362.50
20180703 -1362.50
20180704 -1362.50
20180705 -1362.50
20180706 -1362.50
20180709 -1362.50
20180710 -1362.50
20180711 -1362.50
20180712 -1362.50
20180713 -1362.50
20180716 -1362.50
20180717 -1362.50
20180718 -1362.50
20180719 -1362.50
20180720 -1362.50
20180723  -762.50
20180724  -262.50
20180725  -262.50
20180726  -262.50
20180727  -262.50
20180730  -262.50
20180731  -262.50
20180801  -262.50
20180802  -262.50
20180803  -262.50
20180806  -262.50
20180807  -262.50
20180808  -262.50
20180809  -262.50
20180810  -275.00
20180813  -837.50
20180814   -62.50
20180815  -900.00
20180816  -900.00
20180817  -900.00
20180820  -900.00
20180821  -900.00
20180822  -900.00
20180823  -900.00
20180824  -900.00
20180827  -900.00
20180828  -900.00
20180829  -900.00
20180830  -900.00
20180831  -900.00
20180904  -900.00
20180905  -900.00
20180906  -825.00
20180907 -1037.50
20180910  -762.50
20180911 -1262.50
20180912 -1262.50
20180913 -1262.50
20180914 -1262.50
20180917 -1262.50
20180918 -1262.50
20180919 -1262.50
20180920 -1262.50
20180921 -1262.50
20180924 -1262.50
20180925 -1262.50
20180926 -1600.00
20180927 -1175.00
20180928 -1600.00
20181001 -1600.00
20181002 -1600.00
20181003 -1600.00
20181004 -1600.00
20181005 -1600.00
20181008  -575.00
20181009  -850.00
20181010 -6212.50
20181011 -6650.00
20181012 -6650.00
20181015 -6650.00
20181016 -6650.00
20181017 -6650.00
20181018 -6650.00
20181019 -6650.00
20181022 -6650.00
20181023 -6650.00
20181024 -6650.00
20181025 -6650.00
20181026 -6650.00
20181029 -6650.00
20181030 -6650.00
20181031 -6650.00
20181101 -6687.50
20181102 -6000.00
20181105 -6212.50
20181106 -6212.50
20181107 -8075.00
20181108 -7687.50
20181109 -6200.00
20181112 -7362.50
20181113 -7375.00
20181114 -8825.00
20181115 -7025.00
20181116 -6600.00
20181119 -8937.50
20181120 -11100.00
20181121 -11100.00
20181122 -11100.00
20181123 -11100.00
20181126 -11100.00
20181127 -11100.00
20181128 -13425.00
20181129 -13562.50
20181130 -14262.50
20181203 -16475.00
20181204 -16475.00
20181205 -16475.00
20181206 -16475.00
20181207 -16475.00
20181210 -16475.00
20181211 -16475.00
20181212 -16475.00
20181213 -16475.00
20181214 -16475.00
20181217 -16475.00
20181218 -16475.00
20181219 -16475.00
20181220 -16475.00
20181221 -16475.00
20181224 -16475.00
20181226 -16475.00
20181227 -16475.00
20181228 -15575.00
20181231 -16500.00
20190102 -16500.00
20190103 -16500.00
20190104 -16500.00
20190107 -16500.00
20190108 -16325.00
20190109 -16825.00
20190110 -17400.00
20190111 -17450.00
20190114 -16725.00
20190115 -17975.00
20190116 -18487.50
20190117 -18937.50
20190118 -20750.00
20190121 -20337.50
20190122 -18775.00
20190123 -19087.50
20190124 -18875.00
20190125 -20350.00
20190128 -19150.00
20190129 -19150.00
20190130 -19150.00
20190131 -19150.00
20190201 -18912.50
20190204 -18987.50
20190205 -18987.50
20190206 -18987.50
20190207 -18987.50
20190208 -18987.50
20190211 -18987.50
20190212 -19887.50
20190213 -20125.00
20190214 -19825.00
20190215 -21500.00
20190218 -21562.50
20190219 -21000.00
20190220 -21000.00
20190221 -21000.00
20190222 -21000.00
20190225 -21000.00
20190226 -21000.00
20190227 -21000.00
20190228 -21000.00
20190301 -21000.00
20190304 -21000.00
20190305 -21000.00
20190306 -21000.00
20190307 -21000.00
20190308 -21000.00
20190311 -21000.00
20190312 -21000.00
20190313 -21000.00
20190314 -21000.00
20190315 -21000.00
20190318 -21000.00
20190319 -21000.00
20190320 -21000.00
20190321 -21000.00
20190322 -21000.00
20190325 -21000.00
20190326 -21000.00
20190327 -21000.00
20190328 -21000.00
20190329 -21000.00
20190401 -21000.00
20190402 -21000.00
20190403 -21000.00
20190404 -21000.00
20190405 -21000.00
20190408 -21000.00
20190409 -21000.00
20190410 -21000.00
20190411 -21000.00
20190412 -21000.00
20190415 -21000.00
20190416 -21000.00
20190417 -21000.00
20190418 -21000.00
20190422 -21000.00
20190423 -21000.00
20190424 -21000.00
20190425 -21000.00
20190426 -21000.00
20190429 -21000.00
20190430 -21000.00
20190501 -21000.00
20190502 -21000.00
20190503 -21000.00
20190506 -21000.00
20190507 -21000.00
20190508 -21000.00
20190509 -20175.00
20190510 -19462.50
20190513 -22525.00
20190514 -22525.00
20190515 -22525.00
20190516 -22525.00
20190517 -22525.00
20190520 -22525.00
20190521 -22525.00
20190522 -22525.00
20190523 -22525.00
20190524 -22525.00
20190528 -22525.00
20190529 -22525.00
20190530 -22525.00
20190531 -22525.00
20190603 -22525.00
20190604 -22525.00
20190605 -22525.00
20190606 -22525.00
20190607 -22525.00
20190610 -22525.00
20190611 -22525.00
20190612 -22525.00
20190613 -22525.00
20190614 -22525.00
20190617 -22525.00
20190618 -22525.00
20190619 -22525.00
20190620 -22525.00
20190621 -22525.00
20190624 -22525.00
20190625 -22525.00
20190626 -22525.00
20190627 -22525.00
20190628 -22525.00
20190701 -22525.00
20190702 -22525.00
20190703 -22525.00
20190705 -22525.00
20190708 -22525.00
20190709 -21737.50
20190710 -21150.00
20190711 -21150.00
20190712 -21150.00
20190715 -21150.00
20190716 -21150.00
20190717 -21150.00
20190718 -20312.50
20190719 -19775.00
20190722 -19775.00
20190723 -19775.00
20190724 -19775.00
20190725 -19775.00
20190726 -19775.00
20190729 -19775.00
20190730 -19775.00
20190731 -20737.50
20190801 -22250.00
20190802 -23225.00
20190805 -25650.00
20190806 -25650.00
20190807 -25650.00
20190808 -25650.00
20190809 -25650.00
20190812 -25650.00
20190813 -25650.00
20190814 -25650.00
20190815 -25650.00
20190816 -25650.00
20190819 -25650.00
20190820 -25650.00
20190821 -25650.00
20190822 -25650.00
20190823 -25650.00
20190826 -25650.00
20190827 -25650.00
20190828 -25650.00
20190829 -25650.00
20190830 -25650.00
20190903 -25650.00
20190904 -25650.00
20190905 -25650.00
20190906 -25650.00
20190909 -25650.00
20190910 -25650.00
20190911 -25650.00
20190912 -25650.00
20190913 -25650.00
20190916 -25650.00
20190917 -25650.00
20190918 -25650.00
20190919 -25650.00
20190920 -25650.00
20190923 -25062.50
20190924 -24725.00
20190925 -24725.00
20190926 -24725.00
20190927 -24725.00
20190930 -24725.00
20191001 -24725.00
20191002 -24725.00
20191003 -22837.50
20191004 -22562.50
20191007 -22562.50
20191008 -22562.50
20191009 -22562.50
20191010 -22562.50
20191011 -22562.50
20191014 -22562.50
20191015 -22562.50
20191016 -22562.50
20191017 -22562.50
20191018 -22562.50
20191021 -22562.50
20191022 -22562.50
20191023 -22562.50
20191024 -22562.50
20191025 -22562.50
20191028 -22562.50
20191029 -22562.50
20191030 -22562.50
20191031 -22562.50
20191101 -22562.50
20191104 -22562.50
20191105 -22562.50
20191106 -22562.50
20191107 -22562.50
20191108 -22562.50
20191111 -22562.50
20191112 -22562.50
20191113 -22562.50
20191114 -22562.50
20191115 -22562.50
20191118 -22562.50
20191119 -22562.50
20191120 -22562.50
20191121 -22562.50
20191122 -22562.50
20191125 -22562.50
20191126 -22562.50
20191127 -22562.50
20191129 -22562.50
20191202 -22562.50
20191203 -22250.00
20191204 -21250.00
20191205 -20850.00
20191206 -20850.00
20191209 -20850.00
20191210 -20850.00
20191211 -20850.00
20191212 -20850.00
20191213 -20850.00
20191216 -20850.00
20191217 -20850.00
20191218 -20850.00
20191219 -20850.00
20191220 -20850.00
20191223 -20850.00
20191224 -20850.00
20191226 -20850.00
20191227 -20850.00
20191230 -20850.00
20191231 -20150.00
20200102 -19425.00
20200103 -19425.00
20200106 -19425.00
20200107 -19425.00
20200108 -19425.00
20200109 -19425.00
20200110 -19425.00
20200113 -19425.00
20200114 -19425.00
20200115 -19425.00
20200116 -19425.00
20200117 -19425.00
20200121 -19425.00
20200122 -19425.00
20200123 -19425.00
20200124 -19425.00
20200127 -19425.00
20200128 -19425.00
20200129 -19425.00
20200130 -19425.00
20200131 -19425.00
20200203 -19425.00
20200204 -19425.00
20200205 -19425.00
20200206 -19425.00
20200207 -19425.00
20200210 -19425.00
20200211 -19425.00
20200212 -19425.00
20200213 -19425.00
20200214 -19425.00
20200218 -19425.00
20200219 -19425.00
20200220 -19425.00
20200221 -19425.00
20200224 -19737.50
20200225 -24475.00
20200226 -24825.00
20200227 -29525.00
20200228 -29525.00
20200302 -29525.00
20200303 -29525.00
20200304 -29525.00
20200305 -29525.00
20200306 -29525.00
20200309 -29525.00
20200310 -29525.00
20200311 -29525.00
20200312 -29525.00
20200313 -29525.00
20200316 -29525.00
20200317 -29525.00
20200318 -29525.00
20200319 -29525.00
20200320 -29525.00
20200323 -29525.00
20200324 -29525.00
20200325 -29525.00
20200326 -31887.50
20200327 -27687.50
20200330 -29212.50
20200331 -29212.50
20200401 -29212.50
20200402 -29212.50
20200403 -29212.50
20200406 -29212.50
20200407 -29212.50
20200408 -29212.50
20200409 -29212.50
20200413 -29212.50
20200414 -29212.50
20200415 -29212.50
20200416 -29212.50
20200417 -29212.50
20200420 -29212.50
20200421 -29212.50
20200422 -29212.50
20200423 -29212.50
20200424 -29212.50
20200427 -29212.50
20200428 -27150.00
20200429 -29487.50
20200430 -29487.50
20200501 -29487.50
20200504 -29487.50
20200505 -29487.50
20200506 -29487.50
20200507 -29487.50
20200508 -29487.50
20200511 -29137.50
20200512 -29800.00
20200513 -29800.00
20200514 -29800.00
20200515 -29800.00
20200518 -29800.00
20200519 -29800.00
20200520 -29800.00
20200521 -29800.00
20200522 -29800.00
20200526 -29800.00
20200527 -29800.00
20200528 -29800.00
20200529 -29800.00
20200601 -29800.00
20200602 -29800.00
20200603 -29800.00
20200604 -29800.00
20200605 -29800.00
20200608 -29800.00
20200609 -29800.00
20200610 -29800.00
20200611 -34862.50
20200612 -34850.00
20200615 -34850.00
20200616 -34850.00
20200617 -34850.00
20200618 -34850.00
20200619 -35912.50
20200622 -33350.00
20200623 -32225.00
20200624 -32225.00
20200625 -32225.00
20200626 -32225.00
20200629 -32225.00
20200630 -32225.00
20200701 -32225.00
20200702 -32225.00
20200706 -32225.00
20200707 -32225.00
20200708 -32225.00
20200709 -32225.00
20200710 -32225.00
20200713 -32225.00
20200714 -32225.00
20200715 -32225.00
20200716 -32225.00
20200717 -32225.00
20200720 -32225.00
20200721 -32225.00
20200722 -32225.00
20200723 -32225.00
20200724 -32225.00
20200727 -32225.00
20200728 -32225.00
20200729 -32225.00
20200730 -32225.00
20200731 -32225.00
20200803 -32225.00
20200804 -32225.00
20200805 -32225.00
20200806 -32225.00
20200807 -32225.00
20200810 -32225.00
20200811 -32225.00
20200812 -32225.00
20200813 -32225.00
20200814 -32225.00
20200817 -32225.00
20200818 -32225.00
20200819 -32225.00
20200820 -32225.00
20200821 -32225.00
20200824 -32225.00
20200825 -32225.00
20200826 -32225.00
20200827 -32225.00
20200828 -32225.00
20200831 -32225.00
20200901 -32225.00
20200902 -32225.00
20200903 -32225.00
20200904 -32225.00
20200908 -32837.50
20200909 -29600.00
20200910 -28812.50
20200911 -28812.50
20200914 -28812.50
20200915 -28812.50
20200916 -28812.50
20200917 -28812.50
20200918 -28887.50
20200921 -33862.50
20200922 -33862.50
20200923 -33862.50
20200924 -33862.50
20200925 -33862.50
20200928 -33862.50
20200929 -33862.50
20200930 -33862.50
20201001 -33862.50
20201002 -33862.50
20201005 -33862.50
20201006 -33862.50
20201007 -33862.50
20201008 -33862.50
20201009 -33862.50
20201012 -33862.50
20201013 -33862.50
20201014 -33862.50
20201015 -31962.50
20201016 -32625.00
20201019 -34600.00
20201020 -34125.00
20201021 -34112.50
20201022 -33275.00
20201023 -32787.50
20201026 -32787.50
20201027 -32787.50
20201028 -35362.50
20201029 -34162.50
20201030 -35600.00
20201102 -33875.00
20201103 -31337.50
20201104 -28450.00
20201105 -28450.00
20201106 -28450.00
20201109 -28450.00
20201110 -28450.00
20201111 -28450.00
20201112 -28450.00
20201113 -28450.00
20201116 -28450.00
20201117 -28450.00
20201118 -28450.00
20201119 -27525.00
20201120 -27562.50
20201123 -27562.50
20201124 -27562.50
20201125 -27562.50
20201127 -27562.50
20201130 -27562.50
20201201 -27562.50
20201202 -27562.50
20201203 -27562.50
20201204 -27562.50
20201207 -27562.50
20201208 -27562.50
20201209 -27562.50
20201210 -27562.50
20201211 -26687.50
20201214 -27200.00
20201215 -25112.50
20201216 -24862.50
20201217 -24862.50
20201218 -24862.50
20201221 -24862.50
20201222 -24862.50
20201223 -24862.50
20201224 -24862.50
20201228 -24862.50
20201229 -24862.50
20201230 -24862.50
20201231 -23462.50
20210104 -23025.00
20210105 -23025.00
20210106 -23025.00
20210107 -23025.00
20210108 -23025.00
20210111 -23025.00
20210112 -23025.00
20210113 -23025.00
20210114 -23025.00
20210115 -23025.00
20210119 -23025.00
20210120 -23025.00
20210121 -23025.00
20210122 -23025.00
20210125 -23025.00
20210126 -23025.00
20210127 -23025.00
20210128 -23025.00
20210129 -23025.00
20210201 -23025.00
20210202 -23025.00
20210203 -23025.00
20210204 -23025.00
20210205 -23025.00
20210208 -23025.00
20210209 -23025.00
20210210 -23025.00
20210211 -23025.00
20210212 -23025.00
20210216 -23025.00
20210217 -23025.00
20210218 -23025.00
20210219 -23025.00
20210222 -22912.50
20210223 -22912.50
20210224 -20350.00
20210225 -21375.00
20210226 -21375.00
20210301 -21375.00
20210302 -21375.00
20210303 -21375.00
20210304 -23437.50
20210305 -20100.00
20210308 -19662.50
20210309 -19662.50
20210310 -19662.50
20210311 -19662.50
20210312 -19662.50
20210315 -19662.50
20210316 -19662.50
20210317 -19662.50
20210318 -19662.50
20210319 -19662.50
20210322 -19662.50
20210323 -19662.50
20210324 -19662.50
20210325 -17600.00
20210326 -17237.50
20210329 -17237.50
20210330 -17237.50
20210331 -17237.50
20210401 -17237.50
20210405 -17237.50
20210406 -17237.50
20210407 -17237.50
20210408 -17237.50
20210409 -17237.50
20210412 -17237.50
20210413 -17237.50
20210414 -17237.50
20210415 -17237.50
20210416 -17237.50
20210419 -17237.50
20210420 -17237.50
20210421 -17237.50
20210422 -17237.50
20210423 -17237.50
20210426 -17237.50
20210427 -17237.50
20210428 -17237.50
20210429 -17237.50
20210430 -17237.50
20210503 -17237.50
20210504 -17237.50
20210505 -17237.50
20210506 -17237.50
20210507 -17237.50
20210510 -17237.50
20210511 -17237.50
20210512 -19600.00
20210513 -17212.50
20210514 -15725.00
20210517 -15725.00
20210518 -15725.00
20210519 -13950.00
20210520 -11637.50
20210521 -10787.50
20210524 -10787.50
20210525 -10787.50
20210526 -10787.50
20210527 -10787.50
20210528 -10787.50
20210601 -10787.50
20210602 -10787.50
20210603 -10787.50
20210604 -10787.50
20210607 -10787.50
20210608 -10787.50
20210609 -10787.50
20210610 -10787.50
20210611 -10787.50
20210614 -10787.50
20210615 -10787.50
20210616 -10787.50
20210617 -9687.50
20210618 -12625.00
20210621 -9612.50
20210622 -9650.00
20210623 -9650.00
20210624 -9650.00
20210625 -9650.00
20210628 -9650.00
20210629 -9650.00
20210630 -9650.00
20210701 -9650.00
20210702 -9650.00
20210706 -9650.00
20210707 -9650.00
20210708 -9650.00
20210709 -9650.00
20210712 -9650.00
20210713 -9650.00
20210714 -9650.00
20210715 -9650.00
20210716 -9650.00
20210719 -10425.00
20210720 -7212.50
20210721 -6637.50
20210722 -6637.50
20210723 -6637.50
20210726 -6637.50
20210727 -6637.50
20210728 -6637.50
20210729 -6637.50
20210730 -6637.50
20210802 -6637.50
20210803 -4750.00
20210804 -5462.50
20210805 -5462.50
20210806 -5462.50
20210809 -5462.50
20210810 -5462.50
20210811 -5462.50
20210812 -5462.50
20210813 -5462.50
20210816 -5462.50
20210817 -5462.50
20210818 -5462.50
20210819 -3675.00
20210820 -3537.50
20210823 -3537.50
20210824 -3537.50
20210825 -3537.50
20210826 -3537.50
20210827 -3537.50
20210830 -3537.50
20210831 -3537.50
20210901 -3537.50
20210902 -3537.50
20210903 -3537.50
20210907 -3537.50
20210908 -3450.00
20210909 -4462.50
20210910 -6162.50
20210913 -5637.50
20210914 -6875.00
20210915 -6687.50
20210916 -6687.50
20210917 -6687.50
20210920 -6987.50
20210921 -7237.50
20210922 -5200.00
20210923 -4237.50
20210924 -4237.50
20210927 -4237.50
20210928 -4237.50
20210929 -4237.50
20210930 -4237.50
20211001 -4237.50
20211004 -4237.50
20211005 -4237.50
20211006 -4237.50
20211007 -4237.50
20211008 -4237.50
20211011 -4237.50
20211012 -4500.00
20211013 -3787.50
20211014 -1812.50
20211015 -1812.50
20211018 -1812.50
20211019 -1812.50
20211020 -1812.50
20211021 -1812.50
20211022 -1812.50
20211025 -1812.50
20211026 -1812.50
20211027 -1812.50
20211028 -1812.50
20211029 -1812.50
20211101 -1812.50
20211102 -1812.50
20211103 -1812.50
20211104 -1812.50
20211105 -1812.50
20211108 -1812.50
20211109 -1812.50
20211110 -1812.50
20211111 -1812.50
20211112 -1812.50
20211115 -1812.50
20211116 -1812.50
20211117 -1812.50
20211118 -1812.50
20211119 -1812.50
20211122 -1812.50
20211123 -1100.00
20211124 -2325.00
20211126 -2325.00
20211129 -2325.00
20211130 -2325.00
20211201 -2325.00
20211202 -2325.00
20211203 -2325.00
20211206 -2325.00
20211207 -2325.00
20211208 -2325.00
20211209 -2325.00
20211210 -2325.00
20211213 -2325.00
20211214 -2325.00
20211215 -2325.00
20211216 -2325.00
20211217 -2325.00
20211220 -2050.00
20211221     0.00
20211222  -212.50
20211223  -212.50
20211227  -212.50
20211228  -212.50
20211229  -212.50
20211230  -212.50
20211231  -212.50
20220103     0.00
20220104     0.00
20220105     0.00
20220106     0.00
20220107  -987.50
20220110 -5062.50
20220111 -5062.50
20220112 -5062.50
20220113 -5062.50
20220114 -5062.50
20220118 -5062.50
20220119 -5062.50
20220120 -7387.50
20220121 -10112.50
20220124 -10112.50
20220125 -10112.50
20220126 -10112.50
20220127 -10112.50
20220128 -10112.50
20220131 -10112.50
20220201 -10112.50
20220202 -10112.50
20220203 -10112.50
20220204 -10112.50
20220207 -10112.50
20220208 -10112.50
20220209 -10112.50
20220210 -10112.50
20220211 -10112.50
20220214 -10112.50
20220215 -10112.50
20220216 -10112.50
20220217 -10112.50
20220218 -10112.50
20220222 -10112.50
20220223 -10112.50
20220224 -10112.50
20220225 -10112.50
20220228 -9350.00
20220301 -8662.50
20220302 -8662.50
20220303 -8662.50
20220304 -8662.50
20220307 -8662.50
20220308 -8662.50
20220309 -8662.50
20220310 -8662.50
20220311 -8662.50
20220314 -8662.50
20220315 -8662.50
20220316 -8662.50
20220317 -11100.00
20220318 -13725.00
20220321 -13725.00
20220322 -13725.00
20220323 -13725.00
20220324 -13725.00
20220325 -13725.00
20220328 -13725.00
20220329 -13725.00
20220330 -13725.00
20220331 -13725.00
