Date,ES,
20100104,0,100000
20100105,0,100000
20100106,0,100000
20100107,0,100000
20100108,0,100000
20100111,0,100000
20100112,0,100000
20100113,0,100000
20100114,0,100000
20100115,0,100000
20100119,0,100000
20100120,0,100000
20100121,0,100000
20100122,1,99162.0
20100125,1,99238.0
20100126,1,98975.0
20100127,1,99338.0
20100128,1,98575.0
20100129,0,98838.0
20100201,0,98838.0
20100202,0,98838.0
20100203,0,98838.0
20100204,0,98838.0
20100205,1,98862.0
20100208,1,98675.0
20100209,1,99188.0
20100210,0,99100.0
20100211,0,99100.0
20100212,0,99100.0
20100216,0,99100.0
20100217,0,99100.0
20100218,0,99100.0
20100219,0,99100.0
20100222,0,99100.0
20100223,0,99100.0
20100224,0,99100.0
20100225,0,99100.0
20100226,0,99100.0
20100301,0,99100.0
20100302,0,99100.0
20100303,0,99100.0
20100304,0,99100.0
20100305,0,99100.0
20100308,0,99100.0
20100309,0,99100.0
20100310,0,99100.0
20100311,0,99100.0
20100312,0,99100.0
20100315,0,99100.0
20100316,0,99100.0
20100317,0,99100.0
20100318,0,99100.0
20100319,0,99100.0
20100322,0,99100.0
20100323,0,99100.0
20100324,0,99100.0
20100325,0,99100.0
20100326,1,99262.0
20100329,0,99388.0
20100330,0,99388.0
20100331,0,99388.0
20100401,0,99388.0
20100405,0,99388.0
20100406,0,99388.0
20100407,0,99388.0
20100408,0,99388.0
20100409,0,99388.0
20100412,0,99388.0
20100413,0,99388.0
20100414,0,99388.0
20100415,0,99388.0
20100416,0,99388.0
20100419,0,99388.0
20100420,0,99388.0
20100421,0,99388.0
20100422,0,99388.0
20100423,0,99388.0
20100426,0,99388.0
20100427,0,99388.0
20100428,0,99388.0
20100429,0,99388.0
20100430,0,99388.0
20100503,0,99388.0
20100504,0,99388.0
20100505,0,99388.0
20100506,1,97775.0
20100507,1,97000.0
20100510,1,99475.0
20100511,0,98900.0
20100512,0,98900.0
20100513,0,98900.0
20100514,0,98900.0
20100517,1,99438.0
20100518,1,98650.0
20100519,1,98212.0
20100520,1,96212.0
20100521,1,96938.0
20100524,0,96662.0
20100525,0,96662.0
20100526,0,96662.0
20100527,0,96662.0
20100528,0,96662.0
20100601,0,96662.0
20100602,0,96662.0
20100603,0,96662.0
20100604,0,96662.0
20100607,0,96662.0
20100608,0,96662.0
20100609,0,96662.0
20100610,0,96662.0
20100611,0,96662.0
20100614,1,97138.0
20100615,1,95988.0
20100616,1,95975.0
20100617,1,95862.0
20100618,1,95938.0
20100621,0,95075.0
20100622,0,95075.0
20100623,0,95075.0
20100624,0,95075.0
20100625,0,95075.0
20100628,0,95075.0
20100629,0,95075.0
20100630,0,95075.0
20100701,0,95075.0
20100702,0,95075.0
20100706,0,95075.0
20100707,0,95075.0
20100708,1,94950.0
20100709,1,94675.0
20100712,1,94475.0
20100713,1,93812.0
20100714,1,93750.0
20100715,0,93688.0
20100716,0,93688.0
20100719,0,93688.0
20100720,0,93688.0
20100721,1,94738.0
20100722,0,93975.0
20100723,0,93975.0
20100726,1,93575.0
20100727,1,93500.0
20100728,1,93950.0
20100729,1,94200.0
20100730,0,94675.0
20100802,0,94675.0
20100803,0,94675.0
20100804,0,94675.0
20100805,0,94675.0
20100806,0,94675.0
20100809,0,94675.0
20100810,0,94675.0
20100811,0,94675.0
20100812,0,94675.0
20100813,0,94675.0
20100816,0,94675.0
20100817,0,94675.0
20100818,0,94675.0
20100819,0,94675.0
20100820,0,94675.0
20100823,0,94675.0
20100824,0,94675.0
20100825,0,94675.0
20100826,0,94675.0
20100827,0,94675.0
20100830,0,94675.0
20100831,0,94675.0
20100901,0,94675.0
20100902,1,94325.0
20100903,1,93625.0
20100907,1,94238.0
20100908,1,93838.0
20100909,1,93688.0
20100910,0,93475.0
20100913,0,93475.0
20100914,0,93475.0
20100915,0,93475.0
20100916,0,93475.0
20100917,0,93475.0
20100920,0,93475.0
20100921,0,93475.0
20100922,0,93475.0
20100923,1,93488.0
20100924,1,94625.0
20100927,0,94612.0
20100928,0,94612.0
20100929,0,94612.0
20100930,0,94612.0
20101001,0,94612.0
20101004,0,94612.0
20101005,0,94612.0
20101006,0,94612.0
20101007,0,94612.0
20101008,0,94612.0
20101011,0,94612.0
20101012,0,94612.0
20101013,0,94612.0
20101014,0,94612.0
20101015,0,94612.0
20101018,0,94612.0
20101019,0,94612.0
20101020,0,94612.0
20101021,0,94612.0
20101022,0,94612.0
20101025,0,94612.0
20101026,0,94612.0
20101027,0,94612.0
20101028,0,94612.0
20101029,0,94612.0
20101101,0,94612.0
20101102,0,94612.0
20101103,0,94612.0
20101104,0,94612.0
20101105,0,94612.0
20101108,0,94612.0
20101109,0,94612.0
20101110,1,95000.0
20101111,0,94525.0
20101112,0,94525.0
20101115,0,94525.0
20101116,0,94525.0
20101117,0,94525.0
20101118,0,94525.0
20101119,0,94525.0
20101122,0,94525.0
20101123,0,94525.0
20101124,0,94525.0
20101126,0,94525.0
20101129,0,94525.0
20101130,0,94525.0
20101201,0,94525.0
20101202,0,94525.0
20101203,0,94525.0
20101206,0,94525.0
20101207,0,94525.0
20101208,0,94525.0
20101209,0,94525.0
20101210,0,94525.0
20101213,0,94525.0
20101214,0,94525.0
20101215,0,94525.0
20101216,0,94525.0
20101217,0,94525.0
20101220,0,94525.0
20101221,0,94525.0
20101222,0,94525.0
20101223,0,94525.0
20101227,0,94525.0
20101228,0,94525.0
20101229,0,94525.0
20101230,0,94525.0
20101231,0,94525.0
20110103,0,94525.0
20110104,0,94525.0
20110105,0,94525.0
20110106,0,94525.0
20110107,0,94525.0
20110110,0,94525.0
20110111,0,94525.0
20110112,0,94525.0
20110113,0,94525.0
20110114,0,94525.0
20110118,0,94525.0
20110119,0,94525.0
20110120,0,94525.0
20110121,0,94525.0
20110124,0,94525.0
20110125,0,94525.0
20110126,0,94525.0
20110127,0,94525.0
20110128,0,94525.0
20110131,0,94525.0
20110201,0,94525.0
20110202,0,94525.0
20110203,0,94525.0
20110204,0,94525.0
20110207,0,94525.0
20110208,0,94525.0
20110209,0,94525.0
20110210,0,94525.0
20110211,0,94525.0
20110214,0,94525.0
20110215,0,94525.0
20110216,0,94525.0
20110217,0,94525.0
20110218,0,94525.0
20110222,0,94525.0
20110223,0,94525.0
20110224,1,94788.0
20110225,1,95588.0
20110228,0,95788.0
20110301,0,95788.0
20110302,0,95788.0
20110303,0,95788.0
20110304,0,95788.0
20110307,0,95788.0
20110308,0,95788.0
20110309,0,95788.0
20110310,0,95788.0
20110311,1,96575.0
20110314,0,95988.0
20110315,0,95988.0
20110316,1,95925.0
20110317,1,96662.0
20110318,0,97400.0
20110321,0,97400.0
20110322,0,97400.0
20110323,0,97400.0
20110324,0,97400.0
20110325,0,97400.0
20110328,0,97400.0
20110329,0,97400.0
20110330,0,97400.0
20110331,0,97400.0
20110401,0,97400.0
20110404,0,97400.0
20110405,0,97400.0
20110406,0,97400.0
20110407,0,97400.0
20110408,0,97400.0
20110411,1,97438.0
20110412,1,96875.0
20110413,1,96900.0
20110414,1,96975.0
20110415,1,97400.0
20110418,1,96512.0
20110419,0,96575.0
20110420,0,96575.0
20110421,0,96575.0
20110425,0,96575.0
20110426,0,96575.0
20110427,0,96575.0
20110428,0,96575.0
20110429,0,96575.0
20110502,0,96575.0
20110503,0,96575.0
20110504,1,96438.0
20110505,1,96038.0
20110506,1,96012.0
20110509,1,96425.0
20110510,1,96975.0
20110511,0,96825.0
20110512,0,96825.0
20110513,0,96825.0
20110516,0,96825.0
20110517,1,97000.0
20110518,1,97650.0
20110519,0,97825.0
20110520,0,97825.0
20110523,0,97825.0
20110524,0,97825.0
20110525,1,98188.0
20110526,0,98062.0
20110527,0,98062.0
20110531,0,98062.0
20110601,0,98062.0
20110602,0,98062.0
20110603,0,98062.0
20110606,0,98062.0
20110607,1,98138.0
20110608,1,97750.0
20110609,1,98275.0
20110610,0,98000.0
20110613,0,98000.0
20110614,0,98000.0
20110615,0,98000.0
20110616,0,98000.0
20110617,0,98000.0
20110620,0,98000.0
20110621,0,98000.0
20110622,0,98000.0
20110623,0,98000.0
20110624,0,98000.0
20110627,0,98000.0
20110628,0,98000.0
20110629,0,98000.0
20110630,0,98000.0
20110701,0,98000.0
20110705,0,98000.0
20110706,0,98000.0
20110707,0,98000.0
20110708,0,98000.0
20110711,0,98000.0
20110712,1,97950.0
20110713,1,98025.0
20110714,0,98212.0
20110715,0,98212.0
20110718,0,98212.0
20110719,0,98212.0
20110720,0,98212.0
20110721,0,98212.0
20110722,0,98212.0
20110725,0,98212.0
20110726,1,98188.0
20110727,1,96825.0
20110728,1,96712.0
20110729,1,96300.0
20110801,1,95862.0
20110802,0,95500.0
20110803,0,95500.0
20110804,0,95500.0
20110805,0,95500.0
20110808,0,95500.0
20110809,0,95500.0
20110810,0,95500.0
20110811,0,95500.0
20110812,0,95500.0
20110815,1,94912.0
20110816,1,95225.0
20110817,1,95338.0
20110818,1,97662.0
20110819,0,98600.0
20110822,0,98600.0
20110823,0,98600.0
20110824,0,98600.0
20110825,1,99812.0
20110826,0,100088.0
20110829,0,100088.0
20110830,1,100288.0
20110831,0,99525.0
20110901,0,99525.0
20110902,0,99525.0
20110906,0,99525.0
20110907,0,99525.0
20110908,0,99525.0
20110909,0,99525.0
20110912,0,99525.0
20110913,0,99525.0
20110914,1,99012.0
20110915,1,97912.0
20110916,1,97538.0
20110919,1,98238.0
20110920,1,98325.0
20110921,1,100338.0
20110922,0,101750.0
20110923,0,101750.0
20110926,0,101750.0
20110927,1,102262.0
20110928,1,103300.0
20110929,0,102462.0
20110930,0,102462.0
20111003,0,102462.0
20111004,0,102462.0
20111005,0,102462.0
20111006,1,101650.0
20111007,1,101775.0
20111010,1,99975.0
20111011,1,100050.0
20111012,1,99612.0
20111013,0,99750.0
20111014,0,99750.0
20111017,0,99750.0
20111018,0,99750.0
20111019,0,99750.0
20111020,0,99750.0
20111021,0,99750.0
20111024,1,99200.0
20111025,1,100325.0
20111026,0,99612.0
20111027,0,99612.0
20111028,0,99612.0
20111031,0,99612.0
20111101,0,99612.0
20111102,0,99612.0
20111103,0,99612.0
20111104,0,99612.0
20111107,0,99612.0
20111108,0,99612.0
20111109,0,99612.0
20111110,0,99612.0
20111111,0,99612.0
20111114,0,99612.0
20111115,0,99612.0
20111116,0,99612.0
20111117,0,99612.0
20111118,0,99612.0
20111121,0,99612.0
20111122,0,99612.0
20111123,0,99612.0
20111125,0,99612.0
20111128,0,99612.0
20111129,0,99612.0
20111130,1,98762.0
20111201,1,98888.0
20111202,1,98888.0
20111205,1,98312.0
20111206,1,98312.0
20111207,0,98388.0
20111208,0,98388.0
20111209,0,98388.0
20111212,0,98388.0
20111213,0,98388.0
20111214,0,98388.0
20111215,0,98388.0
20111216,0,98388.0
20111219,0,98388.0
20111220,0,98388.0
20111221,0,98388.0
20111222,1,98025.0
20111223,1,97462.0
20111227,1,97462.0
20111228,1,98250.0
20111229,1,97600.0
20111230,1,97850.0
20120103,1,96875.0
20120104,0,97038.0
20120105,0,97038.0
20120106,0,97038.0
20120109,0,97038.0
20120110,0,97038.0
20120111,0,97038.0
20120112,0,97038.0
20120113,0,97038.0
20120117,0,97038.0
20120118,0,97038.0
20120119,0,97038.0
20120120,0,97038.0
20120123,0,97038.0
20120124,0,97038.0
20120125,0,97038.0
20120126,0,97038.0
20120127,0,97038.0
20120130,1,97450.0
20120131,1,97412.0
20120201,1,97988.0
20120202,0,98075.0
20120203,0,98075.0
20120206,0,98075.0
20120207,0,98075.0
20120208,0,98075.0
20120209,0,98075.0
20120210,0,98075.0
20120213,0,98075.0
20120214,0,98075.0
20120215,0,98075.0
20120216,0,98075.0
20120217,0,98075.0
20120221,0,98075.0
20120222,0,98075.0
20120223,0,98075.0
20120224,0,98075.0
20120227,0,98075.0
20120228,0,98075.0
20120229,0,98075.0
20120301,0,98075.0
20120302,0,98075.0
20120305,0,98075.0
20120306,1,97750.0
20120307,1,98288.0
20120308,0,98600.0
20120309,0,98600.0
20120312,0,98600.0
20120313,0,98600.0
20120314,0,98600.0
20120315,0,98600.0
20120316,0,98600.0
20120319,0,98600.0
20120320,0,98600.0
20120321,0,98600.0
20120322,1,98700.0
20120323,1,98950.0
20120326,0,99288.0
20120327,0,99288.0
20120328,0,99288.0
20120329,1,99600.0
20120330,1,99850.0
20120402,0,99725.0
20120403,0,99725.0
20120404,0,99725.0
20120405,1,99812.0
20120409,1,99050.0
20120410,1,98150.0
20120411,1,98500.0
20120412,1,99600.0
20120413,1,98550.0
20120416,1,98500.0
20120417,0,98925.0
20120418,0,98925.0
20120419,0,98925.0
20120420,0,98925.0
20120423,0,98925.0
20120424,0,98925.0
20120425,0,98925.0
20120426,0,98925.0
20120427,0,98925.0
20120430,0,98925.0
20120501,0,98925.0
20120502,0,98925.0
20120503,0,98925.0
20120504,1,98062.0
20120507,1,98225.0
20120508,1,97862.0
20120509,1,97488.0
20120510,1,97812.0
20120511,1,97438.0
20120514,1,96638.0
20120515,0,96625.0
20120516,1,96475.0
20120517,1,95412.0
20120518,1,94888.0
20120521,1,96138.0
20120522,1,96088.0
20120523,1,96138.0
20120524,1,96475.0
20120525,1,96100.0
20120529,1,97025.0
20120530,0,96288.0
20120531,0,96288.0
20120601,0,96288.0
20120604,0,96288.0
20120605,0,96288.0
20120606,0,96288.0
20120607,0,96288.0
20120608,0,96288.0
20120611,0,96288.0
20120612,0,96288.0
20120613,0,96288.0
20120614,0,96288.0
20120615,0,96288.0
20120618,0,96288.0
20120619,0,96288.0
20120620,0,96288.0
20120621,0,96288.0
20120622,0,96288.0
20120625,0,96288.0
20120626,0,96288.0
20120627,0,96288.0
20120628,0,96288.0
20120629,0,96288.0
20120702,0,96288.0
20120703,0,96288.0
20120705,0,96288.0
20120706,0,96288.0
20120709,1,96638.0
20120710,1,95950.0
20120711,1,95988.0
20120712,1,95638.0
20120713,1,96762.0
20120716,0,96538.0
20120717,0,96538.0
20120718,0,96538.0
20120719,0,96538.0
20120720,0,96538.0
20120723,0,96538.0
20120724,1,96412.0
20120725,1,96688.0
20120726,0,97525.0
20120727,0,97525.0
20120730,0,97525.0
20120731,0,97525.0
20120801,1,97500.0
20120802,1,97075.0
20120803,1,98425.0
20120806,0,98488.0
20120807,0,98488.0
20120808,0,98488.0
20120809,0,98488.0
20120810,0,98488.0
20120813,0,98488.0
20120814,0,98488.0
20120815,0,98488.0
20120816,0,98488.0
20120817,0,98488.0
20120820,0,98488.0
20120821,0,98488.0
20120822,1,98712.0
20120823,1,98100.0
20120824,1,98588.0
20120827,0,98675.0
20120828,0,98675.0
20120829,0,98675.0
20120830,1,98412.0
20120831,1,98812.0
20120904,0,98712.0
20120905,0,98712.0
20120906,0,98712.0
20120907,0,98712.0
20120910,0,98712.0
20120911,0,98712.0
20120912,0,98712.0
20120913,0,98712.0
20120914,0,98712.0
20120917,0,98712.0
20120918,0,98712.0
20120919,0,98712.0
20120920,0,98712.0
20120921,0,98712.0
20120924,0,98712.0
20120925,1,98338.0
20120926,1,97825.0
20120927,1,98525.0
20120928,1,98188.0
20121001,1,98325.0
20121002,1,98525.0
20121003,1,98712.0
20121004,1,99262.0
20121005,0,99600.0
20121008,0,99600.0
20121009,1,99025.0
20121010,1,98538.0
20121011,1,98650.0
20121012,1,98300.0
20121015,1,99000.0
20121016,0,99262.0
20121017,0,99262.0
20121018,0,99262.0
20121019,0,99262.0
20121022,1,99588.0
20121023,0,98650.0
20121024,0,98650.0
20121025,1,98975.0
20121026,0,98850.0
20121029,0,98850.0
20121030,0,98850.0
20121031,0,98850.0
20121101,0,98850.0
20121102,0,98850.0
20121105,0,98850.0
20121106,0,98850.0
20121107,0,98850.0
20121108,0,98850.0
20121109,1,99150.0
20121112,0,99288.0
20121113,0,99288.0
20121114,0,99288.0
20121115,0,99288.0
20121116,0,99288.0
20121119,0,99288.0
20121120,0,99288.0
20121121,0,99288.0
20121123,0,99288.0
20121126,0,99288.0
20121127,0,99288.0
20121128,1,100112.0
20121129,0,100362.0
20121130,0,100362.0
20121203,0,100362.0
20121204,1,100312.0
20121205,1,100450.0
20121206,0,100312.0
20121207,0,100312.0
20121210,0,100312.0
20121211,0,100312.0
20121212,0,100312.0
20121213,0,100312.0
20121214,1,100288.0
20121217,1,101175.0
20121218,0,101150.0
20121219,0,101150.0
20121220,0,101150.0
20121221,0,101150.0
20121224,0,101150.0
20121226,1,100875.0
20121227,1,100738.0
20121228,1,99400.0
20121231,1,101200.0
20130102,0,102562.0
20130103,0,102562.0
20130104,0,102562.0
20130107,0,102562.0
20130108,0,102562.0
20130109,0,102562.0
20130110,0,102562.0
20130111,0,102562.0
20130114,0,102562.0
20130115,0,102562.0
20130116,0,102562.0
20130117,0,102562.0
20130118,0,102562.0
20130122,0,102562.0
20130123,0,102562.0
20130124,0,102562.0
20130125,0,102562.0
20130128,0,102562.0
20130129,0,102562.0
20130130,0,102562.0
20130131,0,102562.0
20130201,0,102562.0
20130204,0,102562.0
20130205,0,102562.0
20130206,0,102562.0
20130207,0,102562.0
20130208,0,102562.0
20130211,0,102562.0
20130212,0,102562.0
20130213,0,102562.0
20130214,0,102562.0
20130215,0,102562.0
20130219,0,102562.0
20130220,0,102562.0
20130221,0,102562.0
20130222,0,102562.0
20130225,0,102562.0
20130226,0,102562.0
20130227,0,102562.0
20130228,0,102562.0
20130301,0,102562.0
20130304,0,102562.0
20130305,0,102562.0
20130306,0,102562.0
20130307,0,102562.0
20130308,0,102562.0
20130311,0,102562.0
20130312,0,102562.0
20130313,0,102562.0
20130314,0,102562.0
20130315,0,102562.0
20130318,0,102562.0
20130319,1,102788.0
20130320,1,103125.0
20130321,0,102812.0
20130322,0,102812.0
20130325,0,102812.0
20130326,0,102812.0
20130327,0,102812.0
20130328,0,102812.0
20130401,0,102812.0
20130402,0,102812.0
20130403,0,102812.0
20130404,0,102812.0
20130405,0,102812.0
20130408,0,102812.0
20130409,0,102812.0
20130410,0,102812.0
20130411,0,102812.0
20130412,0,102812.0
20130415,0,102812.0
20130416,0,102812.0
20130417,0,102812.0
20130418,0,102812.0
20130419,0,102812.0
20130422,0,102812.0
20130423,0,102812.0
20130424,0,102812.0
20130425,0,102812.0
20130426,0,102812.0
20130429,0,102812.0
20130430,0,102812.0
20130501,0,102812.0
20130502,0,102812.0
20130503,0,102812.0
20130506,0,102812.0
20130507,0,102812.0
20130508,0,102812.0
20130509,0,102812.0
20130510,0,102812.0
20130513,0,102812.0
20130514,0,102812.0
20130515,0,102812.0
20130516,0,102812.0
20130517,0,102812.0
20130520,0,102812.0
20130521,0,102812.0
20130522,0,102812.0
20130523,0,102812.0
20130524,0,102812.0
20130528,0,102812.0
20130529,0,102812.0
20130530,0,102812.0
20130531,0,102812.0
20130603,0,102812.0
20130604,0,102812.0
20130605,0,102812.0
20130606,1,103675.0
20130607,0,104138.0
20130610,0,104138.0
20130611,0,104138.0
20130612,0,104138.0
20130613,1,105512.0
20130614,0,105362.0
20130617,0,105362.0
20130618,0,105362.0
20130619,0,105362.0
20130620,0,105362.0
20130621,1,105712.0
20130624,1,104825.0
20130625,1,105588.0
20130626,0,106212.0
20130627,0,106212.0
20130628,0,106212.0
20130701,0,106212.0
20130702,0,106212.0
20130703,0,106212.0
20130705,0,106212.0
20130708,0,106212.0
20130709,0,106212.0
20130710,0,106212.0
20130711,0,106212.0
20130712,0,106212.0
20130715,0,106212.0
20130716,0,106212.0
20130717,0,106212.0
20130718,0,106212.0
20130719,0,106212.0
20130722,0,106212.0
20130723,0,106212.0
20130724,0,106212.0
20130725,1,106550.0
20130726,0,106200.0
20130729,0,106200.0
20130730,0,106200.0
20130731,0,106200.0
20130801,0,106200.0
20130802,0,106200.0
20130805,0,106200.0
20130806,0,106200.0
20130807,1,106250.0
20130808,1,106525.0
20130809,0,106338.0
20130812,0,106338.0
20130813,0,106338.0
20130814,0,106338.0
20130815,0,106338.0
20130816,1,106125.0
20130819,1,105825.0
20130820,1,106100.0
20130821,1,105400.0
20130822,1,106312.0
20130823,1,106650.0
20130826,0,106638.0
20130827,0,106638.0
20130828,1,106938.0
20130829,0,106750.0
20130830,0,106750.0
20130903,0,106750.0
20130904,0,106750.0
20130905,0,106750.0
20130906,0,106750.0
20130909,0,106750.0
20130910,0,106750.0
20130911,0,106750.0
20130912,0,106750.0
20130913,0,106750.0
20130916,0,106750.0
20130917,0,106750.0
20130918,0,106750.0
20130919,0,106750.0
20130920,0,106750.0
20130923,1,106362.0
20130924,1,106350.0
20130925,1,106012.0
20130926,1,106350.0
20130927,1,106050.0
20130930,0,105175.0
20131001,0,105175.0
20131002,0,105175.0
20131003,0,105175.0
20131004,0,105175.0
20131007,0,105175.0
20131008,0,105175.0
20131009,1,105200.0
20131010,1,107012.0
20131011,0,106912.0
20131014,0,106912.0
20131015,0,106912.0
20131016,0,106912.0
20131017,0,106912.0
20131018,0,106912.0
20131021,0,106912.0
20131022,0,106912.0
20131023,0,106912.0
20131024,0,106912.0
20131025,0,106912.0
20131028,0,106912.0
20131029,0,106912.0
20131030,0,106912.0
20131031,0,106912.0
20131101,1,107138.0
20131104,0,107450.0
20131105,0,107450.0
20131106,0,107450.0
20131107,0,107450.0
20131108,0,107450.0
20131111,0,107450.0
20131112,0,107450.0
20131113,0,107450.0
20131114,0,107450.0
20131115,0,107450.0
20131118,0,107450.0
20131119,0,107450.0
20131120,1,107338.0
20131121,1,108038.0
20131122,0,108038.0
20131125,0,108038.0
20131126,0,108038.0
20131127,0,108038.0
20131129,0,108038.0
20131202,0,108038.0
20131203,1,107912.0
20131204,1,107925.0
20131205,1,107538.0
20131206,1,108588.0
20131209,0,108775.0
20131210,0,108775.0
20131211,0,108775.0
20131212,1,108550.0
20131213,1,108550.0
20131216,1,109138.0
20131217,0,109150.0
20131218,0,109150.0
20131219,0,109150.0
20131220,0,109150.0
20131223,0,109150.0
20131224,0,109150.0
20131226,0,109150.0
20131227,0,109150.0
20131230,0,109150.0
20131231,0,109150.0
20140102,0,109150.0
20140103,0,109150.0
20140106,1,109038.0
20140107,1,109538.0
20140108,0,109512.0
20140109,0,109512.0
20140110,0,109512.0
20140113,0,109512.0
20140114,0,109512.0
20140115,0,109512.0
20140116,0,109512.0
20140117,0,109512.0
20140121,1,109975.0
20140122,0,110062.0
20140123,0,110062.0
20140124,0,110062.0
20140127,1,109788.0
20140128,1,110412.0
20140129,0,109512.0
20140130,0,109512.0
20140131,0,109512.0
20140203,0,109512.0
20140204,0,109512.0
20140205,0,109512.0
20140206,0,109512.0
20140207,0,109512.0
20140210,0,109512.0
20140211,0,109512.0
20140212,0,109512.0
20140213,0,109512.0
20140214,0,109512.0
20140218,0,109512.0
20140219,0,109512.0
20140220,0,109512.0
20140221,0,109512.0
20140224,0,109512.0
20140225,0,109512.0
20140226,0,109512.0
20140227,0,109512.0
20140228,0,109512.0
20140303,0,109512.0
20140304,0,109512.0
20140305,0,109512.0
20140306,0,109512.0
20140307,0,109512.0
20140310,0,109512.0
20140311,0,109512.0
20140312,1,109988.0
20140313,0,110225.0
20140314,0,110225.0
20140317,0,110225.0
20140318,0,110225.0
20140319,0,110225.0
20140320,0,110225.0
20140321,0,110225.0
20140324,0,110225.0
20140325,0,110225.0
20140326,0,110225.0
20140327,0,110225.0
20140328,0,110225.0
20140331,0,110225.0
20140401,0,110225.0
20140402,0,110225.0
20140403,0,110225.0
20140404,0,110225.0
20140407,0,110225.0
20140408,1,110750.0
20140409,0,110988.0
20140410,0,110988.0
20140411,0,110988.0
20140414,0,110988.0
20140415,0,110988.0
20140416,0,110988.0
20140417,0,110988.0
20140421,0,110988.0
20140422,0,110988.0
20140423,0,110988.0
20140424,0,110988.0
20140425,0,110988.0
20140428,0,110988.0
20140429,0,110988.0
20140430,0,110988.0
20140501,0,110988.0
20140502,0,110988.0
20140505,1,111488.0
20140506,0,111362.0
20140507,0,111362.0
20140508,0,111362.0
20140509,0,111362.0
20140512,0,111362.0
20140513,0,111362.0
20140514,0,111362.0
20140515,0,111362.0
20140516,0,111362.0
20140519,0,111362.0
20140520,0,111362.0
20140521,0,111362.0
20140522,0,111362.0
20140523,0,111362.0
20140527,0,111362.0
20140528,0,111362.0
20140529,0,111362.0
20140530,0,111362.0
20140602,0,111362.0
20140603,0,111362.0
20140604,0,111362.0
20140605,0,111362.0
20140606,0,111362.0
20140609,0,111362.0
20140610,0,111362.0
20140611,0,111362.0
20140612,0,111362.0
20140613,0,111362.0
20140616,0,111362.0
20140617,0,111362.0
20140618,0,111362.0
20140619,0,111362.0
20140620,0,111362.0
20140623,0,111362.0
20140624,0,111362.0
20140625,1,111950.0
20140626,0,112000.0
20140627,0,112000.0
20140630,0,112000.0
20140701,0,112000.0
20140702,0,112000.0
20140703,0,112000.0
20140707,0,112000.0
20140708,0,112000.0
20140709,0,112000.0
20140710,0,112000.0
20140711,0,112000.0
20140714,0,112000.0
20140715,0,112000.0
20140716,0,112000.0
20140717,0,112000.0
20140718,0,112000.0
20140721,0,112000.0
20140722,0,112000.0
20140723,0,112000.0
20140724,0,112000.0
20140725,0,112000.0
20140728,0,112000.0
20140729,0,112000.0
20140730,0,112000.0
20140731,0,112000.0
20140801,0,112000.0
20140804,0,112000.0
20140805,0,112000.0
20140806,0,112000.0
20140807,0,112000.0
20140808,0,112000.0
20140811,0,112000.0
20140812,0,112000.0
20140813,0,112000.0
20140814,0,112000.0
20140815,0,112000.0
20140818,0,112000.0
20140819,0,112000.0
20140820,0,112000.0
20140821,0,112000.0
20140822,0,112000.0
20140825,0,112000.0
20140826,0,112000.0
20140827,0,112000.0
20140828,0,112000.0
20140829,0,112000.0
20140902,0,112000.0
20140903,0,112000.0
20140904,1,112075.0
20140905,1,112488.0
20140908,0,112312.0
20140909,0,112312.0
20140910,1,112900.0
20140911,0,112450.0
20140912,0,112450.0
20140915,0,112450.0
20140916,0,112450.0
20140917,0,112450.0
20140918,0,112450.0
20140919,0,112450.0
20140922,0,112450.0
20140923,1,112075.0
20140924,1,113012.0
20140925,0,112712.0
20140926,0,112712.0
20140929,0,112712.0
20140930,0,112712.0
20141001,1,111700.0
20141002,1,111588.0
20141003,1,112675.0
20141006,1,112462.0
20141007,1,111062.0
20141008,0,111025.0
20141009,0,111025.0
20141010,0,111025.0
20141013,1,109638.0
20141014,1,110100.0
20141015,1,108700.0
20141016,1,108888.0
20141017,1,110412.0
20141020,1,110488.0
20141021,1,108588.0
20141022,1,109238.0
20141023,1,108188.0
20141024,1,107500.0
20141027,0,107850.0
20141028,0,107850.0
20141029,0,107850.0
20141030,0,107850.0
20141031,0,107850.0
20141103,0,107850.0
20141104,0,107850.0
20141105,0,107850.0
20141106,0,107850.0
20141107,0,107850.0
20141110,0,107850.0
20141111,0,107850.0
20141112,0,107850.0
20141113,0,107850.0
20141114,0,107850.0
20141117,0,107850.0
20141118,0,107850.0
20141119,0,107850.0
20141120,0,107850.0
20141121,0,107850.0
20141124,0,107850.0
20141125,0,107850.0
20141126,0,107850.0
20141128,0,107850.0
20141201,0,107850.0
20141202,0,107850.0
20141203,0,107850.0
20141204,0,107850.0
20141205,0,107850.0
20141208,0,107850.0
20141209,0,107850.0
20141210,1,107512.0
20141211,1,107738.0
20141212,1,106062.0
20141215,1,105700.0
20141216,1,104788.0
20141217,0,105062.0
20141218,0,105062.0
20141219,0,105062.0
20141222,0,105062.0
20141223,0,105062.0
20141224,0,105062.0
20141226,0,105062.0
20141229,0,105062.0
20141230,0,105062.0
20141231,0,105062.0
20150102,1,104838.0
20150105,1,103325.0
20150106,1,102250.0
20150107,1,103500.0
20150108,1,105275.0
20150109,0,105512.0
20150112,0,105512.0
20150113,1,105550.0
20150114,1,105125.0
20150115,1,104200.0
20150116,1,105400.0
20150120,1,105588.0
20150121,0,105250.0
20150122,0,105250.0
20150123,0,105250.0
20150126,0,105250.0
20150127,0,105250.0
20150128,0,105250.0
20150129,1,106612.0
20150130,0,105688.0
20150202,0,105688.0
20150203,0,105688.0
20150204,0,105688.0
20150205,0,105688.0
20150206,0,105688.0
20150209,0,105688.0
20150210,0,105688.0
20150211,0,105688.0
20150212,0,105688.0
20150213,0,105688.0
20150217,0,105688.0
20150218,0,105688.0
20150219,0,105688.0
20150220,1,106662.0
20150223,0,106488.0
20150224,0,106488.0
20150225,0,106488.0
20150226,0,106488.0
20150227,1,106550.0
20150302,1,107112.0
20150303,0,106850.0
20150304,0,106850.0
20150305,0,106850.0
20150306,0,106850.0
20150309,0,106850.0
20150310,0,106850.0
20150311,0,106850.0
20150312,0,106850.0
20150313,0,106850.0
20150316,0,106850.0
20150317,0,106850.0
20150318,0,106850.0
20150319,0,106850.0
20150320,0,106850.0
20150323,0,106850.0
20150324,0,106850.0
20150325,1,105388.0
20150326,1,105125.0
20150327,1,105325.0
20150330,1,106475.0
20150331,1,105738.0
20150401,1,105350.0
20150402,0,105212.0
20150406,0,105212.0
20150407,0,105212.0
20150408,0,105212.0
20150409,0,105212.0
20150410,0,105212.0
20150413,0,105212.0
20150414,0,105212.0
20150415,0,105212.0
20150416,0,105212.0
20150417,0,105212.0
20150420,0,105212.0
20150421,0,105212.0
20150422,0,105212.0
20150423,0,105212.0
20150424,0,105212.0
20150427,0,105212.0
20150428,0,105212.0
20150429,0,105212.0
20150430,0,105212.0
20150501,0,105212.0
20150504,0,105212.0
20150505,0,105212.0
20150506,0,105212.0
20150507,0,105212.0
20150508,0,105212.0
20150511,0,105212.0
20150512,0,105212.0
20150513,0,105212.0
20150514,0,105212.0
20150515,0,105212.0
20150518,0,105212.0
20150519,0,105212.0
20150520,0,105212.0
20150521,0,105212.0
20150522,0,105212.0
20150526,0,105212.0
20150527,0,105212.0
20150528,0,105212.0
20150529,0,105212.0
20150601,0,105212.0
20150602,0,105212.0
20150603,0,105212.0
20150604,0,105212.0
20150605,0,105212.0
20150608,1,104950.0
20150609,1,105038.0
20150610,1,106388.0
20150611,0,106425.0
20150612,0,106425.0
20150615,0,106425.0
20150616,0,106425.0
20150617,0,106425.0
20150618,0,106425.0
20150619,0,106425.0
20150622,0,106425.0
20150623,0,106425.0
20150624,0,106425.0
20150625,0,106425.0
20150626,1,106612.0
20150629,0,105525.0
20150630,0,105525.0
20150701,0,105525.0
20150702,0,105525.0
20150706,0,105525.0
20150707,1,106750.0
20150708,0,105925.0
20150709,0,105925.0
20150710,0,105925.0
20150713,0,105925.0
20150714,0,105925.0
20150715,0,105925.0
20150716,0,105925.0
20150717,0,105925.0
20150720,0,105925.0
20150721,0,105925.0
20150722,0,105925.0
20150723,1,105700.0
20150724,1,104650.0
20150727,1,104000.0
20150728,1,105138.0
20150729,1,105850.0
20150730,1,105962.0
20150731,0,106125.0
20150803,0,106125.0
20150804,0,106125.0
20150805,0,106125.0
20150806,0,106125.0
20150807,0,106125.0
20150810,0,106125.0
20150811,0,106125.0
20150812,0,106125.0
20150813,0,106125.0
20150814,0,106125.0
20150817,0,106125.0
20150818,0,106125.0
20150819,0,106125.0
20150820,1,104488.0
20150821,1,101788.0
20150824,0,96600.0
20150825,0,96600.0
20150826,0,96600.0
20150827,1,95288.0
20150828,1,95262.0
20150831,1,96288.0
20150901,1,98950.0
20150902,0,97762.0
20150903,0,97762.0
20150904,0,97762.0
20150908,0,97762.0
20150909,0,97762.0
20150910,0,97762.0
20150911,0,97762.0
20150914,1,98162.0
20150915,0,97875.0
20150916,0,97875.0
20150917,1,98462.0
20150918,0,99825.0
20150921,0,99825.0
20150922,0,99825.0
20150923,0,99825.0
20150924,0,99825.0
20150925,0,99825.0
20150928,0,99825.0
20150929,0,99825.0
20150930,0,99825.0
20151001,1,99638.0
20151002,1,98325.0
20151005,1,96738.0
20151006,1,97050.0
20151007,1,96112.0
20151008,0,96300.0
20151009,1,96362.0
20151012,1,96188.0
20151013,1,97038.0
20151014,0,96938.0
20151015,0,96938.0
20151016,0,96938.0
20151019,1,96862.0
20151020,1,97212.0
20151021,0,96700.0
20151022,0,96700.0
20151023,0,96700.0
20151026,0,96700.0
20151027,0,96700.0
20151028,0,96700.0
20151029,0,96700.0
20151030,0,96700.0
20151102,0,96700.0
20151103,0,96700.0
20151104,0,96700.0
20151105,0,96700.0
20151106,1,97188.0
20151109,1,96150.0
20151110,1,96400.0
20151111,1,95950.0
20151112,1,94525.0
20151113,0,94262.0
20151116,0,94262.0
20151117,0,94262.0
20151118,0,94262.0
20151119,0,94262.0
20151120,0,94262.0
20151123,0,94262.0
20151124,0,94262.0
20151125,0,94262.0
20151127,0,94262.0
20151130,0,94262.0
20151201,0,94262.0
20151202,0,94262.0
20151203,0,94262.0
20151204,0,94262.0
20151207,0,94262.0
20151208,0,94262.0
20151209,1,93850.0
20151210,1,94188.0
20151211,1,92200.0
20151214,1,92612.0
20151215,1,93988.0
20151216,1,93725.0
20151217,1,95675.0
20151218,0,95762.0
20151221,0,95762.0
20151222,0,95762.0
20151223,1,95262.0
20151224,1,95350.0
20151228,1,95475.0
20151229,1,94275.0
20151230,1,95188.0
20151231,0,95500.0
20160104,0,95500.0
20160105,0,95500.0
20160106,0,95500.0
20160107,0,95500.0
20160108,0,95500.0
20160111,0,95500.0
20160112,0,95500.0
20160113,1,98438.0
20160114,0,97962.0
20160115,0,97962.0
20160119,0,97962.0
20160120,0,97962.0
20160121,0,97962.0
20160122,0,97962.0
20160125,0,97962.0
20160126,0,97962.0
20160127,0,97962.0
20160128,0,97962.0
20160129,0,97962.0
20160201,1,98050.0
20160202,1,99738.0
20160203,0,99138.0
20160204,0,99138.0
20160205,0,99138.0
20160208,0,99138.0
20160209,0,99138.0
20160210,0,99138.0
20160211,0,99138.0
20160212,0,99138.0
20160216,0,99138.0
20160217,1,98300.0
20160218,1,98612.0
20160219,1,98712.0
20160222,1,97625.0
20160223,1,98638.0
20160224,0,99375.0
20160225,0,99375.0
20160226,1,100225.0
20160229,0,100075.0
20160301,0,100075.0
20160302,0,100075.0
20160303,1,99788.0
20160304,1,99562.0
20160307,1,99362.0
20160308,1,100262.0
20160309,0,99888.0
20160310,0,99888.0
20160311,0,99888.0
20160314,0,99888.0
20160315,0,99888.0
20160316,0,99888.0
20160317,0,99888.0
20160318,0,99888.0
20160321,0,99888.0
20160322,0,99888.0
20160323,0,99888.0
20160324,1,100575.0
20160328,1,100550.0
20160329,1,101525.0
20160330,0,102025.0
20160331,0,102025.0
20160401,0,102025.0
20160404,0,102025.0
20160405,0,102025.0
20160406,0,102025.0
20160407,0,102025.0
20160408,0,102025.0
20160411,0,102025.0
20160412,0,102025.0
20160413,0,102025.0
20160414,0,102025.0
20160415,0,102025.0
20160418,0,102025.0
20160419,0,102025.0
20160420,0,102025.0
20160421,0,102025.0
20160422,0,102025.0
20160425,0,102025.0
20160426,0,102025.0
20160427,0,102025.0
20160428,0,102025.0
20160429,0,102025.0
20160502,0,102025.0
20160503,0,102025.0
20160504,0,102025.0
20160505,0,102025.0
20160506,1,102888.0
20160509,0,102725.0
20160510,0,102725.0
20160511,0,102725.0
20160512,0,102725.0
20160513,0,102725.0
20160516,0,102725.0
20160517,0,102725.0
20160518,0,102725.0
20160519,1,103125.0
20160520,1,103688.0
20160523,0,103612.0
20160524,0,103612.0
20160525,0,103612.0
20160526,0,103612.0
20160527,0,103612.0
20160531,0,103612.0
20160601,0,103612.0
20160602,0,103612.0
20160603,0,103612.0
20160606,0,103612.0
20160607,0,103612.0
20160608,0,103612.0
20160609,0,103612.0
20160610,0,103612.0
20160613,1,103150.0
20160614,1,102962.0
20160615,1,102838.0
20160616,1,103188.0
20160617,1,102612.0
20160620,0,103850.0
20160621,0,103850.0
20160622,0,103850.0
20160623,0,103850.0
20160624,0,103850.0
20160627,0,103850.0
20160628,0,103850.0
20160629,0,103850.0
20160630,0,103850.0
20160701,0,103850.0
20160705,0,103850.0
20160706,0,103850.0
20160707,0,103850.0
20160708,0,103850.0
20160711,0,103850.0
20160712,0,103850.0
20160713,0,103850.0
20160714,0,103850.0
20160715,0,103850.0
20160718,0,103850.0
20160719,0,103850.0
20160720,0,103850.0
20160721,0,103850.0
20160722,0,103850.0
20160725,0,103850.0
20160726,0,103850.0
20160727,0,103850.0
20160728,0,103850.0
20160729,0,103850.0
20160801,0,103850.0
20160802,0,103850.0
20160803,0,103850.0
20160804,0,103850.0
20160805,0,103850.0
20160808,0,103850.0
20160809,0,103850.0
20160810,0,103850.0
20160811,0,103850.0
20160812,0,103850.0
20160815,0,103850.0
20160816,0,103850.0
20160817,0,103850.0
20160818,0,103850.0
20160819,0,103850.0
20160822,0,103850.0
20160823,0,103850.0
20160824,0,103850.0
20160825,0,103850.0
20160826,1,103900.0
20160829,1,104438.0
20160830,0,104325.0
20160831,0,104325.0
20160901,1,104712.0
20160902,1,105250.0
20160906,0,105388.0
20160907,0,105388.0
20160908,0,105388.0
20160909,0,105388.0
20160912,1,107412.0
20160913,0,106550.0
20160914,0,106550.0
20160915,0,106550.0
20160916,0,106550.0
20160919,0,106550.0
20160920,0,106550.0
20160921,0,106550.0
20160922,0,106550.0
20160923,0,106550.0
20160926,0,106550.0
20160927,1,107350.0
20160928,0,107450.0
20160929,0,107450.0
20160930,0,107450.0
20161003,0,107450.0
20161004,0,107450.0
20161005,0,107450.0
20161006,0,107450.0
20161007,0,107450.0
20161010,0,107450.0
20161011,0,107450.0
20161012,0,107450.0
20161013,1,107875.0
20161014,1,107912.0
20161017,0,107862.0
20161018,0,107862.0
20161019,0,107862.0
20161020,0,107862.0
20161021,0,107862.0
20161024,0,107862.0
20161025,0,107862.0
20161026,0,107862.0
20161027,1,107800.0
20161028,1,107812.0
20161031,1,107625.0
20161101,1,106812.0
20161102,1,106238.0
20161103,0,106325.0
20161104,1,106338.0
20161107,1,108788.0
20161108,0,108400.0
20161109,0,108400.0
20161110,0,108400.0
20161111,0,108400.0
20161114,0,108400.0
20161115,0,108400.0
20161116,0,108400.0
20161117,0,108400.0
20161118,0,108400.0
20161121,0,108400.0
20161122,0,108400.0
20161123,0,108400.0
20161125,0,108400.0
20161128,0,108400.0
20161129,0,108400.0
20161130,0,108400.0
20161201,0,108400.0
20161202,0,108400.0
20161205,0,108400.0
20161206,0,108400.0
20161207,0,108400.0
20161208,0,108400.0
20161209,0,108400.0
20161212,0,108400.0
20161213,0,108400.0
20161214,0,108400.0
20161215,0,108400.0
20161216,0,108400.0
20161219,0,108400.0
20161220,0,108400.0
20161221,0,108400.0
20161222,0,108400.0
20161223,0,108400.0
20161227,0,108400.0
20161228,0,108400.0
20161229,0,108400.0
20161230,1,108238.0
20170103,1,109050.0
20170104,0,109188.0
20170105,0,109188.0
20170106,0,109188.0
20170109,0,109188.0
20170110,0,109188.0
20170111,1,109738.0
20170112,0,109375.0
20170113,0,109375.0
20170116,0,109375.0
20170117,0,109375.0
20170118,0,109375.0
20170119,0,109375.0
20170120,0,109375.0
20170123,0,109375.0
20170124,0,109375.0
20170125,0,109375.0
20170126,0,109375.0
20170127,0,109375.0
20170130,0,109375.0
20170131,1,109938.0
20170201,1,109938.0
20170202,1,109988.0
20170203,0,110512.0
20170206,0,110512.0
20170207,0,110512.0
20170208,0,110512.0
20170209,0,110512.0
20170210,0,110512.0
20170213,0,110512.0
20170214,0,110512.0
20170215,0,110512.0
20170216,0,110512.0
20170217,0,110512.0
20170221,0,110512.0
20170222,0,110512.0
20170223,0,110512.0
20170224,0,110512.0
20170227,0,110512.0
20170228,0,110512.0
20170301,0,110512.0
20170302,0,110512.0
20170303,0,110512.0
20170306,1,110700.0
20170307,1,110250.0
20170308,1,110125.0
20170309,1,110238.0
20170310,1,110500.0
20170313,1,110662.0
20170314,0,110288.0
20170315,0,110288.0
20170316,0,110288.0
20170317,0,110288.0
20170320,1,110162.0
20170321,1,108762.0
20170322,1,108775.0
20170323,1,108650.0
20170324,1,108888.0
20170327,0,107650.0
20170328,0,107650.0
20170329,0,107650.0
20170330,0,107650.0
20170331,0,107650.0
20170403,0,107650.0
20170404,0,107650.0
20170405,0,107650.0
20170406,0,107650.0
20170407,0,107650.0
20170410,0,107650.0
20170411,0,107650.0
20170412,0,107650.0
20170413,1,107212.0
20170417,1,108088.0
20170418,0,107625.0
20170419,0,107625.0
20170420,0,107625.0
20170421,0,107625.0
20170424,0,107625.0
20170425,0,107625.0
20170426,0,107625.0
20170427,0,107625.0
20170428,0,107625.0
20170501,0,107625.0
20170502,0,107625.0
20170503,0,107625.0
20170504,0,107625.0
20170505,0,107625.0
20170508,0,107625.0
20170509,0,107625.0
20170510,0,107625.0
20170511,0,107625.0
20170512,0,107625.0
20170515,0,107625.0
20170516,0,107625.0
20170517,0,107625.0
20170518,1,108088.0
20170519,0,108388.0
20170522,0,108388.0
20170523,0,108388.0
20170524,0,108388.0
20170525,0,108388.0
20170526,0,108388.0
20170529,0,108388.0
20170530,0,108388.0
20170531,0,108388.0
20170601,0,108388.0
20170602,0,108388.0
20170605,0,108388.0
20170606,0,108388.0
20170607,1,108638.0
20170608,0,108650.0
20170609,0,108650.0
20170612,0,108650.0
20170613,0,108650.0
20170614,0,108650.0
20170615,0,108650.0
20170616,0,108650.0
20170619,0,108650.0
20170620,0,108650.0
20170621,0,108650.0
20170622,0,108650.0
20170623,1,108900.0
20170626,0,109225.0
20170627,0,109225.0
20170628,0,109225.0
20170629,0,109225.0
20170630,0,109225.0
20170703,0,109225.0
20170705,0,109225.0
20170706,0,109225.0
20170707,0,109225.0
20170710,0,109225.0
20170711,0,109225.0
20170712,0,109225.0
20170713,0,109225.0
20170714,0,109225.0
20170717,0,109225.0
20170718,0,109225.0
20170719,0,109225.0
20170720,0,109225.0
20170721,0,109225.0
20170724,0,109225.0
20170725,0,109225.0
20170726,0,109225.0
20170727,0,109225.0
20170728,0,109225.0
20170731,0,109225.0
20170801,0,109225.0
20170802,0,109225.0
20170803,0,109225.0
20170804,0,109225.0
20170807,0,109225.0
20170808,0,109225.0
20170809,0,109225.0
20170810,0,109225.0
20170811,0,109225.0
20170814,0,109225.0
20170815,0,109225.0
20170816,0,109225.0
20170817,0,109225.0
20170818,0,109225.0
20170821,1,109650.0
20170822,0,109862.0
20170823,0,109862.0
20170824,0,109862.0
20170825,0,109862.0
20170828,0,109862.0
20170829,0,109862.0
20170830,0,109862.0
20170831,0,109862.0
20170901,0,109862.0
20170904,0,109862.0
20170905,0,109862.0
20170906,0,109862.0
20170907,0,109862.0
20170908,0,109862.0
20170911,0,109862.0
20170912,0,109862.0
20170913,0,109862.0
20170914,0,109862.0
20170915,0,109862.0
20170918,0,109862.0
20170919,0,109862.0
20170920,0,109862.0
20170921,0,109862.0
20170922,0,109862.0
20170925,1,109975.0
20170926,1,109900.0
20170927,1,110350.0
20170928,0,110138.0
20170929,0,110138.0
20171002,0,110138.0
20171003,0,110138.0
20171004,0,110138.0
20171005,0,110138.0
20171006,0,110138.0
20171009,0,110138.0
20171010,0,110138.0
20171011,0,110138.0
20171012,0,110138.0
20171013,0,110138.0
20171016,0,110138.0
20171017,0,110138.0
20171018,0,110138.0
20171019,0,110138.0
20171020,0,110138.0
20171023,0,110138.0
20171024,0,110138.0
20171025,0,110138.0
20171026,0,110138.0
20171027,0,110138.0
20171030,0,110138.0
20171031,0,110138.0
20171101,0,110138.0
20171102,0,110138.0
20171103,0,110138.0
20171106,0,110138.0
20171107,0,110138.0
20171108,0,110138.0
20171109,0,110138.0
20171110,0,110138.0
20171113,1,110612.0
20171114,0,110125.0
20171115,0,110125.0
20171116,0,110125.0
20171117,0,110125.0
20171120,0,110125.0
20171121,0,110125.0
20171122,0,110125.0
20171124,0,110125.0
20171127,0,110125.0
20171128,0,110125.0
20171129,0,110125.0
20171130,0,110125.0
20171201,0,110125.0
20171204,0,110125.0
20171205,1,109688.0
20171206,1,109738.0
20171207,1,110250.0
20171208,0,110550.0
20171211,0,110550.0
20171212,0,110550.0
20171213,0,110550.0
20171214,0,110550.0
20171215,0,110550.0
20171218,0,110550.0
20171219,0,110550.0
20171220,0,110550.0
20171221,0,110550.0
20171222,0,110550.0
20171226,0,110550.0
20171227,0,110550.0
20171228,0,110550.0
20171229,0,110550.0
20180102,0,110550.0
20180103,0,110550.0
20180104,0,110550.0
20180105,0,110550.0
20180108,0,110550.0
20180109,0,110550.0
20180110,0,110550.0
20180111,0,110550.0
20180112,0,110550.0
20180115,0,110550.0
20180116,0,110550.0
20180117,0,110550.0
20180118,0,110550.0
20180119,0,110550.0
20180122,0,110550.0
20180123,0,110550.0
20180124,0,110550.0
20180125,0,110550.0
20180126,0,110550.0
20180129,0,110550.0
20180130,0,110550.0
20180131,1,110912.0
20180201,0,110425.0
20180202,0,110425.0
20180205,1,103850.0
20180206,0,103500.0
20180207,0,103500.0
20180208,0,103500.0
20180209,1,105600.0
20180212,0,106562.0
20180213,0,106562.0
20180214,0,106562.0
20180215,0,106562.0
20180216,0,106562.0
20180219,0,106562.0
20180220,0,106562.0
20180221,1,106212.0
20180222,1,106850.0
20180223,0,107125.0
20180226,0,107125.0
20180227,0,107125.0
20180228,0,107125.0
20180301,1,105438.0
20180302,1,106038.0
20180305,1,107450.0
20180306,0,108050.0
20180307,0,108050.0
20180308,0,108050.0
20180309,0,108050.0
20180312,0,108050.0
20180313,0,108050.0
20180314,0,108050.0
20180315,1,108412.0
20180316,0,108400.0
20180319,0,108400.0
20180320,0,108400.0
20180321,0,108400.0
20180322,0,108400.0
20180323,1,106188.0
20180326,1,109275.0
20180327,0,109775.0
20180328,0,109775.0
20180329,0,109775.0
20180402,0,109775.0
20180403,0,109775.0
20180404,0,109775.0
20180405,0,109775.0
20180406,0,109775.0
20180409,0,109775.0
20180410,0,109775.0
20180411,0,109775.0
20180412,0,109775.0
20180413,0,109775.0
20180416,0,109775.0
20180417,0,109775.0
20180418,0,109775.0
20180419,0,109775.0
20180420,0,109775.0
20180423,1,110350.0
20180424,1,108550.0
20180425,1,109012.0
20180426,1,110512.0
20180427,0,110375.0
20180430,0,110375.0
20180501,1,110925.0
20180502,0,110725.0
20180503,0,110725.0
20180504,0,110725.0
20180507,0,110725.0
20180508,0,110725.0
20180509,0,110725.0
20180510,0,110725.0
20180511,0,110725.0
20180514,0,110725.0
20180515,0,110725.0
20180516,0,110725.0
20180517,0,110725.0
20180518,0,110725.0
20180521,0,110725.0
20180522,0,110725.0
20180523,0,110725.0
20180524,0,110725.0
20180525,0,110725.0
20180528,0,110725.0
20180529,0,110725.0
20180530,0,110725.0
20180531,0,110725.0
20180601,0,110725.0
20180604,0,110725.0
20180605,0,110725.0
20180606,0,110725.0
20180607,0,110725.0
20180608,0,110725.0
20180611,0,110725.0
20180612,0,110725.0
20180613,0,110725.0
20180614,0,110725.0
20180615,0,110725.0
20180618,0,110725.0
20180619,1,111512.0
20180620,1,111800.0
20180621,0,111650.0
20180622,0,111650.0
20180625,0,111650.0
20180626,0,111650.0
20180627,0,111650.0
20180628,0,111650.0
20180629,0,111650.0
20180702,0,111650.0
20180703,0,111650.0
20180704,0,111650.0
20180705,0,111650.0
20180706,0,111650.0
20180709,0,111650.0
20180710,0,111650.0
20180711,0,111650.0
20180712,0,111650.0
20180713,0,111650.0
20180716,0,111650.0
20180717,0,111650.0
20180718,0,111650.0
20180719,0,111650.0
20180720,0,111650.0
20180723,1,112250.0
20180724,0,112750.0
20180725,0,112750.0
20180726,0,112750.0
20180727,0,112750.0
20180730,0,112750.0
20180731,0,112750.0
20180801,0,112750.0
20180802,0,112750.0
20180803,0,112750.0
20180806,0,112750.0
20180807,0,112750.0
20180808,0,112750.0
20180809,0,112750.0
20180810,1,112738.0
20180813,1,112175.0
20180814,1,112950.0
20180815,0,112112.0
20180816,0,112112.0
20180817,0,112112.0
20180820,0,112112.0
20180821,0,112112.0
20180822,0,112112.0
20180823,0,112112.0
20180824,0,112112.0
20180827,0,112112.0
20180828,0,112112.0
20180829,0,112112.0
20180830,0,112112.0
20180831,0,112112.0
20180904,0,112112.0
20180905,0,112112.0
20180906,1,112188.0
20180907,1,111975.0
20180910,1,112250.0
20180911,0,111750.0
20180912,0,111750.0
20180913,0,111750.0
20180914,0,111750.0
20180917,0,111750.0
20180918,0,111750.0
20180919,0,111750.0
20180920,0,111750.0
20180921,0,111750.0
20180924,0,111750.0
20180925,0,111750.0
20180926,1,111412.0
20180927,1,111838.0
20180928,0,111412.0
20181001,0,111412.0
20181002,0,111412.0
20181003,0,111412.0
20181004,0,111412.0
20181005,0,111412.0
20181008,1,112438.0
20181009,1,112162.0
20181010,1,106800.0
20181011,0,106362.0
20181012,0,106362.0
20181015,0,106362.0
20181016,0,106362.0
20181017,0,106362.0
20181018,0,106362.0
20181019,0,106362.0
20181022,0,106362.0
20181023,0,106362.0
20181024,0,106362.0
20181025,0,106362.0
20181026,0,106362.0
20181029,0,106362.0
20181030,0,106362.0
20181031,0,106362.0
20181101,1,106325.0
20181102,1,107012.0
20181105,0,106800.0
20181106,0,106800.0
20181107,1,104938.0
20181108,1,105325.0
20181109,1,106812.0
20181112,1,105650.0
20181113,1,105638.0
20181114,1,104188.0
20181115,1,105988.0
20181116,1,106412.0
20181119,1,104075.0
20181120,0,101912.0
20181121,0,101912.0
20181122,0,101912.0
20181123,0,101912.0
20181126,0,101912.0
20181127,0,101912.0
20181128,1,99588.0
20181129,1,99450.0
20181130,1,98750.0
20181203,0,96538.0
20181204,0,96538.0
20181205,0,96538.0
20181206,0,96538.0
20181207,0,96538.0
20181210,0,96538.0
20181211,0,96538.0
20181212,0,96538.0
20181213,0,96538.0
20181214,0,96538.0
20181217,0,96538.0
20181218,0,96538.0
20181219,0,96538.0
20181220,0,96538.0
20181221,0,96538.0
20181224,0,96538.0
20181226,0,96538.0
20181227,0,96538.0
20181228,1,97438.0
20181231,0,96512.0
20190102,0,96512.0
20190103,0,96512.0
20190104,0,96512.0
20190107,0,96512.0
20190108,1,96688.0
20190109,1,96188.0
20190110,1,95612.0
20190111,1,95562.0
20190114,1,96288.0
20190115,1,95038.0
20190116,0,94525.0
20190117,1,94075.0
20190118,1,92262.0
20190121,1,92675.0
20190122,1,94238.0
20190123,1,93925.0
20190124,1,94138.0
20190125,1,92662.0
20190128,0,93862.0
20190129,0,93862.0
20190130,0,93862.0
20190131,0,93862.0
20190201,1,94100.0
20190204,0,94025.0
20190205,0,94025.0
20190206,0,94025.0
20190207,0,94025.0
20190208,0,94025.0
20190211,0,94025.0
20190212,1,93125.0
20190213,1,92888.0
20190214,1,93188.0
20190215,1,91512.0
20190218,1,91450.0
20190219,0,92012.0
20190220,0,92012.0
20190221,0,92012.0
20190222,0,92012.0
20190225,0,92012.0
20190226,0,92012.0
20190227,0,92012.0
20190228,0,92012.0
20190301,0,92012.0
20190304,0,92012.0
20190305,0,92012.0
20190306,0,92012.0
20190307,0,92012.0
20190308,0,92012.0
20190311,0,92012.0
20190312,0,92012.0
20190313,0,92012.0
20190314,0,92012.0
20190315,0,92012.0
20190318,0,92012.0
20190319,0,92012.0
20190320,0,92012.0
20190321,0,92012.0
20190322,0,92012.0
20190325,0,92012.0
20190326,0,92012.0
20190327,0,92012.0
20190328,0,92012.0
20190329,0,92012.0
20190401,0,92012.0
20190402,0,92012.0
20190403,0,92012.0
20190404,0,92012.0
20190405,0,92012.0
20190408,0,92012.0
20190409,0,92012.0
20190410,0,92012.0
20190411,0,92012.0
20190412,0,92012.0
20190415,0,92012.0
20190416,0,92012.0
20190417,0,92012.0
20190418,0,92012.0
20190422,0,92012.0
20190423,0,92012.0
20190424,0,92012.0
20190425,0,92012.0
20190426,0,92012.0
20190429,0,92012.0
20190430,0,92012.0
20190501,0,92012.0
20190502,0,92012.0
20190503,0,92012.0
20190506,0,92012.0
20190507,0,92012.0
20190508,0,92012.0
20190509,1,92838.0
20190510,1,93550.0
20190513,0,90488.0
20190514,0,90488.0
20190515,0,90488.0
20190516,0,90488.0
20190517,0,90488.0
20190520,0,90488.0
20190521,0,90488.0
20190522,0,90488.0
20190523,0,90488.0
20190524,0,90488.0
20190528,0,90488.0
20190529,0,90488.0
20190530,0,90488.0
20190531,0,90488.0
20190603,0,90488.0
20190604,0,90488.0
20190605,0,90488.0
20190606,0,90488.0
20190607,0,90488.0
20190610,0,90488.0
20190611,0,90488.0
20190612,0,90488.0
20190613,0,90488.0
20190614,0,90488.0
20190617,0,90488.0
20190618,0,90488.0
20190619,0,90488.0
20190620,0,90488.0
20190621,0,90488.0
20190624,0,90488.0
20190625,0,90488.0
20190626,0,90488.0
20190627,0,90488.0
20190628,0,90488.0
20190701,0,90488.0
20190702,0,90488.0
20190703,0,90488.0
20190705,0,90488.0
20190708,0,90488.0
20190709,1,91275.0
20190710,0,91862.0
20190711,0,91862.0
20190712,0,91862.0
20190715,0,91862.0
20190716,0,91862.0
20190717,0,91862.0
20190718,1,92700.0
20190719,0,93238.0
20190722,0,93238.0
20190723,0,93238.0
20190724,0,93238.0
20190725,0,93238.0
20190726,0,93238.0
20190729,0,93238.0
20190730,0,93238.0
20190731,1,92275.0
20190801,1,90762.0
20190802,1,89788.0
20190805,0,87362.0
20190806,0,87362.0
20190807,0,87362.0
20190808,0,87362.0
20190809,0,87362.0
20190812,0,87362.0
20190813,0,87362.0
20190814,0,87362.0
20190815,0,87362.0
20190816,0,87362.0
20190819,0,87362.0
20190820,0,87362.0
20190821,0,87362.0
20190822,0,87362.0
20190823,0,87362.0
20190826,0,87362.0
20190827,0,87362.0
20190828,0,87362.0
20190829,0,87362.0
20190830,0,87362.0
20190903,0,87362.0
20190904,0,87362.0
20190905,0,87362.0
20190906,0,87362.0
20190909,0,87362.0
20190910,0,87362.0
20190911,0,87362.0
20190912,0,87362.0
20190913,0,87362.0
20190916,0,87362.0
20190917,0,87362.0
20190918,0,87362.0
20190919,0,87362.0
20190920,0,87362.0
20190923,1,87950.0
20190924,0,88288.0
20190925,0,88288.0
20190926,0,88288.0
20190927,0,88288.0
20190930,0,88288.0
20191001,0,88288.0
20191002,0,88288.0
20191003,1,90175.0
20191004,0,90450.0
20191007,0,90450.0
20191008,0,90450.0
20191009,0,90450.0
20191010,0,90450.0
20191011,0,90450.0
20191014,0,90450.0
20191015,0,90450.0
20191016,0,90450.0
20191017,0,90450.0
20191018,0,90450.0
20191021,0,90450.0
20191022,0,90450.0
20191023,0,90450.0
20191024,0,90450.0
20191025,0,90450.0
20191028,0,90450.0
20191029,0,90450.0
20191030,0,90450.0
20191031,0,90450.0
20191101,0,90450.0
20191104,0,90450.0
20191105,0,90450.0
20191106,0,90450.0
20191107,0,90450.0
20191108,0,90450.0
20191111,0,90450.0
20191112,0,90450.0
20191113,0,90450.0
20191114,0,90450.0
20191115,0,90450.0
20191118,0,90450.0
20191119,0,90450.0
20191120,0,90450.0
20191121,0,90450.0
20191122,0,90450.0
20191125,0,90450.0
20191126,0,90450.0
20191127,0,90450.0
20191129,0,90450.0
20191202,0,90450.0
20191203,1,90762.0
20191204,1,91762.0
20191205,0,92162.0
20191206,0,92162.0
20191209,0,92162.0
20191210,0,92162.0
20191211,0,92162.0
20191212,0,92162.0
20191213,0,92162.0
20191216,0,92162.0
20191217,0,92162.0
20191218,0,92162.0
20191219,0,92162.0
20191220,0,92162.0
20191223,0,92162.0
20191224,0,92162.0
20191226,0,92162.0
20191227,0,92162.0
20191230,0,92162.0
20191231,1,92862.0
20200102,0,93588.0
20200103,0,93588.0
20200106,0,93588.0
20200107,0,93588.0
20200108,0,93588.0
20200109,0,93588.0
20200110,0,93588.0
20200113,0,93588.0
20200114,0,93588.0
20200115,0,93588.0
20200116,0,93588.0
20200117,0,93588.0
20200121,0,93588.0
20200122,0,93588.0
20200123,0,93588.0
20200124,0,93588.0
20200127,0,93588.0
20200128,0,93588.0
20200129,0,93588.0
20200130,0,93588.0
20200131,0,93588.0
20200203,0,93588.0
20200204,0,93588.0
20200205,0,93588.0
20200206,0,93588.0
20200207,0,93588.0
20200210,0,93588.0
20200211,0,93588.0
20200212,0,93588.0
20200213,0,93588.0
20200214,0,93588.0
20200218,0,93588.0
20200219,0,93588.0
20200220,0,93588.0
20200221,0,93588.0
20200224,1,93275.0
20200225,0,88538.0
20200226,1,88188.0
20200227,0,83488.0
20200228,0,83488.0
20200302,0,83488.0
20200303,0,83488.0
20200304,0,83488.0
20200305,0,83488.0
20200306,0,83488.0
20200309,0,83488.0
20200310,0,83488.0
20200311,0,83488.0
20200312,0,83488.0
20200313,0,83488.0
20200316,0,83488.0
20200317,0,83488.0
20200318,0,83488.0
20200319,0,83488.0
20200320,0,83488.0
20200323,0,83488.0
20200324,0,83488.0
20200325,0,83488.0
20200326,1,81125.0
20200327,1,85325.0
20200330,0,83800.0
20200331,0,83800.0
20200401,0,83800.0
20200402,0,83800.0
20200403,0,83800.0
20200406,0,83800.0
20200407,0,83800.0
20200408,0,83800.0
20200409,0,83800.0
20200413,0,83800.0
20200414,0,83800.0
20200415,0,83800.0
20200416,0,83800.0
20200417,0,83800.0
20200420,0,83800.0
20200421,0,83800.0
20200422,0,83800.0
20200423,0,83800.0
20200424,0,83800.0
20200427,0,83800.0
20200428,1,85862.0
20200429,0,83525.0
20200430,0,83525.0
20200501,0,83525.0
20200504,0,83525.0
20200505,0,83525.0
20200506,0,83525.0
20200507,0,83525.0
20200508,0,83525.0
20200511,1,83875.0
20200512,0,83212.0
20200513,0,83212.0
20200514,0,83212.0
20200515,0,83212.0
20200518,0,83212.0
20200519,0,83212.0
20200520,0,83212.0
20200521,0,83212.0
20200522,0,83212.0
20200526,0,83212.0
20200527,0,83212.0
20200528,0,83212.0
20200529,0,83212.0
20200601,0,83212.0
20200602,0,83212.0
20200603,0,83212.0
20200604,0,83212.0
20200605,0,83212.0
20200608,0,83212.0
20200609,0,83212.0
20200610,0,83212.0
20200611,1,78150.0
20200612,0,78162.0
20200615,0,78162.0
20200616,0,78162.0
20200617,0,78162.0
20200618,0,78162.0
20200619,1,77100.0
20200622,1,79662.0
20200623,0,80788.0
20200624,0,80788.0
20200625,0,80788.0
20200626,0,80788.0
20200629,0,80788.0
20200630,0,80788.0
20200701,0,80788.0
20200702,0,80788.0
20200706,0,80788.0
20200707,0,80788.0
20200708,0,80788.0
20200709,0,80788.0
20200710,0,80788.0
20200713,0,80788.0
20200714,0,80788.0
20200715,0,80788.0
20200716,0,80788.0
20200717,0,80788.0
20200720,0,80788.0
20200721,0,80788.0
20200722,0,80788.0
20200723,0,80788.0
20200724,0,80788.0
20200727,0,80788.0
20200728,0,80788.0
20200729,0,80788.0
20200730,0,80788.0
20200731,0,80788.0
20200803,0,80788.0
20200804,0,80788.0
20200805,0,80788.0
20200806,0,80788.0
20200807,0,80788.0
20200810,0,80788.0
20200811,0,80788.0
20200812,0,80788.0
20200813,0,80788.0
20200814,0,80788.0
20200817,0,80788.0
20200818,0,80788.0
20200819,0,80788.0
20200820,0,80788.0
20200821,0,80788.0
20200824,0,80788.0
20200825,0,80788.0
20200826,0,80788.0
20200827,0,80788.0
20200828,0,80788.0
20200831,0,80788.0
20200901,0,80788.0
20200902,0,80788.0
20200903,0,80788.0
20200904,0,80788.0
20200908,1,80175.0
20200909,1,83412.0
20200910,0,84200.0
20200911,0,84200.0
20200914,0,84200.0
20200915,0,84200.0
20200916,0,84200.0
20200917,0,84200.0
20200918,1,84125.0
20200921,0,79150.0
20200922,0,79150.0
20200923,0,79150.0
20200924,0,79150.0
20200925,0,79150.0
20200928,0,79150.0
20200929,0,79150.0
20200930,0,79150.0
20201001,0,79150.0
20201002,0,79150.0
20201005,0,79150.0
20201006,0,79150.0
20201007,0,79150.0
20201008,0,79150.0
20201009,0,79150.0
20201012,0,79150.0
20201013,0,79150.0
20201014,0,79150.0
20201015,1,81050.0
20201016,1,80388.0
20201019,1,78412.0
20201020,1,78888.0
20201021,1,78900.0
20201022,1,79738.0
20201023,0,80225.0
20201026,0,80225.0
20201027,0,80225.0
20201028,1,77650.0
20201029,1,78850.0
20201030,1,77412.0
20201102,1,79138.0
20201103,1,81675.0
20201104,0,84562.0
20201105,0,84562.0
20201106,0,84562.0
20201109,0,84562.0
20201110,0,84562.0
20201111,0,84562.0
20201112,0,84562.0
20201113,0,84562.0
20201116,0,84562.0
20201117,0,84562.0
20201118,0,84562.0
20201119,1,85488.0
20201120,0,85450.0
20201123,0,85450.0
20201124,0,85450.0
20201125,0,85450.0
20201127,0,85450.0
20201130,0,85450.0
20201201,0,85450.0
20201202,0,85450.0
20201203,0,85450.0
20201204,0,85450.0
20201207,0,85450.0
20201208,0,85450.0
20201209,0,85450.0
20201210,0,85450.0
20201211,1,86325.0
20201214,1,85812.0
20201215,1,87900.0
20201216,0,88150.0
20201217,0,88150.0
20201218,0,88150.0
20201221,0,88150.0
20201222,0,88150.0
20201223,0,88150.0
20201224,0,88150.0
20201228,0,88150.0
20201229,0,88150.0
20201230,0,88150.0
20201231,1,89550.0
20210104,0,89988.0
20210105,0,89988.0
20210106,0,89988.0
20210107,0,89988.0
20210108,0,89988.0
20210111,0,89988.0
20210112,0,89988.0
20210113,0,89988.0
20210114,0,89988.0
20210115,0,89988.0
20210119,0,89988.0
20210120,0,89988.0
20210121,0,89988.0
20210122,0,89988.0
20210125,0,89988.0
20210126,0,89988.0
20210127,0,89988.0
20210128,0,89988.0
20210129,0,89988.0
20210201,0,89988.0
20210202,0,89988.0
20210203,0,89988.0
20210204,0,89988.0
20210205,0,89988.0
20210208,0,89988.0
20210209,0,89988.0
20210210,0,89988.0
20210211,0,89988.0
20210212,0,89988.0
20210216,0,89988.0
20210217,0,89988.0
20210218,0,89988.0
20210219,0,89988.0
20210222,1,90100.0
20210223,1,90100.0
20210224,1,92662.0
20210225,0,91638.0
20210226,0,91638.0
20210301,0,91638.0
20210302,0,91638.0
20210303,0,91638.0
20210304,1,89575.0
20210305,1,92912.0
20210308,0,93350.0
20210309,0,93350.0
20210310,0,93350.0
20210311,0,93350.0
20210312,0,93350.0
20210315,0,93350.0
20210316,0,93350.0
20210317,0,93350.0
20210318,0,93350.0
20210319,0,93350.0
20210322,0,93350.0
20210323,0,93350.0
20210324,0,93350.0
20210325,1,95412.0
20210326,0,95775.0
20210329,0,95775.0
20210330,0,95775.0
20210331,0,95775.0
20210401,0,95775.0
20210405,0,95775.0
20210406,0,95775.0
20210407,0,95775.0
20210408,0,95775.0
20210409,0,95775.0
20210412,0,95775.0
20210413,0,95775.0
20210414,0,95775.0
20210415,0,95775.0
20210416,0,95775.0
20210419,0,95775.0
20210420,0,95775.0
20210421,0,95775.0
20210422,0,95775.0
20210423,0,95775.0
20210426,0,95775.0
20210427,0,95775.0
20210428,0,95775.0
20210429,0,95775.0
20210430,0,95775.0
20210503,0,95775.0
20210504,0,95775.0
20210505,0,95775.0
20210506,0,95775.0
20210507,0,95775.0
20210510,0,95775.0
20210511,0,95775.0
20210512,1,93412.0
20210513,1,95800.0
20210514,0,97288.0
20210517,0,97288.0
20210518,0,97288.0
20210519,1,99062.0
20210520,1,101375.0
20210521,0,102225.0
20210524,0,102225.0
20210525,0,102225.0
20210526,0,102225.0
20210527,0,102225.0
20210528,0,102225.0
20210601,0,102225.0
20210602,0,102225.0
20210603,0,102225.0
20210604,0,102225.0
20210607,0,102225.0
20210608,0,102225.0
20210609,0,102225.0
20210610,0,102225.0
20210611,0,102225.0
20210614,0,102225.0
20210615,0,102225.0
20210616,0,102225.0
20210617,1,103325.0
20210618,1,100388.0
20210621,1,103400.0
20210622,0,103362.0
20210623,0,103362.0
20210624,0,103362.0
20210625,0,103362.0
20210628,0,103362.0
20210629,0,103362.0
20210630,0,103362.0
20210701,0,103362.0
20210702,0,103362.0
20210706,0,103362.0
20210707,0,103362.0
20210708,0,103362.0
20210709,0,103362.0
20210712,0,103362.0
20210713,0,103362.0
20210714,0,103362.0
20210715,0,103362.0
20210716,0,103362.0
20210719,1,102588.0
20210720,1,105800.0
20210721,0,106375.0
20210722,0,106375.0
20210723,0,106375.0
20210726,0,106375.0
20210727,0,106375.0
20210728,0,106375.0
20210729,0,106375.0
20210730,0,106375.0
20210802,0,106375.0
20210803,1,108262.0
20210804,0,107550.0
20210805,0,107550.0
20210806,0,107550.0
20210809,0,107550.0
20210810,0,107550.0
20210811,0,107550.0
20210812,0,107550.0
20210813,0,107550.0
20210816,0,107550.0
20210817,0,107550.0
20210818,0,107550.0
20210819,1,109338.0
20210820,0,109475.0
20210823,0,109475.0
20210824,0,109475.0
20210825,0,109475.0
20210826,0,109475.0
20210827,0,109475.0
20210830,0,109475.0
20210831,0,109475.0
20210901,0,109475.0
20210902,0,109475.0
20210903,0,109475.0
20210907,0,109475.0
20210908,1,109562.0
20210909,1,108550.0
20210910,1,106850.0
20210913,1,107375.0
20210914,1,106138.0
20210915,0,106325.0
20210916,0,106325.0
20210917,0,106325.0
20210920,1,106025.0
20210921,1,105775.0
20210922,1,107812.0
20210923,0,108775.0
20210924,0,108775.0
20210927,0,108775.0
20210928,0,108775.0
20210929,0,108775.0
20210930,0,108775.0
20211001,0,108775.0
20211004,0,108775.0
20211005,0,108775.0
20211006,0,108775.0
20211007,0,108775.0
20211008,0,108775.0
20211011,0,108775.0
20211012,1,108512.0
20211013,1,109225.0
20211014,0,111200.0
20211015,0,111200.0
20211018,0,111200.0
20211019,0,111200.0
20211020,0,111200.0
20211021,0,111200.0
20211022,0,111200.0
20211025,0,111200.0
20211026,0,111200.0
20211027,0,111200.0
20211028,0,111200.0
20211029,0,111200.0
20211101,0,111200.0
20211102,0,111200.0
20211103,0,111200.0
20211104,0,111200.0
20211105,0,111200.0
20211108,0,111200.0
20211109,0,111200.0
20211110,0,111200.0
20211111,0,111200.0
20211112,0,111200.0
20211115,0,111200.0
20211116,0,111200.0
20211117,0,111200.0
20211118,0,111200.0
20211119,0,111200.0
20211122,0,111200.0
20211123,1,111912.0
20211124,0,110688.0
20211126,0,110688.0
20211129,0,110688.0
20211130,0,110688.0
20211201,0,110688.0
20211202,0,110688.0
20211203,0,110688.0
20211206,0,110688.0
20211207,0,110688.0
20211208,0,110688.0
20211209,0,110688.0
20211210,0,110688.0
20211213,0,110688.0
20211214,0,110688.0
20211215,0,110688.0
20211216,0,110688.0
20211217,0,110688.0
20211220,1,110962.0
20211221,1,115075.0
20211222,0,114862.0
20211223,0,114862.0
20211227,0,114862.0
20211228,0,114862.0
20211229,0,114862.0
20211230,0,114862.0
20211231,0,114862.0
20220103,1,116300.0
20220104,0,117012.0
20220105,0,117012.0
20220106,1,117025.0
20220107,1,116038.0
20220110,0,111962.0
20220111,0,111962.0
20220112,0,111962.0
20220113,0,111962.0
20220114,0,111962.0
20220118,0,111962.0
20220119,0,111962.0
20220120,1,109638.0
20220121,0,106912.0
20220124,0,106912.0
20220125,0,106912.0
20220126,0,106912.0
20220127,0,106912.0
20220128,0,106912.0
20220131,0,106912.0
20220201,0,106912.0
20220202,0,106912.0
20220203,0,106912.0
20220204,0,106912.0
20220207,0,106912.0
20220208,0,106912.0
20220209,0,106912.0
20220210,0,106912.0
20220211,0,106912.0
20220214,0,106912.0
20220215,0,106912.0
20220216,0,106912.0
20220217,0,106912.0
20220218,0,106912.0
20220222,0,106912.0
20220223,0,106912.0
20220224,0,106912.0
20220225,0,106912.0
20220228,1,107675.0
20220301,0,108362.0
20220302,0,108362.0
20220303,0,108362.0
20220304,0,108362.0
20220307,0,108362.0
20220308,0,108362.0
20220309,0,108362.0
20220310,0,108362.0
20220311,0,108362.0
20220314,0,108362.0
20220315,0,108362.0
20220316,0,108362.0
20220317,1,105925.0
20220318,0,103300.0
20220321,0,103300.0
20220322,0,103300.0
20220323,0,103300.0
20220324,0,103300.0
20220325,0,103300.0
20220328,0,103300.0
20220329,0,103300.0
20220330,0,103300.0
20220331,0,103300.0
