-----------------------------------------
Sys Name : TS-18StopTemplate-1R
Mkt Symb : CL Mkt Name : Crude
20100513  TS-18-S:Sto  1 116.99260       0.00       0.00
20100802        Sxit1  1 117.95000   -1007.40   -1007.40
20110225  TS-18-B:Sto  1 128.25385       0.00       0.00
20110505         Lxit  1 130.62000    2316.15    1308.75
20110617  TS-18-S:Sto  1 122.29172       0.00       0.00
20110707        Sxit1  1 127.30000   -5058.28   -3749.52
20110809  TS-18-S:Sto  1 108.79000       0.00       0.00
20110812        Sxit1  1 113.80000   -5060.00   -8809.52
20110818  TS-18-S:Sto  1 111.13335       0.00       0.00
20110830        Sxit1  1 116.14000   -5056.65  -13866.18
20110922  TS-18-S:Sto  1 108.02775       0.00       0.00
20111010        Sxit1  1 113.03000   -5052.25  -18918.43
20111116  TS-18-B:Sto  1 126.52629       0.00       0.00
20111214         Lxit  1 121.52000   -5056.29  -23974.72
20120515  TS-18-S:Sto  1 119.33000       0.00       0.00
20120803        Sxit1  1 116.19000    3090.00  -20884.72
20121025  TS-18-S:Sto  1 109.05000       0.00       0.00
20121226        Sxit1  1 113.19000   -4190.00  -25074.72
20130117  TS-18-B:Sto  1 118.00238       0.00       0.00
20130225         Lxit  1 113.60000   -4452.38  -29527.09
20130417  TS-18-S:Sto  1 109.93000       0.00       0.00
20130429        Sxit1  1 114.94000   -5060.00  -34587.09
20130716  TS-18-B:Sto  1 126.72000       0.00       0.00
20130924         Lxit  1 123.77000   -3000.00  -37587.09
20131028  TS-18-S:Sto  1 118.83000       0.00       0.00
20131227        Sxit1  1 120.31000   -1530.00  -39117.09
20140224  TS-18-B:Sto  1 122.49000       0.00       0.00
20140317         Lxit  1 117.78000   -4760.00  -43877.09
20140613  TS-18-B:Sto  1 129.16000       0.00       0.00
20140710         Lxit  1 124.50000   -4710.00  -48587.09
20140814  TS-18-S:Sto  1 119.98890       0.00       0.00
20150407        Sxit1  1  77.09000   42848.90   -5738.19
20150429  TS-18-B:Sto  1  81.95407       0.00       0.00
20150701         Lxit  1  79.12000   -2884.07   -8622.27
20150717  TS-18-S:Sto  1  72.39187       0.00       0.00
20151007        Sxit1  1  69.77000    2571.87   -6050.40
20151202  TS-18-S:Sto  1  59.55525       0.00       0.00
20160308        Sxit1  1  52.66000    6845.25     794.85
20160729  TS-18-S:Sto  1  51.00000       0.00       0.00
20160816        Sxit1  1  56.01000   -5060.00   -4265.15
20170317  TS-18-S:Sto  1  54.14000       0.00       0.00
20170407        Sxit1  1  57.78000   -3690.00   -7955.15
20170502  TS-18-S:Sto  1  52.13757       0.00       0.00
20170523        Sxit1  1  55.75000   -3662.43  -11617.58
20170608  TS-18-S:Sto  1  49.46601       0.00       0.00
20170725        Sxit1  1  52.01000   -2593.99  -14211.57
20171102  TS-18-B:Sto  1  56.97000       0.00       0.00
20180209         Lxit  1  61.29000    4270.00   -9941.57
20180504  TS-18-B:Sto  1  71.71642       0.00       0.00
20180601         Lxit  1  68.08000   -3686.42  -13628.00
20180628  TS-18-B:Sto  1  75.61837       0.00       0.00
20180716         Lxit  1  70.83000   -4838.37  -18466.36
20180928  TS-18-B:Sto  1  77.64443       0.00       0.00
20181017         Lxit  1  73.96000   -3734.43  -22200.79
20181101  TS-18-S:Sto  1  68.08198       0.00       0.00
20190214        Sxit1  1  58.51000    9521.98  -12678.81
20190423  TS-18-B:Sto  1  69.17311       0.00       0.00
20190502         Lxit  1  64.17000   -5053.11  -17731.92
20190603  TS-18-S:Sto  1  56.20219       0.00       0.00
20190625        Sxit1  1  61.21000   -5057.81  -22789.74
20200106  TS-18-B:Sto  1  66.33000       0.00       0.00
20200109         Lxit  1  61.32000   -5060.00  -27849.74
20200203  TS-18-S:Sto  1  53.62000       0.00       0.00
20200529        Sxit1  1  31.72000   21850.00   -5999.74
20201204  TS-18-B:Sto  1  40.44516       0.00       0.00
20210719         Lxit  1  60.98000   20484.84   14485.10
20211018  TS-18-B:Sto  1  77.74000       0.00       0.00
20211119         Lxit  1  72.73000   -5060.00    9425.10
20220120  TS-18-B:Sto  1  83.64803       0.00       0.00
20220331   Lx-EOFData  1 100.93000   17231.97   26657.07
-----------------------------------------
Sys Name : TS-18StopTemplate-1R
Mkt Symb : EC Mkt Name : EuroCur
20100104  TS-18-S:Sto  1   1.57692       0.00       0.00
20100715        Sxit1  1   1.42445   19009.15   19009.15
20100923  TS-18-B:Sto  1   1.48553       0.00       0.00
20101123         Lxit  1   1.48450    -178.23   18830.92
20110914  TS-18-S:Sto  1   1.51945       0.00       0.00
20111027        Sxit1  1   1.55225   -4150.00   14680.92
20111214  TS-18-S:Sto  1   1.45505       0.00       0.00
20120209        Sxit1  1   1.48350   -3605.69   11075.23
20120516  TS-18-S:Sto  1   1.42385       0.00       0.00
20120822        Sxit1  1   1.40125    2775.00   13850.23
20120913  TS-18-B:Sto  1   1.43845       0.00       0.00
20121109         Lxit  1   1.41820   -2581.25   11268.98
20130125  TS-18-B:Sto  1   1.48530       0.00       0.00
20130222         Lxit  1   1.46100   -3087.54    8181.44
20130613  TS-18-B:Sto  1   1.47945       0.00       0.00
20130626         Lxit  1   1.44905   -3850.00    4331.44
20130808  TS-18-B:Sto  1   1.48468       0.00       0.00
20130903         Lxit  1   1.46000   -3134.61    1196.83
20130923  TS-18-B:Sto  1   1.49805       0.00       0.00
20131107         Lxit  1   1.48655   -1487.50    -290.67
20140319  TS-18-B:Sto  1   1.53785       0.00       0.00
20140403         Lxit  1   1.51555   -2837.50   -3128.17
20140605  TS-18-S:Sto  1   1.50306       0.00       0.00
20150429        Sxit1  1   1.25515   30939.01   27810.83
20150826  TS-18-B:Sto  1   1.29245       0.00       0.00
20150903         Lxit  1   1.25425   -4825.00   22985.83
20151106  TS-18-S:Sto  1   1.22065       0.00       0.00
20160115        Sxit1  1   1.23570   -1931.32   21054.51
20160211  TS-18-B:Sto  1   1.26528       0.00       0.00
20160226         Lxit  1   1.22815   -4691.46   16363.05
20160330  TS-18-B:Sto  1   1.26703       0.00       0.00
20160518         Lxit  1   1.25620   -1403.19   14959.86
20160711  TS-18-S:Sto  1   1.23690       0.00       0.00
20160816        Sxit1  1   1.25305   -2068.75   12891.11
20161017  TS-18-S:Sto  1   1.22465       0.00       0.00
20161109        Sxit1  1   1.24215   -2237.50   10653.61
20161110  TS-18-S:Sto  1   1.21649       0.00       0.00
20170131        Sxit1  1   1.19930    2099.19   12752.80
20170502  TS-18-B:Sto  1   1.20774       0.00       0.00
20171005         Lxit  1   1.27885    8838.32   21591.12
20171109  TS-18-S:Sto  1   1.26563       0.00       0.00
20171115        Sxit1  1   1.28920   -2996.27   18594.85
20180116  TS-18-B:Sto  1   1.32160       0.00       0.00
20180405         Lxit  1   1.32000    -250.00   18344.85
20180504  TS-18-S:Sto  1   1.29020       0.00       0.00
20180828        Sxit1  1   1.25345    4543.75   22888.60
20181029  TS-18-S:Sto  1   1.21575       0.00       0.00
20190109        Sxit1  1   1.21985    -562.50   22326.10
20190925  TS-18-S:Sto  1   1.13924       0.00       0.00
20191018        Sxit1  1   1.15830   -2432.65   19893.45
20200213  TS-18-S:Sto  1   1.12020       0.00       0.00
20200302        Sxit1  1   1.14095   -2643.75   17249.70
20200306  TS-18-B:Sto  1   1.16377       0.00       0.00
20200312         Lxit  1   1.14210   -2758.26   14491.45
20200318  TS-18-S:Sto  1   1.11639       0.00       0.00
20200327        Sxit1  1   1.13925   -2907.04   11584.41
20200605  TS-18-B:Sto  1   1.16070       0.00       0.00
20201028         Lxit  1   1.19785    4593.75   16178.16
20201217  TS-18-B:Sto  1   1.24210       0.00       0.00
20210202         Lxit  1   1.22185   -2581.25   13596.91
20210319  TS-18-S:Sto  1   1.20678       0.00       0.00
20210420        Sxit1  1   1.22385   -2183.81   11413.10
20211001  TS-18-S:Sto  1   1.17220       0.00       0.00
20220113        Sxit1  1   1.15820    1700.00   13113.10
20220307  TS-18-S:Sto  1   1.10230       0.00       0.00
20220331   Sx-EOFData  1   1.11590   -1750.00   11363.10
-----------------------------------------
Sys Name : TS-18StopTemplate-1R
Mkt Symb : GC Mkt Name : Gold
20100512  TS-18-B:Sto  1 1468.40000       0.00       0.00
20100520         Lxit  1 1418.40000   -5050.00   -5050.00
20100924  TS-18-B:Sto  1 1525.40000       0.00       0.00
20110107         Lxit  1 1590.10000    6420.00    1370.00
20110127  TS-18-S:Sto  1 1549.43442       0.00       0.00
20110215        Sxit1  1 1599.50000   -5056.56   -3686.56
20110301  TS-18-B:Sto  1 1656.67533       0.00       0.00
20110315         Lxit  1 1611.80000   -4537.53   -8224.09
20110425  TS-18-B:Sto  1 1738.70000       0.00       0.00
20110701         Lxit  1 1717.50000   -2170.00  -10394.09
20110727  TS-18-B:Sto  1 1846.80000       0.00       0.00
20110923         Lxit  1 1888.20000    4090.00   -6304.09
20111228  TS-18-S:Sto  1 1776.95943       0.00       0.00
20120103        Sxit1  1 1827.00000   -5054.06  -11358.15
20120511  TS-18-S:Sto  1 1805.59617       0.00       0.00
20120725        Sxit1  1 1820.00000   -1490.38  -12848.53
20120905  TS-18-B:Sto  1 1903.20000       0.00       0.00
20121102         Lxit  1 1895.60000    -810.00  -13658.53
20121220  TS-18-S:Sto  1 1868.71376       0.00       0.00
20130815        Sxit1  1 1549.50000   31871.38   18212.84
20131120  TS-18-S:Sto  1 1450.19701       0.00       0.00
20140124        Sxit1  1 1465.60000   -1590.30   16622.55
20140224  TS-18-B:Sto  1 1532.68331       0.00       0.00
20140331         Lxit  1 1482.60000   -5058.33   11564.21
20140919  TS-18-S:Sto  1 1420.90000       0.00       0.00
20141209        Sxit1  1 1418.50000     190.00   11754.21
20150122  TS-18-B:Sto  1 1488.30000       0.00       0.00
20150206         Lxit  1 1438.20000   -5060.00    6694.21
20150317  TS-18-S:Sto  1 1335.30851       0.00       0.00
20150324        Sxit1  1 1385.40000   -5059.15    1635.07
20150720  TS-18-S:Sto  1 1324.00000       0.00       0.00
20150821        Sxit1  1 1350.40000   -2690.00   -1054.93
20151117  TS-18-S:Sto  1 1260.62599       0.00       0.00
20160107        Sxit1  1 1298.60000   -3847.40   -4902.34
20160208  TS-18-B:Sto  1 1369.23006       0.00       0.00
20160524         Lxit  1 1428.00000    5826.99     924.66
20160627  TS-18-B:Sto  1 1509.10000       0.00       0.00
20160830         Lxit  1 1492.00000   -1760.00    -835.34
20161012  TS-18-S:Sto  1 1433.80000       0.00       0.00
20161102        Sxit1  1 1483.80000   -5050.00   -5885.34
20161202  TS-18-S:Sto  1 1351.00000       0.00       0.00
20170124        Sxit1  1 1396.10000   -4560.00  -10445.34
20170417  TS-18-B:Sto  1 1463.51875       0.00       0.00
20170503         Lxit  1 1413.50000   -5051.88  -15497.22
20170606  TS-18-B:Sto  1 1463.31918       0.00       0.00
20170615         Lxit  1 1423.20000   -4061.92  -19559.13
20170712  TS-18-S:Sto  1 1382.21679       0.00       0.00
20170721        Sxit1  1 1422.60000   -4088.32  -23647.46
20170901  TS-18-B:Sto  1 1488.20000       0.00       0.00
20170929         Lxit  1 1440.80000   -4790.00  -28437.46
20180110  TS-18-B:Sto  1 1482.23163       0.00       0.00
20180301         Lxit  1 1460.70000   -2203.16  -30640.62
20180622  TS-18-S:Sto  1 1409.10000       0.00       0.00
20181011        Sxit1  1 1354.30000    5430.00  -25210.62
20181228  TS-18-B:Sto  1 1402.40000       0.00       0.00
20190307         Lxit  1 1399.60000    -330.00  -25540.62
20190614  TS-18-B:Sto  1 1453.65413       0.00       0.00
20191011         Lxit  1 1573.50000   11934.59  -13606.03
20200103  TS-18-B:Sto  1 1625.01962       0.00       0.00
20200313         Lxit  1 1633.40000     788.04  -12817.99
20200324  TS-18-B:Sto  1 1754.93978       0.00       0.00
20200325         Lxit  1 1704.90000   -5053.98  -17871.97
20200407  TS-18-B:Sto  1 1778.80000       0.00       0.00
20200605         Lxit  1 1740.70000   -3860.00  -21731.97
20200728  TS-18-B:Sto  1 1986.20000       0.00       0.00
20200812         Lxit  1 1936.20000   -5050.00  -26781.97
20200818  TS-18-B:Sto  1 2042.18107       0.00       0.00
20200819         Lxit  1 1992.10000   -5058.11  -31840.08
20201125  TS-18-S:Sto  1 1835.50000       0.00       0.00
20201207        Sxit1  1 1885.60000   -5060.00  -36900.08
20210218  TS-18-S:Sto  1 1795.60000       0.00       0.00
20210421        Sxit1  1 1813.20000   -1810.00  -38710.08
20210518  TS-18-B:Sto  1 1892.60929       0.00       0.00
20210616         Lxit  1 1842.60000   -5050.93  -43761.01
20220225  TS-18-B:Sto  1 1912.10000       0.00       0.00
20220331   Lx-EOFData  1 1954.70000    4210.00  -39551.01
-----------------------------------------
Sys Name : TS-18StopTemplate-1R
Mkt Symb : KC Mkt Name : Coffee
20100212  TS-18-S:Sto  1 293.06024       0.00       0.00
20100329        Sxit1  1 299.30000   -2389.91   -2389.91
20100617  TS-18-B:Sto  1 316.45000       0.00       0.00
20101004         Lxit  1 329.45000    4825.00    2435.09
20101027  TS-18-B:Sto  1 357.45000       0.00       0.00
20110512         Lxit  1 420.35000   23537.50   25972.59
20110901  TS-18-B:Sto  1 430.77779       0.00       0.00
20110909         Lxit  1 417.40000   -5066.67   20905.92
20110923  TS-18-S:Sto  1 374.80366       0.00       0.00
20111024        Sxit1  1 388.15000   -5054.88   15851.04
20120221  TS-18-S:Sto  1 338.55000       0.00       0.00
20120703        Sxit1  1 306.70000   11893.75   27744.79
20121106  TS-18-S:Sto  1 279.55000       0.00       0.00
20130118        Sxit1  1 280.75000    -500.00   27244.79
20130221  TS-18-S:Sto  1 259.41792       0.00       0.00
20130508        Sxit1  1 261.65000    -887.03   26357.76
20130531  TS-18-S:Sto  1 243.40000       0.00       0.00
20130718        Sxit1  1 248.90000   -2112.50   24245.26
20131031  TS-18-S:Sto  1 219.65000       0.00       0.00
20131213        Sxit1  1 224.20000   -1756.25   22489.01
20140204  TS-18-B:Sto  1 245.55000       0.00       0.00
20140520         Lxit  1 285.80000   15043.75   37532.76
20141008  TS-18-B:Sto  1 313.40000       0.00       0.00
20141020         Lxit  1 300.05000   -5056.25   32476.51
20150102  TS-18-S:Sto  1 255.44343       0.00       0.00
20150106        Sxit1  1 268.80000   -5058.71   27417.80
20150303  TS-18-S:Sto  1 230.05000       0.00       0.00
20150810        Sxit1  1 218.55000    4262.50   31680.30
20150914  TS-18-S:Sto  1 199.60000       0.00       0.00
20151005        Sxit1  1 210.45000   -4118.75   27561.55
20160323  TS-18-B:Sto  1 212.25000       0.00       0.00
20160405         Lxit  1 199.05000   -5000.00   22561.55
20160614  TS-18-B:Sto  1 211.77083       0.00       0.00
20160817         Lxit  1 209.55000    -882.81   21678.74
20161027  TS-18-B:Sto  1 233.15000       0.00       0.00
20161125         Lxit  1 222.65000   -3987.50   17691.24
20161207  TS-18-S:Sto  1 206.75170       0.00       0.00
20170123        Sxit1  1 219.40000   -4793.11   12898.13
20170622  TS-18-S:Sto  1 181.15000       0.00       0.00
20170717        Sxit1  1 193.10000   -4531.25    8366.88
20180705  TS-18-S:Sto  1 157.65000       0.00       0.00
20181003        Sxit1  1 152.20000    1993.75   10360.63
20181017  TS-18-B:Sto  1 164.79505       0.00       0.00
20181113         Lxit  1 151.55000   -5016.90    5343.73
20190312  TS-18-S:Sto  1 131.15760       0.00       0.00
20190529        Sxit1  1 130.90000      46.60    5390.33
20190703  TS-18-B:Sto  1 141.20000       0.00       0.00
20190726         Lxit  1 131.05000   -3856.25    1534.08
20191111  TS-18-B:Sto  1 135.70000       0.00       0.00
20200116         Lxit  1 137.95000     793.75    2327.83
20200604  TS-18-S:Sto  1 118.20665       0.00       0.00
20200722        Sxit1  1 126.20000   -3047.51    -719.68
20200804  TS-18-B:Sto  1 140.28364       0.00       0.00
20200921         Lxit  1 128.60000   -4431.36   -5151.04
20210506  TS-18-B:Sto  1 160.15000       0.00       0.00
20220228         Lxit  1 237.05000   28787.50   23636.46
20220318  TS-18-S:Sto  1 217.70000       0.00       0.00
20220331   Sx-EOFData  1 228.55000   -4118.75   19517.71
-----------------------------------------
Sys Name : TS-18StopTemplate-1R
Mkt Symb : NG Mkt Name : Nat.Gas
20100315  TS-18-S:Sto  1  11.66707       0.00       0.00
20100603        Sxit1  1  11.63000     320.69     320.69
20100615  TS-18-B:Sto  1  12.21900       0.00       0.00
20100629         Lxit  1  11.71800   -5060.00   -4739.31
20100827  TS-18-S:Sto  1  10.93800       0.00       0.00
20101122        Sxit1  1  10.89900     340.00   -4399.31
20110808  TS-18-S:Sto  1  10.07400       0.00       0.00
20120511        Sxit1  1   7.90900   21600.00   17200.69
20120627  TS-18-B:Sto  1   8.13795       0.00       0.00
20120820         Lxit  1   8.00000   -1429.53   15771.17
20121010  TS-18-B:Sto  1   8.56600       0.00       0.00
20121102         Lxit  1   8.29800   -2730.00   13041.17
20130102  TS-18-S:Sto  1   7.86246       0.00       0.00
20130305        Sxit1  1   8.05800   -2005.35   11035.82
20130320  TS-18-B:Sto  1   8.46700       0.00       0.00
20130603         Lxit  1   8.35400   -1180.00    9855.82
20130627  TS-18-S:Sto  1   8.02100       0.00       0.00
20130916        Sxit1  1   8.03400    -179.98    9675.84
20131210  TS-18-B:Sto  1   8.35200       0.00       0.00
20140110         Lxit  1   8.03400   -3230.00    6445.84
20140127  TS-18-B:Sto  1   9.21200       0.00       0.00
20140512         Lxit  1   9.48600    2690.00    9135.84
20140716  TS-18-S:Sto  1   9.10200       0.00       0.00
20140930        Sxit1  1   9.08600     110.00    9245.84
20141107  TS-18-B:Sto  1   9.26600       0.00       0.00
20141113         Lxit  1   8.85000   -4210.00    5035.84
20141117  TS-18-B:Sto  1   9.14379       0.00       0.00
20141124         Lxit  1   8.87300   -2757.86    2277.98
20141203  TS-18-S:Sto  1   8.52069       0.00       0.00
20150504        Sxit1  1   7.39800   11176.90   13454.89
20151006  TS-18-S:Sto  1   6.91400       0.00       0.00
20160419        Sxit1  1   5.95900    9500.00   22954.89
20160614  TS-18-B:Sto  1   6.16000       0.00       0.00
20160812         Lxit  1   6.11400    -510.00   22444.89
20161019  TS-18-B:Sto  1   6.75000       0.00       0.00
20161024         Lxit  1   6.41100   -3440.00   19004.89
20161101  TS-18-S:Sto  1   6.05541       0.00       0.00
20161128        Sxit1  1   6.31000   -2595.94   16408.94
20170222  TS-18-S:Sto  1   5.54400       0.00       0.00
20170404        Sxit1  1   6.04400   -5050.00   11358.94
20170613  TS-18-S:Sto  1   5.54160       0.00       0.00
20170901        Sxit1  1   5.60500    -684.03   10674.92
20171213  TS-18-S:Sto  1   4.92800       0.00       0.00
20180102        Sxit1  1   5.32900   -4060.00    6614.92
20180124  TS-18-B:Sto  1   5.78200       0.00       0.00
20180209         Lxit  1   5.30900   -4780.00    1834.92
20181003  TS-18-B:Sto  1   5.70400       0.00       0.00
20181217         Lxit  1   5.98000    2710.00    4544.92
20190610  TS-18-S:Sto  1   4.81400       0.00       0.00
20190903        Sxit1  1   4.82900    -200.00    4344.92
20190911  TS-18-B:Sto  1   5.10818       0.00       0.00
20190930         Lxit  1   4.82400   -2891.84    1453.07
20191107  TS-18-B:Sto  1   5.16830       0.00       0.00
20191119         Lxit  1   4.85700   -3163.04   -1709.97
20200122  TS-18-S:Sto  1   4.17500       0.00       0.00
20200420        Sxit1  1   4.12600     440.00   -1269.97
20200817  TS-18-B:Sto  1   4.20800       0.00       0.00
20200917         Lxit  1   3.84200   -3710.00   -4979.97
20201209  TS-18-S:Sto  1   3.15400       0.00       0.00
20210112        Sxit1  1   3.60900   -4600.00   -9579.97
20210616  TS-18-B:Sto  1   3.82661       0.00       0.00
20211109         Lxit  1   5.34000   15083.92    5503.95
20220323  TS-18-B:Sto  1   5.77462       0.00       0.00
20220331   Lx-EOFData  1   6.14200    3623.79    9127.74
-----------------------------------------
Sys Name : TS-18StopTemplate-1R
Mkt Symb : S_ Mkt Name : SoyBean
20100202  TS-18-S:Sto  1 621.00000       0.00       0.00
20100414        Sxit1  1 673.00000   -2650.00   -2650.00
20100708  TS-18-B:Sto  1 695.49218       0.00       0.00
20110222         Lxit  1 1055.50000   17950.39   15300.39
20110923  TS-18-S:Sto  1 991.50000       0.00       0.00
20120103        Sxit1  1 920.00000    3525.00   18825.39
20120223  TS-18-B:Sto  1 965.38496       0.00       0.00
20120523         Lxit  1 1045.75000    3968.25   22793.64
20120705  TS-18-B:Sto  1 1248.25000       0.00       0.00
20120927         Lxit  1 1348.50000    4962.50   27756.14
20121114  TS-18-S:Sto  1 1196.00000       0.00       0.00
20121217        Sxit1  1 1296.25000   -5062.50   22693.64
20130523  TS-18-B:Sto  1 1354.25000       0.00       0.00
20130726         Lxit  1 1316.00000   -1962.50   20731.14
20130826  TS-18-B:Sto  1 1456.50000       0.00       0.00
20130930         Lxit  1 1391.25000   -3312.50   17418.64
20140225  TS-18-B:Sto  1 1509.50000       0.00       0.00
20140611         Lxit  1 1590.75000    4012.50   21431.14
20140701  TS-18-S:Sto  1 1480.00000       0.00       0.00
20141028        Sxit1  1 1347.00000    6600.00   28031.14
20150626  TS-18-B:Sto  1 1314.75493       0.00       0.00
20150727         Lxit  1 1289.00000   -1337.75   26693.40
20150824  TS-18-S:Sto  1 1208.30198       0.00       0.00
20151201        Sxit1  1 1219.00000    -584.90   26108.50
20160418  TS-18-B:Sto  1 1288.25000       0.00       0.00
20160719         Lxit  1 1381.75000    4625.00   30733.50
20161129  TS-18-B:Sto  1 1396.00000       0.00       0.00
20161222         Lxit  1 1336.25000   -3037.50   27696.00
20170328  TS-18-S:Sto  1 1291.75000       0.00       0.00
20170703        Sxit1  1 1267.50000    1162.50   28858.50
20170710  TS-18-B:Sto  1 1329.50000       0.00       0.00
20170803         Lxit  1 1270.50000   -3000.00   25858.50
20180220  TS-18-B:Sto  1 1312.75000       0.00       0.00
20180323         Lxit  1 1280.50000   -1662.50   24196.00
20180614  TS-18-S:Sto  1 1192.00000       0.00       0.00
20181005        Sxit1  1 1108.00000    4150.00   28346.00
20190313  TS-18-S:Sto  1 1093.00197       0.00       0.00
20190604        Sxit1  1 1077.25000     737.60   29083.59
20191014  TS-18-B:Sto  1 1103.00000       0.00       0.00
20191114         Lxit  1 1059.00000   -2250.00   26833.59
20200131  TS-18-S:Sto  1 1019.00000       0.00       0.00
20200604        Sxit1  1 988.50000    1475.00   28308.59
20200901  TS-18-B:Sto  1 1074.75000       0.00       0.00
20210614         Lxit  1 1612.75000   26850.00   55158.59
20211231  TS-18-B:Sto  1 1540.12839       0.00       0.00
20220331   Lx-EOFData  1 1818.75000   13881.08   69039.67
-----------------------------------------
Sys Name : TS-18StopTemplate-1R
Mkt Symb : LH Mkt Name : LHogs
20100419  TS-18-B:Sto  1 146.17500       0.00       0.00
20100517         Lxit  1 141.75000   -1820.00   -1820.00
20100607  TS-18-S:Sto  1 136.96977       0.00       0.00
20100621        Sxit1  1 142.62500   -2312.09   -4132.09
20101020  TS-18-S:Sto  1 135.35000       0.00       0.00
20101222        Sxit1  1 138.17500   -1180.00   -5312.09
20110125  TS-18-B:Sto  1 141.91723       0.00       0.00
20110307         Lxit  1 139.95000    -836.89   -6148.98
20110506  TS-18-S:Sto  1 134.92500       0.00       0.00
20110621        Sxit1  1 138.57500   -1510.00   -7658.98
20111019  TS-18-B:Sto  1 146.35000       0.00       0.00
20111109         Lxit  1 140.20000   -2510.00  -10168.98
20120329  TS-18-S:Sto  1 134.73166       0.00       0.00
20120608        Sxit1  1 134.40000      82.66  -10086.32
20121121  TS-18-B:Sto  1 141.48493       0.00       0.00
20130206         Lxit  1 139.85000    -703.97  -10790.29
20130220  TS-18-S:Sto  1 135.70000       0.00       0.00
20130515        Sxit1  1 134.42500     460.00  -10330.29
20130607  TS-18-B:Sto  1 138.25000       0.00       0.00
20131119         Lxit  1 146.72500    3340.00   -6990.29
20131219  TS-18-S:Sto  1 142.95000       0.00       0.00
20140218        Sxit1  1 145.47500   -1060.00   -8050.29
20140227  TS-18-B:Sto  1 150.28967       0.00       0.00
20140523         Lxit  1 161.65000    4494.13   -3556.16
20140805  TS-18-S:Sto  1 155.27500       0.00       0.00
20140910        Sxit1  1 158.92500   -1510.00   -5066.16
20141217  TS-18-S:Sto  1 145.47500       0.00       0.00
20150429        Sxit1  1 130.77500    5830.00     763.84
20150622  TS-18-S:Sto  1 121.61051       0.00       0.00
20150722        Sxit1  1 128.20000   -2685.79   -1921.95
20151106  TS-18-S:Sto  1 124.63994       0.00       0.00
20151211        Sxit1  1 131.57500   -2824.02   -4745.98
20160615  TS-18-B:Sto  1 144.02500       0.00       0.00
20160705         Lxit  1 136.67500   -2990.00   -7735.98
20160721  TS-18-S:Sto  1 129.59084       0.00       0.00
20161121        Sxit1  1 119.55000    3966.33   -3769.64
20161216  TS-18-B:Sto  1 128.62847       0.00       0.00
20170327         Lxit  1 129.25000     198.61   -3571.03
20170425  TS-18-S:Sto  1 123.45000       0.00       0.00
20170503        Sxit1  1 129.55000   -2490.00   -6061.03
20170531  TS-18-B:Sto  1 136.52588       0.00       0.00
20170818         Lxit  1 134.60000    -820.35   -6881.38
20170918  TS-18-S:Sto  1 129.30000       0.00       0.00
20171031        Sxit1  1 131.82500   -1060.00   -7941.38
20180110  TS-18-B:Sto  1 133.42500       0.00       0.00
20180206         Lxit  1 130.15000   -1360.00   -9301.38
20180323  TS-18-S:Sto  1 118.72500       0.00       0.00
20180613        Sxit1  1 119.95000    -540.00   -9841.38
20180717  TS-18-S:Sto  1 110.17500       0.00       0.00
20180918        Sxit1  1 110.57500    -210.00  -10051.38
20190222  TS-18-S:Sto  1 101.77500       0.00       0.00
20190313        Sxit1  1 110.32500   -3470.00  -13521.38
20190321  TS-18-B:Sto  1 120.19997       0.00       0.00
20190528         Lxit  1 116.02500   -1719.99  -15241.37
20190624  TS-18-S:Sto  1 102.90196       0.00       0.00
20200102        Sxit1  1  93.82500    3580.78  -11660.59
20200204  TS-18-S:Sto  1  78.55000       0.00       0.00
20200504        Sxit1  1  75.12500    1320.00  -10340.59
20200903  TS-18-B:Sto  1  73.95000       0.00       0.00
20201211         Lxit  1  85.65000    4630.00   -5710.59
20210212  TS-18-B:Sto  1  99.87500       0.00       0.00
20210621         Lxit  1 118.22500    7290.00    1579.41
20220208  TS-18-B:Sto  1 122.40000       0.00       0.00
20220331   Lx-EOFData  1 123.62500     440.00    2019.41
-----------------------------------------
Sys Name : TS-18StopTemplate-1R
Mkt Symb : SB Mkt Name : Sugar
20100104  TS-18-B:Sto  1  26.58000       0.00       0.00
20100222         Lxit  1  25.05000   -1763.60   -1763.60
20100310  TS-18-S:Sto  1  20.21411       0.00       0.00
20100623        Sxit1  1  16.87000    3695.40    1931.80
20100723  TS-18-B:Sto  1  19.16000       0.00       0.00
20110209         Lxit  1  32.37000   14745.20   16677.00
20110418  TS-18-S:Sto  1  29.15000       0.00       0.00
20110608        Sxit1  1  30.59000   -1662.80   15014.20
20110628  TS-18-B:Sto  1  34.68761       0.00       0.00
20110919         Lxit  1  35.07000     378.28   15392.48
20111125  TS-18-S:Sto  1  31.42000       0.00       0.00
20120119        Sxit1  1  32.95000   -1763.60   13628.88
20120426  TS-18-S:Sto  1  31.00149       0.00       0.00
20120628        Sxit1  1  31.61000    -731.53   12897.35
20130524  TS-18-S:Sto  1  26.67000       0.00       0.00
20130809        Sxit1  1  26.62000       6.00   12903.35
20131021  TS-18-B:Sto  1  28.57000       0.00       0.00
20131112         Lxit  1  26.93000   -1886.80   11016.55
20131213  TS-18-S:Sto  1  25.29421       0.00       0.00
20140221        Sxit1  1  25.61000    -403.68   10612.86
20140715  TS-18-S:Sto  1  24.43000       0.00       0.00
20150120        Sxit1  1  21.39000    3354.80   13967.66
20150306  TS-18-S:Sto  1  19.23000       0.00       0.00
20150512        Sxit1  1  19.35000    -184.40   13783.26
20150617  TS-18-S:Sto  1  17.11000       0.00       0.00
20150911        Sxit1  1  17.01000      62.00   13845.26
20151005  TS-18-B:Sto  1  18.16000       0.00       0.00
20160111         Lxit  1  18.95000     834.80   14680.06
20160223  TS-18-S:Sto  1  17.41000       0.00       0.00
20160302        Sxit1  1  19.01000   -1842.00   12838.06
20160321  TS-18-B:Sto  1  20.70089       0.00       0.00
20160406         Lxit  1  19.08000   -1865.40   10972.66
20160602  TS-18-B:Sto  1  22.11186       0.00       0.00
20161101         Lxit  1  25.05000    3240.72   14213.38
20161202  TS-18-S:Sto  1  22.78052       0.00       0.00
20170105        Sxit1  1  24.81000   -2323.02   11890.36
20170317  TS-18-S:Sto  1  21.49891       0.00       0.00
20170801        Sxit1  1  18.42000    3398.38   15288.74
20171215  TS-18-S:Sto  1  16.39527       0.00       0.00
20171220        Sxit1  1  17.27000   -1029.70   14259.04
20180119  TS-18-S:Sto  1  15.87000       0.00       0.00
20180530        Sxit1  1  15.23000     666.80   14925.84
20180710  TS-18-S:Sto  1  13.60324       0.00       0.00
20180912        Sxit1  1  13.73000    -191.98   14733.86
20181012  TS-18-B:Sto  1  14.62270       0.00       0.00
20181213         Lxit  1  13.88000    -881.82   13852.05
20190506  TS-18-S:Sto  1  13.22000       0.00       0.00
20190611        Sxit1  1  13.81000    -710.80   13141.25
20190718  TS-18-S:Sto  1  12.71657       0.00       0.00
20190930        Sxit1  1  12.88000    -233.04   12908.21
20191220  TS-18-B:Sto  1  13.59000       0.00       0.00
20200305         Lxit  1  13.91000     308.40   13216.61
20200312  TS-18-S:Sto  1  12.20907       0.00       0.00
20200604        Sxit1  1  12.00000     184.16   13400.76
20201023  TS-18-B:Sto  1  14.86000       0.00       0.00
20210323         Lxit  1  15.63000     812.40   14213.16
20210426  TS-18-B:Sto  1  17.71984       0.00       0.00
20210617         Lxit  1  17.15000    -688.22   13524.94
20210813  TS-18-B:Sto  1  19.91000       0.00       0.00
20211018         Lxit  1  19.08000    -979.60   12545.34
20220112  TS-18-S:Sto  1  17.76000       0.00       0.00
20220301        Sxit1  1  18.49000    -867.60   11677.74
20220324  TS-18-B:Sto  1  19.63729       0.00       0.00
20220331   Lx-EOFData  1  19.64000     -46.96   11630.78
-----------------------------------------
Sys Name : TS-18StopTemplate-1R
Mkt Symb : SI Mkt Name : Silver
20100909  TS-18-B:Sto  1  25.30800       0.00       0.00
20110124         Lxit  1  32.18500   34335.00   34335.00
20110224  TS-18-B:Sto  1  38.82800       0.00       0.00
20110225         Lxit  1  37.38800   -7250.00   27085.00
20110228  TS-18-B:Sto  1  38.63800       0.00       0.00
20110505         Lxit  1  40.46500    9085.00   36170.00
20110929  TS-18-S:Sto  1  35.08200       0.00       0.00
20110930        Sxit1  1  36.08500   -5065.00   31105.00
20111003  TS-18-S:Sto  1  35.12200       0.00       0.00
20111004        Sxit1  1  36.12500   -5065.00   26040.00
20111005  TS-18-S:Sto  1  35.44200       0.00       0.00
20111006        Sxit1  1  36.44500   -5065.00   20975.00
20120228  TS-18-B:Sto  1  41.54654       0.00       0.00
20120229         Lxit  1  40.54500   -5057.68   15917.32
20120508  TS-18-S:Sto  1  34.50276       0.00       0.00
20120817        Sxit1  1  33.14000    6763.79   22681.10
20120830  TS-18-B:Sto  1  35.59400       0.00       0.00
20121102         Lxit  1  36.04000    2180.00   24861.10
20121226  TS-18-S:Sto  1  34.69600       0.00       0.00
20130102        Sxit1  1  35.70000   -5070.00   19791.10
20130103  TS-18-S:Sto  1  34.90775       0.00       0.00
20130115        Sxit1  1  35.91000   -5061.27   14729.83
20130225  TS-18-S:Sto  1  33.52100       0.00       0.00
20130812        Sxit1  1  26.02000   37455.00   52184.83
20130827  TS-18-B:Sto  1  29.23483       0.00       0.00
20130830         Lxit  1  28.23000   -5074.15   47110.69
20131202  TS-18-S:Sto  1  24.14662       0.00       0.00
20140114        Sxit1  1  25.15000   -5066.90   42043.79
20140224  TS-18-B:Sto  1  26.61596       0.00       0.00
20140226         Lxit  1  25.61500   -5054.81   36988.98
20140314  TS-18-B:Sto  1  26.26870       0.00       0.00
20140318         Lxit  1  25.26500   -5068.48   31920.50
20140501  TS-18-S:Sto  1  23.20057       0.00       0.00
20140507        Sxit1  1  24.20500   -5072.13   26848.37
20140710  TS-18-B:Sto  1  25.70812       0.00       0.00
20140801         Lxit  1  24.70500   -5065.58   21782.80
20140919  TS-18-S:Sto  1  22.53372       0.00       0.00
20150113        Sxit1  1  20.94500    7893.59   29676.39
20150123  TS-18-B:Sto  1  22.60900       0.00       0.00
20150129         Lxit  1  21.60500   -5070.00   24606.39
20150729  TS-18-S:Sto  1  18.75452       0.00       0.00
20150821        Sxit1  1  19.75500   -5052.41   19553.98
20160211  TS-18-B:Sto  1  19.97379       0.00       0.00
20160226         Lxit  1  18.97000   -5068.95   14485.03
20160421  TS-18-B:Sto  1  21.04100       0.00       0.00
20160531         Lxit  1  20.08000   -4855.00    9630.03
20160624  TS-18-B:Sto  1  22.16841       0.00       0.00
20160825         Lxit  1  22.43000    1257.97   10888.00
20170504  TS-18-S:Sto  1  20.16100       0.00       0.00
20170602        Sxit1  1  21.16500   -5070.00    5818.00
20170711  TS-18-S:Sto  1  19.25300       0.00       0.00
20170726        Sxit1  1  20.25500   -5060.00     758.00
20171212  TS-18-S:Sto  1  19.15600       0.00       0.00
20171227        Sxit1  1  20.16000   -5070.00   -4312.00
20180719  TS-18-S:Sto  1  18.77000       0.00       0.00
20181102        Sxit1  1  17.93500    4125.00    -187.00
20190107  TS-18-B:Sto  1  18.74300       0.00       0.00
20190301         Lxit  1  18.12000   -3165.00   -3352.00
20190423  TS-18-S:Sto  1  17.63560       0.00       0.00
20190614        Sxit1  1  17.85000   -1122.02   -4474.02
20190718  TS-18-B:Sto  1  18.68600       0.00       0.00
20191106         Lxit  1  20.06500    6845.00    2370.98
20200108  TS-18-B:Sto  1  20.99083       0.00       0.00
20200123         Lxit  1  19.99000   -5054.16   -2683.18
20200316  TS-18-S:Sto  1  17.41600       0.00       0.00
20200414        Sxit1  1  18.42000   -5070.00   -7753.18
20200720  TS-18-B:Sto  1  22.14783       0.00       0.00
20200923         Lxit  1  24.87000   13560.85    5807.67
20210104  TS-18-B:Sto  1  28.97600       0.00       0.00
20210108         Lxit  1  27.97500   -5054.98     752.68
20210517  TS-18-B:Sto  1  29.94292       0.00       0.00
20210521         Lxit  1  28.94000   -5064.61   -4311.93
20210601  TS-18-B:Sto  1  30.28349       0.00       0.00
20210603         Lxit  1  29.28000   -5067.43   -9379.36
20210727  TS-18-S:Sto  1  26.17856       0.00       0.00
20210729        Sxit1  1  27.18000   -5057.22  -14436.57
20210810  TS-18-S:Sto  1  25.08100       0.00       0.00
20210903        Sxit1  1  26.08500   -5070.00  -19506.57
20210920  TS-18-S:Sto  1  23.81235       0.00       0.00
20211013        Sxit1  1  24.81500   -5063.26  -24569.84
20211215  TS-18-S:Sto  1  23.14593       0.00       0.00
20211217        Sxit1  1  24.15000   -5070.34  -29640.17
20220307  TS-18-B:Sto  1  27.52500       0.00       0.00
20220315         Lxit  1  26.52000   -5075.00  -34715.17
20220324  TS-18-B:Sto  1  27.54967       0.00       0.00
20220328         Lxit  1  26.54500   -5073.37  -39788.55
-----------------------------------------
Sys Name : TS-18StopTemplate-1R
Mkt Symb : TY Mkt Name : TenYr
20100104  TS-18-S:Sto  1  87.85196       0.00       0.00
20100115        Sxit1  1  90.03120   -2229.24   -2229.24
20100506  TS-18-B:Sto  1  92.87500       0.00       0.00
20101115         Lxit  1 101.00000    8075.00    5845.76
20101209  TS-18-S:Sto  1  97.35938       0.00       0.00
20110310        Sxit1  1  97.37440     -65.02    5780.74
20110504  TS-18-B:Sto  1  99.43750       0.00       0.00
20111027         Lxit  1 108.17160    8684.10   14464.84
20120322  TS-18-S:Sto  1 109.85938       0.00       0.00
20120406        Sxit1  1 111.71760   -1908.23   12556.61
20120507  TS-18-B:Sto  1 114.22604       0.00       0.00
20120809         Lxit  1 115.48360    1207.56   13764.18
20130201  TS-18-S:Sto  1 114.94244       0.00       0.00
20130225        Sxit1  1 116.29640   -1403.96   12360.21
20130405  TS-18-B:Sto  1 117.82812       0.00       0.00
20130514         Lxit  1 116.65520   -1222.93   11137.29
20130529  TS-18-S:Sto  1 114.70475       0.00       0.00
20130918        Sxit1  1 112.56160    2093.15   13230.44
20131018  TS-18-B:Sto  1 114.28383       0.00       0.00
20131205         Lxit  1 112.81120   -1522.63   11707.81
20140529  TS-18-B:Sto  1 116.40625       0.00       0.00
20140703         Lxit  1 114.70200   -1754.25    9953.56
20140820  TS-18-B:Sto  1 117.07315       0.00       0.00
20140910         Lxit  1 115.95160   -1171.55    8782.01
20141014  TS-18-B:Sto  1 118.71875       0.00       0.00
20150217         Lxit  1 119.40560     636.85    9418.86
20150512  TS-18-S:Sto  1 118.95120       0.00       0.00
20150529        Sxit1  1 120.71760   -1816.40    7602.45
20150610  TS-18-S:Sto  1 118.17188       0.00       0.00
20150706        Sxit1  1 120.39000   -2268.13    5334.33
20151006  TS-18-B:Sto  1 122.83894       0.00       0.00
20151102         Lxit  1 121.28080   -1608.14    3726.19
20160120  TS-18-B:Sto  1 123.43546       0.00       0.00
20160426         Lxit  1 124.10920     623.74    4349.93
20160615  TS-18-B:Sto  1 126.67188       0.00       0.00
20160826         Lxit  1 126.59280    -129.08    4220.86
20161012  TS-18-S:Sto  1 125.63504       0.00       0.00
20161109        Sxit1  1 126.62400   -1038.96    3181.90
20161110  TS-18-S:Sto  1 123.96875       0.00       0.00
20170223        Sxit1  1 121.59280    2325.95    5507.85
20170411  TS-18-B:Sto  1 122.39544       0.00       0.00
20170703         Lxit  1 122.68640     240.96    5748.81
20170905  TS-18-B:Sto  1 124.76444       0.00       0.00
20170918         Lxit  1 123.74880   -1065.64    4683.17
20171006  TS-18-S:Sto  1 122.37812       0.00       0.00
20180529        Sxit1  1 118.75000    3578.12    8261.29
20180921  TS-18-S:Sto  1 117.56250       0.00       0.00
20181115        Sxit1  1 117.95160    -439.10    7822.19
20181206  TS-18-B:Sto  1 119.59637       0.00       0.00
20190913         Lxit  1 126.71760    7071.23   14893.43
20200130  TS-18-B:Sto  1 128.77312       0.00       0.00
20200605         Lxit  1 135.03120    6208.08   21101.51
20210218  TS-18-S:Sto  1 134.53125       0.00       0.00
20210507        Sxit1  1 133.06240    1418.85   22520.36
20210720  TS-18-B:Sto  1 135.15625       0.00       0.00
20210917         Lxit  1 133.93600   -1270.25   21250.11
20211011  TS-18-S:Sto  1 132.18750       0.00       0.00
20211130        Sxit1  1 133.12480    -987.30   20262.81
20220112  TS-18-S:Sto  1 130.40625       0.00       0.00
20220301        Sxit1  1 130.88920    -532.95   19729.86
20220314  TS-18-S:Sto  1 127.20336       0.00       0.00
20220331   Sx-EOFData  1 124.87500    2278.36   22008.21
