Testing from : 20100104 to: 20220331
-----------------------------------------------------------------------------------------------------------
                                                                                      Avg.   Monthly    Avg.
SysName         Market     TotProfit  MaxDD ClsTrdDD AvgWin  AvgLoss PerWins #Trds  MonthRet.  StdDev  YearlyRet.
TS-18simpleE... Crude-CL       70029  61390   58820    7595    -4827    0.45     91      476    5000     3773
TS-18simpleE... EuroCur-EC    -17437  47956   44156    5673    -4043    0.39     62     -118    3495    -1039
TS-18simpleE... Gold-GC        34239  65020   62800    7577    -4786    0.42     91      232    4924     1611
TS-18simpleE... Coffee-KC     -13568  58943   55937    7461    -4541    0.36     77      -92    3945        9
TS-18simpleE... Nat.Gas-NG     19110  35600   28649    6424    -4063    0.42     65      130    3729     1947
TS-18simpleE... SoyBean-S_     24337  42662   37300    6388    -3395    0.39     62      165    3281     1001
TS-18simpleE... LHogs-LH        2749  20799   16969    5393    -2142    0.29     55       18    2412     -248
TS-18simpleE... Sugar-SB       29517  14871   13269    3956    -1904    0.44     43      200    1757     2446
TS-18simpleE... Silver-SI      15379  61270   56245    7846    -5088    0.40    119      104    5786     1079
TS-18simpleE... TenYr-TY       15702  23337   19162    3273    -1859    0.43     44      106    1820      837
-------------------------------------------------------------------------------------------------------------------
Totals                         180061  95647 or 49.1 % Avg. DD   41996         709
-----------------------------------------------------------------------------------------------------------
Combined Monthly Return
Date         Profit Cum.Profit
-------------------------------------------------------------------
20100129       1258       1258
20100226     -12776     -11518
20100331      15183       3665
20100430       8577      12242
20100528     -11261        981
20100630      -2079      -1098
20100730      -3134      -4232
20100831     -13758     -17990
20100930      24152       6162
20101029      31658      37820
20101130       5917      43736
20101231      -7145      36591      36591
20110131     -20847      15744
20110228      -4548      11197
20110331      15209      26406
20110429      60386      86792
20110531     -42101      44691
20110630     -18719      25972
20110729      -4330      21643
20110831       2802      24445
20110930      11720      36165
20111031     -19763      16402
20111130      15729      32131
20111230       5717      37848       1257
20120131      -7363      30485
20120229     -18127      12358
20120330       9058      21416
20120430      -3541      17874
20120531      25811      43686
20120629     -18072      25614
20120731      14111      39725
20120831       3397      43122
20120928      -7543      35578
20121031      -8842      26737
20121130       9174      35910
20121231       5393      41303       3455
20130131       2138      43441
20130228      -3583      39857
20130329       -699      39159
20130430      17508      56667
20130531      -3969      52698
20130628       8487      61184
20130731      -8756      52428
20130830       1285      53713
20130930      -9729      43985
20131031       6385      50370
20131129      -5198      45172
20131231      -1104      44068       2764
20140131     -11392      32675
20140228      50232      82907
20140331       5172      88079
20140430      -5601      82478
20140530       6114      88592
20140630     -23124      65468
20140731       3032      68501
20140829       7918      76419
20140930      18283      94702
20141031      -6417      88284
20141128      -1706      86578
20141231      16510     103088      59021
20150130      21909     124998
20150227      -7429     117568
20150331       7004     124572
20150430     -10628     113944
20150529     -17122      96821
20150630     -12468      84353
20150731       8735      93089
20150831     -15711      77378
20150930       5045      82423
20151030     -12684      69739
20151130       4355      74094
20151231        360      74453     -28635
20160129       -251      74203
20160229       8587      82790
20160331      -6214      76576
20160429      12107      88683
20160531      -8290      80393
20160630      14982      95375
20160729       5208     100583
20160831     -12278      88305
20160930      -1083      87222
20161031       3606      90828
20161130       7380      98208
20161230       5710     103919      29465
20170131     -22830      81088
20170228      12593      93682
20170331     -13199      80482
20170428       3640      84123
20170531      11935      96058
20170630       3620      99678
20170731     -11574      88104
20170831      -5487      82617
20170929     -14806      67812
20171031      -4477      63335
20171130       1316      64651
20171229      -8447      56204     -47715
20180131       8587      64790
20180228     -16799      47992
20180329       7656      55648
20180430      -1903      53745
20180531      -5844      47900
20180629      19714      67615
20180731       9248      76863
20180831      19240      96103
20180928     -11911      84192
20181031      -7052      77140
20181130      20002      97141
20181231       4364     101505      45301
20190131      -6667      94838
20190228       1385      96223
20190329        447      96671
20190430       8182     104853
20190531       -485     104368
20190628      -4214     100154
20190731      -1600      98554
20190830      24487     123040
20190930     -23757      99283
20191031      -2355      96928
20191129        405      97332
20191231     -10871      86461     -15044
20200131       7995      94456
20200228        822      95278
20200331        362      95640
20200430      12360     108000
20200529       7107     115107
20200630      -1499     113608
20200731      35670     149278
20200831      13265     162543
20200930      -2138     160405
20201030       2567     162972
20201130      -4078     158894
20201231       5031     163925      77464
20210129      -1767     162158
20210226      17020     179178
20210331       3070     182247
20210430      -9569     172679
20210528      17321     190000
20210630     -23945     166055
20210730      -4268     161787
20210831       5007     166794
20210930      14982     181776
20211029      -9327     172449
20211130     -19187     153262
20211231     -16227     137035     -26890
20220131      11168     148203
20220228       9595     157798
20220331      22264     180062      43027
Average Monthly Return:     1224 StdDev: 13898  Sharpe: 0.09
Average  Yearly Return:    13850 StdDev: 37824  Sharpe: 0.37
