CL,EC,GC,KC,NG,S_,LH,SB,SI,TY,
20100129,0,5659.15,0,0,0,0,0,3248.0,0,-2229.24,
20100226,0,8484.15,0,322.59,0,-2062.5,0,-1763.6,0,-2229.24,
20100331,0,9946.65,0,-2389.91,5160.69,-1062.5,0,1825.0,0,-2229.24,
20100430,0,12621.65,0,-2389.91,5540.69,-2650.0,190.0,3538.6,0,-2229.24,
20100528,3292.6,25459.15,-5050.0,-2389.91,1910.69,-2650.0,-1820.0,4613.8,0,-276.11,
20100630,2712.6,25871.65,-5050.0,253.84,-4739.31,-2650.0,-4132.09,1931.8,0,2395.76,
20100730,-237.4,19009.15,-5050.0,4172.59,-4739.31,212.89,-4132.09,3253.4,0,3661.39,
20100831,-1007.4,19009.15,-5050.0,4360.09,-4459.31,-112.11,-4132.09,3455.0,0,6286.39,
20100930,-1007.4,21849.67,-3470.0,6085.09,-3739.31,4725.39,-4132.09,8842.2,9380.0,6708.26,
20101029,-1007.4,25762.17,1330.0,3185.09,-1909.31,10637.89,-3432.09,15159.0,23095.0,6942.64,
20101130,-1007.4,18830.92,4030.0,1328.84,-4399.31,10987.89,-4292.09,13400.6,41110.0,5845.76,
20101231,-1007.4,18830.92,7560.0,16066.34,-4399.31,18487.89,-5312.09,18519.0,54735.0,6048.89,
20110131,-1007.4,18830.92,-46.56,17678.84,-4399.31,18987.89,-3488.98,20591.0,34335.0,5689.51,
20110228,-2091.25,18830.92,-3686.56,26922.59,-4399.31,15300.39,-5348.98,16677.0,29460.0,6205.14,
20110331,6878.75,18830.92,-8224.09,24091.34,-4399.31,15300.39,-6148.98,16677.0,49800.0,5780.74,
20110429,13528.75,18830.92,-3654.09,36391.34,-4399.31,15300.39,-6148.98,17539.4,103250.0,5780.74,
20110531,1308.75,18830.92,-5714.09,25972.59,-4399.31,15300.39,-4938.98,16497.8,36170.0,8296.36,
20110630,170.48,18830.92,-9114.09,25972.59,-4399.31,15300.39,-7658.98,14210.48,36170.0,8015.11,
20110729,-3749.52,18830.92,-9534.09,25972.59,-4399.31,15300.39,-7658.98,18096.88,36170.0,11374.49,
20110831,-13866.18,18830.92,10515.91,25972.59,-6079.31,15300.39,-7658.98,17951.28,36170.0,15686.99,
20110930,-12378.43,22018.42,-6304.09,22651.04,-1569.31,20650.39,-7658.98,15392.48,31105.0,16749.49,
20111031,-18918.43,14680.92,-6304.09,15851.04,-2309.31,19187.89,-9078.98,15392.48,20975.0,14464.84,
20111130,-17944.72,14680.92,-6304.09,15851.04,2950.69,23487.89,-10168.98,14709.28,20975.0,14464.84,
20111230,-23974.72,15568.98,-7158.15,15851.04,8940.69,20137.89,-10168.98,15146.08,20975.0,14464.84,
20120131,-23974.72,14081.48,-11358.15,15851.04,14200.69,18825.39,-10168.98,13628.88,20975.0,14464.84,
20120229,-23974.72,11075.23,-11358.15,15682.29,14470.69,20543.64,-10168.98,13628.88,15917.32,14464.84,
20120330,-23974.72,11075.23,-11358.15,23482.29,20300.69,24693.64,-9756.32,13628.88,15917.32,13511.71,
20120430,-23974.72,11075.23,-11358.15,25432.29,19590.69,29981.14,-8146.32,13764.95,15917.32,12556.61,
20120531,-16274.72,15700.23,-8248.53,32519.79,17200.69,22793.64,-9496.32,15668.95,24841.1,14564.95,
20120629,-14374.72,12125.23,-12248.53,29426.04,16971.17,22793.64,-10086.32,12897.35,25786.1,14002.45,
20120731,-17174.72,16562.73,-12848.53,27744.79,21001.17,31981.14,-10086.32,12897.35,24276.1,15283.7,
20120831,-20884.72,13850.23,-12848.53,27744.79,15771.17,37756.14,-10086.32,12897.35,26066.1,13764.18,
20120928,-20884.72,13262.73,-5218.53,27744.79,15771.17,27756.14,-10086.32,12897.35,41741.1,13764.18,
20121031,-21474.72,14575.23,-10698.53,27744.79,14491.17,27756.14,-10086.32,12897.35,30436.1,13764.18,
20121130,-23714.72,11268.98,-13658.53,30013.54,13041.17,26193.64,-10010.29,12897.35,24861.1,13764.18,
20121231,-25074.72,11268.98,-14677.16,32563.54,13041.17,22693.64,-10490.29,12897.35,23526.1,13764.18,
20130131,-23537.09,13612.69,-13087.16,27244.79,12695.82,22693.64,-9880.29,12897.35,14729.83,13764.18,
20130228,-29527.09,8181.44,-4697.16,25920.26,11805.82,22693.64,-9970.29,12897.35,16794.83,12360.21,
20130329,-29527.09,8181.44,-6257.16,28189.01,11355.82,22693.64,-9370.29,12897.35,17339.83,12360.21,
20130430,-34587.09,8181.44,6102.84,29820.26,14175.82,22693.64,-9970.29,12897.35,38239.83,12907.09,
20130531,-34587.09,8181.44,14092.84,25945.26,10115.82,23568.64,-10330.29,13132.55,47949.83,10623.29,
20130628,-34587.09,4331.44,31022.84,29226.51,10715.84,23006.14,-9150.29,13031.75,61944.83,13279.54,
20130731,-35867.09,4331.44,22132.84,24245.26,11935.84,20731.14,-9640.29,12975.75,61154.83,13404.54,
20130830,-33107.09,1940.58,18212.84,24245.26,10985.84,21206.14,-7920.29,12903.35,47110.69,14388.92,
20130930,-37587.09,1046.83,18212.84,24245.26,9675.84,17418.64,-6400.29,12903.35,47110.69,13230.44,
20131031,-36087.09,1859.33,18212.84,24845.26,9675.84,17418.64,-5380.29,11581.75,47110.69,13477.86,
20131129,-31777.09,-290.67,18422.55,23945.26,9675.84,17418.64,-6990.29,11016.55,47110.69,12759.11,
20131231,-39117.09,-290.67,23232.55,22489.01,9045.84,17418.64,-6650.29,10808.46,48423.79,11707.81,
20140131,-39117.09,-290.67,16622.55,22489.01,6075.84,17418.64,-7320.29,11771.66,42043.79,11707.81,
20140228,-38817.09,-290.67,15314.21,38276.51,10985.84,19493.64,-5836.16,10612.86,36988.98,11707.81,
20140331,-43877.09,-2265.67,11564.21,37376.51,8575.84,21993.64,813.84,10612.86,31920.5,11707.81,
20140430,-43877.09,-3128.17,11564.21,46995.26,12835.84,24618.64,-806.16,10612.86,31920.5,11707.81,
20140530,-43877.09,-3128.17,11564.21,37532.76,9135.84,23643.64,-3556.16,10612.86,26848.37,11598.43,
20140630,-44857.09,-4526.67,11564.21,37532.76,9135.84,21431.14,-3556.16,10612.86,26848.37,11254.68,
20140731,-48587.09,-701.67,11564.21,37532.76,11655.84,24956.14,-3556.16,11419.26,22337.8,9953.56,
20140829,-50578.19,2510.83,11564.21,37532.76,9835.84,27843.64,-1446.16,12505.66,21782.8,10036.66,
20140930,-46998.19,8898.33,12964.21,37532.76,9245.84,32993.64,-5066.16,13177.66,27521.39,8782.01,
20141031,-37128.19,10210.83,16964.21,32476.51,9245.84,28031.14,-5066.16,13636.86,32276.39,7797.63,
20141128,-22718.19,11385.83,16644.21,32476.51,2277.98,28031.14,-5066.16,14140.86,35301.39,9110.13,
20141231,-9508.19,15610.83,11754.21,32476.51,12154.89,28031.14,-5506.16,15339.26,35086.39,8860.13,
20150130,-3998.19,25748.33,10184.21,27417.8,13824.89,28031.14,-1066.16,13967.66,24606.39,12938.26,
20150227,-4838.19,27010.83,6694.21,27417.8,13534.89,28031.14,843.84,13967.66,24606.39,9418.86,
20150331,-688.19,32598.33,1635.07,29705.3,14714.89,28031.14,2973.84,15726.06,24606.39,9418.86,
20150430,-4972.27,27810.83,1635.07,29030.3,13994.89,28031.14,763.84,14247.66,24606.39,9418.86,
20150529,-5262.27,27810.83,1635.07,33267.8,13454.89,28031.14,763.84,13783.26,24606.39,7602.45,
20150630,-6502.27,27810.83,1635.07,31842.8,13454.89,30843.4,-411.95,12999.26,24606.39,6352.45,
20150731,-4750.4,27810.83,5415.07,34524.05,13454.89,26693.4,-1921.95,14488.86,23873.98,5334.33,
20150831,-6290.4,24298.33,-1054.93,31680.3,13454.89,26046.0,-1921.95,14992.86,19553.98,5334.33,
20150930,-1880.4,22985.83,-1054.93,30011.55,13454.89,25821.0,-1921.95,13845.26,19553.98,5334.33,
20151030,-6050.4,22985.83,-1054.93,27561.55,17734.89,26108.5,-1921.95,14976.46,19553.98,4026.64,
20151130,-6050.4,26035.76,-662.34,27561.55,19804.89,26346.0,-3175.98,15435.66,19553.98,3726.19,
20151231,-1265.15,22485.76,-152.34,27561.55,19284.89,26108.5,-4745.98,15782.86,19553.98,3726.19,
20160129,3124.85,21054.51,-4902.34,27561.55,19644.89,26108.5,-4745.98,14680.06,19553.98,4321.98,
20160229,5154.85,16363.05,714.66,27561.55,25984.89,26108.5,-4745.98,13056.06,14485.03,5618.86,
20160331,794.85,17234.86,644.66,24730.3,24264.89,26108.5,-4745.98,11885.06,14485.03,5493.86,
20160429,794.85,17897.36,6134.66,22561.55,22954.89,29371.0,-4745.98,10972.66,18535.03,4349.93,
20160531,794.85,14959.86,924.66,22561.55,22954.89,31808.5,-4745.98,10972.66,9630.03,4349.93,
20160630,794.85,14959.86,754.66,25234.99,26114.89,36958.5,-7335.98,13636.18,11853.0,5568.68,
20160729,314.85,13434.86,3694.66,25441.24,25984.89,30733.5,-5619.64,12202.58,20473.0,5631.18,
20160831,-4265.15,12891.11,-835.34,21678.74,22444.89,30733.5,-7139.64,13333.78,10888.0,4220.86,
20160930,-4265.15,12891.11,-835.34,21678.74,22444.89,30733.5,-1369.64,16066.58,10888.0,4220.86,
20161031,-4265.15,13034.86,-2695.34,21884.99,19004.89,30733.5,-2959.64,14464.98,10888.0,4355.9,
20161130,-4265.15,14559.05,-5885.34,17691.24,16408.94,29596.0,-3769.64,14213.38,10888.0,6088.15,
20161230,-4265.15,15509.05,-3625.34,19173.13,16408.94,27696.0,-3201.03,13777.16,10888.0,6322.52,
20170131,-4265.15,12752.8,-10445.34,12898.13,16408.94,27696.0,-2511.03,11890.36,10888.0,6135.02,
20170228,-4265.15,12752.8,-10445.34,12898.13,15598.94,27696.0,-3171.03,11890.36,10888.0,5507.85,
20170331,-5575.15,12752.8,-10445.34,12898.13,12208.94,28958.5,-3571.03,13053.94,10888.0,5507.85,
20170428,-7955.15,12752.8,-12887.22,12898.13,11358.94,28971.0,-5411.03,13849.14,10888.0,5940.53,
20170531,-11617.58,16897.37,-15497.22,12898.13,11358.94,30983.5,-5971.38,15260.34,6283.0,6815.53,
20170630,-12021.57,18853.62,-19559.13,11660.63,10724.92,29358.5,-5341.38,16693.94,5818.0,6049.91,
20170731,-14211.57,23772.37,-23647.46,8366.88,12964.92,27933.5,-6691.38,15461.94,758.0,5748.81,
20170831,-14211.57,24416.12,-23647.46,8366.88,10834.92,25858.5,-6881.38,15288.74,758.0,5748.81,
20170929,-14211.57,23103.62,-28437.46,8366.88,10674.92,25858.5,-5571.38,15288.74,758.0,4683.17,
20171031,-14211.57,21591.12,-28437.46,8366.88,10674.92,25858.5,-7941.38,15288.74,758.0,4451.92,
20171130,-11281.57,18594.85,-28437.46,8366.88,10674.92,25858.5,-7941.38,15288.74,758.0,5108.17,
20171229,-8301.57,18594.85,-28437.46,8366.88,8014.92,25858.5,-7941.38,14259.04,-4312.0,5108.17,
20180131,-3941.57,21069.85,-27180.62,8366.88,5444.92,25858.5,-9051.38,14169.44,-4312.0,7576.92,
20180228,-9941.57,18188.6,-29700.62,8366.88,1834.92,26496.0,-9301.38,13878.24,-4312.0,8545.67,
20180329,-9941.57,18888.6,-30640.62,8366.88,1834.92,24196.0,-9361.38,15031.84,-4312.0,7451.92,
20180430,-9941.57,18344.85,-30640.62,8366.88,1834.92,24196.0,-7821.38,15916.64,-4312.0,8967.54,
20180531,-12068.0,22351.1,-30640.62,8366.88,1834.92,24196.0,-8801.38,14925.84,-4312.0,8261.29,
20180629,-12336.36,22944.85,-29230.62,8366.88,1834.92,27896.0,-9841.38,14925.84,-4312.0,8261.29,
20180731,-18466.36,22932.35,-26180.62,9116.88,1834.92,25946.0,-7301.38,15791.86,-4282.0,8261.29,
20180831,-18466.36,22888.6,-23490.62,13298.13,1834.92,29721.0,-7181.38,15735.86,1353.0,8261.29,
20180928,-18370.79,22888.6,-22440.62,13054.38,1834.92,29621.0,-10051.38,14733.86,578.0,8136.29,
20181031,-22200.79,23969.85,-25210.62,6837.48,2194.92,28346.0,-10051.38,14742.05,2728.0,8480.04,
20181130,-9398.81,24388.6,-25210.62,5343.73,15234.92,28346.0,-10051.38,14350.05,-187.0,7822.19,
20181231,-3608.81,23063.6,-24880.62,5343.73,4544.92,28346.0,-10051.38,13852.05,-187.0,9288.33,
20190131,-11748.81,22326.1,-21110.62,5343.73,4544.92,28346.0,-10051.38,13852.05,1173.0,9741.45,
20190228,-12678.81,22326.1,-22020.62,5343.73,4544.92,28346.0,-10161.38,13852.05,-1507.0,8944.58,
20190329,-12678.81,22326.1,-25540.62,5571.58,4544.92,28833.59,-13951.37,13852.05,-3352.0,11163.33,
20190430,-14901.92,22326.1,-25540.62,7015.33,4544.92,31021.09,-14081.37,13852.05,-3914.02,10616.45,
20190531,-17731.92,22326.1,-25540.62,5390.33,4544.92,29833.59,-15241.37,13684.05,-1829.02,13366.45,
20190628,-22789.74,22326.1,-18896.03,5390.33,4644.92,29083.59,-15560.59,13141.25,-4474.02,14585.2,
20190731,-22789.74,22326.1,-17776.03,1534.08,5214.92,29083.59,-16350.59,12566.21,-2474.02,14038.33,
20190830,-22789.74,22326.1,-8616.03,1534.08,4734.92,29083.59,-13360.59,13764.61,6485.98,17678.95,
20190930,-22789.74,22974.7,-14266.03,1534.08,1453.07,29083.59,-14530.59,12908.21,-234.02,14893.43,
20191031,-22789.74,19893.45,-13606.03,1534.08,1453.07,27933.59,-11890.59,12908.21,5110.98,14893.43,
20191129,-22789.74,19893.45,-13606.03,4365.33,-1709.97,26833.59,-9960.59,12908.21,2370.98,14893.43,
20191231,-22789.74,19893.45,-13606.03,8359.08,-1709.97,26833.59,-11260.59,12762.61,2370.98,14893.43,
20200131,-27849.74,19893.45,-9237.99,2327.83,-1229.97,27208.59,-11660.59,14095.41,-2683.18,15448.43,
20200228,-21329.74,18049.7,-11357.99,2327.83,460.03,26658.59,-11270.59,14084.21,-2683.18,18651.56,
20200331,3330.26,11584.41,-17871.97,2327.83,1660.03,26996.09,-8150.59,14660.36,2036.82,22589.06,
20200430,10630.26,11584.41,-19161.97,2327.83,-1269.97,28908.59,-7600.59,14917.96,-7753.18,22964.06,
20200529,-5999.74,11584.41,-15671.97,2327.83,-1269.97,29633.59,-10340.59,14313.16,-7753.18,23229.68,
20200630,-5999.74,10228.16,-21731.97,1486.57,-1269.97,28308.59,-10340.59,13400.76,-7753.18,21101.51,
20200731,-5999.74,17053.16,-18781.97,-719.68,-1269.97,28308.59,-10340.59,13400.76,12732.67,21101.51,
20200831,-5999.74,18803.16,-31840.08,1348.96,80.03,28308.59,-10340.59,13400.76,33847.67,21101.51,
20200930,-5999.74,15965.66,-31840.08,-5151.04,-4979.97,31908.59,-5090.59,13400.76,5807.67,21101.51,
20201030,-5999.74,16178.16,-31840.08,-5151.04,-4979.97,33833.59,-4100.59,12459.96,5807.67,21101.51,
20201130,-5999.74,16178.16,-28730.08,-5151.04,-4979.97,39446.09,-3500.59,12627.96,5807.67,21101.51,
20201231,-3594.9,16390.66,-36900.08,-5151.04,-6029.97,46471.09,-5710.59,13725.56,5807.67,21101.51,
20210129,35.1,15103.16,-36900.08,-5151.04,-9579.97,49421.09,-5710.59,14106.36,752.68,21101.51,
20210226,9315.1,13596.91,-32180.08,-5151.04,-9579.97,51008.59,-4410.59,15831.16,752.68,23242.13,
20210331,6945.1,15575.6,-30620.08,-5151.04,-9579.97,52633.59,929.41,14213.16,752.68,25023.38,
20210430,11315.1,11413.1,-38710.08,-5151.04,-9579.97,59021.09,2699.41,14078.94,752.68,23929.63,
20210528,14045.1,11413.1,-35971.01,-538.54,-9579.97,58833.59,5969.41,14504.54,-4311.93,22520.36,
20210630,21455.1,11413.1,-43761.01,-2301.04,-5746.05,55158.59,1579.41,13524.94,-9379.36,22520.36,
20210730,14485.1,11413.1,-43761.01,5123.96,-2926.05,55158.59,1579.41,13524.94,-14436.57,22379.73,
20210831,14485.1,11413.1,-43761.01,10092.71,1503.95,55158.59,1579.41,13793.74,-16986.57,21973.48,
20210930,14485.1,11413.1,-43761.01,9380.21,15733.95,55158.59,1579.41,13524.94,-18604.84,21250.11,
20211029,16055.1,11769.35,-43761.01,13111.46,9513.95,55158.59,1579.41,12545.34,-24569.84,21578.23,
20211130,9425.1,14794.35,-43761.01,22730.21,5503.95,55158.59,1579.41,12545.34,-24569.84,20262.81,
20211231,9425.1,14181.85,-43761.01,20405.21,5503.95,54939.67,1579.41,12545.34,-29640.17,20262.81,
20220131,11417.07,13113.1,-43761.01,23780.21,5503.95,62502.17,1579.41,12511.74,-29640.17,20762.81,
20220228,20817.07,13113.1,-44341.01,23636.46,5503.95,70014.67,2569.41,12444.54,-29640.17,21231.56,
20220331,26707.07,11413.1,-39501.01,19567.71,9177.74,69089.67,2069.41,11680.78,-39788.55,22058.21,
