-----------------------------------------
Sys Name : TS-18StopTemplate-1R
Mkt Symb : CL Mkt Name : Crude
Profit/Loss : 26707.07
Num Trades : 35
Percent Wins : 0.286
Avg Win  : 13103.1
Avg Loss : -4174.96
Avg Trade: 763.06
Max DrawDown: 64106.95
Avg DrawDown: 17339.09
AVG Monthly Return: 181.68073
Monthly StdDev: 4800.16585
-----------------------------------------
20100129          0          0
20100226          0          0
20100331          0          0
20100430          0          0
20100528       3293       3293
20100630       -580       2713
20100730      -2950       -237
20100831       -770      -1007
20100930          0      -1007
20101029          0      -1007
20101130          0      -1007
20101231          0      -1007      -1007
20110131          0      -1007
20110228      -1084      -2091
20110331       8970       6879
20110429       6650      13529
20110531     -12220       1309
20110630      -1138        170
20110729      -3920      -3750
20110831     -10117     -13866
20110930       1488     -12378
20111031      -6540     -18918
20111130        974     -17945
20111230      -6030     -23975     -22967
20120131          0     -23975
20120229          0     -23975
20120330          0     -23975
20120430          0     -23975
20120531       7700     -16275
20120629       1900     -14375
20120731      -2800     -17175
20120831      -3710     -20885
20120928          0     -20885
20121031       -590     -21475
20121130      -2240     -23715
20121231      -1360     -25075      -1100
20130131       1538     -23537
20130228      -5990     -29527
20130329          0     -29527
20130430      -5060     -34587
20130531          0     -34587
20130628          0     -34587
20130731      -1280     -35867
20130830       2760     -33107
20130930      -4480     -37587
20131031       1500     -36087
20131129       4310     -31777
20131231      -7340     -39117     -14042
20140131          0     -39117
20140228        300     -38817
20140331      -5060     -43877
20140430          0     -43877
20140530          0     -43877
20140630       -980     -44857
20140731      -3730     -48587
20140829      -1991     -50578
20140930       3580     -46998
20141031       9870     -37128
20141128      14410     -22718
20141231      13210      -9508      29609
20150130       5510      -3998
20150227       -840      -4838
20150331       4150       -688
20150430      -4284      -4972
20150529       -290      -5262
20150630      -1240      -6502
20150731       1752      -4750
20150831      -1540      -6290
20150930       4410      -1880
20151030      -4170      -6050
20151130          0      -6050
20151231       4785      -1265       8243
20160129       4390       3125
20160229       2030       5155
20160331      -4360        795
20160429          0        795
20160531          0        795
20160630          0        795
20160729       -480        315
20160831      -4580      -4265
20160930          0      -4265
20161031          0      -4265
20161130          0      -4265
20161230          0      -4265      -3000
20170131          0      -4265
20170228          0      -4265
20170331      -1310      -5575
20170428      -2380      -7955
20170531      -3662     -11618
20170630       -404     -12022
20170731      -2190     -14212
20170831          0     -14212
20170929          0     -14212
20171031          0     -14212
20171130       2930     -11282
20171229       2980      -8302      -4036
20180131       4360      -3942
20180228      -6000      -9942
20180329          0      -9942
20180430          0      -9942
20180531      -2126     -12068
20180629       -268     -12336
20180731      -6130     -18466
20180831          0     -18466
20180928         96     -18371
20181031      -3830     -22201
20181130      12802      -9399
20181231       5790      -3609       4693
20190131      -8140     -11749
20190228       -930     -12679
20190329          0     -12679
20190430      -2223     -14902
20190531      -2830     -17732
20190628      -5058     -22790
20190731          0     -22790
20190830          0     -22790
20190930          0     -22790
20191031          0     -22790
20191129          0     -22790
20191231          0     -22790     -19181
20200131      -5060     -27850
20200228       6520     -21330
20200331      24660       3330
20200430       7300      10630
20200529     -16630      -6000
20200630          0      -6000
20200731          0      -6000
20200831          0      -6000
20200930          0      -6000
20201030          0      -6000
20201130          0      -6000
20201231       2405      -3595      19195
20210129       3630         35
20210226       9280       9315
20210331      -2370       6945
20210430       4370      11315
20210528       2730      14045
20210630       7410      21455
20210730      -6970      14485
20210831          0      14485
20210930          0      14485
20211029       1570      16055
20211130      -6630       9425
20211231          0       9425      13020
20220131       1992      11417
20220228       9400      20817
20220331       5890      26707      17282
-----------------------------------------
-----------------------------------------
Sys Name : TS-18StopTemplate-1R
Mkt Symb : EC Mkt Name : EuroCur
Profit/Loss : 11413.1
Num Trades : 33
Percent Wins : 0.242
Avg Win  : 9312.27
Avg Loss : -2525.4
Avg Trade: 345.85
Max DrawDown: 34323.32
Avg DrawDown: 9527.79
AVG Monthly Return: 77.64014
Monthly StdDev: 2777.534
-----------------------------------------
20100129       5659       5659
20100226       2825       8484
20100331       1463       9947
20100430       2675      12622
20100528      12838      25459
20100630        413      25872
20100730      -6862      19009
20100831          0      19009
20100930       2841      21850
20101029       3912      25762
20101130      -6931      18831
20101231          0      18831      18831
20110131          0      18831
20110228          0      18831
20110331          0      18831
20110429          0      18831
20110531          0      18831
20110630          0      18831
20110729          0      18831
20110831          0      18831
20110930       3188      22018
20111031      -7338      14681
20111130          0      14681
20111230        888      15569      -3262
20120131      -1488      14081
20120229      -3006      11075
20120330          0      11075
20120430          0      11075
20120531       4625      15700
20120629      -3575      12125
20120731       4438      16563
20120831      -2713      13850
20120928       -587      13263
20121031       1312      14575
20121130      -3306      11269
20121231          0      11269      -4300
20130131       2344      13613
20130228      -5431       8181
20130329          0       8181
20130430          0       8181
20130531          0       8181
20130628      -3850       4331
20130731          0       4331
20130830      -2391       1941
20130930       -894       1047
20131031        812       1859
20131129      -2150       -291
20131231          0       -291     -11560
20140131          0       -291
20140228          0       -291
20140331      -1975      -2266
20140430       -862      -3128
20140530          0      -3128
20140630      -1398      -4527
20140731       3825       -702
20140829       3212       2511
20140930       6388       8898
20141031       1312      10211
20141128       1175      11386
20141231       4225      15611      15902
20150130      10138      25748
20150227       1262      27011
20150331       5587      32598
20150430      -4788      27811
20150529          0      27811
20150630          0      27811
20150731          0      27811
20150831      -3512      24298
20150930      -1312      22986
20151030          0      22986
20151130       3050      26036
20151231      -3550      22486       6875
20160129      -1431      21055
20160229      -4691      16363
20160331        872      17235
20160429        663      17897
20160531      -2938      14960
20160630          0      14960
20160729      -1525      13435
20160831       -544      12891
20160930          0      12891
20161031        144      13035
20161130       1524      14559
20161230        950      15509      -6977
20170131      -2756      12753
20170228          0      12753
20170331          0      12753
20170428          0      12753
20170531       4145      16897
20170630       1956      18854
20170731       4919      23772
20170831        644      24416
20170929      -1312      23104
20171031      -1513      21591
20171130      -2996      18595
20171229          0      18595       3086
20180131       2475      21070
20180228      -2881      18189
20180329        700      18889
20180430       -544      18345
20180531       4006      22351
20180629        594      22945
20180731        -12      22932
20180831        -44      22889
20180928          0      22889
20181031       1081      23970
20181130        419      24389
20181231      -1325      23064       4469
20190131       -738      22326
20190228          0      22326
20190329          0      22326
20190430          0      22326
20190531          0      22326
20190628          0      22326
20190731          0      22326
20190830          0      22326
20190930        649      22975
20191031      -3081      19893
20191129          0      19893
20191231          0      19893      -3170
20200131          0      19893
20200228      -1844      18050
20200331      -6465      11584
20200430          0      11584
20200529          0      11584
20200630      -1356      10228
20200731       6825      17053
20200831       1750      18803
20200930      -2837      15966
20201030        212      16178
20201130          0      16178
20201231        213      16391      -3503
20210129      -1287      15103
20210226      -1506      13597
20210331       1979      15576
20210430      -4163      11413
20210528          0      11413
20210630          0      11413
20210730          0      11413
20210831          0      11413
20210930          0      11413
20211029        356      11769
20211130       3025      14794
20211231       -613      14182      -2209
20220131      -1069      13113
20220228          0      13113
20220331      -1700      11413      -2769
-----------------------------------------
-----------------------------------------
Sys Name : TS-18StopTemplate-1R
Mkt Symb : GC Mkt Name : Gold
Profit/Loss : -39501.01
Num Trades : 38
Percent Wins : 0.237
Avg Win  : 7862.33
Avg Loss : -3803.86
Avg Trade: -1039.5
Max DrawDown: 77883.85
Avg DrawDown: 16222.05
AVG Monthly Return: -268.71433
Monthly StdDev: 4506.41804
-----------------------------------------
20100129          0          0
20100226          0          0
20100331          0          0
20100430          0          0
20100528      -5050      -5050
20100630          0      -5050
20100730          0      -5050
20100831          0      -5050
20100930       1580      -3470
20101029       4800       1330
20101130       2700       4030
20101231       3530       7560       7560
20110131      -7607        -47
20110228      -3640      -3687
20110331      -4538      -8224
20110429       4570      -3654
20110531      -2060      -5714
20110630      -3400      -9114
20110729       -420      -9534
20110831      20050      10516
20110930     -16820      -6304
20111031          0      -6304
20111130          0      -6304
20111230       -854      -7158     -14718
20120131      -4200     -11358
20120229          0     -11358
20120330          0     -11358
20120430          0     -11358
20120531       3110      -8249
20120629      -4000     -12249
20120731       -600     -12849
20120831          0     -12849
20120928       7630      -5219
20121031      -5480     -10699
20121130      -2960     -13659
20121231      -1019     -14677      -7519
20130131       1590     -13087
20130228       8390      -4697
20130328      -1560      -6257
20130430      12360       6103
20130531       7990      14093
20130628      16930      31023
20130731      -8890      22133
20130830      -3920      18213
20130930          0      18213
20131031          0      18213
20131129        210      18423
20131231       4810      23233      37910
20140131      -6610      16623
20140228      -1308      15314
20140331      -3750      11564
20140430          0      11564
20140530          0      11564
20140630          0      11564
20140731          0      11564
20140829          0      11564
20140930       1400      12964
20141031       4000      16964
20141128       -320      16644
20141231      -4890      11754     -11478
20150130      -1570      10184
20150227      -3490       6694
20150331      -5059       1635
20150430          0       1635
20150529          0       1635
20150630          0       1635
20150731       3780       5415
20150831      -6470      -1055
20150930          0      -1055
20151030          0      -1055
20151130        393       -662
20151231        510       -152     -11907
20160129      -4750      -4902
20160229       5617        715
20160331        -70        645
20160429       5490       6135
20160531      -5210        925
20160630       -170        755
20160729       2940       3695
20160831      -4530       -835
20160930          0       -835
20161031      -1860      -2695
20161130      -3190      -5885
20161230       2260      -3625      -3473
20170131      -6820     -10445
20170228          0     -10445
20170331          0     -10445
20170428      -2442     -12887
20170531      -2610     -15497
20170630      -4062     -19559
20170731      -4088     -23647
20170831          0     -23647
20170929      -4790     -28437
20171031          0     -28437
20171130          0     -28437
20171229          0     -28437     -24812
20180131       1257     -27181
20180228      -2520     -29701
20180329       -940     -30641
20180430          0     -30641
20180531          0     -30641
20180629       1410     -29231
20180731       3050     -26181
20180831       2690     -23491
20180928       1050     -22441
20181031      -2770     -25211
20181130          0     -25211
20181231        330     -24881       3557
20190131       3770     -21111
20190228       -910     -22021
20190329      -3520     -25541
20190430          0     -25541
20190531          0     -25541
20190628       6645     -18896
20190731       1120     -17776
20190830       9160      -8616
20190930      -5650     -14266
20191031        660     -13606
20191129          0     -13606
20191231          0     -13606      11275
20200131       4368      -9238
20200228      -2120     -11358
20200331      -6514     -17872
20200430      -1290     -19162
20200529       3490     -15672
20200630      -6060     -21732
20200731       2950     -18782
20200831     -13058     -31840
20200930          0     -31840
20201030          0     -31840
20201130       3110     -28730
20201231      -8170     -36900     -23294
20210129          0     -36900
20210226       4720     -32180
20210331       1560     -30620
20210430      -8090     -38710
20210528       2739     -35971
20210630      -7790     -43761
20210730          0     -43761
20210831          0     -43761
20210930          0     -43761
20211029          0     -43761
20211130          0     -43761
20211231          0     -43761      -6861
20220131          0     -43761
20220228       -580     -44341
20220331       4840     -39501       4260
-----------------------------------------
-----------------------------------------
Sys Name : TS-18StopTemplate-1R
Mkt Symb : KC Mkt Name : Coffee
Profit/Loss : 19567.71
Num Trades : 29
Percent Wins : 0.31
Avg Win  : 10131.57
Avg Loss : -3583.32
Avg Trade: 674.75
Max DrawDown: 57396.3
Avg DrawDown: 11988.33
AVG Monthly Return: 133.11367
Monthly StdDev: 3680.18333
-----------------------------------------
20100129          0          0
20100226        323        323
20100331      -2713      -2390
20100430          0      -2390
20100528          0      -2390
20100630       2644        254
20100730       3919       4173
20100831        188       4360
20100930       1725       6085
20101029      -2900       3185
20101130      -1856       1329
20101231      14738      16066      16066
20110131       1613      17679
20110228       9244      26923
20110331      -2831      24091
20110429      12300      36391
20110531     -10419      25973
20110630          0      25973
20110729          0      25973
20110831          0      25973
20110930      -3322      22651
20111031      -6800      15851
20111130          0      15851
20111230          0      15851       -215
20120131          0      15851
20120229       -169      15682
20120330       7800      23482
20120430       1950      25432
20120531       7087      32520
20120629      -3094      29426
20120731      -1681      27745
20120831          0      27745
20120928          0      27745
20121031          0      27745
20121130       2269      30014
20121231       2550      32564      16713
20130131      -5319      27245
20130228      -1325      25920
20130328       2269      28189
20130430       1631      29820
20130531      -3875      25945
20130628       3281      29227
20130731      -4981      24245
20130830          0      24245
20130930          0      24245
20131031        600      24845
20131129       -900      23945
20131231      -1456      22489     -10075
20140131          0      22489
20140228      15787      38277
20140331       -900      37377
20140430       9619      46995
20140530      -9462      37533
20140630          0      37533
20140731          0      37533
20140829          0      37533
20140930          0      37533
20141031      -5056      32477
20141128          0      32477
20141231          0      32477       9988
20150130      -5059      27418
20150227          0      27418
20150331       2288      29705
20150430       -675      29030
20150529       4238      33268
20150630      -1425      31843
20150731       2681      34524
20150831      -2844      31680
20150930      -1669      30012
20151030      -2450      27562
20151130          0      27562
20151231          0      27562      -4915
20160129          0      27562
20160229          0      27562
20160331      -2831      24730
20160429      -2169      22562
20160531          0      22562
20160630       2673      25235
20160729        206      25441
20160831      -3762      21679
20160930          0      21679
20161031        206      21885
20161130      -4194      17691
20161230       1482      19173      -8388
20170131      -6275      12898
20170228          0      12898
20170331          0      12898
20170428          0      12898
20170531          0      12898
20170630      -1237      11661
20170731      -3294       8367
20170831          0       8367
20170929          0       8367
20171031          0       8367
20171130          0       8367
20171229          0       8367     -10806
20180131          0       8367
20180228          0       8367
20180329          0       8367
20180430          0       8367
20180531          0       8367
20180629          0       8367
20180731        750       9117
20180831       4181      13298
20180928       -244      13054
20181031      -6217       6837
20181130      -1494       5344
20181231          0       5344      -3023
20190131          0       5344
20190228          0       5344
20190329        228       5572
20190430       1444       7015
20190531      -1625       5390
20190628          0       5390
20190731      -3856       1534
20190830          0       1534
20190930          0       1534
20191031          0       1534
20191129       2831       4365
20191231       3994       8359       3015
20200131      -6031       2328
20200228          0       2328
20200331          0       2328
20200430          0       2328
20200529          0       2328
20200630       -841       1487
20200731      -2206       -720
20200831       2069       1349
20200930      -6500      -5151
20201030          0      -5151
20201130          0      -5151
20201231          0      -5151     -13510
20210129          0      -5151
20210226          0      -5151
20210331          0      -5151
20210430          0      -5151
20210528       4612       -539
20210630      -1762      -2301
20210730       7425       5124
20210831       4969      10093
20210930       -713       9380
20211029       3731      13111
20211130       9619      22730
20211231      -2325      20405      25556
20220131       3375      23780
20220228       -144      23636
20220331      -4069      19568       -838
-----------------------------------------
-----------------------------------------
Sys Name : TS-18StopTemplate-1R
Mkt Symb : NG Mkt Name : Nat.Gas
Profit/Loss : 9177.74
Num Trades : 32
Percent Wins : 0.344
Avg Win  : 6145.03
Avg Loss : -2784.17
Avg Trade: 286.8
Max DrawDown: 36890.94
Avg DrawDown: 10106.02
AVG Monthly Return: 62.43361
Monthly StdDev: 3085.68207
-----------------------------------------
20100129          0          0
20100226          0          0
20100331       5161       5161
20100430        380       5541
20100528      -3630       1911
20100630      -6650      -4739
20100730          0      -4739
20100831        280      -4459
20100930        720      -3739
20101029       1830      -1909
20101130      -2490      -4399
20101231          0      -4399      -4399
20110131          0      -4399
20110228          0      -4399
20110331          0      -4399
20110429          0      -4399
20110531          0      -4399
20110630          0      -4399
20110729          0      -4399
20110831      -1680      -6079
20110930       4510      -1569
20111031       -740      -2309
20111130       5260       2951
20111230       5990       8941      13340
20120131       5260      14201
20120229        270      14471
20120330       5830      20301
20120430       -710      19591
20120531      -2390      17201
20120629       -230      16971
20120731       4030      21001
20120831      -5230      15771
20120928          0      15771
20121031      -1280      14491
20121130      -1450      13041
20121231          0      13041       4100
20130131       -345      12696
20130228       -890      11806
20130329       -450      11356
20130430       2820      14176
20130531      -4060      10116
20130628        600      10716
20130731       1220      11936
20130830       -950      10986
20130930      -1310       9676
20131031          0       9676
20131129          0       9676
20131231       -630       9046      -3995
20140131      -2970       6076
20140228       4910      10986
20140331      -2410       8576
20140430       4260      12836
20140530      -3700       9136
20140630          0       9136
20140731       2520      11656
20140829      -1820       9836
20140930       -590       9246
20141031          0       9246
20141128      -6968       2278
20141231       9877      12155       3109
20150130       1670      13825
20150227       -290      13535
20150331       1180      14715
20150430       -720      13995
20150529       -540      13455
20150630          0      13455
20150731          0      13455
20150831          0      13455
20150930          0      13455
20151030       4280      17735
20151130       2070      19805
20151231       -520      19285       7130
20160129        360      19645
20160229       6340      25985
20160331      -1720      24265
20160429      -1310      22955
20160531          0      22955
20160630       3160      26115
20160729       -130      25985
20160831      -3540      22445
20160930          0      22445
20161031      -3440      19005
20161130      -2596      16409
20161230          0      16409      -2876
20170131          0      16409
20170228       -810      15599
20170331      -3390      12209
20170428       -850      11359
20170531          0      11359
20170630       -634      10725
20170731       2240      12965
20170831      -2130      10835
20170929       -160      10675
20171031          0      10675
20171130          0      10675
20171229      -2660       8015      -8394
20180131      -2570       5445
20180228      -3610       1835
20180329          0       1835
20180430          0       1835
20180531          0       1835
20180629          0       1835
20180731          0       1835
20180831          0       1835
20180928          0       1835
20181031        360       2195
20181130      13040      15235
20181231     -10690       4545      -3470
20190131          0       4545
20190228          0       4545
20190329          0       4545
20190430          0       4545
20190531          0       4545
20190628        100       4645
20190731        570       5215
20190830       -480       4735
20190930      -3282       1453
20191031          0       1453
20191129      -3163      -1710
20191231          0      -1710      -6255
20200131        480      -1230
20200228       1690        460
20200331       1200       1660
20200430      -2930      -1270
20200529          0      -1270
20200630          0      -1270
20200731          0      -1270
20200831       1350         80
20200930      -5060      -4980
20201030          0      -4980
20201130          0      -4980
20201231      -1050      -6030      -4320
20210129      -3550      -9580
20210226          0      -9580
20210331          0      -9580
20210430          0      -9580
20210528          0      -9580
20210630       3834      -5746
20210730       2820      -2926
20210831       4430       1504
20210930      14230      15734
20211029      -6220       9514
20211130      -4010       5504
20211231          0       5504      11534
20220131          0       5504
20220228          0       5504
20220331       3674       9178       3674
-----------------------------------------
-----------------------------------------
Sys Name : TS-18StopTemplate-1R
Mkt Symb : S_ Mkt Name : SoyBean
Profit/Loss : 69089.67
Num Trades : 23
Percent Wins : 0.565
Avg Win  : 7223.06
Avg Loss : -2486.01
Avg Trade: 3003.9
Max DrawDown: 20925.0
Avg DrawDown: 7198.24
AVG Monthly Return: 469.99779
Monthly StdDev: 2726.31707
-----------------------------------------
20100129          0          0
20100226      -2062      -2062
20100331       1000      -1062
20100430      -1588      -2650
20100528          0      -2650
20100630          0      -2650
20100730       2863        213
20100831       -325       -112
20100930       4838       4725
20101029       5912      10638
20101130        350      10988
20101231       7500      18488      18488
20110131        500      18988
20110228      -3688      15300
20110331          0      15300
20110429          0      15300
20110531          0      15300
20110630          0      15300
20110729          0      15300
20110831          0      15300
20110930       5350      20650
20111031      -1462      19188
20111130       4300      23488
20111230      -3350      20138       1650
20120131      -1312      18825
20120229       1718      20544
20120330       4150      24694
20120430       5288      29981
20120531      -7188      22794
20120629          0      22794
20120731       9188      31981
20120831       5775      37756
20120928     -10000      27756
20121031          0      27756
20121130      -1562      26194
20121231      -3500      22694       2556
20130131          0      22694
20130228          0      22694
20130329          0      22694
20130430          0      22694
20130531        875      23569
20130628       -562      23006
20130731      -2275      20731
20130830        475      21206
20130930      -3788      17419
20131031          0      17419
20131129          0      17419
20131231          0      17419      -5275
20140131          0      17419
20140228       2075      19494
20140331       2500      21994
20140430       2625      24619
20140530       -975      23644
20140630      -2212      21431
20140731       3525      24956
20140829       2888      27844
20140930       5150      32994
20141031      -4962      28031
20141128          0      28031
20141231          0      28031      10612
20150130          0      28031
20150227          0      28031
20150331          0      28031
20150430          0      28031
20150529          0      28031
20150630       2812      30843
20150731      -4150      26693
20150831       -647      26046
20150930       -225      25821
20151030        288      26108
20151130        238      26346
20151231       -238      26108      -1923
20160129          0      26108
20160229          0      26108
20160331          0      26108
20160429       3262      29371
20160531       2438      31808
20160630       5150      36958
20160729      -6225      30733
20160831          0      30733
20160930          0      30733
20161031          0      30733
20161130      -1138      29596
20161230      -1900      27696       1588
20170131          0      27696
20170228          0      27696
20170331       1262      28958
20170428         12      28971
20170531       2012      30983
20170630      -1625      29358
20170731      -1425      27933
20170831      -2075      25858
20170929          0      25858
20171031          0      25858
20171130          0      25858
20171229          0      25858      -1838
20180131          0      25858
20180228        638      26496
20180329      -2300      24196
20180430          0      24196
20180531          0      24196
20180629       3700      27896
20180731      -1950      25946
20180831       3775      29721
20180928       -100      29621
20181031      -1275      28346
20181130          0      28346
20181231          0      28346       2488
20190131          0      28346
20190228          0      28346
20190329        488      28834
20190430       2188      31021
20190531      -1188      29834
20190628       -750      29084
20190731          0      29084
20190830          0      29084
20190930          0      29084
20191031      -1150      27934
20191129      -1100      26834
20191231          0      26834      -1512
20200131        375      27209
20200228       -550      26659
20200331        338      26996
20200430       1912      28909
20200529        725      29634
20200630      -1325      28309
20200731          0      28309
20200831          0      28309
20200930       3600      31909
20201030       1925      33834
20201130       5612      39446
20201231       7025      46471      19638
20210129       2950      49421
20210226       1588      51009
20210331       1625      52634
20210430       6388      59021
20210528       -188      58834
20210630      -3675      55159
20210730          0      55159
20210831          0      55159
20210930          0      55159
20211029          0      55159
20211130          0      55159
20211231       -219      54940       8469
20220131       7562      62502
20220228       7512      70015
20220331       -925      69090      14150
-----------------------------------------
-----------------------------------------
Sys Name : TS-18StopTemplate-1R
Mkt Symb : LH Mkt Name : LHogs
Profit/Loss : 2069.41
Num Trades : 32
Percent Wins : 0.375
Avg Win  : 2969.38
Avg Loss : -1680.66
Avg Trade: 64.67
Max DrawDown: 24364.43
Avg DrawDown: 6382.24
AVG Monthly Return: 14.07764
Monthly StdDev: 1660.1072
-----------------------------------------
20100129          0          0
20100226          0          0
20100331          0          0
20100430        190        190
20100528      -2010      -1820
20100630      -2312      -4132
20100730          0      -4132
20100831          0      -4132
20100930          0      -4132
20101029        700      -3432
20101130       -860      -4292
20101231      -1020      -5312      -5312
20110131       1823      -3489
20110228      -1860      -5349
20110331       -800      -6149
20110429          0      -6149
20110531       1210      -4939
20110630      -2720      -7659
20110729          0      -7659
20110831          0      -7659
20110930          0      -7659
20111031      -1420      -9079
20111130      -1090     -10169
20111230          0     -10169      -4857
20120131          0     -10169
20120229          0     -10169
20120330        413      -9756
20120430       1610      -8146
20120531      -1350      -9496
20120629       -590     -10086
20120731          0     -10086
20120831          0     -10086
20120928          0     -10086
20121031          0     -10086
20121130         76     -10010
20121231       -480     -10490       -321
20130131        610      -9880
20130228        -90      -9970
20130328        600      -9370
20130430       -600      -9970
20130531       -360     -10330
20130628       1180      -9150
20130731       -490      -9640
20130830       1720      -7920
20130930       1520      -6400
20131031       1020      -5380
20131129      -1610      -6990
20131231        340      -6650       3840
20140131       -670      -7320
20140228       1484      -5836
20140331       6650        814
20140430      -1620       -806
20140530      -2750      -3556
20140630          0      -3556
20140731          0      -3556
20140829       2110      -1446
20140930      -3620      -5066
20141031          0      -5066
20141128          0      -5066
20141231       -440      -5506       1144
20150130       4440      -1066
20150227       1910        844
20150331       2130       2974
20150430      -2210        764
20150529          0        764
20150630      -1176       -412
20150731      -1510      -1922
20150831          0      -1922
20150930          0      -1922
20151030          0      -1922
20151130      -1254      -3176
20151231      -1570      -4746        760
20160129          0      -4746
20160229          0      -4746
20160331          0      -4746
20160429          0      -4746
20160531          0      -4746
20160630      -2590      -7336
20160729       1716      -5620
20160831      -1520      -7140
20160930       5770      -1370
20161031      -1590      -2960
20161130       -810      -3770
20161230        569      -3201       1545
20170131        690      -2511
20170228       -660      -3171
20170331       -400      -3571
20170428      -1840      -5411
20170531       -560      -5971
20170630        630      -5341
20170731      -1350      -6691
20170831       -190      -6881
20170929       1310      -5571
20171031      -2370      -7941
20171130          0      -7941
20171229          0      -7941      -4740
20180131      -1110      -9051
20180228       -250      -9301
20180329        -60      -9361
20180430       1540      -7821
20180531       -980      -8801
20180629      -1040      -9841
20180731       2540      -7301
20180831        120      -7181
20180928      -2870     -10051
20181031          0     -10051
20181130          0     -10051
20181231          0     -10051      -2110
20190131          0     -10051
20190228       -110     -10161
20190329      -3790     -13951
20190430       -130     -14081
20190531      -1160     -15241
20190628       -319     -15561
20190731       -790     -16351
20190830       2990     -13361
20190930      -1170     -14531
20191031       2640     -11891
20191129       1930      -9961
20191231      -1300     -11261      -1209
20200131       -400     -11661
20200228        390     -11271
20200331       3120      -8151
20200430        550      -7601
20200529      -2740     -10341
20200630          0     -10341
20200731          0     -10341
20200831          0     -10341
20200930       5250      -5091
20201030        990      -4101
20201130        600      -3501
20201231      -2210      -5711       5550
20210129          0      -5711
20210226       1300      -4411
20210331       5340        929
20210430       1770       2699
20210528       3270       5969
20210630      -4390       1579
20210730          0       1579
20210831          0       1579
20210930          0       1579
20211029          0       1579
20211130          0       1579
20211231          0       1579       7290
20220131          0       1579
20220228        990       2569
20220331       -500       2069        490
-----------------------------------------
-----------------------------------------
Sys Name : TS-18StopTemplate-1R
Mkt Symb : SB Mkt Name : Sugar
Profit/Loss : 11680.78
Num Trades : 32
Percent Wins : 0.406
Avg Win  : 2437.49
Avg Loss : -1055.61
Avg Trade: 365.02
Max DrawDown: 11590.94
Avg DrawDown: 4060.36
AVG Monthly Return: 79.46112
Monthly StdDev: 1444.89373
-----------------------------------------
20100129       3248       3248
20100226      -5012      -1764
20100331       3589       1825
20100430       1714       3539
20100528       1075       4614
20100630      -2682       1932
20100730       1322       3253
20100831        202       3455
20100930       5387       8842
20101029       6317      15159
20101130      -1758      13401
20101231       5118      18519      18519
20110131       2072      20591
20110228      -3914      16677
20110331          0      16677
20110429        862      17539
20110531      -1042      16498
20110630      -2287      14210
20110729       3886      18097
20110831       -146      17951
20110930      -2559      15392
20111031          0      15392
20111130       -683      14709
20111230        437      15146      -3373
20120131      -1517      13629
20120229          0      13629
20120330          0      13629
20120430        136      13765
20120531       1904      15669
20120629      -2772      12897
20120731          0      12897
20120831          0      12897
20120928          0      12897
20121031          0      12897
20121130          0      12897
20121231          0      12897      -2249
20130131          0      12897
20130228          0      12897
20130328          0      12897
20130430          0      12897
20130531        235      13133
20130628       -101      13032
20130731        -56      12976
20130830        -72      12903
20130930          0      12903
20131031      -1322      11582
20131129       -565      11017
20131231       -208      10808      -2089
20140131        963      11772
20140228      -1159      10613
20140331          0      10613
20140430          0      10613
20140530          0      10613
20140630          0      10613
20140731        806      11419
20140829       1086      12506
20140930        672      13178
20141031        459      13637
20141128        504      14141
20141231       1198      15339       4531
20150130      -1372      13968
20150227          0      13968
20150331       1758      15726
20150430      -1478      14248
20150529       -464      13783
20150630       -784      12999
20150731       1490      14489
20150831        504      14993
20150930      -1148      13845
20151030       1131      14976
20151130        459      15436
20151231        347      15783        444
20160129      -1103      14680
20160229      -1624      13056
20160331      -1171      11885
20160429       -912      10973
20160531          0      10973
20160630       2664      13636
20160729      -1434      12203
20160831       1131      13334
20160930       2733      16067
20161031      -1602      14465
20161130       -252      14213
20161230       -436      13777      -2006
20170131      -1887      11890
20170228          0      11890
20170331       1164      13054
20170428        795      13849
20170531       1411      15260
20170630       1434      16694
20170731      -1232      15462
20170831       -173      15289
20170929          0      15289
20171031          0      15289
20171130          0      15289
20171229      -1030      14259        482
20180131        -90      14169
20180228       -291      13878
20180329       1154      15032
20180430        885      15917
20180531       -991      14926
20180629          0      14926
20180731        866      15792
20180831        -56      15736
20180928      -1002      14734
20181031          8      14742
20181130       -392      14350
20181231       -498      13852       -407
20190131          0      13852
20190228          0      13852
20190329          0      13852
20190430          0      13852
20190531       -168      13684
20190628       -543      13141
20190731       -575      12566
20190830       1198      13765
20190930       -856      12908
20191031          0      12908
20191129          0      12908
20191231       -146      12763      -1089
20200131       1333      14095
20200228        -11      14084
20200331        576      14660
20200430        258      14918
20200529       -605      14313
20200630       -912      13401
20200731          0      13401
20200831          0      13401
20200930          0      13401
20201030       -941      12460
20201130        168      12628
20201231       1098      13726        963
20210129        381      14106
20210226       1725      15831
20210331      -1618      14213
20210430       -134      14079
20210528        426      14505
20210630       -980      13525
20210730          0      13525
20210831        269      13794
20210930       -269      13525
20211029       -980      12545
20211130          0      12545
20211231          0      12545      -1180
20220131        -34      12512
20220228        -67      12445
20220331       -764      11681       -865
-----------------------------------------
-----------------------------------------
Sys Name : TS-18StopTemplate-1R
Mkt Symb : SI Mkt Name : Silver
Profit/Loss : -39788.55
Num Trades : 43
Percent Wins : 0.233
Avg Win  : 12350.12
Avg Loss : -4948.17
Avg Trade: -925.32
Max DrawDown: 143038.55
Avg DrawDown: 25148.19
AVG Monthly Return: -270.67038
Monthly StdDev: 9667.12411
-----------------------------------------
20100129          0          0
20100226          0          0
20100331          0          0
20100430          0          0
20100528          0          0
20100630          0          0
20100730          0          0
20100831          0          0
20100930       9380       9380
20101029      13715      23095
20101130      18015      41110
20101231      13625      54735      54735
20110131     -20400      34335
20110228      -4875      29460
20110331      20340      49800
20110429      53450     103250
20110531     -67080      36170
20110630          0      36170
20110729          0      36170
20110831          0      36170
20110930      -5065      31105
20111031     -10130      20975
20111130          0      20975
20111230          0      20975     -33760
20120131          0      20975
20120229      -5058      15917
20120330          0      15917
20120430          0      15917
20120531       8924      24841
20120629        945      25786
20120731      -1510      24276
20120831       1790      26066
20120928      15675      41741
20121031     -11305      30436
20121130      -5575      24861
20121231      -1335      23526       2551
20130131      -8796      14730
20130228       2065      16795
20130329        545      17340
20130430      20900      38240
20130531       9710      47950
20130628      13995      61945
20130731       -790      61155
20130830     -14044      47111
20130930          0      47111
20131031          0      47111
20131129          0      47111
20131231       1313      48424      24898
20140131      -6380      42044
20140228      -5055      36989
20140331      -5068      31921
20140430          0      31921
20140530      -5072      26848
20140630          0      26848
20140731      -4511      22338
20140829       -555      21783
20140930       5739      27521
20141031       4755      32276
20141128       3025      35301
20141231       -215      35086     -13337
20150130     -10480      24606
20150227          0      24606
20150331          0      24606
20150430          0      24606
20150529          0      24606
20150630          0      24606
20150731       -732      23874
20150831      -4320      19554
20150930          0      19554
20151030          0      19554
20151130          0      19554
20151231          0      19554     -15532
20160129          0      19554
20160229      -5069      14485
20160331          0      14485
20160429       4050      18535
20160531      -8905       9630
20160630       2223      11853
20160729       8620      20473
20160831      -9585      10888
20160930          0      10888
20161031          0      10888
20161130          0      10888
20161230          0      10888      -8666
20170131          0      10888
20170228          0      10888
20170331          0      10888
20170428          0      10888
20170531      -4605       6283
20170630       -465       5818
20170731      -5060        758
20170831          0        758
20170929          0        758
20171031          0        758
20171130          0        758
20171229      -5070      -4312     -15200
20180131          0      -4312
20180228          0      -4312
20180329          0      -4312
20180430          0      -4312
20180531          0      -4312
20180629          0      -4312
20180731         30      -4282
20180831       5635       1353
20180928       -775        578
20181031       2150       2728
20181130      -2915       -187
20181231          0       -187       4125
20190131       1360       1173
20190228      -2680      -1507
20190329      -1845      -3352
20190430       -562      -3914
20190531       2085      -1829
20190628      -2645      -4474
20190731       2000      -2474
20190830       8960       6486
20190930      -6720       -234
20191031       5345       5111
20191129      -2740       2371
20191231          0       2371       2558
20200131      -5054      -2683
20200228          0      -2683
20200331       4720       2037
20200430      -9790      -7753
20200529          0      -7753
20200630          0      -7753
20200731      20486      12733
20200831      21115      33848
20200930     -28040       5808
20201030          0       5808
20201130          0       5808
20201231          0       5808       3437
20210129      -5055        753
20210226          0        753
20210331          0        753
20210430          0        753
20210528      -5065      -4312
20210630      -5067      -9379
20210730      -5057     -14437
20210831      -2550     -16987
20210930      -1618     -18605
20211029      -5965     -24570
20211130          0     -24570
20211231      -5070     -29640     -35448
20220131          0     -29640
20220228          0     -29640
20220331     -10148     -39789     -10148
-----------------------------------------
-----------------------------------------
Sys Name : TS-18StopTemplate-1R
Mkt Symb : TY Mkt Name : TenYr
Profit/Loss : 22058.21
Num Trades : 31
Percent Wins : 0.419
Avg Win  : 3418.61
Avg Loss : -1246.32
Avg Trade: 711.56
Max DrawDown: 15286.88
Avg DrawDown: 4202.95
AVG Monthly Return: 150.05588
Monthly StdDev: 1299.49321
-----------------------------------------
20100129      -2229      -2229
20100226          0      -2229
20100331          0      -2229
20100430          0      -2229
20100528       1953       -276
20100630       2672       2396
20100730       1266       3661
20100831       2625       6286
20100930        422       6708
20101029        234       6943
20101130      -1097       5846
20101231        203       6049       6049
20110131       -359       5690
20110228        516       6205
20110331       -424       5781
20110429          0       5781
20110531       2516       8296
20110630       -281       8015
20110729       3359      11374
20110831       4312      15687
20110930       1062      16749
20111031      -2285      14465
20111130          0      14465
20111230          0      14465       8416
20120131          0      14465
20120229          0      14465
20120330       -953      13512
20120430       -955      12557
20120531       2008      14565
20120629       -562      14002
20120731       1281      15284
20120831      -1520      13764
20120928          0      13764
20121031          0      13764
20121130          0      13764
20121231          0      13764       -701
20130131          0      13764
20130228      -1404      12360
20130329          0      12360
20130430        547      12907
20130531      -2284      10623
20130628       2656      13280
20130731        125      13405
20130830        984      14389
20130930      -1158      13230
20131031        247      13478
20131129       -719      12759
20131231      -1051      11708      -2056
20140131          0      11708
20140228          0      11708
20140331          0      11708
20140430          0      11708
20140530       -109      11598
20140630       -344      11255
20140731      -1301       9954
20140829         83      10037
20140930      -1255       8782
20141031       -984       7798
20141128       1312       9110
20141231       -250       8860      -2848
20150130       4078      12938
20150227      -3519       9419
20150331          0       9419
20150430          0       9419
20150529      -1816       7602
20150630      -1250       6352
20150731      -1018       5334
20150831          0       5334
20150930          0       5334
20151030      -1308       4027
20151130       -300       3726
20151231          0       3726      -5134
20160129        596       4322
20160229       1297       5619
20160331       -125       5494
20160429      -1144       4350
20160531          0       4350
20160630       1219       5569
20160729         62       5631
20160831      -1410       4221
20160930          0       4221
20161031        135       4356
20161130       1732       6088
20161230        234       6323       2596
20170131       -188       6135
20170228       -627       5508
20170331          0       5508
20170428        433       5941
20170531        875       6816
20170630       -766       6050
20170731       -301       5749
20170831          0       5749
20170929      -1066       4683
20171031       -231       4452
20171130        656       5108
20171229          0       5108      -1214
20180131       2469       7577
20180228        969       8546
20180329      -1094       7452
20180430       1516       8968
20180531       -706       8261
20180629          0       8261
20180731          0       8261
20180831          0       8261
20180928       -125       8136
20181031        344       8480
20181130       -658       7822
20181231       1466       9288       4180
20190131        453       9741
20190228       -797       8945
20190329       2219      11163
20190430       -547      10616
20190531       2750      13366
20190628       1219      14585
20190731       -547      14038
20190830       3641      17679
20190930      -2786      14893
20191031          0      14893
20191129          0      14893
20191231          0      14893       5605
20200131        555      15448
20200228       3203      18652
20200331       3938      22589
20200430        375      22964
20200529        266      23230
20200630      -2128      21102
20200731          0      21102
20200831          0      21102
20200930          0      21102
20201030          0      21102
20201130          0      21102
20201231          0      21102       6208
20210129          0      21102
20210226       2141      23242
20210331       1781      25023
20210430      -1094      23930
20210528      -1409      22520
20210630          0      22520
20210730       -141      22380
20210831       -406      21973
20210930       -723      21250
20211029        328      21578
20211130      -1315      20263
20211231          0      20263       -839
20220131        500      20763
20220228        469      21232
20220331        827      22058       1795
-----------------------------------------
