-----------------------------------------
Sys Name : TS-Bollinger_1R
Mkt Symb : CL Mkt Name : Crude
20100205     TF-Bol-S  1 117.11000       0.00       0.00
20100218        Sxit1  1 123.13000   -6020.00   -6020.00
20100405     TF-Bol-B  1 130.13000       0.00       0.00
20100422         Lxit  1 124.81000   -5320.00  -11340.00
20100506     TF-Bol-S  1 117.86000       0.00       0.00
20100802        Sxit1  1 117.95000     -90.00  -11430.00
20101006     TF-Bol-B  1 120.13000       0.00       0.00
20101117         Lxit  1 116.36000   -3770.00  -15200.00
20101203     TF-Bol-B  1 124.00000       0.00       0.00
20110124         Lxit  1 121.50000   -2500.00  -17700.00
20110222     TF-Bol-B  1 127.89000       0.00       0.00
20110505         Lxit  1 130.62000    2730.00  -14970.00
20110617     TF-Bol-S  1 122.29000       0.00       0.00
20111019        Sxit1  1 116.46000    5830.00   -9140.00
20111114     TF-Bol-B  1 126.70000       0.00       0.00
20120202         Lxit  1 123.50000   -3200.00  -12340.00
20120221     TF-Bol-B  1 131.14000       0.00       0.00
20120329         Lxit  1 128.59000   -2550.00  -14890.00
20120504     TF-Bol-S  1 123.32000       0.00       0.00
20120803        Sxit1  1 116.19000    7130.00   -7760.00
20121023     TF-Bol-S  1 109.30000       0.00       0.00
20121226        Sxit1  1 113.19000   -3890.00  -11650.00
20130117     TF-Bol-B  1 118.01000       0.00       0.00
20130225         Lxit  1 113.60000   -4410.00  -16060.00
20130415     TF-Bol-S  1 110.88000       0.00       0.00
20130429        Sxit1  1 115.47000   -4590.00  -20650.00
20130617     TF-Bol-B  1 119.23000       0.00       0.00
20130621         Lxit  1 114.74000   -4490.00  -25140.00
20130702     TF-Bol-B  1 119.88000       0.00       0.00
20130924         Lxit  1 123.77000    3890.00  -21250.00
20131022     TF-Bol-S  1 120.31000       0.00       0.00
20131227        Sxit1  1 120.31000       0.00  -21250.00
20140218     TF-Bol-B  1 121.16000       0.00       0.00
20140317         Lxit  1 117.78000   -3380.00  -24630.00
20140521     TF-Bol-B  1 126.33000       0.00       0.00
20140710         Lxit  1 124.50000   -1830.00  -26460.00
20140814     TF-Bol-S  1 119.98000       0.00       0.00
20150407        Sxit1  1  77.09000   42890.00   16430.00
20150429     TF-Bol-B  1  81.96000       0.00       0.00
20150701         Lxit  1  79.12000   -2840.00   13590.00
20150717     TF-Bol-S  1  72.39000       0.00       0.00
20151007        Sxit1  1  69.77000    2620.00   16210.00
20151113     TF-Bol-S  1  61.12000       0.00       0.00
20160308        Sxit1  1  52.66000    8460.00   24670.00
20160427     TF-Bol-B  1  56.82000       0.00       0.00
20160706         Lxit  1  56.61000    -210.00   24460.00
20160728     TF-Bol-S  1  51.39000       0.00       0.00
20160818        Sxit1  1  57.01000   -5620.00   18840.00
20161212     TF-Bol-B  1  60.69000       0.00       0.00
20170207         Lxit  1  57.55000   -3140.00   15700.00
20170310     TF-Bol-S  1  53.90000       0.00       0.00
20170407        Sxit1  1  57.78000   -3880.00   11820.00
20170502     TF-Bol-S  1  52.13000       0.00       0.00
20170523        Sxit1  1  55.75000   -3620.00    8200.00
20170608     TF-Bol-S  1  49.46000       0.00       0.00
20170725        Sxit1  1  52.01000   -2550.00    5650.00
20170925     TF-Bol-B  1  54.61000       0.00       0.00
20180209         Lxit  1  61.29000    6680.00   12330.00
20180411     TF-Bol-B  1  69.62000       0.00       0.00
20180601         Lxit  1  68.08000   -1540.00   10790.00
20180627     TF-Bol-B  1  75.40000       0.00       0.00
20180716         Lxit  1  70.83000   -4570.00    6220.00
20180924     TF-Bol-B  1  77.19000       0.00       0.00
20181017         Lxit  1  73.96000   -3230.00    2990.00
20181101     TF-Bol-S  1  68.08000       0.00       0.00
20190214        Sxit1  1  58.51000    9570.00   12560.00
20190402     TF-Bol-B  1  65.40000       0.00       0.00
20190523         Lxit  1  62.86000   -2540.00   10020.00
20190531     TF-Bol-S  1  56.26000       0.00       0.00
20190701        Sxit1  1  62.68000   -6420.00    3600.00
20190807     TF-Bol-S  1  53.21000       0.00       0.00
20190905        Sxit1  1  59.16000   -5950.00   -2350.00
20190916     TF-Bol-B  1  64.00000       0.00       0.00
20190925         Lxit  1  58.63000   -5370.00   -7720.00
20191003     TF-Bol-S  1  54.26000       0.00       0.00
20191023        Sxit1  1  58.41000   -4150.00  -11870.00
20191206     TF-Bol-B  1  62.28000       0.00       0.00
20200122         Lxit  1  59.94000   -2340.00  -14210.00
20200130     TF-Bol-S  1  54.42000       0.00       0.00
20200529        Sxit1  1  31.72000   22700.00    8490.00
20201002     TF-Bol-S  1  32.56000       0.00       0.00
20201008        Sxit1  1  36.04000   -3480.00    5010.00
20201028     TF-Bol-S  1  32.79000       0.00       0.00
20201109        Sxit1  1  35.65000   -2860.00    2150.00
20201124     TF-Bol-B  1  39.62000       0.00       0.00
20210719         Lxit  1  60.98000   21360.00   23510.00
20210927     TF-Bol-B  1  70.45000       0.00       0.00
20211126         Lxit  1  70.32000    -130.00   23380.00
20220118     TF-Bol-B  1  82.98000       0.00       0.00
20220331   Lx-EOFData  1 100.93000   17950.00   41330.00
-----------------------------------------
Sys Name : TS-Bollinger_1R
Mkt Symb : EC Mkt Name : EuroCur
20100104     TF-Bol-S  1   1.57690       0.00       0.00
20100715        Sxit1  1   1.42445   19056.25   19056.25
20100922     TF-Bol-B  1   1.48290       0.00       0.00
20101123         Lxit  1   1.48450     200.00   19256.25
20110303     TF-Bol-B  1   1.54445       0.00       0.00
20110516         Lxit  1   1.55290    1056.25   20312.50
20110712     TF-Bol-S  1   1.54155       0.00       0.00
20110721        Sxit1  1   1.58305   -5187.50   15125.00
20110906     TF-Bol-S  1   1.55120       0.00       0.00
20111027        Sxit1  1   1.55225    -131.25   14993.75
20111213     TF-Bol-S  1   1.45675       0.00       0.00
20120209        Sxit1  1   1.48350   -3343.75   11650.00
20120509     TF-Bol-S  1   1.44340       0.00       0.00
20120822        Sxit1  1   1.40125    5268.75   16918.75
20120907     TF-Bol-B  1   1.42725       0.00       0.00
20121109         Lxit  1   1.41820   -1131.25   15787.50
20121218     TF-Bol-B  1   1.46920       0.00       0.00
20130222         Lxit  1   1.46100   -1025.00   14762.50
20130327     TF-Bol-S  1   1.42605       0.00       0.00
20130416        Sxit1  1   1.46320   -4643.75   10118.75
20130611     TF-Bol-B  1   1.47340       0.00       0.00
20130626         Lxit  1   1.44905   -3043.75    7075.00
20130808     TF-Bol-B  1   1.48470       0.00       0.00
20130903         Lxit  1   1.46000   -3087.50    3987.50
20130918     TF-Bol-B  1   1.49510       0.00       0.00
20131107         Lxit  1   1.48655   -1068.75    2918.75
20131227     TF-Bol-B  1   1.53080       0.00       0.00
20140106         Lxit  1   1.50275   -3506.25    -587.50
20140306     TF-Bol-B  1   1.52885       0.00       0.00
20140403         Lxit  1   1.51555   -1662.50   -2250.00
20140508     TF-Bol-B  1   1.54235       0.00       0.00
20140509         Lxit  1   1.51975   -2825.00   -5075.00
20140605     TF-Bol-S  1   1.50305       0.00       0.00
20150429        Sxit1  1   1.25515   30987.50   25912.50
20150824     TF-Bol-B  1   1.28475       0.00       0.00
20150903         Lxit  1   1.25425   -3812.50   22100.00
20151014     TF-Bol-B  1   1.28610       0.00       0.00
20151022         Lxit  1   1.25635   -3718.75   18381.25
20151106     TF-Bol-S  1   1.22060       0.00       0.00
20160115        Sxit1  1   1.23570   -1887.50   16493.75
20160209     TF-Bol-B  1   1.26790       0.00       0.00
20160226         Lxit  1   1.22815   -4968.75   11525.00
20160317     TF-Bol-B  1   1.26390       0.00       0.00
20160518         Lxit  1   1.25620    -962.50   10562.50
20160624     TF-Bol-S  1   1.23660       0.00       0.00
20160816        Sxit1  1   1.25305   -2056.25    8506.25
20161012     TF-Bol-S  1   1.22860       0.00       0.00
20161109        Sxit1  1   1.24215   -1693.75    6812.50
20161110     TF-Bol-S  1   1.21645       0.00       0.00
20170131        Sxit1  1   1.19930    2143.75    8956.25
20170327     TF-Bol-B  1   1.20545       0.00       0.00
20170331         Lxit  1   1.18500   -2556.25    6400.00
20170424     TF-Bol-B  1   1.20460       0.00       0.00
20171005         Lxit  1   1.27885    9281.25   15681.25
20171106     TF-Bol-S  1   1.26510       0.00       0.00
20171115        Sxit1  1   1.28920   -3012.50   12668.75
20180102     TF-Bol-B  1   1.30945       0.00       0.00
20180405         Lxit  1   1.32000    1318.75   13987.50
20180426     TF-Bol-S  1   1.30365       0.00       0.00
20180828        Sxit1  1   1.25345    6275.00   20262.50
20181003     TF-Bol-S  1   1.22520       0.00       0.00
20190109        Sxit1  1   1.21985     668.75   20931.25
20190211     TF-Bol-S  1   1.19690       0.00       0.00
20190320        Sxit1  1   1.20445    -943.75   19987.50
20190327     TF-Bol-S  1   1.18675       0.00       0.00
20190607        Sxit1  1   1.18525     187.50   20175.00
20190723     TF-Bol-S  1   1.16715       0.00       0.00
20191018        Sxit1  1   1.15830    1106.25   21281.25
20191230     TF-Bol-B  1   1.15760       0.00       0.00
20200108         Lxit  1   1.14720   -1300.00   19981.25
20200124     TF-Bol-S  1   1.13645       0.00       0.00
20200302        Sxit1  1   1.14095    -562.50   19418.75
20200306     TF-Bol-B  1   1.16380       0.00       0.00
20200312         Lxit  1   1.14210   -2712.50   16706.25
20200318     TF-Bol-S  1   1.11635       0.00       0.00
20200327        Sxit1  1   1.13925   -2862.50   13843.75
20200604     TF-Bol-B  1   1.15625       0.00       0.00
20201028         Lxit  1   1.19785    5200.00   19043.75
20201127     TF-Bol-B  1   1.21860       0.00       0.00
20210202         Lxit  1   1.22185     406.25   19450.00
20210308     TF-Bol-S  1   1.20410       0.00       0.00
20210420        Sxit1  1   1.22385   -2468.75   16981.25
20210929     TF-Bol-S  1   1.17430       0.00       0.00
20220113        Sxit1  1   1.15820    2012.50   18993.75
20220127     TF-Bol-S  1   1.12470       0.00       0.00
20220203        Sxit1  1   1.15170   -3375.00   15618.75
20220224     TF-Bol-S  1   1.12610       0.00       0.00
20220331   Sx-EOFData  1   1.11590    1275.00   16893.75
-----------------------------------------
Sys Name : TS-Bollinger_1R
Mkt Symb : GC Mkt Name : Gold
20100407     TF-Bol-B  1 1388.80000       0.00       0.00
20100716         Lxit  1 1425.80000    3700.00    3700.00
20100914     TF-Bol-B  1 1500.90000       0.00       0.00
20110107         Lxit  1 1590.10000    8920.00   12620.00
20110127     TF-Bol-S  1 1549.40000       0.00       0.00
20110215        Sxit1  1 1600.40000   -5100.00    7520.00
20110301     TF-Bol-B  1 1656.70000       0.00       0.00
20110315         Lxit  1 1611.80000   -4490.00    3030.00
20110324     TF-Bol-B  1 1675.20000       0.00       0.00
20110701         Lxit  1 1717.50000    4230.00    7260.00
20110713     TF-Bol-B  1 1806.70000       0.00       0.00
20110923         Lxit  1 1888.20000    8150.00   15410.00
20111214     TF-Bol-S  1 1809.80000       0.00       0.00
20120123        Sxit1  1 1896.70000   -8690.00    6720.00
20120508     TF-Bol-S  1 1813.00000       0.00       0.00
20120725        Sxit1  1 1820.00000    -700.00    6020.00
20120822     TF-Bol-B  1 1862.90000       0.00       0.00
20121102         Lxit  1 1895.60000    3270.00    9290.00
20121218     TF-Bol-S  1 1869.40000       0.00       0.00
20130815        Sxit1  1 1549.50000   31990.00   41280.00
20131112     TF-Bol-S  1 1460.30000       0.00       0.00
20140124        Sxit1  1 1465.60000    -530.00   40750.00
20140224     TF-Bol-B  1 1532.70000       0.00       0.00
20140415         Lxit  1 1483.00000   -4970.00   35780.00
20140530     TF-Bol-S  1 1448.30000       0.00       0.00
20140619        Sxit1  1 1499.10000   -5080.00   30700.00
20140911     TF-Bol-S  1 1437.40000       0.00       0.00
20141209        Sxit1  1 1418.50000    1890.00   32590.00
20150115     TF-Bol-B  1 1449.40000       0.00       0.00
20150211         Lxit  1 1411.30000   -3810.00   28780.00
20150317     TF-Bol-S  1 1335.30000       0.00       0.00
20150326        Sxit1  1 1407.40000   -7210.00   21570.00
20150707     TF-Bol-S  1 1346.60000       0.00       0.00
20150821        Sxit1  1 1350.40000    -380.00   21190.00
20151014     TF-Bol-B  1 1376.50000       0.00       0.00
20151103         Lxit  1 1321.40000   -5510.00   15680.00
20151117     TF-Bol-S  1 1260.60000       0.00       0.00
20160107        Sxit1  1 1298.60000   -3800.00   11880.00
20160208     TF-Bol-B  1 1369.30000       0.00       0.00
20160524         Lxit  1 1428.00000    5870.00   17750.00
20160615     TF-Bol-B  1 1482.10000       0.00       0.00
20160624         Lxit  1 1441.10000   -4100.00   13650.00
20160627     TF-Bol-B  1 1509.10000       0.00       0.00
20160830         Lxit  1 1492.00000   -1710.00   11940.00
20161004     TF-Bol-S  1 1467.50000       0.00       0.00
20161109        Sxit1  1 1494.50000   -2700.00    9240.00
20161111     TF-Bol-S  1 1422.20000       0.00       0.00
20170124        Sxit1  1 1396.10000    2610.00   11850.00
20170417     TF-Bol-B  1 1463.60000       0.00       0.00
20170503         Lxit  1 1409.20000   -5440.00    6410.00
20170606     TF-Bol-B  1 1463.40000       0.00       0.00
20170615         Lxit  1 1423.20000   -4020.00    2390.00
20170707     TF-Bol-S  1 1382.70000       0.00       0.00
20170721        Sxit1  1 1422.60000   -3990.00   -1600.00
20170818     TF-Bol-B  1 1463.40000       0.00       0.00
20170929         Lxit  1 1440.80000   -2260.00   -3860.00
20171207     TF-Bol-S  1 1412.30000       0.00       0.00
20171227        Sxit1  1 1447.70000   -3540.00   -7400.00
20180110     TF-Bol-B  1 1482.30000       0.00       0.00
20180301         Lxit  1 1460.70000   -2160.00   -9560.00
20180430     TF-Bol-S  1 1457.70000       0.00       0.00
20181011        Sxit1  1 1354.30000   10340.00     780.00
20181204     TF-Bol-B  1 1371.80000       0.00       0.00
20190307         Lxit  1 1399.60000    2780.00    3560.00
20190417     TF-Bol-S  1 1387.20000       0.00       0.00
20190531        Sxit1  1 1412.70000   -2550.00    1010.00
20190605     TF-Bol-B  1 1452.10000       0.00       0.00
20191011         Lxit  1 1573.50000   12140.00   13150.00
20191125     TF-Bol-S  1 1548.80000       0.00       0.00
20191224        Sxit1  1 1584.60000   -3580.00    9570.00
20200103     TF-Bol-B  1 1625.10000       0.00       0.00
20200313         Lxit  1 1633.40000     830.00   10400.00
20200324     TF-Bol-B  1 1755.00000       0.00       0.00
20200605         Lxit  1 1740.70000   -1430.00    8970.00
20200721     TF-Bol-B  1 1881.50000       0.00       0.00
20200923         Lxit  1 1914.10000    3260.00   12230.00
20201123     TF-Bol-S  1 1865.60000       0.00       0.00
20201217        Sxit1  1 1925.00000   -5940.00    6290.00
20210119     TF-Bol-S  1 1831.30000       0.00       0.00
20210421        Sxit1  1 1813.20000    1810.00    8100.00
20210518     TF-Bol-B  1 1892.70000       0.00       0.00
20210617         Lxit  1 1808.70000   -8400.00    -300.00
20210809     TF-Bol-S  1 1746.10000       0.00       0.00
20210830        Sxit1  1 1835.40000   -8930.00   -9230.00
20210929     TF-Bol-S  1 1737.50000       0.00       0.00
20211013        Sxit1  1 1798.40000   -6090.00  -15320.00
20211110     TF-Bol-B  1 1849.90000       0.00       0.00
20211123         Lxit  1 1802.00000   -4790.00  -20110.00
20220211     TF-Bol-B  1 1870.40000       0.00       0.00
20220331   Lx-EOFData  1 1954.70000    8430.00  -11680.00
-----------------------------------------
Sys Name : TS-Bollinger_1R
Mkt Symb : KC Mkt Name : Coffee
20100128     TF-Bol-S  1 295.95000       0.00       0.00
20100329        Sxit1  1 299.30000   -1256.25   -1256.25
20100611     TF-Bol-B  1 299.15000       0.00       0.00
20101004         Lxit  1 329.45000   11362.50   10106.25
20101020     TF-Bol-B  1 351.65000       0.00       0.00
20110512         Lxit  1 420.35000   25762.50   35868.75
20110617     TF-Bol-S  1 398.75000       0.00       0.00
20110817        Sxit1  1 407.40000   -3243.75   32625.00
20110901     TF-Bol-B  1 430.80000       0.00       0.00
20110915         Lxit  1 403.90000  -10087.50   22537.50
20110923     TF-Bol-S  1 374.80000       0.00       0.00
20120111        Sxit1  1 371.05000    1406.25   23943.75
20120131     TF-Bol-S  1 351.75000       0.00       0.00
20120703        Sxit1  1 306.70000   16893.75   40837.50
20121105     TF-Bol-S  1 280.20000       0.00       0.00
20130118        Sxit1  1 280.75000    -206.25   40631.25
20130214     TF-Bol-S  1 260.15000       0.00       0.00
20130508        Sxit1  1 261.65000    -562.50   40068.75
20130522     TF-Bol-S  1 249.45000       0.00       0.00
20130718        Sxit1  1 248.90000     206.25   40275.00
20130918     TF-Bol-S  1 226.70000       0.00       0.00
20131213        Sxit1  1 224.20000     937.50   41212.50
20140131     TF-Bol-B  1 232.05000       0.00       0.00
20140520         Lxit  1 285.80000   20156.25   61368.75
20140902     TF-Bol-B  1 300.75000       0.00       0.00
20140910         Lxit  1 282.55000   -6825.00   54543.75
20141002     TF-Bol-B  1 302.05000       0.00       0.00
20141023         Lxit  1 289.10000   -4856.25   49687.50
20150102     TF-Bol-S  1 255.40000       0.00       0.00
20150810        Sxit1  1 218.55000   13818.75   63506.25
20150824     TF-Bol-S  1 205.80000       0.00       0.00
20151005        Sxit1  1 210.45000   -1743.75   61762.50
20160111     TF-Bol-S  1 193.00000       0.00       0.00
20160204        Sxit1  1 201.15000   -3056.25   58706.25
20160211     TF-Bol-S  1 192.20000       0.00       0.00
20160304        Sxit1  1 198.15000   -2231.25   56475.00
20160316     TF-Bol-B  1 206.45000       0.00       0.00
20160405         Lxit  1 199.05000   -2775.00   53700.00
20160516     TF-Bol-B  1 208.90000       0.00       0.00
20160519         Lxit  1 199.75000   -3431.25   50268.75
20160608     TF-Bol-B  1 209.95000       0.00       0.00
20160817         Lxit  1 209.55000    -150.00   50118.75
20160921     TF-Bol-B  1 227.30000       0.00       0.00
20161003         Lxit  1 216.95000   -3881.25   46237.50
20161017     TF-Bol-B  1 226.65000       0.00       0.00
20161125         Lxit  1 222.65000   -1500.00   44737.50
20161207     TF-Bol-S  1 206.75000       0.00       0.00
20170123        Sxit1  1 219.40000   -4743.75   39993.75
20170420     TF-Bol-S  1 196.75000       0.00       0.00
20170717        Sxit1  1 193.10000    1368.75   41362.50
20171207     TF-Bol-S  1 175.05000       0.00       0.00
20180102        Sxit1  1 181.30000   -2343.75   39018.75
20180220     TF-Bol-S  1 169.75000       0.00       0.00
20180501        Sxit1  1 171.10000    -506.25   38512.50
20180607     TF-Bol-S  1 163.90000       0.00       0.00
20181003        Sxit1  1 152.20000    4387.50   42900.00
20181017     TF-Bol-B  1 164.80000       0.00       0.00
20181113         Lxit  1 151.55000   -4968.75   37931.25
20190312     TF-Bol-S  1 131.15000       0.00       0.00
20190529        Sxit1  1 130.90000      93.75   38025.00
20190625     TF-Bol-B  1 137.75000       0.00       0.00
20190726         Lxit  1 131.05000   -2512.50   35512.50
20191106     TF-Bol-B  1 135.70000       0.00       0.00
20200116         Lxit  1 137.95000     843.75   36356.25
20200529     TF-Bol-S  1 118.85000       0.00       0.00
20200722        Sxit1  1 126.20000   -2756.25   33600.00
20200804     TF-Bol-B  1 140.30000       0.00       0.00
20200921         Lxit  1 128.60000   -4387.50   29212.50
20210115     TF-Bol-B  1 144.00000       0.00       0.00
20210322         Lxit  1 139.35000   -1743.75   27468.75
20210423     TF-Bol-B  1 148.60000       0.00       0.00
20220228         Lxit  1 237.05000   33168.75   60637.50
20220314     TF-Bol-S  1 222.50000       0.00       0.00
20220331   Sx-EOFData  1 228.55000   -2268.75   58368.75
-----------------------------------------
Sys Name : TS-Bollinger_1R
Mkt Symb : NG Mkt Name : Nat.Gas
20100315     TF-Bol-S  1  11.66700       0.00       0.00
20100603        Sxit1  1  11.63000     370.00     370.00
20100615     TF-Bol-B  1  12.21900       0.00       0.00
20100708         Lxit  1  11.53600   -6830.00   -6460.00
20100825     TF-Bol-S  1  11.02900       0.00       0.00
20101122        Sxit1  1  10.89900    1300.00   -5160.00
20110120     TF-Bol-B  1  11.06900       0.00       0.00
20110128         Lxit  1  10.69700   -3720.00   -8880.00
20110211     TF-Bol-S  1  10.28800       0.00       0.00
20110323        Sxit1  1  10.61800   -3300.00  -12180.00
20110531     TF-Bol-B  1  10.82100       0.00       0.00
20110617         Lxit  1  10.52900   -2920.00  -15100.00
20110804     TF-Bol-S  1  10.17300       0.00       0.00
20120511        Sxit1  1   7.90900   22640.00    7540.00
20120627     TF-Bol-B  1   8.13800       0.00       0.00
20120820         Lxit  1   8.00000   -1380.00    6160.00
20121001     TF-Bol-B  1   8.52500       0.00       0.00
20121102         Lxit  1   8.29800   -2270.00    3890.00
20121214     TF-Bol-S  1   7.88900       0.00       0.00
20130305        Sxit1  1   8.05800   -1690.00    2200.00
20130318     TF-Bol-B  1   8.45900       0.00       0.00
20130603         Lxit  1   8.35400   -1050.00    1150.00
20130627     TF-Bol-S  1   8.02100       0.00       0.00
20130916        Sxit1  1   8.03400    -130.00    1020.00
20131104     TF-Bol-S  1   7.62300       0.00       0.00
20131118        Sxit1  1   7.84900   -2260.00   -1240.00
20131203     TF-Bol-B  1   8.12800       0.00       0.00
20140110         Lxit  1   8.03400    -940.00   -2180.00
20140122     TF-Bol-B  1   8.64600       0.00       0.00
20140512         Lxit  1   9.48600    8400.00    6220.00
20140707     TF-Bol-S  1   9.31200       0.00       0.00
20140930        Sxit1  1   9.08600    2260.00    8480.00
20141021     TF-Bol-S  1   8.56300       0.00       0.00
20141103        Sxit1  1   8.84600   -2830.00    5650.00
20141105     TF-Bol-B  1   9.10400       0.00       0.00
20141113         Lxit  1   8.85000   -2540.00    3110.00
20141117     TF-Bol-B  1   9.14400       0.00       0.00
20141124         Lxit  1   8.87300   -2710.00     400.00
20141203     TF-Bol-S  1   8.52000       0.00       0.00
20150504        Sxit1  1   7.39800   11220.00   11620.00
20150518     TF-Bol-B  1   7.63900       0.00       0.00
20150528         Lxit  1   7.37700   -2620.00    9000.00
20150824     TF-Bol-S  1   7.17400       0.00       0.00
20150915        Sxit1  1   7.32300   -1490.00    7510.00
20150917     TF-Bol-S  1   7.15100       0.00       0.00
20160419        Sxit1  1   5.95900   11920.00   19430.00
20160603     TF-Bol-B  1   6.02500       0.00       0.00
20160812         Lxit  1   6.11400     890.00   20320.00
20160920     TF-Bol-B  1   6.59300       0.00       0.00
20161024         Lxit  1   6.41100   -1820.00   18500.00
20161101     TF-Bol-S  1   6.05500       0.00       0.00
20161128        Sxit1  1   6.31000   -2550.00   15950.00
20170221     TF-Bol-S  1   5.66100       0.00       0.00
20170405        Sxit1  1   6.09900   -4380.00   11570.00
20170601     TF-Bol-S  1   5.60600       0.00       0.00
20170901        Sxit1  1   5.60500      10.00   11580.00
20171002     TF-Bol-S  1   5.38300       0.00       0.00
20171013        Sxit1  1   5.51500   -1320.00   10260.00
20171019     TF-Bol-S  1   5.33700       0.00       0.00
20171023        Sxit1  1   5.50400   -1670.00    8590.00
20171027     TF-Bol-S  1   5.32800       0.00       0.00
20171107        Sxit1  1   5.48000   -1520.00    7070.00
20171124     TF-Bol-S  1   5.26500       0.00       0.00
20180102        Sxit1  1   5.32900    -640.00    6430.00
20180123     TF-Bol-B  1   5.67700       0.00       0.00
20180209         Lxit  1   5.30900   -3680.00    2750.00
20180525     TF-Bol-B  1   5.48600       0.00       0.00
20180705         Lxit  1   5.36700   -1190.00    1560.00
20180924     TF-Bol-B  1   5.56100       0.00       0.00
20181217         Lxit  1   5.98000    4190.00    5750.00
20190531     TF-Bol-S  1   4.95100       0.00       0.00
20190903        Sxit1  1   4.82900    1220.00    6970.00
20190909     TF-Bol-B  1   5.11100       0.00       0.00
20190930         Lxit  1   4.82400   -2870.00    4100.00
20191104     TF-Bol-B  1   5.13200       0.00       0.00
20191119         Lxit  1   4.85700   -2750.00    1350.00
20191129     TF-Bol-S  1   4.55300       0.00       0.00
20200420        Sxit1  1   4.12600    4270.00    5620.00
20200512     TF-Bol-S  1   3.78200       0.00       0.00
20200803        Sxit1  1   3.75800     240.00    5860.00
20200814     TF-Bol-B  1   4.12000       0.00       0.00
20200917         Lxit  1   3.84200   -2780.00    3080.00
20201119     TF-Bol-S  1   3.44700       0.00       0.00
20210112        Sxit1  1   3.60900   -1620.00    1460.00
20210517     TF-Bol-B  1   3.79400       0.00       0.00
20210524         Lxit  1   3.49900   -2950.00   -1490.00
20210611     TF-Bol-B  1   3.81900       0.00       0.00
20211109         Lxit  1   5.34000   15210.00   13720.00
20211206     TF-Bol-S  1   4.06400       0.00       0.00
20220112        Sxit1  1   5.16300  -10990.00    2730.00
20220323     TF-Bol-B  1   5.77500       0.00       0.00
20220331   Lx-EOFData  1   6.14200    3670.00    6400.00
-----------------------------------------
Sys Name : TS-Bollinger_1R
Mkt Symb : S_ Mkt Name : SoyBean
20100128     TF-Bol-S  1 632.00000       0.00       0.00
20100414        Sxit1  1 673.00000   -2050.00   -2050.00
20100708     TF-Bol-B  1 695.50000       0.00       0.00
20110222         Lxit  1 1055.50000   18000.00   15950.00
20110623     TF-Bol-S  1 1011.50000       0.00       0.00
20110711        Sxit1  1 1062.25000   -2537.50   13412.50
20110809     TF-Bol-S  1 1011.50000       0.00       0.00
20110817        Sxit1  1 1063.00000   -2575.00   10837.50
20110826     TF-Bol-B  1 1118.75000       0.00       0.00
20110915         Lxit  1 1076.50000   -2112.50    8725.00
20110922     TF-Bol-S  1 1000.25000       0.00       0.00
20120103        Sxit1  1 920.00000    4012.50   12737.50
20120221     TF-Bol-B  1 962.00000       0.00       0.00
20120523         Lxit  1 1045.75000    4187.50   16925.00
20120629     TF-Bol-B  1 1185.00000       0.00       0.00
20120928         Lxit  1 1352.75000    8387.50   25312.50
20121109     TF-Bol-S  1 1244.25000       0.00       0.00
20130130        Sxit1  1 1255.00000    -537.50   24775.00
20130404     TF-Bol-S  1 1172.25000       0.00       0.00
20130417        Sxit1  1 1231.75000   -2975.00   21800.00
20130517     TF-Bol-B  1 1301.25000       0.00       0.00
20130726         Lxit  1 1316.00000     737.50   22537.50
20130826     TF-Bol-B  1 1456.50000       0.00       0.00
20130930         Lxit  1 1391.25000   -3262.50   19275.00
20140213     TF-Bol-B  1 1470.00000       0.00       0.00
20140611         Lxit  1 1590.75000    6037.50   25312.50
20140630     TF-Bol-S  1 1526.50000       0.00       0.00
20141028        Sxit1  1 1347.00000    8975.00   34287.50
20150317     TF-Bol-S  1 1265.75000       0.00       0.00
20150429        Sxit1  1 1299.25000   -1675.00   32612.50
20150519     TF-Bol-S  1 1255.75000       0.00       0.00
20150617        Sxit1  1 1279.25000   -1175.00   31437.50
20150626     TF-Bol-B  1 1315.00000       0.00       0.00
20150727         Lxit  1 1289.00000   -1300.00   30137.50
20150824     TF-Bol-S  1 1208.25000       0.00       0.00
20151201        Sxit1  1 1219.00000    -537.50   29600.00
20160317     TF-Bol-B  1 1233.00000       0.00       0.00
20160719         Lxit  1 1381.75000    7437.50   37037.50
20161122     TF-Bol-B  1 1368.00000       0.00       0.00
20161222         Lxit  1 1336.25000   -1587.50   35450.00
20170117     TF-Bol-B  1 1393.75000       0.00       0.00
20170130         Lxit  1 1351.25000   -2125.00   33325.00
20170314     TF-Bol-S  1 1320.00000       0.00       0.00
20170703        Sxit1  1 1267.50000    2625.00   35950.00
20170710     TF-Bol-B  1 1329.50000       0.00       0.00
20170803         Lxit  1 1270.50000   -2950.00   33000.00
20171205     TF-Bol-B  1 1305.00000       0.00       0.00
20171212         Lxit  1 1273.25000   -1587.50   31412.50
20171220     TF-Bol-S  1 1247.50000       0.00       0.00
20180124        Sxit1  1 1270.25000   -1137.50   30275.00
20180215     TF-Bol-B  1 1303.25000       0.00       0.00
20180323         Lxit  1 1280.50000   -1137.50   29137.50
20180517     TF-Bol-S  1 1253.75000       0.00       0.00
20180524        Sxit1  1 1299.00000   -2262.50   26875.00
20180605     TF-Bol-S  1 1258.50000       0.00       0.00
20181005        Sxit1  1 1108.00000    7525.00   34400.00
20181203     TF-Bol-B  1 1145.00000       0.00       0.00
20181226         Lxit  1 1101.75000   -2162.50   32237.50
20190308     TF-Bol-S  1 1095.00000       0.00       0.00
20190604        Sxit1  1 1077.25000     887.50   33125.00
20191011     TF-Bol-B  1 1100.00000       0.00       0.00
20191114         Lxit  1 1059.00000   -2050.00   31075.00
20200127     TF-Bol-S  1 1027.75000       0.00       0.00
20200604        Sxit1  1 988.50000    1962.50   33037.50
20200701     TF-Bol-B  1 1015.25000       0.00       0.00
20210614         Lxit  1 1612.75000   29875.00   62912.50
20211004     TF-Bol-S  1 1451.00000       0.00       0.00
20211117        Sxit1  1 1491.25000   -2012.50   60900.00
20211222     TF-Bol-B  1 1522.75000       0.00       0.00
20220331   Lx-EOFData  1 1818.75000   14800.00   75700.00
-----------------------------------------
Sys Name : TS-Bollinger_1R
Mkt Symb : LH Mkt Name : LHogs
20100119     TF-Bol-B  1 141.67500       0.00       0.00
20100201         Lxit  1 136.40000   -2110.00   -2110.00
20100225     TF-Bol-B  1 140.77500       0.00       0.00
20100326         Lxit  1 138.65000    -850.00   -2960.00
20100330     TF-Bol-B  1 143.02500       0.00       0.00
20100517         Lxit  1 141.75000    -510.00   -3470.00
20100607     TF-Bol-S  1 136.95000       0.00       0.00
20100621        Sxit1  1 142.62500   -2270.00   -5740.00
20100915     TF-Bol-B  1 144.07500       0.00       0.00
20100929         Lxit  1 141.07500   -1200.00   -6940.00
20101014     TF-Bol-S  1 137.57500       0.00       0.00
20101222        Sxit1  1 138.17500    -240.00   -7180.00
20110125     TF-Bol-B  1 141.92500       0.00       0.00
20110307         Lxit  1 139.95000    -790.00   -7970.00
20110428     TF-Bol-S  1 137.95000       0.00       0.00
20110621        Sxit1  1 138.57500    -250.00   -8220.00
20110930     TF-Bol-B  1 143.07500       0.00       0.00
20111109         Lxit  1 140.20000   -1150.00   -9370.00
20120329     TF-Bol-S  1 134.72500       0.00       0.00
20120608        Sxit1  1 134.40000     130.00   -9240.00
20120726     TF-Bol-B  1 138.37500       0.00       0.00
20120803         Lxit  1 132.67500   -2280.00  -11520.00
20120907     TF-Bol-S  1 127.87500       0.00       0.00
20120924        Sxit1  1 133.12500   -2100.00  -13620.00
20121121     TF-Bol-B  1 141.50000       0.00       0.00
20130206         Lxit  1 139.85000    -660.00  -14280.00
20130214     TF-Bol-S  1 136.82500       0.00       0.00
20130515        Sxit1  1 134.42500     960.00  -13320.00
20130606     TF-Bol-B  1 137.82500       0.00       0.00
20131119         Lxit  1 146.72500    3560.00   -9760.00
20131217     TF-Bol-S  1 143.05000       0.00       0.00
20140218        Sxit1  1 145.47500    -970.00  -10730.00
20140226     TF-Bol-B  1 150.42500       0.00       0.00
20140523         Lxit  1 161.65000    4490.00   -6240.00
20140722     TF-Bol-S  1 159.75000       0.00       0.00
20140910        Sxit1  1 158.92500     330.00   -5910.00
20141216     TF-Bol-S  1 147.20000       0.00       0.00
20150429        Sxit1  1 130.77500    6570.00     660.00
20150622     TF-Bol-S  1 121.60000       0.00       0.00
20150722        Sxit1  1 128.20000   -2640.00   -1980.00
20150917     TF-Bol-B  1 135.17500       0.00       0.00
20151027         Lxit  1 131.47500   -1480.00   -3460.00
20151106     TF-Bol-S  1 124.62500       0.00       0.00
20151211        Sxit1  1 131.57500   -2780.00   -6240.00
20160603     TF-Bol-B  1 138.50000       0.00       0.00
20160705         Lxit  1 136.67500    -730.00   -6970.00
20160721     TF-Bol-S  1 129.57500       0.00       0.00
20161121        Sxit1  1 119.55000    4010.00   -2960.00
20161216     TF-Bol-B  1 128.65000       0.00       0.00
20170327         Lxit  1 129.25000     240.00   -2720.00
20170413     TF-Bol-S  1 125.70000       0.00       0.00
20170503        Sxit1  1 129.55000   -1540.00   -4260.00
20170531     TF-Bol-B  1 136.55000       0.00       0.00
20170818         Lxit  1 134.60000    -780.00   -5040.00
20170828     TF-Bol-S  1 130.85000       0.00       0.00
20171031        Sxit1  1 131.82500    -390.00   -5430.00
20180108     TF-Bol-B  1 132.97500       0.00       0.00
20180206         Lxit  1 130.15000   -1130.00   -6560.00
20180228     TF-Bol-S  1 125.77500       0.00       0.00
20180613        Sxit1  1 119.95000    2330.00   -4230.00
20180709     TF-Bol-S  1 113.37500       0.00       0.00
20180918        Sxit1  1 110.57500    1120.00   -3110.00
20190116     TF-Bol-S  1 109.90000       0.00       0.00
20190313        Sxit1  1 110.32500    -170.00   -3280.00
20190321     TF-Bol-B  1 120.20000       0.00       0.00
20190528         Lxit  1 116.02500   -1670.00   -4950.00
20190624     TF-Bol-S  1 102.90000       0.00       0.00
20200102        Sxit1  1  93.82500    3630.00   -1320.00
20200127     TF-Bol-S  1  86.02500       0.00       0.00
20200504        Sxit1  1  75.12500    4360.00    3040.00
20200902     TF-Bol-B  1  73.05000       0.00       0.00
20201211         Lxit  1  85.65000    5040.00    8080.00
20210202     TF-Bol-B  1  93.95000       0.00       0.00
20210621         Lxit  1 118.22500    9710.00   17790.00
20211207     TF-Bol-S  1 107.45000       0.00       0.00
20211223        Sxit1  1 113.37500   -2370.00   15420.00
20220201     TF-Bol-B  1 118.32500       0.00       0.00
20220331   Lx-EOFData  1 123.62500    2120.00   17540.00
-----------------------------------------
Sys Name : TS-Bollinger_1R
Mkt Symb : SB Mkt Name : Sugar
20100104     TF-Bol-B  1  26.58000       0.00       0.00
20100222         Lxit  1  25.05000   -1713.60   -1713.60
20100310     TF-Bol-S  1  20.21000       0.00       0.00
20100623        Sxit1  1  16.87000    3740.80    2027.20
20100722     TF-Bol-B  1  18.66000       0.00       0.00
20110209         Lxit  1  32.37000   15355.20   17382.40
20110408     TF-Bol-S  1  30.42000       0.00       0.00
20110608        Sxit1  1  30.59000    -190.40   17192.00
20110628     TF-Bol-B  1  34.69000       0.00       0.00
20110919         Lxit  1  35.07000     425.60   17617.60
20111122     TF-Bol-S  1  31.76000       0.00       0.00
20120119        Sxit1  1  32.95000   -1332.80   16284.80
20120223     TF-Bol-B  1  34.30000       0.00       0.00
20120413         Lxit  1  33.12000   -1321.60   14963.20
20120426     TF-Bol-S  1  31.00000       0.00       0.00
20120628        Sxit1  1  31.61000    -683.20   14280.00
20121212     TF-Bol-S  1  28.09000       0.00       0.00
20130307        Sxit1  1  28.40000    -347.20   13932.80
20130328     TF-Bol-S  1  27.35000       0.00       0.00
20130809        Sxit1  1  26.62000     817.60   14750.40
20130925     TF-Bol-B  1  27.07000       0.00       0.00
20131112         Lxit  1  26.93000    -156.80   14593.60
20131217     TF-Bol-S  1  25.23000       0.00       0.00
20140221        Sxit1  1  25.61000    -425.60   14168.00
20140707     TF-Bol-S  1  24.78000       0.00       0.00
20150120        Sxit1  1  21.39000    3796.80   17964.80
20150202     TF-Bol-S  1  19.85000       0.00       0.00
20150512        Sxit1  1  19.35000     560.00   18524.80
20150615     TF-Bol-S  1  17.37000       0.00       0.00
20150911        Sxit1  1  17.01000     403.20   18928.00
20151002     TF-Bol-B  1  18.08000       0.00       0.00
20160111         Lxit  1  18.95000     974.40   19902.40
20160127     TF-Bol-S  1  18.29000       0.00       0.00
20160302        Sxit1  1  19.01000    -806.40   19096.00
20160321     TF-Bol-B  1  20.71000       0.00       0.00
20160406         Lxit  1  19.08000   -1825.60   17270.40
20160602     TF-Bol-B  1  22.12000       0.00       0.00
20161101         Lxit  1  25.05000    3281.60   20552.00
20161202     TF-Bol-S  1  22.78000       0.00       0.00
20170105        Sxit1  1  24.81000   -2273.60   18278.40
20170309     TF-Bol-S  1  21.76000       0.00       0.00
20170801        Sxit1  1  18.42000    3740.80   22019.20
20171117     TF-Bol-B  1  18.15000       0.00       0.00
20171206         Lxit  1  17.28000    -974.40   21044.80
20171212     TF-Bol-S  1  16.44000       0.00       0.00
20171220        Sxit1  1  17.27000    -929.60   20115.20
20180116     TF-Bol-S  1  16.30000       0.00       0.00
20180530        Sxit1  1  15.23000    1198.40   21313.60
20180703     TF-Bol-S  1  13.71000       0.00       0.00
20180912        Sxit1  1  13.73000     -22.40   21291.20
20181012     TF-Bol-B  1  14.63000       0.00       0.00
20181213         Lxit  1  13.88000    -840.00   20451.20
20190501     TF-Bol-S  1  13.59000       0.00       0.00
20190612        Sxit1  1  13.81000    -246.40   20204.80
20190718     TF-Bol-S  1  12.71000       0.00       0.00
20190930        Sxit1  1  12.88000    -190.40   20014.40
20191204     TF-Bol-B  1  13.08000       0.00       0.00
20200305         Lxit  1  13.91000     929.60   20944.00
20200312     TF-Bol-S  1  12.20000       0.00       0.00
20200604        Sxit1  1  12.00000     224.00   21168.00
20200814     TF-Bol-B  1  13.42000       0.00       0.00
20200903         Lxit  1  12.18000   -1388.80   19779.20
20201001     TF-Bol-B  1  13.42000       0.00       0.00
20210325         Lxit  1  15.67000    2520.00   22299.20
20210426     TF-Bol-B  1  17.72000       0.00       0.00
20210617         Lxit  1  17.15000    -638.40   21660.80
20210729     TF-Bol-B  1  19.03000       0.00       0.00
20211018         Lxit  1  19.08000      56.00   21716.80
20211130     TF-Bol-S  1  18.57000       0.00       0.00
20211208        Sxit1  1  19.43000    -963.20   20753.60
20211220     TF-Bol-S  1  18.34000       0.00       0.00
20220301        Sxit1  1  18.49000    -168.00   20585.60
20220307     TF-Bol-B  1  19.83000       0.00       0.00
20220331   Lx-EOFData  1  19.64000    -212.80   20372.80
-----------------------------------------
Sys Name : TS-Bollinger_1R
Mkt Symb : SI Mkt Name : Silver
20100128     TF-Bol-S  1  21.70000       0.00       0.00
20100303        Sxit1  1  22.80500   -5525.00   -5525.00
20100511     TF-Bol-B  1  24.64500       0.00       0.00
20100604         Lxit  1  23.04500   -8000.00  -13525.00
20100621     TF-Bol-B  1  24.85000       0.00       0.00
20100701         Lxit  1  23.56500   -6425.00  -19950.00
20100728     TF-Bol-S  1  22.76500       0.00       0.00
20100802        Sxit1  1  23.71000   -4725.00  -24675.00
20100827     TF-Bol-B  1  24.70500       0.00       0.00
20110124         Lxit  1  32.18500   37400.00   12725.00
20110218     TF-Bol-B  1  37.25500       0.00       0.00
20110505         Lxit  1  40.46500   16050.00   28775.00
20110822     TF-Bol-B  1  48.93000       0.00       0.00
20110922         Lxit  1  43.88500  -25225.00    3550.00
20110923     TF-Bol-S  1  38.84000       0.00       0.00
20120120        Sxit1  1  36.58000   11300.00   14850.00
20120228     TF-Bol-B  1  41.55000       0.00       0.00
20120314         Lxit  1  37.15500  -21975.00   -7125.00
20120508     TF-Bol-S  1  34.50000       0.00       0.00
20120817        Sxit1  1  33.14000    6800.00    -325.00
20120823     TF-Bol-B  1  34.93500       0.00       0.00
20121102         Lxit  1  36.04000    5525.00    5200.00
20121220     TF-Bol-S  1  35.64000       0.00       0.00
20130123        Sxit1  1  37.18000   -7700.00   -2500.00
20130219     TF-Bol-S  1  34.22000       0.00       0.00
20130812        Sxit1  1  26.02000   41000.00   38500.00
20130827     TF-Bol-B  1  29.23500       0.00       0.00
20130918         Lxit  1  25.91500  -16600.00   21900.00
20131202     TF-Bol-S  1  24.14500       0.00       0.00
20140213        Sxit1  1  24.89000   -3725.00   18175.00
20140224     TF-Bol-B  1  26.62000       0.00       0.00
20140320         Lxit  1  24.77000   -9250.00    8925.00
20140501     TF-Bol-S  1  23.20000       0.00       0.00
20140619        Sxit1  1  24.35000   -5750.00    3175.00
20140710     TF-Bol-B  1  25.71000       0.00       0.00
20140805         Lxit  1  24.43000   -6400.00   -3225.00
20140919     TF-Bol-S  1  22.53000       0.00       0.00
20150113        Sxit1  1  20.94500    7925.00    4700.00
20150120     TF-Bol-B  1  22.24000       0.00       0.00
20150206         Lxit  1  20.96000   -6400.00   -1700.00
20150707     TF-Bol-S  1  19.46000       0.00       0.00
20150918        Sxit1  1  19.43000     150.00   -1550.00
20151014     TF-Bol-B  1  20.21000       0.00       0.00
20151104         Lxit  1  19.23500   -4875.00   -6425.00
20160211     TF-Bol-B  1  19.97500       0.00       0.00
20160531         Lxit  1  20.08000     525.00   -5900.00
20160624     TF-Bol-B  1  22.17000       0.00       0.00
20160829         Lxit  1  22.46000    1450.00   -4450.00
20161006     TF-Bol-S  1  21.38500       0.00       0.00
20161109        Sxit1  1  22.89000   -7525.00  -11975.00
20161114     TF-Bol-S  1  20.83000       0.00       0.00
20170123        Sxit1  1  21.07000   -1200.00  -13175.00
20170503     TF-Bol-S  1  20.33500       0.00       0.00
20170605        Sxit1  1  21.27500   -4700.00  -17875.00
20170705     TF-Bol-S  1  19.54000       0.00       0.00
20170802        Sxit1  1  20.54500   -5025.00  -22900.00
20170905     TF-Bol-B  1  21.44500       0.00       0.00
20170921         Lxit  1  20.50000   -4725.00  -27625.00
20171130     TF-Bol-S  1  19.92000       0.00       0.00
20171229        Sxit1  1  20.38500   -2325.00  -29950.00
20180613     TF-Bol-B  1  20.31000       0.00       0.00
20180615         Lxit  1  19.88500   -2125.00  -32075.00
20180627     TF-Bol-S  1  19.38500       0.00       0.00
20181102        Sxit1  1  17.93500    7250.00  -24825.00
20181226     TF-Bol-B  1  17.94500       0.00       0.00
20190301         Lxit  1  18.12000     875.00  -23950.00
20190423     TF-Bol-S  1  17.63500       0.00       0.00
20190614        Sxit1  1  17.85000   -1075.00  -25025.00
20190716     TF-Bol-B  1  18.33000       0.00       0.00
20191106         Lxit  1  20.06500    8675.00  -16350.00
20191206     TF-Bol-S  1  19.00000       0.00       0.00
20191224        Sxit1  1  20.05000   -5250.00  -21600.00
20200108     TF-Bol-B  1  20.99500       0.00       0.00
20200128         Lxit  1  19.96000   -5175.00  -26775.00
20200221     TF-Bol-B  1  20.93500       0.00       0.00
20200227         Lxit  1  19.98500   -4750.00  -31525.00
20200228     TF-Bol-S  1  18.96500       0.00       0.00
20200309        Sxit1  1  19.93000   -4825.00  -36350.00
20200312     TF-Bol-S  1  18.87000       0.00       0.00
20200515        Sxit1  1  18.38500    2425.00  -33925.00
20200720     TF-Bol-B  1  22.15000       0.00       0.00
20200923         Lxit  1  24.87000   13600.00  -20325.00
20201130     TF-Bol-S  1  23.88000       0.00       0.00
20201216        Sxit1  1  26.78000  -14500.00  -34825.00
20210104     TF-Bol-B  1  28.98000       0.00       0.00
20210108         Lxit  1  26.58500  -11975.00  -46800.00
20210128     TF-Bol-B  1  28.71000       0.00       0.00
20210304         Lxit  1  27.47500   -6175.00  -52975.00
20210331     TF-Bol-S  1  25.59000       0.00       0.00
20210416        Sxit1  1  27.88500  -11475.00  -64450.00
20210517     TF-Bol-B  1  29.94500       0.00       0.00
20210617         Lxit  1  28.29000   -8275.00  -72725.00
20210727     TF-Bol-S  1  26.17500       0.00       0.00
20211020        Sxit1  1  25.75500    2100.00  -70625.00
20211215     TF-Bol-S  1  23.14500       0.00       0.00
20211228        Sxit1  1  24.90500   -8800.00  -79425.00
20220224     TF-Bol-B  1  26.71000       0.00       0.00
20220331   Lx-EOFData  1  26.63300    -385.00  -79810.00
-----------------------------------------
Sys Name : TS-Bollinger_1R
Mkt Symb : TY Mkt Name : TenYr
20100104     TF-Bol-S  1  87.84240       0.00       0.00
20100115        Sxit1  1  90.03120   -2188.80   -2188.80
20100430     TF-Bol-B  1  92.09360       0.00       0.00
20101115         Lxit  1 101.00000    8906.40    6717.60
20101202     TF-Bol-S  1  99.07800       0.00       0.00
20110310        Sxit1  1  97.37440    1703.60    8421.20
20110428     TF-Bol-B  1  98.93600       0.00       0.00
20111027         Lxit  1 108.17160    9235.60   17656.80
20111216     TF-Bol-B  1 112.18720       0.00       0.00
20120313         Lxit  1 111.79560    -391.60   17265.20
20120314     TF-Bol-S  1 110.37440       0.00       0.00
20120406        Sxit1  1 111.71760   -1343.20   15922.00
20120507     TF-Bol-B  1 114.23400       0.00       0.00
20120809         Lxit  1 115.48360    1249.60   17171.60
20121116     TF-Bol-B  1 117.57720       0.00       0.00
20121213         Lxit  1 116.54600   -1031.20   16140.40
20130104     TF-Bol-S  1 115.21840       0.00       0.00
20130225        Sxit1  1 116.29640   -1078.00   15062.40
20130403     TF-Bol-B  1 117.42120       0.00       0.00
20130514         Lxit  1 116.65520    -766.00   14296.40
20130529     TF-Bol-S  1 114.70200       0.00       0.00
20130918        Sxit1  1 112.56160    2140.40   16436.80
20131018     TF-Bol-B  1 114.29640       0.00       0.00
20131205         Lxit  1 112.81120   -1485.20   14951.60
20140303     TF-Bol-B  1 115.18750       0.00       0.00
20140319         Lxit  1 113.34320   -1844.30   13107.30
20140508     TF-Bol-B  1 115.15600       0.00       0.00
20140703         Lxit  1 114.70200    -454.00   12653.30
20140807     TF-Bol-B  1 116.74880       0.00       0.00
20140910         Lxit  1 115.95160    -797.20   11856.10
20141007     TF-Bol-B  1 117.32760       0.00       0.00
20150217         Lxit  1 119.40560    2078.00   13934.10
20150512     TF-Bol-S  1 118.93600       0.00       0.00
20150529        Sxit1  1 120.71760   -1781.60   12152.50
20150603     TF-Bol-S  1 118.76440       0.00       0.00
20150706        Sxit1  1 120.39000   -1625.60   10526.90
20150812     TF-Bol-B  1 121.82680       0.00       0.00
20151102         Lxit  1 121.28080    -546.00    9980.90
20160120     TF-Bol-B  1 123.43680       0.00       0.00
20160426         Lxit  1 124.10920     672.40   10653.30
20160610     TF-Bol-B  1 126.32760       0.00       0.00
20160826         Lxit  1 126.59280     265.20   10918.50
20161007     TF-Bol-S  1 125.76440       0.00       0.00
20161109        Sxit1  1 126.62400    -859.60   10058.90
20161110     TF-Bol-S  1 123.96875       0.00       0.00
20170223        Sxit1  1 121.59280    2375.95   12434.85
20170403     TF-Bol-B  1 122.17160       0.00       0.00
20170703         Lxit  1 122.68640     514.80   12949.65
20170829     TF-Bol-B  1 124.73320       0.00       0.00
20170918         Lxit  1 123.74880    -984.40   11965.25
20171025     TF-Bol-S  1 122.10920       0.00       0.00
20180529  LiqShortPos  1 119.79560    2313.60   14278.85
20180529     TF-Bol-B  1 119.79560       0.00       0.00
20180601         Lxit  1 118.49920   -1296.40   12982.45
20180918     TF-Bol-S  1 117.82680       0.00       0.00
20181115        Sxit1  1 117.95160    -124.80   12857.65
20181206     TF-Bol-B  1 119.60840       0.00       0.00
20190913         Lxit  1 126.71760    7109.20   19966.85
20191213     TF-Bol-S  1 125.67080       0.00       0.00
20200106        Sxit1  1 127.21840   -1547.60   18419.25
20200130     TF-Bol-B  1 128.78000       0.00       0.00
20200605         Lxit  1 135.03120    6251.20   24670.45
20200724     TF-Bol-B  1 137.82680       0.00       0.00
20200813         Lxit  1 137.03120    -795.60   23874.85
20201020     TF-Bol-S  1 136.87360       0.00       0.00
20201105        Sxit1  1 137.43680    -563.20   23311.65
20201109     TF-Bol-S  1 136.53040       0.00       0.00
20210507        Sxit1  1 133.06240    3468.00   26779.65
20210611     TF-Bol-B  1 133.73320       0.00       0.00
20210617         Lxit  1 132.06240   -1670.80   25108.85
20210621     TF-Bol-B  1 133.29640       0.00       0.00
20210917         Lxit  1 133.93600     639.60   25748.45
20210928     TF-Bol-S  1 132.39000       0.00       0.00
20211130        Sxit1  1 133.12480    -734.80   25013.65
20220105     TF-Bol-S  1 130.78000       0.00       0.00
20220301        Sxit1  1 130.88920    -109.20   24904.45
20220314     TF-Bol-S  1 127.20280       0.00       0.00
20220331   Sx-EOFData  1 124.87500    2327.80   27232.25
