-----------------------------------------
Sys Name : TS-Bollinger_1R
Mkt Symb : CL Mkt Name : Crude
Profit/Loss : 41330.0
Num Trades : 45
Percent Wins : 0.267
Avg Win  : 12650.83
Avg Loss : -3452.5
Avg Trade: 918.44
Max DrawDown: 50370.0
Avg DrawDown: 17977.5
AVG Monthly Return: 281.15646
Monthly StdDev: 5198.78088
-----------------------------------------
20100129          0          0
20100226      -6020      -6020
20100331          0      -6020
20100430      -5320     -11340
20100528       4160      -7180
20100630       -580      -7760
20100730      -2950     -10710
20100831       -720     -11430
20100930          0     -11430
20101029      -2760     -14190
20101130      -1010     -15200
20101231       2020     -13180     -13180
20110131      -4520     -17700
20110228       -720     -18420
20110331       8970      -9450
20110429       6650      -2800
20110531     -12170     -14970
20110630      -1140     -16110
20110729         40     -16070
20110831       7020      -9050
20110930       9830        780
20111031      -9920      -9140
20111130        800      -8340
20111230      -1750     -10090       3090
20120131       -520     -10610
20120229        590     -10020
20120330      -4870     -14890
20120430          0     -14890
20120531      11690      -3200
20120629       1900      -1300
20120731      -2800      -4100
20120831      -3660      -7760
20120928          0      -7760
20121031       -340      -8100
20121130      -2240     -10340
20121231      -1310     -11650      -1560
20130131       1530     -10120
20130228      -5940     -16060
20130329          0     -16060
20130430      -4590     -20650
20130531          0     -20650
20130628      -4490     -25140
20130731       5560     -19580
20130830       2760     -16820
20130930      -4430     -21250
20131031       2980     -18270
20131129       4310     -13960
20131231      -7290     -21250      -9600
20140131          0     -21250
20140228       1630     -19620
20140331      -5010     -24630
20140430          0     -24630
20140530      -1300     -25930
20140630       3150     -22780
20140731      -3680     -26460
20140829      -2000     -28460
20140930       3580     -24880
20141031       9870     -15010
20141128      14410       -600
20141231      13210      12610      33860
20150130       5510      18120
20150227       -840      17280
20150331       4150      21430
20150430      -4240      17190
20150529       -290      16900
20150630      -1240      15660
20150731       1800      17460
20150831      -1540      15920
20150930       4410      20330
20151030      -4120      16210
20151130        510      16720
20151231       5840      22560       9950
20160129       4390      26950
20160229       2030      28980
20160331      -4310      24670
20160429        890      25560
20160531       2500      28060
20160630      -1300      26760
20160729      -2390      24370
20160831      -5530      18840
20160930          0      18840
20161031          0      18840
20161130          0      18840
20161230       -460      18380      -4180
20170131      -1690      16690
20170228       -990      15700
20170331      -1550      14150
20170428      -2330      11820
20170531      -3620       8200
20170630       -410       7790
20170731      -2140       5650
20170831          0       5650
20170929        -20       5630
20171031       2480       8110
20171130       2830      10940
20171229       2980      13920      -4460
20180131       4360      18280
20180228      -5950      12330
20180329          0      12330
20180430       1580      13910
20180531      -1610      12300
20180629         -0      12300
20180731      -6080       6220
20180831          0       6220
20180928        550       6770
20181031      -3780       2990
20181130      12800      15790
20181231       5790      21580       7660
20190131      -8140      13440
20190228       -880      12560
20190329          0      12560
20190430       1550      14110
20190531      -4180       9930
20190628      -4730       5200
20190731      -1600       3600
20190830      -4410       -810
20190930      -6910      -7720
20191031      -4150     -11870
20191129          0     -11870
20191231       1400     -10470     -32050
20200131      -3490     -13960
20200228       7070      -6890
20200331      24660      17770
20200430       7300      25070
20200529     -16580       8490
20200630          0       8490
20200731          0       8490
20200831          0       8490
20200930          0       8490
20201030      -1240       7250
20201130      -4840       2410
20201231       2970       5380      15850
20210129       3630       9010
20210226       9280      18290
20210331      -2370      15920
20210430       4370      20290
20210528       2730      23020
20210630       7410      30430
20210730      -6920      23510
20210831          0      23510
20210930       -230      23280
20211029       9090      32370
20211130      -8990      23380
20211231          0      23380      18000
20220131       2660      26040
20220228       9400      35440
20220331       5890      41330      17950
-----------------------------------------
-----------------------------------------
Sys Name : TS-Bollinger_1R
Mkt Symb : EC Mkt Name : EuroCur
Profit/Loss : 16893.75
Num Trades : 44
Percent Wins : 0.364
Avg Win  : 5402.73
Avg Loss : -2483.93
Avg Trade: 383.95
Max DrawDown: 36668.75
Avg DrawDown: 10838.02
AVG Monthly Return: 114.92347
Monthly StdDev: 3215.59248
-----------------------------------------
20100129       5656       5656
20100226       2825       8481
20100331       1463       9944
20100430       2675      12619
20100528      12838      25456
20100630        413      25869
20100730      -6812      19056
20100831          0      19056
20100930       3169      22225
20101029       3912      26138
20101130      -6881      19256
20101231          0      19256      19256
20110131          0      19256
20110228          0      19256
20110331       2250      21506
20110429       8525      30031
20110531      -9719      20313
20110630          0      20313
20110729      -5188      15125
20110831          0      15125
20110930       7156      22281
20111031      -7288      14994
20111130          0      14994
20111230       1100      16094      -3162
20120131      -1488      14606
20120229      -2956      11650
20120330          0      11650
20120430          0      11650
20120531       7069      18719
20120629      -3575      15144
20120731       4438      19581
20120831      -2663      16919
20120928        813      17731
20121031       1312      19044
20121130      -3256      15788
20121231       -269      15519       -575
20130131       4625      20144
20130228      -5381      14763
20130329       -137      14625
20130430      -4506      10119
20130531          0      10119
20130628      -3044       7075
20130731          0       7075
20130830      -2394       4681
20130930       -475       4206
20131031        812       5019
20131129      -2100       2919
20131231       -956       1963     -13556
20140131      -2550       -587
20140228          0       -587
20140331       -850      -1437
20140430       -812      -2250
20140530      -2825      -5075
20140630      -1400      -6475
20140731       3825      -2650
20140829       3212        563
20140930       6388       6950
20141031       1312       8263
20141128       1175       9438
20141231       4225      13663      11700
20150130      10138      23800
20150227       1262      25063
20150331       5587      30650
20150430      -4738      25913
20150529          0      25913
20150630          0      25913
20150731          0      25913
20150831      -2550      23363
20150930      -1262      22100
20151030      -3719      18381
20151130       3044      21425
20151231      -3550      17875       4213
20160129      -1381      16494
20160229      -4969      11525
20160331       1262      12788
20160429        663      13450
20160531      -2888      10563
20160630       -388      10175
20160729      -1175       9000
20160831       -494       8506
20160930          0       8506
20161031        637       9144
20161130       1569      10713
20161230        950      11663      -6213
20170131      -2706       8956
20170228          0       8956
20170331      -2556       6400
20170428        350       6750
20170531       4187      10938
20170630       1956      12894
20170731       4919      17813
20170831        644      18456
20170929      -1312      17144
20171031      -1463      15681
20171130      -3013      12669
20171229          0      12669       1006
20180131       3994      16663
20180228      -2881      13781
20180329        700      14481
20180430        -87      14394
20180531       5281      19675
20180629        594      20269
20180731        -12      20256
20180831          6      20263
20180928          0      20263
20181031       2262      22525
20181130        419      22944
20181231      -1325      21619       8950
20190131       -688      20931
20190228       -569      20363
20190329        175      20538
20190430        275      20813
20190531        994      21806
20190628      -1631      20175
20190731       1137      21313
20190830       1725      23038
20190930       1275      24313
20191031      -3031      21281
20191129          0      21281
20191231        200      21481       -138
20200131      -2300      19181
20200228        988      20169
20200331      -6325      13844
20200430          0      13844
20200529          0      13844
20200630       -800      13044
20200731       6825      19869
20200831       1750      21619
20200930      -2837      18781
20201030        262      19044
20201130       -169      18875
20201231       3319      22194        713
20210129      -1287      20906
20210226      -1456      19450
20210331       1644      21094
20210430      -4113      16981
20210528          0      16981
20210630          0      16981
20210730          0      16981
20210831          0      16981
20210930        225      17206
20211029        394      17600
20211130       3025      20625
20211231       -613      20013      -2181
20220131      -2325      17688
20220228      -2862      14825
20220331       2069      16894      -3119
-----------------------------------------
-----------------------------------------
Sys Name : TS-Bollinger_1R
Mkt Symb : GC Mkt Name : Gold
Profit/Loss : -11680.0
Num Trades : 45
Percent Wins : 0.356
Avg Win  : 6888.75
Avg Loss : -4203.45
Avg Trade: -259.56
Max DrawDown: 77630.0
Avg DrawDown: 18515.83
AVG Monthly Return: -79.45578
Monthly StdDev: 5357.41897
-----------------------------------------
20100129          0          0
20100226          0          0
20100331          0          0
20100430       2830       2830
20100528       3180       6010
20100630       3090       9100
20100730      -5400       3700
20100831          0       3700
20100930       4030       7730
20101029       4800      12530
20101130       2700      15230
20101231       3530      18760      18760
20110131      -7560      11200
20110228      -3680       7520
20110331      -5220       2300
20110429      11650      13950
20110531      -2060      11890
20110630      -3400       8490
20110729       3640      12130
20110831      20050      32180
20110930     -16770      15410
20111031          0      15410
20111130          0      15410
20111230       2430      17840       -920
20120131     -11120       6720
20120229          0       6720
20120330          0       6720
20120430          0       6720
20120531       3850      10570
20120629      -4000       6570
20120731       -550       6020
20120831       3030       9050
20120928       8630      17680
20121031      -5480      12200
20121130      -2910       9290
20121231       -950       8340      -9500
20130131       1590       9930
20130228       8390      18320
20130328      -1560      16760
20130430      12360      29120
20130531       7990      37110
20130628      16930      54040
20130731      -8890      45150
20130830      -3870      41280
20130930          0      41280
20131031          0      41280
20131129       1220      42500
20131231       4810      47310      38970
20140131      -6560      40750
20140228      -1310      39440
20140331      -3780      35660
20140430        120      35780
20140530        450      36230
20140630      -5530      30700
20140731          0      30700
20140829          0      30700
20140930       3050      33750
20141031       4000      37750
20141128       -320      37430
20141231      -4840      32590     -14720
20150130       2320      34910
20150227      -6130      28780
20150331      -7210      21570
20150430          0      21570
20150529          0      21570
20150630          0      21570
20150731       6040      27610
20150831      -6420      21190
20150930          0      21190
20151030      -4400      16790
20151130       -720      16070
20151231        510      16580     -16010
20160129      -4700      11880
20160229       5610      17490
20160331        -70      17420
20160429       5490      22910
20160531      -5160      17750
20160630      -4270      13480
20160729       2940      16420
20160831      -4480      11940
20160930          0      11940
20161031       1510      13450
20161130       2950      16400
20161230       2220      18620       2040
20170131      -6770      11850
20170228          0      11850
20170331          0      11850
20170428      -2450       9400
20170531      -2990       6410
20170630      -4020       2390
20170731      -3990      -1600
20170831       2010        410
20170929      -4270      -3860
20171031          0      -3860
20171130          0      -3860
20171229      -3540      -7400     -26020
20180131       1250      -6150
20180228      -2520      -8670
20180329       -890      -9560
20180430       -730     -10290
20180531       1980      -8310
20180629       5020      -3290
20180731       3050       -240
20180831       2690       2450
20180928       1050       3500
20181031      -2720        780
20181130          0        780
20181231       3390       4170      11570
20190131       3770       7940
20190228       -910       7030
20190329      -3470       3560
20190430      -1030       2530
20190531      -1520       1010
20190628       6800       7810
20190731       1120       8930
20190830       9160      18090
20190930      -5650      12440
20191031        710      13150
20191129      -1030      12120
20191231      -2550       9570       5400
20200131       4360      13930
20200228      -2120      11810
20200331     -10080       1730
20200430       9760      11490
20200529       3490      14980
20200630      -6010       8970
20200731      13420      22390
20200831       -730      21660
20200930      -9430      12230
20201030          0      12230
20201130       6120      18350
20201231     -12060       6290      -3280
20210129      -3860       2430
20210226      12150      14580
20210331       1560      16140
20210430      -8040       8100
20210528       2730      10830
20210630     -11130       -300
20210730          0       -300
20210831      -8930      -9230
20210930      -3000     -12230
20211029      -3090     -15320
20211130      -4790     -20110
20211231          0     -20110     -26400
20220131          0     -20110
20220228       3590     -16520
20220331       4840     -11680       8430
-----------------------------------------
-----------------------------------------
Sys Name : TS-Bollinger_1R
Mkt Symb : KC Mkt Name : Coffee
Profit/Loss : 58368.75
Num Trades : 37
Percent Wins : 0.351
Avg Win  : 10031.25
Avg Loss : -3001.56
Avg Trade: 1577.53
Max DrawDown: 48281.25
Avg DrawDown: 13276.56
AVG Monthly Return: 397.06633
Monthly StdDev: 4253.10368
-----------------------------------------
20100129        619        619
20100226        788       1406
20100331      -2663      -1256
20100430          0      -1256
20100528          0      -1256
20100630       9131       7875
20100730       3919      11794
20100831        188      11981
20100930       1725      13706
20101029       -675      13031
20101130      -1856      11175
20101231      14738      25913      25913
20110131       1613      27525
20110228       9244      36769
20110331      -2831      33938
20110429      12300      46238
20110531     -10369      35869
20110630      -4350      31519
20110729       9769      41288
20110831      -8662      32625
20110930      -8344      24281
20111031        731      25013
20111130      -2456      22556
20111230       3769      26325        413
20120131      -2812      23513
20120229       5212      28725
20120330       7800      36525
20120430       1950      38475
20120531       7087      45562
20120629      -3094      42469
20120731      -1631      40838
20120831          0      40838
20120928          0      40838
20121031          0      40838
20121130       2512      43350
20121231       2550      45900      19575
20130131      -5269      40631
20130228      -1050      39581
20130328       2269      41850
20130430       1631      43481
20130531      -1556      41925
20130628       3281      45206
20130731      -4931      40275
20130830          0      40275
20130930        131      40406
20131031       3112      43519
20131129       -900      42619
20131231      -1406      41212      -4688
20140131       1031      42244
20140228      19819      62062
20140331       -900      61162
20140430       9619      70781
20140530      -9412      61369
20140630          0      61369
20140731          0      61369
20140829          0      61369
20140930      -6825      54544
20141031      -4856      49688
20141128          0      49688
20141231          0      49688       8475
20150130       -150      49538
20150227       9094      58631
20150331       2850      61481
20150430       -675      60806
20150529       4238      65044
20150630      -1425      63619
20150731       2681      66300
20150831      -3244      63056
20150930       1106      64163
20151030      -2400      61763
20151130          0      61763
20151231          0      61763      12075
20160129      -1012      60750
20160229      -2081      58669
20160331      -2850      55819
20160429      -2119      53700
20160531      -3431      50269
20160630       3356      53625
20160729        206      53831
20160831      -3712      50119
20160930      -2325      47794
20161031       1087      48881
20161130      -4144      44738
20161230       1481      46219     -15544
20170131      -6225      39994
20170228          0      39994
20170331          0      39994
20170428        863      40856
20170531       1519      42375
20170630       2231      44606
20170731      -3244      41363
20170831          0      41363
20170929          0      41363
20171031          0      41363
20171130          0      41363
20171229      -1144      40219      -6000
20180131      -1200      39019
20180228       -825      38194
20180329       1444      39638
20180430      -1013      38625
20180531       -112      38513
20180629       1144      39656
20180731       1950      41606
20180831       4181      45788
20180928       -244      45544
20181031      -6169      39375
20181130      -1444      37931
20181231          0      37931      -2288
20190131          0      37931
20190228          0      37931
20190329        225      38156
20190430       1444      39600
20190531      -1575      38025
20190628       1012      39038
20190731      -3525      35513
20190830          0      35513
20190930          0      35513
20191031          0      35513
20191129       2831      38344
20191231       3994      42338       4406
20200131      -5981      36356
20200228          0      36356
20200331          0      36356
20200430          0      36356
20200529        488      36844
20200630      -1088      35756
20200731      -2156      33600
20200831       2062      35663
20200930      -6450      29213
20201030          0      29213
20201130          0      29213
20201231          0      29213     -13125
20210129      -2625      26588
20210226       4688      31275
20210331      -3806      27469
20210430       1106      28575
20210528       7837      36413
20210630      -1762      34650
20210730       7425      42075
20210831       4969      47044
20210930       -712      46331
20211029       3731      50063
20211130       9619      59681
20211231      -2325      57356      28144
20220131       3375      60731
20220228        -94      60638
20220331      -2269      58369       1012
-----------------------------------------
-----------------------------------------
Sys Name : TS-Bollinger_1R
Mkt Symb : NG Mkt Name : Nat.Gas
Profit/Loss : 6400.0
Num Trades : 46
Percent Wins : 0.326
Avg Win  : 5854.0
Avg Loss : -2626.13
Avg Trade: 139.13
Max DrawDown: 26550.0
Avg DrawDown: 11267.5
AVG Monthly Return: 43.53741
Monthly StdDev: 3317.48766
-----------------------------------------
20100129          0          0
20100226          0          0
20100331       5160       5160
20100430        380       5540
20100528      -3630       1910
20100630      -6670      -4760
20100730      -1700      -6460
20100831       1190      -5270
20100930        720      -4550
20101029       1830      -2720
20101130      -2440      -5160
20101231          0      -5160      -5160
20110131      -3720      -8880
20110228       -980      -9860
20110331      -2320     -12180
20110429          0     -12180
20110531        -20     -12200
20110630      -2900     -15100
20110729          0     -15100
20110831       -690     -15790
20110930       4510     -11280
20111031       -740     -12020
20111130       5260      -6760
20111230       5990       -770       4390
20120131       5260       4490
20120229        270       4760
20120330       5830      10590
20120430       -710       9880
20120531      -2340       7540
20120629       -230       7310
20120731       4030      11340
20120831      -5180       6160
20120928          0       6160
20121031       -870       5290
20121130      -1400       3890
20121231       -390       3500       4270
20130131        310       3810
20130228       -890       2920
20130329       -320       2600
20130430       2820       5420
20130531      -4060       1360
20130628        650       2010
20130731       1220       3230
20130830       -950       2280
20130930      -1260       1020
20131031          0       1020
20131129      -2260      -1240
20131231       1610        370      -3130
20140131       2740       3110
20140228       4910       8020
20140331      -2410       5610
20140430       4260       9870
20140530      -3650       6220
20140630          0       6220
20140731       4620      10840
20140829      -1820       9020
20140930       -540       8480
20141031      -1470       7010
20141128      -6610        400
20141231       9870      10270       9900
20150130       1670      11940
20150227       -290      11650
20150331       1180      12830
20150430       -720      12110
20150529      -3110       9000
20150630          0       9000
20150731          0       9000
20150831       -530       8470
20150930        760       9230
20151030       4930      14160
20151130       2070      16230
20151231       -520      15710       5440
20160129        360      16070
20160229       6340      22410
20160331      -1720      20690
20160429      -1260      19430
20160531          0      19430
20160630       4510      23940
20160729       -130      23810
20160831      -3490      20320
20160930      -1970      18350
20161031        150      18500
20161130      -2550      15950
20161230          0      15950        240
20170131          0      15950
20170228        360      16310
20170331      -3390      12920
20170428      -1350      11570
20170531          0      11570
20170630         10      11580
20170731       2240      13820
20170831      -2130      11690
20170929       -110      11580
20171031      -1980       9600
20171130      -2450       7150
20171229        630       7780      -8170
20180131      -1470       6310
20180228      -3560       2750
20180329          0       2750
20180430          0       2750
20180531       -140       2610
20180629       -280       2330
20180731       -770       1560
20180831          0       1560
20180928       -130       1430
20181031       1920       3350
20181130      13040      16390
20181231     -10640       5750      -2030
20190131          0       5750
20190228          0       5750
20190329          0       5750
20190430          0       5750
20190531        180       5930
20190628       1290       7220
20190731        570       7790
20190830       -480       7310
20190930      -3210       4100
20191031          0       4100
20191129      -2810       1290
20191231       1070       2360      -3390
20200131       3250       5610
20200228       1690       7300
20200331       1200       8500
20200430      -2880       5620
20200529         40       5660
20200630       1520       7180
20200731        110       7290
20200831        800       8090
20200930      -5010       3080
20201030          0       3080
20201130      -1350       1730
20201231       3230       4960       2600
20210129      -3500       1460
20210226          0       1460
20210331          0       1460
20210430          0       1460
20210528      -2950      -1490
20210630       3910       2420
20210730       2820       5240
20210831       4430       9670
20210930      14230      23900
20211029      -6220      17680
20211130      -3960      13720
20211231        -50      13670       8710
20220131     -10940       2730
20220228          0       2730
20220331       3670       6400      -7270
-----------------------------------------
-----------------------------------------
Sys Name : TS-Bollinger_1R
Mkt Symb : S_ Mkt Name : SoyBean
Profit/Loss : 75700.0
Num Trades : 35
Percent Wins : 0.4
Avg Win  : 8246.43
Avg Loss : -1892.86
Avg Trade: 2162.86
Max DrawDown: 16725.0
Avg DrawDown: 7954.17
AVG Monthly Return: 514.96599
Monthly StdDev: 2899.77069
-----------------------------------------
20100129        412        412
20100226      -1925      -1512
20100331       1000       -512
20100430      -1538      -2050
20100528          0      -2050
20100630          0      -2050
20100730       2862        812
20100831       -325        488
20100930       4838       5325
20101029       5912      11238
20101130        350      11588
20101231       7500      19088      19088
20110131        500      19588
20110228      -3638      15950
20110331          0      15950
20110429          0      15950
20110531          0      15950
20110630        138      16088
20110729      -2675      13412
20110831       -362      13050
20110930       1462      14512
20111031      -1462      13050
20111130       4300      17350
20111230      -3350      14000      -5088
20120131      -1262      12738
20120229       1888      14625
20120330       4150      18775
20120430       5288      24062
20120531      -7138      16925
20120629        -25      16900
20120731      12375      29275
20120831       5775      35050
20120928      -9738      25312
20121031          0      25312
20121130        850      26162
20121231       1162      27325      13325
20130131      -2550      24775
20130228          0      24775
20130329          0      24775
20130430      -2975      21800
20130531       3525      25325
20130628       -562      24762
20130731      -2225      22538
20130830        475      23012
20130930      -3738      19275
20131031          0      19275
20131129          0      19275
20131231          0      19275      -8050
20140131          0      19275
20140228       4050      23325
20140331       2500      25825
20140430       2625      28450
20140530       -975      27475
20140630        -75      27400
20140731       3762      31162
20140829       2888      34050
20140930       5150      39200
20141031      -4912      34288
20141128          0      34288
20141231          0      34288      15012
20150130          0      34288
20150227          0      34288
20150331       -938      33350
20150430       -738      32612
20150529        525      33138
20150630       1100      34238
20150731      -4100      30138
20150831       -650      29488
20150930       -225      29262
20151030        288      29550
20151130        238      29788
20151231       -188      29600      -4688
20160129          0      29600
20160229          0      29600
20160331        550      30150
20160429       5475      35625
20160531       2438      38062
20160630       5150      43212
20160729      -6175      37038
20160831          0      37038
20160930          0      37038
20161031          0      37038
20161130        262      37300
20161230      -1850      35450       5850
20170131      -2125      33325
20170228          0      33325
20170331       2675      36000
20170428         12      36012
20170531       2012      38025
20170630      -1625      36400
20170731      -1375      35025
20170831      -2025      33000
20170929          0      33000
20171031          0      33000
20171130          0      33000
20171229      -1362      31638      -3812
20180131      -1362      30275
20180228       1112      31388
20180329      -2250      29138
20180430          0      29138
20180531      -2262      26875
20180629       7025      33900
20180731      -1950      31950
20180831       3775      35725
20180928       -100      35625
20181031      -1225      34400
20181130          0      34400
20181231      -2162      32238        600
20190131          0      32238
20190228          0      32238
20190329        588      32825
20190430       2188      35012
20190531      -1188      33825
20190628       -700      33125
20190731          0      33125
20190830          0      33125
20190930          0      33125
20191031      -1000      32125
20191129      -1050      31075
20191231          0      31075      -1162
20200131        812      31888
20200228       -550      31338
20200331        338      31675
20200430       1912      33588
20200529        725      34312
20200630      -1275      33038
20200731         25      33062
20200831       3050      36112
20200930       3500      39612
20201030       1925      41538
20201130       5612      47150
20201231       7025      54175      23100
20210129       2950      57125
20210226       1588      58712
20210331       1625      60338
20210430       6388      66725
20210528       -188      66538
20210630      -3625      62912
20210730          0      62912
20210831          0      62912
20210930          0      62912
20211029       -188      62725
20211130      -1825      60900
20211231        650      61550       7375
20220131       7562      69112
20220228       7512      76625
20220331       -925      75700      14150
-----------------------------------------
-----------------------------------------
Sys Name : TS-Bollinger_1R
Mkt Symb : LH Mkt Name : LHogs
Profit/Loss : 17540.0
Num Trades : 39
Percent Wins : 0.385
Avg Win  : 3240.0
Avg Loss : -1294.17
Avg Trade: 449.74
Max DrawDown: 15060.0
Avg DrawDown: 6806.67
AVG Monthly Return: 119.31973
Monthly StdDev: 1801.16046
-----------------------------------------
20100129      -1620      -1620
20100226       -130      -1750
20100331      -1210      -2960
20100430       1450      -1510
20100528      -1960      -3470
20100630      -2270      -5740
20100730          0      -5740
20100831          0      -5740
20100930      -1200      -6940
20101029       1590      -5350
20101130       -860      -6210
20101231       -970      -7180      -7180
20110131       1820      -5360
20110228      -1860      -7220
20110331       -750      -7970
20110429        250      -7720
20110531       2170      -5550
20110630      -2670      -8220
20110729          0      -8220
20110831          0      -8220
20110930        100      -8120
20111031       -210      -8330
20111130      -1040      -9370
20111230          0      -9370      -2190
20120131          0      -9370
20120229          0      -9370
20120330        410      -8960
20120430       1610      -7350
20120531      -1350      -8700
20120629       -540      -9240
20120731       -550      -9790
20120831      -1730     -11520
20120928      -2100     -13620
20121031          0     -13620
20121130         70     -13550
20121231       -480     -14030      -4660
20130131        610     -13420
20130228        410     -13010
20130328        600     -12410
20130430       -600     -13010
20130531       -310     -13320
20130628       1350     -11970
20130731       -490     -12460
20130830       1720     -10740
20130930       1520      -9220
20131031       1020      -8200
20131129      -1560      -9760
20131231        380      -9380       4650
20140131       -670     -10050
20140228       1480      -8570
20140331       6650      -1920
20140430      -1620      -3540
20140530      -2700      -6240
20140630          0      -6240
20140731       1880      -4360
20140829       2020      -2340
20140930      -3570      -5910
20141031          0      -5910
20141128          0      -5910
20141231        250      -5660       3720
20150130       4440      -1220
20150227       1910        690
20150331       2130       2820
20150430      -2160        660
20150529          0        660
20150630      -1180       -520
20150731      -1460      -1980
20150831          0      -1980
20150930        730      -1250
20151030      -2210      -3460
20151130      -1260      -4720
20151231      -1520      -6240       -580
20160129          0      -6240
20160229          0      -6240
20160331          0      -6240
20160429          0      -6240
20160531          0      -6240
20160630       -380      -6620
20160729       1760      -4860
20160831      -1520      -6380
20160930       5770       -610
20161031      -1590      -2200
20161130       -760      -2960
20161230        560      -2400       3840
20170131        690      -1710
20170228       -660      -2370
20170331       -350      -2720
20170428       -940      -3660
20170531       -520      -4180
20170630        630      -3550
20170731      -1350      -4900
20170831         70      -4830
20170929       1720      -3110
20171031      -2320      -5430
20171130          0      -5430
20171229          0      -5430      -3030
20180131       -930      -6360
20180228       -140      -6500
20180329       2700      -3800
20180430       1540      -2260
20180531       -980      -3240
20180629       -990      -4230
20180731       3820       -410
20180831        120       -290
20180928      -2820      -3110
20181031          0      -3110
20181130          0      -3110
20181231          0      -3110       2320
20190131       1400      -1710
20190228       1740         30
20190329      -3740      -3710
20190430       -130      -3840
20190531      -1110      -4950
20190628       -320      -5270
20190731       -790      -6060
20190830       2990      -3070
20190930      -1170      -4240
20191031       2640      -1600
20191129       1930        330
20191231      -1300       -970       2140
20200131       3300       2330
20200228       -270       2060
20200331       3120       5180
20200430        550       5730
20200529      -2690       3040
20200630          0       3040
20200731          0       3040
20200831          0       3040
20200930       5610       8650
20201030        990       9640
20201130        600      10240
20201231      -2160       8080       9050
20210129          0       8080
20210226       3670      11750
20210331       5340      17090
20210430       1770      18860
20210528       3270      22130
20210630      -4340      17790
20210730          0      17790
20210831          0      17790
20210930          0      17790
20211029          0      17790
20211130          0      17790
20211231      -2370      15420       7340
20220131          0      15420
20220228       2620      18040
20220331       -500      17540       2120
-----------------------------------------
-----------------------------------------
Sys Name : TS-Bollinger_1R
Mkt Symb : SB Mkt Name : Sugar
Profit/Loss : 20372.8
Num Trades : 37
Percent Wins : 0.405
Avg Win  : 2534.93
Avg Loss : -802.33
Avg Trade: 550.62
Max DrawDown: 9766.4
Avg DrawDown: 4011.47
AVG Monthly Return: 138.59048
Monthly StdDev: 1479.26114
-----------------------------------------
20100129       3248       3248
20100226      -4962      -1714
20100331       3584       1870
20100430       1714       3584
20100528       1075       4659
20100630      -2632       2027
20100730       1882       3909
20100831        202       4110
20100930       5387       9498
20101029       6317      15814
20101130      -1758      14056
20101231       5118      19174      19174
20110131       2072      21246
20110228      -3864      17382
20110331          0      17382
20110429       2285      19667
20110531      -1042      18626
20110630      -2240      16386
20110729       3886      20272
20110831       -146      20126
20110930      -2509      17618
20111031          0      17618
20111130       -302      17315
20111230        437      17752      -1422
20120131      -1467      16285
20120229        112      16397
20120330       -336      16061
20120430       -963      15098
20120531       1904      17002
20120629      -2722      14280
20120731          0      14280
20120831          0      14280
20120928          0      14280
20121031          0      14280
20121130          0      14280
20121231      -1098      13182      -4570
20130131        818      14000
20130228        190      14190
20130328       -358      13832
20130430        -78      13754
20130531       1176      14930
20130628       -101      14829
20130731        -56      14773
20130830        -22      14750
20130930        157      14907
20131031        202      15109
20131129       -515      14594
20131231       -280      14314       1131
20140131        963      15277
20140228      -1109      14168
20140331          0      14168
20140430          0      14168
20140530          0      14168
20140630          0      14168
20140731       1198      15366
20140829       1086      16453
20140930        672      17125
20141031        459      17584
20141128        504      18088
20141231       1198      19286       4973
20150130      -1322      17965
20150227        392      18357
20150331       2061      20418
20150430      -1478      18939
20150529       -414      18525
20150630       -493      18032
20150731       1490      19522
20150831        504      20026
20150930      -1098      18928
20151030       1221      20149
20151130        459      20608
20151231        347      20955       1669
20160129       -493      20462
20160229      -1198      19264
20160331      -1131      18133
20160429       -862      17270
20160531          0      17270
20160630       2654      19925
20160729      -1434      18491
20160831       1131      19622
20160930       2733      22355
20161031      -1602      20754
20161130       -202      20552
20161230       -437      20115       -840
20170131      -1837      18278
20170228          0      18278
20170331       1456      19734
20170428        795      20530
20170531       1411      21941
20170630       1434      23374
20170731      -1232      22142
20170831       -123      22019
20170929          0      22019
20171031          0      22019
20171130       -392      21627
20171229      -1512      20115          0
20180131        392      20507
20180228       -291      20216
20180329       1154      21370
20180430        885      22254
20180531       -941      21314
20180629          0      21314
20180731        986      22299
20180831        -56      22243
20180928       -952      21291
20181031          0      21291
20181130       -392      20899
20181231       -448      20451        336
20190131          0      20451
20190228          0      20451
20190329          0      20451
20190430          0      20451
20190531        246      20698
20190628       -493      20205
20190731       -582      19622
20190830       1198      20821
20190930       -806      20014
20191031          0      20014
20191129          0      20014
20191231        426      20440        -11
20200131       1333      21773
20200228        -11      21762
20200331        616      22378
20200430        258      22635
20200529       -605      22030
20200630       -862      21168
20200731          0      21168
20200831       -650      20518
20200930       -739      19779
20201030        672      20451
20201130        168      20619
20201231       1098      21717       1277
20210129        381      22098
20210226       1725      23822
20210331      -1523      22299
20210430       -134      22165
20210528        426      22590
20210630       -930      21661
20210730       -907      20754
20210831       2162      22915
20210930       -269      22646
20211029       -930      21717
20211130        448      22165
20211231      -1534      20630      -1086
20220131        739      21370
20220228        -67      21302
20220331       -930      20373       -258
-----------------------------------------
-----------------------------------------
Sys Name : TS-Bollinger_1R
Mkt Symb : SI Mkt Name : Silver
Profit/Loss : -79810.0
Num Trades : 49
Percent Wins : 0.327
Avg Win  : 10190.63
Avg Loss : -7359.39
Avg Trade: -1628.78
Max DrawDown: 181195.0
Avg DrawDown: 33136.25
AVG Monthly Return: -542.92517
Monthly StdDev: 10662.59993
-----------------------------------------
20100129         70         70
20100226      -1545      -1475
20100331      -4050      -5525
20100430          0      -5525
20100528      -3895      -9420
20100630      -7820     -17240
20100730      -5880     -23120
20100831      -1105     -24225
20100930      11945     -12280
20101029      13715       1435
20101130      18015      19450
20101231      13625      33075      33075
20110131     -20350      12725
20110228       9290      22015
20110331      20340      42355
20110429      53450      95805
20110531     -67030      28775
20110630          0      28775
20110729          0      28775
20110831      -9875      18900
20110930       2500      21400
20111031     -21355         45
20111130       8235       8280
20111230      24445      32725       -350
20120131     -17875      14850
20120229      -9415       5435
20120330     -12560      -7125
20120430          0      -7125
20120531       8910       1785
20120629        945       2730
20120731      -1510       1220
20120831       5135       6355
20120928      15675      22030
20121031     -11305      10725
20121130      -5525       5200
20121231       3385       8585     -24140
20130131     -11085      -2500
20130228       5560       3060
20130329        545       3605
20130430      20900      24505
20130531       9710      34215
20130628      13995      48210
20130731       -790      47420
20130830     -14735      32685
20130930     -10785      21900
20131031          0      21900
20131129          0      21900
20131231       1305      23205      14620
20140131       1250      24455
20140228     -10795      13660
20140331      -4735       8925
20140430          0       8925
20140530        345       9270
20140630      -6095       3175
20140731      -4520      -1345
20140829      -1880      -3225
20140930       5720       2495
20141031       4755       7250
20141128       3025      10275
20141231       -215      10060     -13145
20150130      -9150        910
20150227      -2610      -1700
20150331          0      -1700
20150430          0      -1700
20150529          0      -1700
20150630          0      -1700
20150731       2795       1095
20150831        920       2015
20150930      -3565      -1550
20151030      -2560      -4110
20151130      -2315      -6425
20151231          0      -6425     -16485
20160129          0      -6425
20160229      -4880     -11305
20160331       2730      -8575
20160429      11530       2955
20160531      -8855      -5900
20160630       2215      -3685
20160729       8620       4935
20160831      -9385      -4450
20160930          0      -4450
20161031      -1535      -5985
20161130      -3310      -9295
20161230       2465      -6830       -405
20170131      -6345     -13175
20170228          0     -13175
20170331          0     -13175
20170428          0     -13175
20170531      -3735     -16910
20170630       -965     -17875
20170731      -4295     -22170
20170831       -730     -22900
20170929      -4725     -27625
20171031          0     -27625
20171130        100     -27525
20171229      -2425     -29950     -23120
20180131          0     -29950
20180228          0     -29950
20180329          0     -29950
20180430          0     -29950
20180531          0     -29950
20180629      -2215     -32165
20180731       3195     -28970
20180831       5635     -23335
20180928       -775     -24110
20181031       2150     -21960
20181130      -2865     -24825
20181231       2690     -22135       7815
20190131       2660     -19475
20190228      -2680     -22155
20190329      -1795     -23950
20190430       -565     -24515
20190531       2085     -22430
20190628      -2595     -25025
20190731       3780     -21245
20190830       8960     -12285
20190930      -6720     -19005
20191031       5345     -13660
20191129      -2690     -16350
20191231      -5250     -21600        535
20200131      -5175     -26775
20200228      -3790     -30565
20200331       6205     -24360
20200430      -3430     -27790
20200529      -6135     -33925
20200630          0     -33925
20200731      20475     -13450
20200831      21115       7665
20200930     -27990     -20325
20201030          0     -20325
20201130      -2385     -22710
20201231     -12115     -34825     -13225
20210129     -12135     -46960
20210226      -2640     -49600
20210331      -6635     -56235
20210430      -8215     -64450
20210528      -1305     -65755
20210630      -6970     -72725
20210730      -5015     -77740
20210831       7935     -69805
20210930       9795     -60010
20211029     -10615     -70625
20211130          0     -70625
20211231      -8800     -79425     -44600
20220131          0     -79425
20220228      -4220     -83645
20220331       3835     -79810       -385
-----------------------------------------
-----------------------------------------
Sys Name : TS-Bollinger_1R
Mkt Symb : TY Mkt Name : TenYr
Profit/Loss : 27232.25
Num Trades : 39
Percent Wins : 0.41
Avg Win  : 3203.21
Avg Loss : -1044.31
Avg Trade: 698.26
Max DrawDown: 12488.23
Avg DrawDown: 4493.63
AVG Monthly Return: 185.2534
Monthly StdDev: 1399.55653
-----------------------------------------
20100129      -2189      -2189
20100226          0      -2189
20100331          0      -2189
20100430        -47      -2236
20100528       2781        546
20100630       2672       3218
20100730       1266       4483
20100831       2625       7108
20100930        422       7530
20101029        234       7764
20101130      -1047       6718
20101231       1922       8639       8639
20110131       -359       8280
20110228        516       8796
20110331       -374       8421
20110429        158       8579
20110531       2859      11438
20110630       -281      11157
20110729       3359      14516
20110831       4312      18829
20110930       1062      19891
20111031      -2235      17657
20111130          0      17657
20111230        -15      17641       9002
20120131       1125      18766
20120229      -1016      17751
20120330       -924      16827
20120430       -905      15922
20120531       2000      17922
20120629       -562      17360
20120731       1281      18641
20120831      -1470      17172
20120928          0      17172
20121031          0      17172
20121130        -62      17110
20121231       -970      16140      -1501
20130131         62      16203
20130228      -1140      15062
20130329          0      15062
20130430        954      16016
20130531      -2237      13780
20130628       2656      16436
20130731        125      16561
20130830        984      17545
20130930      -1108      16437
20131031        235      16672
20131129       -719      15953
20131231      -1001      14952      -1189
20140131          0      14952
20140228          0      14952
20140331      -1844      13107
20140430          0      13107
20140530       1141      14248
20140630       -344      13904
20140731      -1251      12653
20140829        407      13061
20140930      -1205      11856
20141031        407      12263
20141128       1312      13575
20141231       -250      13325      -1626
20150130       4078      17403
20150227      -3469      13934
20150331          0      13934
20150430          0      13934
20150529      -1782      12152
20150630       -657      11495
20150731       -968      10527
20150831       -921       9606
20150930       1672      11278
20151030      -1047      10231
20151130       -250       9981
20151231          0       9981      -3344
20160129        594      10575
20160229       1297      11872
20160331       -125      11747
20160429      -1094      10653
20160531          0      10653
20160630       1563      12216
20160729         62      12279
20160831      -1360      10918
20160930          0      10918
20161031        264      11183
20161130       1782      12965
20161230        234      13200       3219
20170131       -188      13012
20170228       -577      12435
20170331          0      12435
20170428        657      13091
20170531        875      13966
20170630       -766      13201
20170731       -251      12950
20170831        -77      12873
20170929       -907      11965
20171031       -500      11465
20171130        656      12121
20171229          0      12121      -1078
20180131       2469      14590
20180228        969      15559
20180329      -1094      14465
20180430       1516      15981
20180531      -2263      13718
20180629       -735      12982
20180731          0      12982
20180831          0      12982
20180928        139      13122
20181031        344      13465
20181130       -608      12858
20181231       1454      14312       2190
20190131        453      14765
20190228       -797      13968
20190329       2219      16187
20190430       -547      15640
20190531       2750      18390
20190628       1219      19609
20190731       -547      19062
20190830       3641      22702
20190930      -2736      19967
20191031          0      19967
20191129          0      19967
20191231       -423      19544       5232
20200131       -577      18967
20200228       3203      22170
20200331       3938      26108
20200430        375      26483
20200529        266      26749
20200630      -2078      24670
20200731        298      24969
20200831      -1094      23875
20200930          0      23875
20201030        467      24342
20201130      -1250      23092
20201231         94      23186       3642
20210129       1047      24233
20210226       3219      27451
20210331       1781      29233
20210430      -1094      28139
20210528      -1359      26780
20210630      -1905      24875
20210730       1953      26828
20210831       -406      26422
20210930      -1049      25373
20211029        906      26279
20211130      -1265      25014
20211231          0      25014       1828
20220131        874      25887
20220228        469      26356
20220331        876      27232       2219
-----------------------------------------
