20100104     0.00
20100105  -111.97
20100106     0.00
20100107     0.00
20100108 -2013.90
20100111 -4112.50
20100112 -3848.05
20100113 -3014.57
20100114 -3587.55
20100115 -2844.30
20100119   -16.10
20100120     0.00
20100121     0.00
20100122 -1382.60
20100125 -1102.70
20100126 -1270.20
20100127 -1773.00
20100128  -593.70
20100129     0.00
20100201 -4565.65
20100202 -6983.75
20100203 -3253.40
20100204     0.00
20100205     0.00
20100208 -2499.65
20100209 -7127.00
20100210 -8278.60
20100211 -9135.55
20100212 -7388.90
20100216 -16495.95
20100217 -15029.75
20100218 -14579.00
20100219 -17105.65
20100222 -16409.00
20100223 -13295.25
20100224 -14330.25
20100225 -13374.00
20100226 -17159.00
20100301 -16260.25
20100302 -20321.50
20100303 -22206.50
20100304 -18976.50
20100305 -19786.50
20100308 -20621.50
20100309 -20900.25
20100310 -21990.75
20100311 -20922.85
20100312 -21587.10
20100315 -20702.25
20100316 -21459.25
20100317 -21658.80
20100318 -19329.05
20100319 -17263.50
20100322 -16482.50
20100323 -16058.85
20100324 -14334.60
20100325 -12492.70
20100326 -13275.45
20100329 -16287.90
20100330 -16742.30
20100331 -13875.00
20100401 -16865.70
20100402 -16865.70
20100405 -15402.20
20100406 -12138.50
20100407 -12435.90
20100408 -11314.60
20100409 -15516.00
20100412 -17226.50
20100413 -20291.80
20100414 -19732.80
20100415 -15501.20
20100416 -18813.20
20100419 -20570.90
20100420 -18866.90
20100421 -16810.20
20100422 -19105.10
20100423 -21000.90
20100426 -21312.90
20100427 -16970.30
20100428 -16474.10
20100429 -13765.70
20100430 -11730.62
20100503 -11089.60
20100504 -8971.95
20100505 -6281.20
20100506 -1409.90
20100507  -426.37
20100510 -6122.97
20100511 -1114.95
20100512     0.00
20100513  -926.30
20100514     0.00
20100517 -1981.20
20100518     0.00
20100519 -6683.73
20100520 -7197.80
20100521 -8677.62
20100524 -2308.05
20100525  -825.25
20100526     0.00
20100527 -6218.45
20100528 -3948.35
20100601     0.00
20100602 -3716.05
20100603 -8468.30
20100604 -3110.65
20100607     0.00
20100608  -904.13
20100609 -6179.60
20100610 -11204.23
20100611 -6738.13
20100614 -9040.77
20100615 -7929.50
20100616 -11112.18
20100617 -6795.83
20100618 -6581.88
20100621 -14182.00
20100622 -13029.98
20100623 -13457.70
20100624 -9677.70
20100625 -8307.70
20100628 -11303.95
20100629 -12079.58
20100630 -9296.45
20100701 -13453.95
20100702 -16267.08
20100706 -20426.45
20100707 -21728.33
20100708 -26230.83
20100709 -23838.95
20100712 -22971.45
20100713 -25069.58
20100714 -25637.70
20100715 -23053.33
20100716 -23655.20
20100719 -26140.83
20100720 -28398.95
20100721 -27407.08
20100722 -28328.50
20100723 -26890.80
20100726 -27512.60
20100727 -27369.10
20100728 -24425.10
20100729 -22623.88
20100730 -22110.48
20100802 -26029.00
20100803 -28392.45
20100804 -26939.53
20100805 -27022.20
20100806 -27096.95
20100809 -27130.65
20100810 -26376.05
20100811 -25930.80
20100812 -22976.23
20100813 -21344.10
20100816 -20419.20
20100817 -20945.15
20100818 -21448.75
20100819 -21395.65
20100820 -19716.13
20100823 -20244.23
20100824 -25318.43
20100825 -26227.15
20100826 -23426.48
20100827 -20771.18
20100830 -20351.68
20100831 -20056.38
20100901 -18473.20
20100902 -15747.30
20100903 -14921.25
20100907 -9589.88
20100908 -8538.28
20100909 -10066.03
20100910 -12251.90
20100913 -10141.83
20100914 -4746.93
20100915 -5547.98
20100916 -5633.77
20100917 -3918.80
20100920 -3407.83
20100921 -5272.83
20100922 -1477.92
20100923  -683.00
20100924     0.00
20100927     0.00
20100928     0.00
20100929 -1449.45
20100930 -3582.82
20101001 -2189.72
20101004 -6027.25
20101005     0.00
20101006     0.00
20101007  -758.72
20101008     0.00
20101011     0.00
20101012   -83.68
20101013     0.00
20101014     0.00
20101015 -4403.10
20101018     0.00
20101019 -13011.88
20101020 -4291.15
20101021 -10951.35
20101022 -10891.95
20101025 -3617.10
20101026 -5266.27
20101027 -10321.93
20101028 -5519.40
20101029     0.00
20101101     0.00
20101102     0.00
20101103 -2670.78
20101104     0.00
20101105     0.00
20101108     0.00
20101109     0.00
20101110 -11128.50
20101111 -13662.12
20101112 -36311.75
20101115 -34816.48
20101116 -51649.12
20101117 -53811.18
20101118 -37055.83
20101119 -41094.57
20101122 -41197.57
20101123 -38701.72
20101124 -39209.83
20101126 -46505.08
20101129 -43266.83
20101130 -37406.57
20101201 -32211.92
20101202 -31941.82
20101203 -23830.82
20101206 -20184.00
20101207 -20642.25
20101208 -31048.85
20101209 -28167.50
20101210 -27721.48
20101213 -15384.52
20101214 -13208.47
20101215 -15843.88
20101216 -21715.82
20101217 -14953.32
20101220 -11055.00
20101221 -6289.05
20101222 -7490.22
20101223 -2901.97
20101227 -2505.27
20101228     0.00
20101229     0.00
20101230 -7849.62
20101231     0.00
20110103     0.00
20110104 -18616.27
20110105 -16865.40
20110106 -22893.72
20110107 -27615.80
20110110 -24432.47
20110111 -17804.40
20110112 -12545.12
20110113 -16029.70
20110114 -22427.60
20110118 -19285.62
20110119 -21617.17
20110120 -29183.45
20110121 -25544.18
20110124 -32874.70
20110125 -38937.35
20110126 -33296.92
20110127 -33669.05
20110128 -33158.47
20110131 -30830.50
20110201 -28076.70
20110202 -25253.45
20110203 -30581.47
20110204 -29518.85
20110207 -29626.55
20110208 -32852.70
20110209 -31145.75
20110210 -29752.62
20110211 -32235.12
20110214 -31191.37
20110215 -34329.50
20110216 -33915.12
20110217 -29053.25
20110218 -27583.88
20110222 -28846.38
20110223 -26352.62
20110224 -29817.00
20110225 -30550.75
20110228 -26522.62
20110301 -20065.75
20110302 -13665.75
20110303 -15432.62
20110304 -8308.25
20110307 -2968.88
20110308 -2802.00
20110309     0.00
20110310 -14494.40
20110311 -12493.15
20110314 -11990.65
20110315 -32924.40
20110316 -30619.40
20110317 -27043.15
20110318 -19643.15
20110321 -12443.15
20110322 -11759.40
20110323 -9328.15
20110324 -10000.65
20110325 -12688.15
20110328 -16193.15
20110329 -17151.90
20110330 -12804.40
20110331 -6869.40
20110401 -7941.90
20110404 -5010.65
20110405     0.00
20110406     0.00
20110407     0.00
20110408     0.00
20110411 -4044.35
20110412 -10916.65
20110413 -6141.85
20110414     0.00
20110415     0.00
20110418 -3602.20
20110419     0.00
20110420     0.00
20110421     0.00
20110425     0.00
20110426 -8295.80
20110427  -157.20
20110428     0.00
20110429     0.00
20110502 -10441.90
20110503 -30819.12
20110504 -54000.75
20110505 -91391.32
20110506 -92270.77
20110509 -91625.82
20110510 -93042.52
20110511 -99154.05
20110512 -99609.60
20110513 -102363.37
20110516 -103110.52
20110517 -104272.22
20110518 -103238.87
20110519 -102217.15
20110520 -101284.82
20110523 -98349.32
20110524 -97209.20
20110525 -97964.30
20110526 -97600.92
20110527 -96917.55
20110531 -97379.72
20110601 -95310.20
20110602 -95951.15
20110603 -95933.37
20110606 -93664.55
20110607 -95373.87
20110608 -95653.95
20110609 -98097.07
20110610 -98477.07
20110613 -100938.95
20110614 -102171.45
20110615 -101085.20
20110616 -102192.07
20110617 -100273.95
20110620 -98712.70
20110621 -99638.32
20110622 -99881.45
20110623 -99468.95
20110624 -101978.32
20110627 -102887.70
20110628 -108915.57
20110629 -111210.75
20110630 -114223.47
20110701 -114229.27
20110705 -117690.40
20110706 -116376.42
20110707 -118188.75
20110708 -112960.45
20110711 -110293.87
20110712 -111649.85
20110713 -115547.97
20110714 -112321.25
20110715 -111625.37
20110718 -106412.72
20110719 -107338.17
20110720 -109463.25
20110721 -111072.90
20110722 -108628.47
20110725 -108288.60
20110726 -108357.10
20110727 -105014.92
20110728 -105358.25
20110729 -101391.45
20110801 -102694.12
20110802 -100102.57
20110803 -96007.72
20110804 -87413.85
20110805 -90423.22
20110808 -76324.17
20110809 -69996.72
20110810 -69291.75
20110811 -80430.30
20110812 -80187.85
20110815 -84409.80
20110816 -80429.47
20110817 -83165.47
20110818 -74728.00
20110819 -70011.57
20110822 -69695.10
20110823 -80217.12
20110824 -106738.92
20110825 -98640.07
20110826 -92888.50
20110829 -96325.60
20110830 -89796.12
20110831 -89744.55
20110901 -91877.85
20110902 -74921.42
20110906 -86381.97
20110907 -96730.07
20110908 -85384.17
20110909 -88320.77
20110912 -100459.00
20110913 -99535.70
20110914 -104982.77
20110915 -117694.27
20110916 -106573.75
20110919 -113866.47
20110920 -107104.60
20110921 -103420.85
20110922 -109155.85
20110923 -97097.10
20110926 -100122.10
20110927 -117463.35
20110928 -100762.72
20110929 -102056.47
20110930 -90745.85
20111003 -87221.47
20111004 -81247.72
20111005 -89412.72
20111006 -104478.97
20111007 -94700.22
20111010 -109728.35
20111011 -112517.72
20111012 -119048.97
20111013 -115673.35
20111014 -124535.85
20111017 -116743.35
20111018 -116131.47
20111019 -115324.60
20111020 -109577.72
20111021 -119817.10
20111024 -126433.35
20111025 -127965.85
20111026 -127168.97
20111027 -139850.50
20111028 -141616.75
20111031 -133224.25
20111101 -121574.25
20111102 -127728.00
20111103 -133178.00
20111104 -132020.50
20111107 -135448.00
20111108 -136610.50
20111109 -131110.50
20111110 -128830.50
20111111 -132923.00
20111114 -128739.25
20111115 -133435.50
20111116 -124451.75
20111117 -115075.50
20111118 -121026.75
20111121 -114395.50
20111122 -122875.40
20111123 -117350.90
20111125 -110949.35
20111128 -113034.50
20111129 -111515.15
20111130 -118427.90
20111201 -118618.40
20111202 -114777.85
20111205 -114747.20
20111206 -116607.95
20111207 -112749.85
20111208 -110649.45
20111209 -109324.35
20111212 -101693.65
20111213 -102081.65
20111214 -89536.10
20111215 -92076.35
20111216 -96878.15
20111219 -93861.85
20111220 -99899.22
20111221 -95954.45
20111222 -95027.60
20111223 -94358.10
20111227 -93024.25
20111228 -82519.15
20111229 -78109.12
20111230 -85372.67
20120103 -97477.25
20120104 -95472.70
20120105 -91322.27
20120106 -88963.97
20120109 -88713.10
20120110 -96668.82
20120111 -99015.10
20120112 -103409.07
20120113 -96899.35
20120117 -99239.87
20120118 -103604.80
20120119 -104073.00
20120120 -112635.50
20120123 -116074.25
20120124 -116947.37
20120125 -118350.50
20120126 -116516.12
20120127 -118607.37
20120130 -117632.37
20120131 -115532.37
20120201 -116014.25
20120202 -118781.75
20120203 -119344.25
20120206 -120216.75
20120207 -122296.12
20120208 -121843.62
20120209 -121783.62
20120210 -120911.75
20120213 -119667.37
20120214 -117102.37
20120215 -114635.50
20120216 -116143.00
20120217 -117806.75
20120221 -117595.50
20120222 -115691.75
20120223 -113671.50
20120224 -111152.67
20120227 -110273.07
20120228 -108286.35
20120229 -120847.25
20120301 -113247.07
20120302 -119203.87
20120305 -122938.72
20120306 -125931.20
20120307 -119026.17
20120308 -117056.37
20120309 -114212.37
20120312 -118219.17
20120313 -116963.50
20120314 -123689.40
20120315 -122550.32
20120316 -119580.50
20120319 -118720.50
20120320 -122187.75
20120321 -122104.47
20120322 -120005.50
20120323 -119034.10
20120326 -118682.97
20120327 -122895.57
20120328 -122831.00
20120329 -122137.07
20120330 -121347.00
20120402 -123207.60
20120403 -122829.70
20120404 -122409.92
20120405 -121533.22
20120406 -121953.95
20120409 -120625.70
20120410 -120680.40
20120411 -120865.80
20120412 -120433.40
20120413 -118455.95
20120416 -117412.20
20120417 -116463.45
20120418 -116505.95
20120419 -116479.70
20120420 -115817.20
20120423 -117252.20
20120424 -116938.45
20120425 -115274.70
20120426 -114060.90
20120427 -113754.85
20120430 -115077.80
20120501 -117382.40
20120502 -115594.40
20120503 -114735.15
20120504 -113726.85
20120507 -115400.90
20120508 -115249.30
20120509 -114552.37
20120510 -115083.27
20120511 -113166.30
20120514 -106836.05
20120515 -102389.77
20120516 -94362.50
20120517 -102109.35
20120518 -107314.42
20120521 -104643.62
20120522 -101420.27
20120523 -88281.10
20120524 -92779.50
20120525 -95728.05
20120529 -89917.25
20120530 -86992.50
20120531 -83394.67
20120601 -88021.95
20120604 -87181.02
20120605 -88815.22
20120606 -99529.15
20120607 -90696.10
20120608 -88756.25
20120611 -88423.17
20120612 -92378.72
20120613 -91862.17
20120614 -89730.05
20120615 -93880.07
20120618 -91846.85
20120619 -95834.55
20120620 -90083.70
20120621 -74492.95
20120622 -73399.32
20120625 -79177.17
20120626 -78653.17
20120627 -79747.70
20120628 -70721.90
20120629 -95297.52
20120702 -92131.90
20120703 -100750.65
20120705 -89820.65
20120706 -80836.90
20120709 -83259.40
20120710 -78908.77
20120711 -80537.52
20120712 -79810.02
20120713 -84099.40
20120716 -84101.27
20120717 -84846.90
20120718 -78011.27
20120719 -80077.52
20120720 -75670.02
20120723 -72161.27
20120724 -72005.65
20120725 -79251.90
20120726 -83115.02
20120727 -84278.77
20120730 -81228.77
20120731 -80215.02
20120801 -80005.02
20120802 -78003.77
20120803 -90585.02
20120806 -92831.90
20120807 -95055.65
20120808 -93916.90
20120809 -90954.55
20120810 -91867.05
20120813 -93464.55
20120814 -92494.55
20120815 -91249.55
20120816 -94864.55
20120817 -93419.55
20120820 -92149.55
20120821 -91187.05
20120822 -93804.55
20120823 -89022.05
20120824 -87362.05
20120827 -85594.55
20120828 -86874.55
20120829 -86212.05
20120830 -88657.05
20120831 -80977.05
20120903 -76782.05
20120904 -74704.55
20120905 -76352.05
20120906 -73492.05
20120907 -65367.05
20120910 -68237.05
20120911 -68059.55
20120912 -67204.55
20120913 -54784.55
20120914 -54274.55
20120917 -59319.55
20120918 -60094.55
20120919 -59154.55
20120920 -62574.55
20120921 -61994.55
20120924 -68117.05
20120925 -68154.55
20120926 -72237.05
20120927 -65329.55
20120928 -67697.05
20121001 -63977.05
20121002 -65289.55
20121003 -66324.55
20121004 -61002.05
20121005 -65142.05
20121008 -69082.05
20121009 -70822.05
20121010 -69949.55
20121011 -67832.05
20121012 -70579.55
20121015 -78869.55
20121016 -76147.05
20121017 -72757.05
20121018 -75012.05
20121019 -81137.05
20121022 -81507.05
20121023 -86344.55
20121024 -87887.05
20121025 -85249.55
20121026 -86569.55
20121029 -87177.05
20121030 -87004.55
20121031 -84379.55
20121101 -86172.05
20121102 -94534.55
20121105 -95518.30
20121106 -98115.80
20121107 -94670.80
20121108 -95658.30
20121109 -96419.55
20121112 -94600.80
20121113 -91954.55
20121114 -94007.05
20121115 -92745.80
20121116 -92310.50
20121119 -97364.25
20121120 -94174.87
20121121 -95393.62
20121123 -95597.37
20121126 -94426.12
20121127 -95093.00
20121128 -95784.87
20121129 -98166.75
20121130 -96339.87
20121203 -97979.25
20121204 -96546.12
20121205 -97126.12
20121206 -97201.75
20121207 -97711.75
20121210 -94655.50
20121211 -95814.25
20121212 -95499.20
20121213 -93973.20
20121214 -96675.85
20121217 -99356.35
20121218 -98631.45
20121219 -96769.75
20121220 -88045.90
20121221 -93612.15
20121224 -90839.55
20121226 -93610.65
20121227 -94836.15
20121228 -93558.80
20121231 -94708.35
20130102 -100287.45
20130103 -96394.15
20130104 -90025.12
20130107 -91985.07
20130108 -94477.27
20130109 -93015.15
20130110 -97081.45
20130111 -94689.15
20130114 -100683.00
20130115 -105446.27
20130116 -106559.62
20130117 -107919.15
20130118 -110887.52
20130122 -112855.02
20130123 -114546.87
20130124 -109813.17
20130125 -106831.85
20130128 -104916.35
20130129 -103276.85
20130130 -105505.20
20130131 -104067.35
20130201 -103386.80
20130204 -107837.60
20130205 -106893.45
20130206 -108547.17
20130207 -108889.20
20130208 -108903.67
20130211 -105847.80
20130212 -103599.60
20130213 -104233.85
20130214 -103079.05
20130215 -101528.75
20130219 -99680.15
20130220 -97759.50
20130221 -101570.02
20130222 -101129.40
20130225 -107669.85
20130226 -111760.05
20130227 -107669.90
20130228 -103918.35
20130301 -102897.00
20130304 -104764.90
20130305 -103485.60
20130306 -104529.30
20130307 -106758.45
20130308 -108084.70
20130311 -107257.20
20130312 -109812.20
20130313 -107440.95
20130314 -106649.70
20130315 -105773.45
20130318 -106567.20
20130319 -105273.45
20130320 -104900.95
20130321 -108002.20
20130322 -105203.45
20130325 -106550.95
20130326 -105080.95
20130327 -104055.95
20130328 -102880.50
20130329 -102880.50
20130401 -102710.35
20130402 -95919.60
20130403 -93888.12
20130404 -94399.77
20130405 -96638.62
20130408 -96105.25
20130409 -103567.02
20130410 -99003.00
20130411 -100518.30
20130412 -85851.10
20130415 -54136.05
20130416 -61378.70
20130417 -57302.62
20130418 -58456.55
20130419 -58735.77
20130422 -64902.52
20130423 -59313.50
20130424 -64375.00
20130425 -76993.07
20130426 -71969.12
20130429 -74972.10
20130430 -76965.10
20130501 -69782.70
20130502 -79370.10
20130503 -80776.70
20130506 -81641.55
20130507 -80089.27
20130508 -83010.12
20130509 -81952.62
20130510 -78783.45
20130513 -78671.22
20130514 -75857.80
20130515 -69184.40
20130516 -69505.00
20130517 -64137.20
20130520 -65987.60
20130521 -63051.10
20130522 -59809.65
20130523 -62140.35
20130524 -62002.45
20130528 -58233.05
20130529 -62675.67
20130530 -67112.02
20130531 -62726.90
20130603 -66860.62
20130604 -63377.75
20130605 -63819.62
20130606 -67878.50
20130607 -57771.87
20130610 -59772.12
20130611 -54975.70
20130612 -54298.60
20130613 -54039.07
20130614 -57442.62
20130617 -56815.00
20130618 -53025.22
20130619 -53538.55
20130620 -37615.25
20130621 -40615.77
20130624 -36069.72
20130625 -36051.22
20130626 -27288.15
20130627 -25235.38
20130628 -32061.45
20130701 -36700.10
20130702 -36012.77
20130703 -35555.82
20130705 -22932.25
20130708 -29190.65
20130709 -28290.60
20130710 -24636.05
20130711 -34170.55
20130712 -32452.00
20130715 -34584.00
20130716 -35606.05
20130717 -32380.02
20130718 -35768.90
20130719 -36818.35
20130722 -45337.17
20130723 -44671.22
20130724 -42890.97
20130725 -45783.47
20130726 -44753.70
20130729 -45686.45
20130730 -45778.27
20130731 -42538.70
20130801 -37439.40
20130802 -40497.72
20130805 -37715.75
20130806 -35615.17
20130807 -37189.02
20130808 -44736.95
20130809 -43709.85
20130812 -51292.35
20130813 -48525.47
20130814 -49806.10
20130815 -50884.85
20130816 -50139.22
20130819 -51156.72
20130820 -52126.73
20130821 -54106.10
20130822 -54167.97
20130823 -52116.72
20130826 -50764.22
20130827 -49021.73
20130828 -49542.97
20130829 -53881.72
20130830 -58570.48
20130903 -52312.97
20130904 -59656.72
20130905 -56689.23
20130906 -50817.97
20130909 -54442.35
20130910 -59530.47
20130911 -58921.10
20130912 -61889.85
20130913 -65464.85
20130916 -67454.22
20130917 -70668.60
20130918 -71360.20
20130919 -73497.70
20130920 -75903.95
20130923 -78613.95
20130924 -78953.95
20130925 -76998.65
20130926 -77446.15
20130927 -76631.40
20130930 -78558.40
20131001 -78721.80
20131002 -77880.25
20131003 -77479.05
20131004 -77652.60
20131007 -77191.90
20131008 -77372.05
20131009 -78700.65
20131010 -78023.80
20131011 -78473.60
20131014 -78224.20
20131015 -78542.45
20131016 -77420.25
20131017 -75340.20
20131018 -75170.35
20131021 -74871.82
20131022 -70994.47
20131023 -69283.62
20131024 -69169.57
20131025 -68821.75
20131028 -68641.77
20131029 -69260.73
20131030 -68784.45
20131031 -70196.95
20131101 -70707.23
20131104 -69209.45
20131105 -69132.28
20131106 -69743.35
20131107 -71265.55
20131108 -72859.50
20131111 -73480.83
20131112 -74206.53
20131113 -73064.65
20131114 -74837.77
20131115 -76829.65
20131118 -74819.65
20131119 -75254.65
20131120 -74658.40
20131121 -75258.40
20131122 -73027.15
20131125 -72287.15
20131126 -71581.53
20131127 -69910.27
20131129 -72720.90
20131202 -69420.28
20131203 -70688.40
20131204 -78282.78
20131205 -73248.45
20131206 -73323.45
20131209 -73130.95
20131210 -81567.20
20131211 -79105.95
20131212 -71300.95
20131213 -73943.45
20131216 -79008.45
20131217 -75379.45
20131218 -78116.05
20131219 -68802.25
20131220 -72133.25
20131223 -70136.85
20131224 -71749.45
20131226 -74929.05
20131227 -79534.60
20131230 -74566.10
20131231 -75549.70
20140102 -82945.30
20140103 -85150.10
20140106 -84685.10
20140107 -81872.70
20140108 -80714.30
20140109 -83513.10
20140110 -88593.90
20140113 -89677.50
20140114 -88719.30
20140115 -87218.10
20140116 -87364.50
20140117 -89246.90
20140121 -85986.90
20140122 -84109.10
20140123 -86945.30
20140124 -82158.70
20140127 -85391.50
20140128 -81227.90
20140129 -76009.30
20140130 -78629.30
20140131 -79345.25
20140203 -76571.80
20140204 -72292.70
20140205 -75883.75
20140206 -79645.00
20140207 -81339.35
20140210 -83901.05
20140211 -80849.45
20140212 -80893.95
20140213 -77585.95
20140214 -78348.60
20140218 -68680.95
20140219 -55978.20
20140220 -57753.85
20140221 -57185.30
20140224 -60054.05
20140225 -59716.55
20140226 -64625.30
20140227 -63040.30
20140228 -60670.30
20140303 -50199.68
20140304 -54363.42
20140305 -51347.18
20140306 -48318.43
20140307 -50944.68
20140310 -50031.55
20140311 -50402.80
20140312 -49705.30
20140313 -49256.55
20140314 -48886.55
20140317 -52064.05
20140318 -54027.80
20140319 -59322.10
20140320 -68695.85
20140321 -70568.35
20140324 -70459.60
20140325 -70727.10
20140326 -70974.60
20140327 -69735.85
20140328 -68562.10
20140331 -71049.60
20140401 -71978.35
20140402 -73557.10
20140403 -72917.10
20140404 -68712.10
20140407 -65755.85
20140408 -63172.10
20140409 -59878.35
20140410 -56274.60
20140411 -59525.85
20140414 -56599.60
20140415 -64210.85
20140416 -65530.85
20140417 -57519.60
20140421 -61549.60
20140422 -56394.60
20140423 -55640.85
20140424 -55677.10
20140425 -58362.10
20140428 -58978.35
20140429 -53344.60
20140430 -56858.35
20140501 -62633.35
20140502 -65697.10
20140505 -65238.35
20140506 -65460.85
20140507 -66487.10
20140508 -70066.23
20140509 -75228.10
20140512 -77964.97
20140513 -77354.35
20140514 -78423.10
20140515 -73231.23
20140516 -77465.60
20140519 -77021.22
20140520 -79101.85
20140521 -76619.35
20140522 -78301.85
20140523 -77662.47
20140527 -77375.60
20140528 -77697.47
20140529 -76628.10
20140530 -75784.98
20140602 -76372.48
20140603 -77783.72
20140604 -77975.60
20140605 -82312.47
20140606 -81786.22
20140609 -79973.10
20140610 -80509.97
20140611 -80964.97
20140612 -81926.22
20140613 -82041.23
20140616 -82880.60
20140617 -83316.22
20140618 -83736.85
20140619 -87226.85
20140620 -86337.48
20140623 -87134.98
20140624 -86965.60
20140625 -86573.72
20140626 -86702.47
20140627 -87261.85
20140630 -86078.73
20140701 -85730.60
20140702 -86462.48
20140703 -86302.35
20140707 -85764.95
20140708 -85437.85
20140709 -85741.65
20140710 -83661.05
20140711 -83072.15
20140714 -86639.05
20140715 -85648.95
20140716 -86507.15
20140717 -82531.65
20140718 -83347.65
20140721 -81319.85
20140722 -80275.45
20140723 -79641.45
20140724 -83429.75
20140725 -81473.05
20140728 -82451.55
20140729 -81445.65
20140730 -79144.35
20140731 -80243.95
20140801 -79105.75
20140804 -81329.65
20140805 -80676.85
20140806 -82234.65
20140807 -80290.43
20140808 -81834.35
20140811 -81425.73
20140812 -79321.68
20140813 -77010.57
20140814 -76648.62
20140815 -76866.07
20140818 -75353.52
20140819 -74333.95
20140820 -72570.93
20140821 -74646.98
20140822 -72979.98
20140825 -72253.88
20140826 -73125.25
20140827 -74141.53
20140828 -74903.50
20140829 -76330.10
20140902 -71204.08
20140903 -76006.33
20140904 -71463.77
20140905 -73460.05
20140908 -73082.23
20140909 -75580.65
20140910 -77355.85
20140911 -76341.65
20140912 -75247.05
20140915 -76961.35
20140916 -79474.45
20140917 -79009.05
20140918 -75183.25
20140919 -69270.95
20140922 -68063.05
20140923 -69123.85
20140924 -69969.25
20140925 -68223.35
20140926 -68303.45
20140929 -72154.75
20140930 -63910.25
20141001 -64346.05
20141002 -62993.50
20141003 -56922.80
20141006 -59175.10
20141007 -60347.45
20141008 -58064.25
20141009 -56977.85
20141010 -54384.23
20141013 -57519.25
20141014 -53577.30
20141015 -56587.60
20141016 -58268.62
20141017 -59335.12
20141020 -63646.70
20141021 -66286.65
20141022 -63975.72
20141023 -64858.67
20141024 -63809.45
20141027 -64298.07
20141028 -67305.07
20141029 -67960.48
20141030 -59836.10
20141031 -54345.53
20141103 -53761.07
20141104 -51250.45
20141105 -47547.55
20141106 -43260.20
20141107 -48461.65
20141110 -47686.17
20141111 -49980.83
20141112 -48702.67
20141113 -47821.92
20141114 -55455.60
20141117 -52588.75
20141118 -55282.17
20141119 -54706.38
20141120 -53939.60
20141121 -56625.90
20141124 -58293.85
20141125 -57747.60
20141126 -57745.12
20141128 -40849.02
20141201 -54301.53
20141202 -48092.65
20141203 -48032.15
20141204 -47245.30
20141205 -44018.15
20141208 -40027.35
20141209 -48954.25
20141210 -47222.75
20141211 -44285.60
20141212 -43455.83
20141215 -38412.80
20141216 -33284.68
20141217 -33768.38
20141218 -31537.02
20141219 -32137.08
20141222 -24437.68
20141223 -27629.70
20141224 -25078.18
20141226 -25138.48
20141229 -23201.48
20141230 -24682.68
20141231 -17400.63
20150102 -16750.50
20150105 -15875.67
20150106 -18220.12
20150107 -17151.20
20150108 -16923.83
20150109 -18664.93
20150112 -12737.55
20150113 -12980.75
20150114 -19649.83
20150115 -12202.10
20150116 -10575.33
20150120     0.00
20150121 -1650.62
20150122     0.00
20150123     0.00
20150126 -2234.37
20150127 -5444.38
20150128 -2809.38
20150129 -8095.62
20150130 -6403.13
20150202 -8009.70
20150203 -15784.08
20150204 -9120.42
20150205 -11705.00
20150206 -19355.12
20150209 -19967.95
20150210 -15539.75
20150211 -15783.50
20150212 -21209.35
20150213 -23663.90
20150217 -21680.12
20150218 -19919.12
20150219 -17817.43
20150220 -18230.27
20150223 -13776.23
20150224 -13969.88
20150225 -13550.43
20150226 -5309.42
20150227 -7084.27
20150302 -5594.93
20150303 -2297.12
20150304 -6326.42
20150305 -4393.43
20150306 -2649.67
20150309  -231.78
20150310     0.00
20150311     0.00
20150312     0.00
20150313     0.00
20150316 -3675.25
20150317 -5253.15
20150318 -9894.85
20150319 -8446.65
20150320 -13398.85
20150323 -16008.55
20150324 -14290.00
20150325 -17787.15
20150326 -20220.55
20150327 -16289.10
20150330 -13108.55
20150331 -11502.60
20150401 -16078.15
20150402 -20164.80
20150403 -21352.30
20150406 -25308.30
20150407 -22407.15
20150408 -19614.90
20150409 -16150.75
20150410 -15135.60
20150413 -14393.45
20150414 -16533.80
20150415 -16733.50
20150416 -21333.85
20150417 -20606.05
20150420 -18391.30
20150421 -19703.95
20150422 -19815.20
20150423 -21151.75
20150424 -22137.20
20150427 -20170.00
20150428 -22420.80
20150429 -26398.65
20150430 -26251.00
20150501 -25459.85
20150504 -24984.35
20150505 -24064.40
20150506 -22281.30
20150507 -25028.35
20150508 -26199.80
20150511 -26294.50
20150512 -26040.03
20150513 -26190.02
20150514 -28003.78
20150515 -29225.65
20150518 -31016.90
20150519 -32393.15
20150520 -30273.78
20150521 -25678.15
20150522 -25585.65
20150526 -27415.65
20150527 -28333.78
20150528 -28852.53
20150529 -27084.50
20150601 -28153.25
20150602 -28918.25
20150603 -30833.23
20150604 -34013.85
20150605 -31393.23
20150608 -33486.35
20150609 -31914.48
20150610 -29733.85
20150611 -28953.23
20150612 -29697.60
20150615 -28645.65
20150616 -29965.15
20150617 -29875.58
20150618 -29917.33
20150619 -30646.73
20150622 -31169.93
20150623 -28874.53
20150624 -32240.78
20150625 -32406.53
20150626 -31417.38
20150629 -33525.53
20150630 -30979.78
20150701 -30865.55
20150702 -31837.50
20150706 -33085.35
20150707 -32423.60
20150708 -34209.95
20150709 -32038.25
20150710 -33279.45
20150713 -33841.20
20150714 -35195.80
20150715 -32405.45
20150716 -31715.15
20150717 -29551.70
20150720 -25005.55
20150721 -24773.15
20150722 -22568.35
20150723 -21526.45
20150724 -20026.55
20150727 -20745.30
20150728 -21365.65
20150729 -23377.95
20150730 -23231.40
20150731 -22702.05
20150803 -18264.55
20150804 -19665.20
20150805 -18640.20
20150806 -18534.25
20150807 -20150.70
20150810 -26332.40
20150811 -24828.40
20150812 -28116.85
20150813 -26290.23
20150814 -25678.02
20150817 -25580.78
20150818 -24025.27
20150819 -24422.85
20150820 -28492.08
20150821 -26606.73
20150824 -18794.48
20150825 -22761.55
20150826 -20286.90
20150827 -28921.13
20150828 -33881.58
20150831 -37132.35
20150901 -30714.75
20150902 -31209.65
20150903 -34628.48
20150904 -31700.70
20150908 -34746.70
20150909 -31406.15
20150910 -32335.40
20150911 -30519.95
20150914 -31683.08
20150915 -32876.83
20150916 -38106.83
20150917 -38241.83
20150918 -35367.45
20150921 -37288.70
20150922 -34944.33
20150923 -33686.20
20150924 -34739.95
20150925 -38003.70
20150928 -34503.70
20150929 -34581.20
20150930 -34604.33
20151001 -33246.20
20151002 -34361.70
20151005 -37517.88
20151006 -39183.45
20151007 -40180.20
20151008 -40172.85
20151009 -40062.63
20151012 -40160.88
20151013 -41051.33
20151014 -40586.38
20151015 -40233.45
20151016 -40880.40
20151019 -43571.60
20151020 -43066.85
20151021 -44767.45
20151022 -45537.05
20151023 -46768.58
20151026 -42998.50
20151027 -44229.28
20151028 -40480.43
20151029 -47234.98
20151030 -48621.65
20151102 -48556.30
20151103 -49518.20
20151104 -51485.20
20151105 -51370.80
20151106 -51330.55
20151109 -50736.95
20151110 -48885.55
20151111 -49937.95
20151112 -50476.85
20151113 -49418.45
20151116 -48764.15
20151117 -49174.65
20151118 -48814.35
20151119 -49854.25
20151120 -47867.25
20151123 -47269.05
20151124 -49763.25
20151125 -50029.05
20151127 -45996.85
20151130 -46846.65
20151201 -48357.95
20151202 -44492.45
20151203 -50571.15
20151204 -50785.65
20151207 -45607.25
20151208 -46695.75
20151209 -48372.45
20151210 -46547.25
20151211 -46731.15
20151214 -45397.05
20151215 -44434.95
20151216 -44579.95
20151217 -38681.75
20151218 -40446.25
20151221 -44104.35
20151222 -43813.45
20151223 -44882.75
20151224 -47303.55
20151228 -47647.05
20151229 -49319.65
20151230 -45042.75
20151231 -45926.95
20160104 -46919.35
20160105 -45769.85
20160106 -45245.35
20160107 -48680.75
20160108 -49395.55
20160111 -46983.50
20160112 -44361.00
20160113 -44971.00
20160114 -44603.50
20160115 -43539.75
20160119 -42911.00
20160120 -40550.93
20160121 -43184.05
20160122 -46750.93
20160125 -45087.80
20160126 -46055.93
20160127 -47344.35
20160128 -48329.13
20160129 -48169.05
20160201 -45293.10
20160202 -42327.93
20160203 -45461.55
20160204 -44085.30
20160205 -44497.15
20160208 -41371.25
20160209 -39329.68
20160210 -38602.23
20160211 -30456.28
20160212 -37112.13
20160216 -42935.53
20160217 -44730.83
20160218 -41609.60
20160219 -39212.78
20160222 -47163.58
20160223 -44544.13
20160224 -41954.23
20160225 -42340.75
20160226 -48064.25
20160229 -46020.58
20160301 -48993.55
20160302 -46867.95
20160303 -44818.58
20160304 -44014.20
20160307 -47381.08
20160308 -48507.95
20160309 -50015.45
20160310 -48342.33
20160311 -50039.20
20160314 -51781.08
20160315 -54826.70
20160316 -54945.45
20160317 -46101.08
20160318 -47694.20
20160321 -49041.48
20160322 -47499.18
20160323 -53719.83
20160324 -56701.25
20160328 -56489.10
20160329 -53551.20
20160330 -54718.13
20160331 -51684.27
20160401 -54882.18
20160404 -58533.85
20160405 -56794.48
20160406 -57043.55
20160407 -56192.30
20160408 -53527.30
20160411 -47617.30
20160412 -47295.43
20160413 -48732.30
20160414 -51874.80
20160415 -48781.68
20160418 -49306.05
20160419 -43046.68
20160420 -42543.55
20160421 -42962.93
20160422 -48508.55
20160425 -46006.05
20160426 -43990.60
20160427 -41604.35
20160428 -37801.85
20160429 -32971.85
20160502 -32666.85
20160503 -36005.60
20160504 -38480.60
20160505 -40401.85
20160506 -35779.35
20160509 -42473.10
20160510 -38780.60
20160511 -34593.10
20160512 -36595.60
20160513 -37990.60
20160516 -36170.60
20160517 -34393.10
20160518 -37818.10
20160519 -45333.10
20160520 -45450.60
20160523 -47253.10
20160524 -49005.60
20160525 -46493.10
20160526 -46450.60
20160527 -46633.10
20160531 -48368.10
20160601 -47395.60
20160602 -44730.60
20160603 -44912.70
20160606 -42706.60
20160607 -41550.20
20160608 -35953.25
20160609 -37552.65
20160610 -38290.05
20160613 -37948.63
20160614 -38575.75
20160615 -38819.73
20160616 -39934.95
20160617 -36732.23
20160620 -36318.13
20160621 -39719.00
20160622 -43035.50
20160623 -42654.35
20160624 -50989.20
20160627 -48379.10
20160628 -43101.85
20160629 -36775.95
20160630 -35256.93
20160701 -27659.18
20160705 -30945.88
20160706 -30993.13
20160707 -36695.80
20160708 -32996.88
20160711 -31268.55
20160712 -34261.38
20160713 -31635.18
20160714 -33911.08
20160715 -37298.70
20160718 -36606.50
20160719 -38625.83
20160720 -42622.93
20160721 -39361.83
20160722 -41513.85
20160725 -42944.10
20160726 -42681.00
20160727 -40239.53
20160728 -35964.90
20160729 -32971.78
20160801 -33545.58
20160802 -32559.28
20160803 -33635.48
20160804 -32285.03
20160805 -37559.53
20160808 -39891.78
20160809 -40141.60
20160810 -40004.73
20160811 -43380.78
20160812 -47439.45
20160815 -48680.80
20160816 -47803.45
20160817 -51190.13
20160818 -49553.30
20160819 -53915.38
20160822 -55119.25
20160823 -53999.55
20160824 -57960.75
20160825 -57942.40
20160826 -58361.15
20160829 -59098.95
20160830 -60976.95
20160831 -61812.15
20160901 -62528.55
20160902 -60837.75
20160906 -60062.95
20160907 -60764.55
20160908 -60892.95
20160909 -60440.55
20160912 -60240.55
20160913 -58957.75
20160914 -58563.75
20160915 -58261.75
20160916 -56935.75
20160919 -56357.35
20160920 -56553.75
20160921 -56375.35
20160922 -57476.45
20160923 -59156.60
20160926 -57079.95
20160927 -55855.30
20160928 -56279.50
20160929 -58407.35
20160930 -57604.35
20161003 -59440.20
20161004 -56249.40
20161005 -53933.40
20161006 -53047.40
20161007 -51268.30
20161010 -52662.48
20161011 -51917.03
20161012 -52576.95
20161013 -52638.30
20161014 -50875.13
20161017 -51489.50
20161018 -52019.43
20161019 -54035.33
20161020 -54070.55
20161021 -54821.00
20161024 -54877.83
20161025 -55295.23
20161026 -54237.05
20161027 -54236.03
20161028 -57540.13
20161031 -58681.55
20161101 -64875.03
20161102 -67829.40
20161103 -64469.40
20161104 -62260.65
20161107 -56970.65
20161108 -57731.90
20161109 -67247.15
20161110 -69428.40
20161111 -67316.53
20161114 -65164.65
20161115 -65194.03
20161116 -65804.65
20161117 -62942.78
20161118 -62382.15
20161121 -63514.03
20161122 -65260.28
20161123 -62349.03
20161125 -62298.40
20161128 -65319.65
20161129 -66788.40
20161130 -63083.40
20161201 -62959.65
20161202 -66164.03
20161205 -66742.43
20161206 -65420.83
20161207 -69688.98
20161208 -66957.38
20161209 -62483.43
20161212 -66502.13
20161213 -64159.75
20161214 -67123.23
20161215 -54423.70
20161216 -54827.90
20161219 -55575.35
20161220 -55780.88
20161221 -56254.25
20161222 -53623.20
20161223 -53019.50
20161227 -52870.05
20161228 -53160.30
20161229 -58625.93
20161230 -57919.58
20170103 -62972.70
20170104 -65385.80
20170105 -70085.75
20170106 -67313.88
20170109 -72853.88
20170110 -75405.75
20170111 -75512.63
20170112 -75814.50
20170113 -75925.13
20170117 -80473.25
20170118 -81036.38
20170119 -78449.50
20170120 -79592.63
20170123 -84107.63
20170124 -83023.88
20170125 -82521.38
20170126 -82055.13
20170127 -82450.75
20170130 -84461.38
20170131 -85115.13
20170201 -83964.50
20170202 -84161.38
20170203 -83507.63
20170206 -84593.88
20170207 -85575.75
20170208 -86005.75
20170209 -85948.25
20170210 -85687.63
20170213 -86050.13
20170214 -85050.75
20170215 -84995.13
20170216 -85859.50
20170217 -85729.50
20170221 -84529.50
20170222 -87002.00
20170223 -85822.30
20170224 -86942.30
20170227 -85962.30
20170228 -86982.30
20170301 -86902.30
20170302 -87012.30
20170303 -87852.30
20170306 -88422.30
20170307 -87302.30
20170308 -87922.30
20170309 -88725.10
20170310 -89201.50
20170313 -88596.70
20170314 -86591.80
20170315 -88477.70
20170316 -87845.10
20170317 -88550.50
20170320 -88689.10
20170321 -88439.90
20170322 -87283.60
20170323 -86762.10
20170324 -87472.80
20170327 -86890.35
20170328 -88614.80
20170329 -90289.50
20170330 -90969.80
20170331 -90697.55
20170403 -89114.63
20170404 -91104.03
20170405 -91786.20
20170406 -92512.58
20170407 -94438.48
20170410 -94175.43
20170411 -93573.10
20170412 -93991.33
20170413 -93997.45
20170417 -93941.23
20170418 -92666.95
20170419 -93250.23
20170420 -92227.55
20170421 -91247.68
20170424 -93159.25
20170425 -94292.58
20170426 -92673.63
20170427 -92898.70
20170428 -95090.83
20170501 -97880.58
20170502 -97242.70
20170503 -100345.75
20170504 -94870.25
20170505 -95392.43
20170508 -96507.08
20170509 -95922.40
20170510 -99004.78
20170511 -98306.45
20170512 -97707.68
20170515 -98731.55
20170516 -97807.70
20170517 -99020.60
20170518 -95172.57
20170519 -97373.33
20170522 -99247.68
20170523 -99219.00
20170524 -97875.63
20170525 -97928.80
20170526 -98273.73
20170530 -98025.75
20170531 -95950.88
20170601 -94328.45
20170602 -93445.28
20170605 -95962.65
20170606 -94676.58
20170607 -96105.15
20170608 -98701.03
20170609 -100188.88
20170612 -100891.38
20170613 -99920.65
20170614 -95898.38
20170615 -100656.63
20170616 -99458.65
20170619 -97617.93
20170620 -95629.05
20170621 -91922.43
20170622 -90236.03
20170623 -93244.23
20170626 -95066.45
20170627 -95115.00
20170628 -94952.53
20170629 -95594.45
20170630 -97475.40
20170703 -99798.45
20170705 -97361.95
20170706 -98335.95
20170707 -93668.55
20170710 -94900.25
20170711 -95459.60
20170712 -97858.10
20170713 -101634.85
20170714 -105225.30
20170717 -106238.85
20170718 -107846.30
20170719 -108135.55
20170720 -106559.75
20170721 -105751.05
20170724 -106893.55
20170725 -109719.80
20170726 -108253.15
20170727 -109473.40
20170728 -108988.70
20170731 -108193.50
20170801 -111244.20
20170802 -110261.70
20170803 -110922.95
20170804 -111446.70
20170807 -110807.95
20170808 -111699.20
20170809 -112115.45
20170810 -113057.95
20170811 -112109.20
20170814 -112155.45
20170815 -112006.70
20170816 -111831.70
20170817 -113330.45
20170818 -114301.70
20170821 -113844.20
20170822 -114927.95
20170823 -113604.20
20170824 -114302.95
20170825 -112207.95
20170828 -109455.45
20170829 -108754.28
20170830 -110625.53
20170831 -110554.90
20170901 -110633.65
20170905 -108611.15
20170906 -109704.28
20170907 -105132.40
20170908 -105028.03
20170911 -108771.78
20170912 -108566.15
20170913 -110601.15
20170914 -110213.03
20170915 -111611.78
20170918 -115472.35
20170919 -114358.60
20170920 -114269.85
20170921 -117201.10
20170922 -116137.35
20170925 -115676.10
20170926 -117153.60
20170927 -119428.60
20170928 -118993.60
20170929 -120179.85
20171002 -123236.10
20171003 -123169.85
20171004 -123814.85
20171005 -123982.35
20171006 -124132.35
20171009 -123552.35
20171010 -123032.35
20171011 -123012.35
20171012 -124362.35
20171013 -124082.35
20171016 -124262.35
20171017 -123642.35
20171018 -124122.35
20171019 -125352.35
20171020 -125682.35
20171023 -126062.35
20171024 -125692.35
20171025 -126178.15
20171026 -125870.03
20171027 -124258.78
20171030 -124740.65
20171031 -123962.53
20171101 -123981.28
20171102 -124395.65
20171103 -123801.28
20171106 -124075.65
20171107 -124181.90
20171108 -124493.78
20171109 -124702.53
20171110 -124860.65
20171113 -124787.53
20171114 -127531.90
20171115 -128664.40
20171116 -128646.90
20171117 -127400.98
20171120 -127909.03
20171121 -127611.03
20171122 -126394.90
20171124 -123963.88
20171127 -126037.33
20171128 -127503.08
20171129 -128403.85
20171130 -126230.78
20171201 -125687.78
20171204 -125481.30
20171205 -123569.25
20171206 -125662.55
20171207 -122468.80
20171208 -121508.18
20171211 -120485.68
20171212 -118152.30
20171213 -121950.03
20171214 -122313.55
20171215 -121933.48
20171218 -125239.23
20171219 -124104.10
20171220 -124571.53
20171221 -123294.03
20171222 -125015.90
20171226 -126464.65
20171227 -129746.53
20171228 -131635.90
20171229 -132604.03
20180102 -135269.65
20180103 -134772.15
20180104 -133564.03
20180105 -134421.53
20180108 -135005.28
20180109 -133520.28
20180110 -132974.65
20180111 -131938.40
20180112 -128495.90
20180116 -127248.98
20180117 -127200.45
20180118 -127897.78
20180119 -128646.30
20180122 -128382.95
20180123 -126743.48
20180124 -121246.13
20180125 -121206.35
20180126 -120335.75
20180129 -122871.70
20180130 -124074.58
20180131 -125102.03
20180201 -123384.45
20180202 -125061.28
20180205 -129029.93
20180206 -131245.23
20180207 -136081.30
20180208 -135932.78
20180209 -139988.58
20180212 -138092.03
20180213 -136621.40
20180214 -132074.93
20180215 -131760.08
20180216 -132795.03
20180220 -135928.88
20180221 -135330.03
20180222 -136354.73
20180223 -137041.58
20180226 -137089.23
20180227 -137869.53
20180228 -139188.23
20180301 -140410.33
20180302 -138153.65
20180305 -137975.45
20180306 -136824.75
20180307 -136219.30
20180308 -137744.43
20180309 -138532.80
20180312 -138116.73
20180313 -137545.78
20180314 -138493.83
20180315 -137595.80
20180316 -136810.00
20180319 -137136.93
20180320 -137422.95
20180321 -136079.28
20180322 -136616.28
20180323 -134863.53
20180326 -133657.40
20180327 -135205.55
20180328 -136632.20
20180329 -137424.63
20180402 -135765.03
20180403 -135014.65
20180404 -135368.78
20180405 -136025.25
20180406 -136209.68
20180409 -137612.70
20180410 -136490.73
20180411 -137222.95
20180412 -137083.00
20180413 -136784.73
20180416 -136380.85
20180417 -135522.50
20180418 -134438.93
20180419 -133760.13
20180420 -133619.43
20180423 -132677.83
20180424 -133537.93
20180425 -132237.98
20180426 -132333.55
20180427 -133424.10
20180430 -133734.20
20180501 -133002.00
20180502 -132112.33
20180503 -132477.00
20180504 -130829.78
20180507 -129291.35
20180508 -131012.03
20180509 -128469.63
20180510 -130363.48
20180511 -130133.10
20180514 -129919.15
20180515 -124659.73
20180516 -124514.28
20180517 -124353.28
20180518 -124329.65
20180521 -124834.95
20180522 -125157.20
20180523 -126031.83
20180524 -129281.05
20180525 -132396.90
20180529 -133129.97
20180530 -134866.20
20180531 -134781.83
20180601 -136268.25
20180604 -136393.25
20180605 -137190.75
20180606 -138159.50
20180607 -136947.00
20180608 -137393.25
20180611 -135535.75
20180612 -135670.75
20180613 -135619.50
20180614 -131938.25
20180615 -130634.50
20180618 -131454.50
20180619 -130195.75
20180620 -129389.50
20180621 -128717.00
20180622 -130493.25
20180625 -130153.25
20180626 -128290.75
20180627 -126369.50
20180628 -123630.75
20180629 -125219.50
20180702 -120360.75
20180703 -122587.20
20180705 -123793.00
20180706 -127120.35
20180709 -126898.40
20180710 -124588.35
20180711 -122225.20
20180712 -123516.25
20180713 -119941.85
20180716 -123713.45
20180717 -120411.00
20180718 -119426.25
20180719 -118429.30
20180720 -121578.55
20180723 -120172.50
20180724 -120585.70
20180725 -122250.70
20180726 -119135.25
20180727 -119078.50
20180730 -120545.05
20180731 -121031.40
20180801 -117844.25
20180802 -114719.95
20180803 -116668.65
20180806 -115130.50
20180807 -116291.00
20180808 -116235.10
20180809 -116114.95
20180810 -110613.95
20180813 -106947.65
20180814 -107151.20
20180815 -101319.25
20180816 -105161.40
20180817 -106405.75
20180820 -105589.95
20180821 -107862.05
20180822 -106135.75
20180823 -101866.05
20180824 -107781.75
20180827 -110590.35
20180828 -107421.35
20180829 -106654.80
20180830 -103860.05
20180831 -104679.90
20180904 -102245.95
20180905 -103874.70
20180906 -104541.40
20180907 -104932.85
20180910 -104873.15
20180911 -103385.75
20180912 -106819.40
20180913 -105373.15
20180914 -103879.40
20180917 -103594.40
20180918 -102381.98
20180919 -104281.35
20180920 -106893.85
20180921 -106148.23
20180924 -106023.85
20180925 -105904.48
20180926 -107071.97
20180927 -104883.85
20180928 -107961.35
20181001 -103985.72
20181002 -108392.60
20181003 -106422.60
20181004 -108175.73
20181005 -109561.97
20181008 -104634.47
20181009 -104835.10
20181010 -106533.85
20181011 -115225.72
20181012 -115304.50
20181015 -114161.30
20181016 -114104.15
20181017 -113763.42
20181018 -114262.88
20181019 -114294.22
20181022 -116343.25
20181023 -115616.32
20181024 -114926.70
20181025 -113670.25
20181026 -116125.85
20181029 -117183.52
20181030 -117492.00
20181031 -115178.85
20181101 -117415.72
20181102 -114824.47
20181105 -113891.77
20181106 -114550.20
20181107 -113582.32
20181108 -111014.60
20181109 -110029.05
20181112 -109221.97
20181113 -103246.57
20181114 -97492.40
20181115 -106149.00
20181116 -104526.70
20181119 -101149.75
20181120 -98430.55
20181121 -100360.40
20181123 -97109.35
20181126 -98774.40
20181127 -98493.70
20181128 -93593.70
20181129 -95400.10
20181130 -94228.70
20181203 -100006.55
20181204 -99067.00
20181205 -98908.10
20181206 -99647.97
20181207 -97931.62
20181210 -95764.62
20181211 -97519.55
20181212 -99969.10
20181213 -102696.35
20181214 -104273.85
20181217 -104850.72
20181218 -100767.60
20181219 -102351.35
20181220 -100526.97
20181221 -100360.72
20181224 -96099.47
20181226 -99070.72
20181227 -96384.47
20181228 -96053.22
20181231 -95480.10
20190102 -94256.97
20190103 -92615.72
20190104 -95375.10
20190107 -96918.85
20190108 -98609.48
20190109 -101369.47
20190110 -102519.48
20190111 -101010.10
20190114 -99646.97
20190115 -101866.98
20190116 -101654.47
20190117 -102597.60
20190118 -106476.35
20190122 -105430.10
20190123 -104612.60
20190124 -105203.23
20190125 -101701.97
20190128 -99158.23
20190129 -99326.97
20190130 -99428.22
20190131 -96024.48
20190201 -99000.73
20190204 -100194.47
20190205 -98818.22
20190206 -100027.60
20190207 -97706.97
20190208 -96313.23
20190211 -97274.48
20190212 -99120.10
20190213 -99195.72
20190214 -100197.60
20190215 -98676.35
20190219 -94458.23
20190220 -91859.48
20190221 -96970.73
20190222 -95490.10
20190225 -96048.22
20190226 -96963.23
20190227 -98552.60
20190228 -100120.10
20190301 -103899.47
20190304 -104870.72
20190305 -105002.60
20190306 -104145.10
20190307 -102937.60
20190308 -104683.22
20190311 -105390.72
20190312 -106857.60
20190313 -108304.47
20190314 -107741.97
20190315 -108501.35
20190318 -108295.10
20190319 -108398.22
20190320 -108032.60
20190321 -106603.22
20190322 -105256.35
20190325 -105098.22
20190326 -104715.10
20190327 -103543.85
20190328 -104562.60
20190329 -105918.85
20190401 -106166.97
20190402 -104343.22
20190403 -105220.10
20190404 -104426.97
20190405 -101743.85
20190408 -101338.22
20190409 -103083.22
20190410 -102201.97
20190411 -100878.85
20190412 -101311.35
20190415 -102431.35
20190416 -101479.47
20190417 -100671.97
20190418 -100273.22
20190422 -100521.35
20190423 -98552.60
20190424 -98028.85
20190425 -100263.22
20190426 -104151.97
20190429 -102455.10
20190430 -102734.47
20190501 -99183.77
20190502 -98443.67
20190503 -100467.90
20190506 -100263.55
20190507 -100101.32
20190508 -98994.70
20190509 -99193.42
20190510 -99482.47
20190513 -101574.37
20190514 -101328.87
20190515 -99989.32
20190516 -96513.42
20190517 -92430.82
20190520 -94042.35
20190521 -95057.02
20190522 -96638.60
20190523 -99806.97
20190524 -101569.02
20190528 -101547.32
20190529 -103163.60
20190530 -104819.15
20190531 -106051.82
20190603 -106838.87
20190604 -108567.10
20190605 -107021.90
20190606 -107978.52
20190607 -109962.32
20190610 -109509.07
20190611 -110364.00
20190612 -107421.50
20190613 -107581.50
20190614 -109384.00
20190617 -108922.75
20190618 -109330.87
20190619 -108501.50
20190620 -105678.37
20190621 -106275.25
20190624 -105273.37
20190625 -105503.37
20190626 -107979.62
20190627 -109022.12
20190628 -106199.62
20190701 -110478.37
20190702 -108632.75
20190703 -105993.37
20190705 -110560.87
20190708 -111762.12
20190709 -112941.50
20190710 -113432.12
20190711 -112771.50
20190712 -113169.00
20190715 -110956.50
20190716 -111614.00
20190717 -108967.75
20190718 -106604.70
20190719 -107481.37
20190722 -107460.27
20190723 -110226.30
20190724 -108863.40
20190725 -111211.82
20190726 -110307.97
20190729 -108514.60
20190730 -106616.07
20190731 -106636.40
20190801 -105158.72
20190802 -100723.60
20190805 -98301.47
20190806 -96491.30
20190807 -89501.37
20190808 -94062.80
20190809 -96663.77
20190812 -94575.27
20190813 -97043.85
20190814 -91895.65
20190815 -90459.30
20190816 -90460.50
20190819 -94898.22
20190820 -93736.50
20190821 -92118.62
20190822 -92969.55
20190823 -85715.10
20190826 -86169.67
20190827 -82152.50
20190828 -82638.10
20190829 -86583.27
20190830 -83852.37
20190903 -76613.37
20190904 -77615.52
20190905 -85807.60
20190906 -89030.47
20190909 -89702.85
20190910 -91474.92
20190911 -90067.77
20190912 -91799.27
20190913 -97055.40
20190916 -89808.15
20190917 -92697.65
20190918 -94873.60
20190919 -96477.40
20190920 -95075.65
20190923 -88798.70
20190924 -90925.20
20190925 -98315.20
20190926 -99201.65
20190927 -101674.15
20190930 -109779.30
20191001 -105998.05
20191002 -102129.30
20191003 -102280.55
20191004 -102745.55
20191007 -102623.05
20191008 -102788.05
20191009 -102344.30
20191010 -105521.80
20191011 -110008.05
20191014 -107490.55
20191015 -109915.55
20191016 -110419.30
20191017 -109505.55
20191018 -109785.55
20191021 -109293.05
20191022 -109805.55
20191023 -110818.05
20191024 -109213.05
20191025 -109403.05
20191028 -109918.05
20191029 -109713.05
20191030 -110263.05
20191031 -109265.55
20191101 -108495.55
20191104 -108173.05
20191105 -111540.55
20191106 -111450.55
20191107 -110958.05
20191108 -110861.80
20191111 -114026.80
20191112 -114963.05
20191113 -113776.80
20191114 -113225.55
20191115 -113689.30
20191118 -114898.05
20191119 -116221.80
20191120 -113741.80
20191121 -111834.30
20191122 -112289.30
20191125 -111150.55
20191126 -112179.30
20191127 -110649.30
20191129 -112084.30
20191202 -110298.05
20191203 -113153.05
20191204 -113266.90
20191205 -112124.50
20191206 -109766.25
20191209 -107222.25
20191210 -106525.15
20191211 -107452.45
20191212 -107601.70
20191213 -111372.67
20191216 -109124.75
20191217 -109742.15
20191218 -108874.20
20191219 -112195.42
20191220 -112001.62
20191223 -114736.17
20191224 -114417.02
20191226 -115678.62
20191227 -113187.87
20191230 -113404.07
20191231 -114517.90
20200102 -116393.32
20200103 -114078.60
20200106 -113235.35
20200107 -114188.40
20200108 -122387.80
20200109 -124839.00
20200110 -123290.80
20200113 -127095.00
20200114 -128554.55
20200115 -126135.55
20200116 -125897.60
20200117 -123435.20
20200121 -124008.20
20200122 -125055.00
20200123 -124490.80
20200124 -122404.90
20200127 -122555.25
20200128 -125918.15
20200129 -124419.15
20200130 -120815.27
20200131 -118985.37
20200203 -117979.90
20200204 -121272.75
20200205 -121151.60
20200206 -121596.02
20200207 -120075.05
20200210 -116615.65
20200211 -117863.12
20200212 -118908.72
20200213 -118857.50
20200214 -118652.00
20200218 -117688.10
20200219 -118702.10
20200220 -117096.82
20200221 -113844.60
20200224 -104318.27
20200225 -109199.57
20200226 -110966.70
20200227 -110224.37
20200228 -112775.95
20200302 -115468.67
20200303 -113464.05
20200304 -114326.35
20200305 -110584.80
20200306 -102851.67
20200309 -89244.17
20200310 -100653.55
20200311 -100327.92
20200312 -101233.95
20200313 -96709.80
20200316 -80039.10
20200317 -79603.22
20200318 -70130.57
20200319 -75784.10
20200320 -72890.62
20200323 -79932.47
20200324 -89647.57
20200325 -96933.75
20200326 -92449.77
20200327 -89113.42
20200330 -84234.02
20200331 -89104.95
20200401 -84979.97
20200402 -86733.72
20200403 -86591.12
20200406 -85469.80
20200407 -88388.90
20200408 -87282.70
20200409 -80843.65
20200413 -74881.82
20200414 -73029.30
20200415 -71220.00
20200416 -72614.37
20200417 -75025.82
20200420 -72674.87
20200421 -62788.92
20200422 -62797.27
20200423 -66663.52
20200424 -66905.77
20200427 -64969.80
20200428 -64567.22
20200429 -68602.10
20200430 -75259.85
20200501 -77426.85
20200504 -75894.70
20200505 -82589.67
20200506 -83145.97
20200507 -81755.67
20200508 -85687.12
20200511 -86549.85
20200512 -87212.32
20200513 -83652.90
20200514 -86443.77
20200515 -86492.92
20200518 -93712.70
20200519 -93038.07
20200520 -93702.62
20200521 -95735.55
20200522 -93758.30
20200526 -99513.32
20200527 -97162.07
20200528 -97434.57
20200529 -96261.52
20200601 -96536.70
20200602 -99061.85
20200603 -104229.22
20200604 -101793.30
20200605 -106773.35
20200608 -106705.85
20200609 -105567.10
20200610 -104709.60
20200611 -105889.60
20200612 -105675.85
20200615 -103574.60
20200616 -103474.60
20200617 -105189.60
20200618 -104958.35
20200619 -105237.10
20200622 -105043.35
20200623 -104210.85
20200624 -104423.35
20200625 -103073.35
20200626 -103240.85
20200629 -106090.85
20200630 -106854.60
20200701 -106704.60
20200702 -107372.10
20200706 -104863.35
20200707 -106692.10
20200708 -105703.35
20200709 -105078.35
20200710 -105332.10
20200713 -105234.60
20200714 -104429.60
20200715 -104062.10
20200716 -103893.35
20200717 -104380.85
20200720 -102005.85
20200721 -94358.35
20200722 -85632.10
20200723 -84249.60
20200724 -84308.90
20200727 -70559.52
20200728 -71706.40
20200729 -70528.27
20200730 -74012.65
20200731 -67857.65
20200803 -68558.27
20200804 -57023.90
20200805 -49115.15
20200806 -41052.02
20200807 -51963.90
20200810 -43529.52
20200811 -70160.77
20200812 -69103.27
20200813 -56027.70
20200814 -66044.50
20200817 -51935.55
20200818 -45684.70
20200819 -54820.20
20200820 -59800.30
20200821 -61579.40
20200824 -62237.55
20200825 -63380.30
20200826 -55331.90
20200827 -56691.60
20200828 -47465.75
20200831 -41553.55
20200901 -41753.25
20200902 -52749.95
20200903 -54839.00
20200904 -53676.50
20200908 -54579.00
20200909 -52899.00
20200910 -49330.25
20200911 -51531.50
20200914 -50756.50
20200915 -50036.50
20200916 -51124.00
20200917 -55255.25
20200918 -54675.25
20200921 -76795.25
20200922 -76081.50
20200923 -86445.25
20200924 -87080.25
20200925 -86595.25
20200928 -86549.00
20200929 -86619.00
20200930 -84900.25
20201001 -84851.85
20201002 -85111.70
20201005 -86335.75
20201006 -86155.85
20201007 -84339.65
20201008 -84627.30
20201009 -82831.35
20201012 -85249.40
20201013 -85549.00
20201014 -83738.70
20201015 -83562.35
20201016 -83662.35
20201019 -81862.55
20201020 -81732.42
20201021 -80834.72
20201022 -81933.62
20201023 -80695.82
20201026 -80999.82
20201027 -81463.25
20201028 -83162.92
20201029 -82613.60
20201030 -81823.40
20201102 -82288.32
20201103 -82835.20
20201104 -83814.22
20201105 -82604.55
20201106 -81595.45
20201109 -83884.27
20201110 -82382.65
20201111 -82572.32
20201112 -82587.60
20201113 -82730.92
20201116 -81706.60
20201117 -81188.92
20201118 -80512.75
20201119 -81277.52
20201120 -81731.55
20201123 -81486.25
20201124 -79039.45
20201125 -79225.60
20201127 -75982.72
20201130 -79316.80
20201201 -89636.17
20201202 -89032.25
20201203 -86514.67
20201204 -87530.82
20201207 -93078.37
20201208 -94481.82
20201209 -86302.22
20201210 -87182.55
20201211 -89488.27
20201214 -88066.10
20201215 -91546.55
20201216 -93191.70
20201217 -94148.90
20201218 -93579.57
20201221 -93551.90
20201222 -96334.45
20201223 -92214.65
20201224 -91106.87
20201228 -89957.90
20201229 -88196.95
20201230 -86736.27
20201231 -87916.70
20210104 -87828.67
20210105 -82326.72
20210106 -83189.25
20210107 -83333.50
20210108 -93217.87
20210111 -94146.35
20210112 -92047.80
20210113 -93478.45
20210114 -90473.22
20210115 -94554.00
20210119 -99022.87
20210120 -102951.22
20210121 -102095.75
20210122 -106046.72
20210125 -105017.32
20210126 -102616.07
20210127 -102087.62
20210128 -108151.57
20210129 -103316.52
20210201 -90754.37
20210202 -103027.57
20210203 -98490.70
20210204 -96684.50
20210205 -93514.47
20210208 -90857.47
20210209 -91349.57
20210210 -95571.55
20210211 -93085.75
20210212 -89363.65
20210216 -83012.27
20210217 -79173.42
20210218 -80416.80
20210219 -80418.30
20210222 -73432.30
20210223 -72883.90
20210224 -67505.95
20210225 -64763.05
20210226 -71094.22
20210301 -71979.27
20210302 -73656.00
20210303 -72244.55
20210304 -70847.65
20210305 -68476.47
20210308 -66990.47
20210309 -72014.60
20210310 -73678.02
20210311 -70718.15
20210312 -69661.37
20210315 -71069.45
20210316 -69325.35
20210317 -70873.17
20210318 -76835.80
20210319 -75575.77
20210322 -76336.50
20210323 -77334.75
20210324 -73296.37
20210325 -75341.80
20210326 -73683.05
20210329 -70870.55
20210330 -69253.67
20210331 -73478.67
20210401 -76941.80
20210405 -78888.05
20210406 -82862.42
20210407 -82050.55
20210408 -85728.67
20210409 -83434.30
20210412 -81639.92
20210413 -86025.55
20210414 -80930.55
20210415 -87429.92
20210416 -90357.42
20210419 -87898.05
20210420 -88068.67
20210421 -90584.92
20210422 -89110.55
20210423 -87096.17
20210426 -83543.62
20210427 -81506.92
20210428 -80658.87
20210429 -82238.45
20210430 -81440.57
20210503 -80899.95
20210504 -78246.90
20210505 -73860.20
20210506 -71831.55
20210507 -72589.90
20210510 -74801.15
20210511 -71996.70
20210512 -71110.40
20210513 -77920.50
20210514 -77501.00
20210517 -76608.65
20210518 -75786.00
20210519 -81270.95
20210520 -82450.15
20210521 -84718.30
20210524 -80701.60
20210525 -77568.90
20210526 -76737.60
20210527 -74298.05
20210528 -70249.25
20210601 -67117.15
20210602 -64590.85
20210603 -74099.60
20210604 -65537.25
20210607 -66214.35
20210608 -66921.00
20210609 -66556.10
20210610 -66452.00
20210611 -69753.35
20210614 -76406.47
20210615 -80365.90
20210616 -80298.35
20210617 -98153.40
20210618 -98102.15
20210621 -96775.42
20210622 -96950.42
20210623 -95467.30
20210624 -94600.42
20210625 -91682.92
20210628 -89849.17
20210629 -90346.67
20210630 -89591.05
20210701 -89211.67
20210702 -89741.67
20210706 -93471.05
20210707 -94029.17
20210708 -91162.92
20210709 -90432.92
20210712 -89221.05
20210713 -89679.17
20210714 -90059.17
20210715 -91486.67
20210716 -89109.80
20210719 -94289.80
20210720 -89435.42
20210721 -85717.92
20210722 -78518.55
20210723 -79801.67
20210726 -72289.17
20210727 -76217.30
20210728 -77797.92
20210729 -83401.45
20210730 -90235.12
20210802 -92104.70
20210803 -90417.35
20210804 -88430.22
20210805 -86851.80
20210806 -82792.10
20210809 -76594.80
20210810 -75426.02
20210811 -77756.67
20210812 -76078.27
20210813 -83237.82
20210816 -82955.72
20210817 -84853.17
20210818 -82816.42
20210819 -82765.77
20210820 -82419.10
20210823 -86204.10
20210824 -86875.97
20210825 -84407.35
20210826 -80310.85
20210827 -81250.15
20210830 -78792.30
20210831 -80076.02
20210901 -79055.17
20210902 -77431.95
20210903 -82102.42
20210907 -81588.60
20210908 -77688.65
20210909 -78184.90
20210910 -78352.65
20210913 -75017.97
20210914 -75389.12
20210915 -71848.17
20210916 -68093.65
20210917 -69426.10
20210920 -71744.50
20210921 -75175.05
20210922 -75689.35
20210923 -70436.70
20210924 -66593.65
20210927 -62981.15
20210928 -58715.70
20210929 -59963.85
20210930 -61086.32
20211001 -62571.17
20211004 -62841.82
20211005 -58261.37
20211006 -64315.35
20211007 -61995.07
20211008 -60172.32
20211011 -58446.90
20211012 -51707.47
20211013 -59792.05
20211014 -60508.20
20211015 -63751.75
20211018 -68617.17
20211019 -69456.55
20211020 -69763.42
20211021 -70130.30
20211022 -68657.80
20211025 -62451.55
20211026 -59894.67
20211027 -63290.92
20211028 -68154.05
20211029 -68007.17
20211101 -68642.80
20211102 -65854.05
20211103 -66714.67
20211104 -67301.55
20211105 -68350.92
20211108 -69149.67
20211109 -70334.05
20211110 -70707.17
20211111 -65765.92
20211112 -64184.05
20211115 -62818.42
20211116 -63088.42
20211117 -61818.42
20211118 -64757.17
20211119 -65885.30
20211122 -68799.05
20211123 -64504.05
20211124 -62754.67
20211126 -71194.05
20211129 -74394.05
20211130 -75745.85
20211201 -75314.60
20211202 -73812.00
20211203 -71607.60
20211206 -67539.30
20211207 -70198.95
20211208 -72238.30
20211209 -73657.05
20211210 -79197.05
20211213 -75958.30
20211214 -74643.30
20211215 -74743.30
20211216 -80318.30
20211217 -79847.05
20211220 -83595.45
20211221 -84989.70
20211222 -86555.85
20211223 -85540.95
20211227 -88753.60
20211228 -90171.10
20211229 -89215.40
20211230 -87273.25
20211231 -90787.75
20220103 -90599.70
20220104 -84624.65
20220105 -85847.95
20220106 -84761.20
20220107 -82685.02
20220110 -86018.62
20220111 -87944.72
20220112 -93089.82
20220113 -95750.45
20220114 -94846.85
20220118 -95530.10
20220119 -91997.42
20220120 -90696.87
20220121 -94413.90
20220124 -98764.97
20220125 -93982.00
20220126 -89285.32
20220127 -92251.35
20220128 -89621.77
20220131 -88842.30
20220201 -86306.00
20220202 -84387.50
20220203 -81647.82
20220204 -78627.87
20220207 -77739.40
20220208 -76294.87
20220209 -71412.25
20220210 -72783.77
20220211 -73625.22
20220214 -70138.42
20220215 -73306.17
20220216 -67595.55
20220217 -66853.87
20220218 -67603.02
20220222 -62028.55
20220223 -60847.35
20220224 -67087.20
20220225 -79950.62
20220228 -72494.50
20220301 -51795.50
20220302 -49814.25
20220303 -50651.75
20220304 -37111.75
20220307 -30585.95
20220308 -13650.50
20220309 -43839.30
20220310 -41465.10
20220311 -38487.05
20220314 -51817.45
20220315 -59909.20
20220316 -69008.97
20220317 -53603.37
20220318 -57478.32
20220321 -47256.95
20220322 -50616.30
20220323 -40113.62
20220324 -34018.72
20220325 -28861.72
20220328 -40765.37
20220329 -53986.72
20220330 -45875.40
20220331 -55938.00
