CL,EC,GC,KC,NG,S_,LH,SB,SI,TY,
20100129,0,5656.25,0,618.75,0,412.5,-1620.0,3248.0,70.0,-2188.8,
20100226,-6020.0,8481.25,0,1406.25,0,-1512.5,-1750.0,-1713.6,-1475.0,-2188.8,
20100331,-6020.0,9943.75,0,-1256.25,5160.0,-512.5,-2960.0,1870.4,-5525.0,-2188.8,
20100430,-11340.0,12618.75,2830.0,-1256.25,5540.0,-2050.0,-1510.0,3584.0,-5525.0,-2235.52,
20100528,-7180.0,25456.25,6010.0,-1256.25,1910.0,-2050.0,-3470.0,4659.2,-9420.0,545.73,
20100630,-7760.0,25868.75,9100.0,7875.0,-4760.0,-2050.0,-5740.0,2027.2,-17240.0,3217.6,
20100730,-10710.0,19056.25,3700.0,11793.75,-6460.0,812.5,-5740.0,3908.8,-23120.0,4483.23,
20100831,-11430.0,19056.25,3700.0,11981.25,-5270.0,487.5,-5740.0,4110.4,-24225.0,7108.23,
20100930,-11430.0,22225.0,7730.0,13706.25,-4550.0,5325.0,-6940.0,9497.6,-12280.0,7530.1,
20101029,-14190.0,26137.5,12530.0,13031.25,-2720.0,11237.5,-5350.0,15814.4,1435.0,7764.48,
20101130,-15200.0,19256.25,15230.0,11175.0,-5160.0,11587.5,-6210.0,14056.0,19450.0,6717.6,
20101231,-13180.0,19256.25,18760.0,25912.5,-5160.0,19087.5,-7180.0,19174.4,33075.0,8639.35,
20110131,-17700.0,19256.25,11200.0,27525.0,-8880.0,19587.5,-5360.0,21246.4,12725.0,8279.98,
20110228,-18420.0,19256.25,7520.0,36768.75,-9860.0,15950.0,-7220.0,17382.4,22015.0,8795.6,
20110331,-9450.0,21506.25,2300.0,33937.5,-12180.0,15950.0,-7970.0,17382.4,42355.0,8421.2,
20110429,-2800.0,30031.25,13950.0,46237.5,-12180.0,15950.0,-7720.0,19667.2,95805.0,8578.95,
20110531,-14970.0,20312.5,11890.0,35868.75,-12200.0,15950.0,-5550.0,18625.6,28775.0,11438.33,
20110630,-16110.0,20312.5,8490.0,31518.75,-15100.0,16087.5,-8220.0,16385.6,28775.0,11157.08,
20110729,-16070.0,15125.0,12130.0,41287.5,-15100.0,13412.5,-8220.0,20272.0,28775.0,14516.45,
20110831,-9050.0,15125.0,32180.0,32625.0,-15790.0,13050.0,-8220.0,20126.4,18900.0,18828.95,
20110930,780.0,22281.25,15410.0,24281.25,-11280.0,14512.5,-8120.0,17617.6,21400.0,19891.45,
20111031,-9140.0,14993.75,15410.0,25012.5,-12020.0,13050.0,-8330.0,17617.6,45.0,17656.8,
20111130,-8340.0,14993.75,15410.0,22556.25,-6760.0,17350.0,-9370.0,17315.2,8280.0,17656.8,
20111230,-10090.0,16093.75,17840.0,26325.0,-770.0,14000.0,-9370.0,17752.0,32725.0,17641.47,
20120131,-10610.0,14606.25,6720.0,23512.5,4490.0,12737.5,-9370.0,16284.8,14850.0,18766.47,
20120229,-10020.0,11650.0,6720.0,28725.0,4760.0,14625.0,-9370.0,16396.8,5435.0,17750.85,
20120330,-14890.0,11650.0,6720.0,36525.0,10590.0,18775.0,-8960.0,16060.8,-7125.0,16827.1,
20120430,-14890.0,11650.0,6720.0,38475.0,9880.0,24062.5,-7350.0,15097.6,-7125.0,15922.0,
20120531,-3200.0,18718.75,10570.0,45562.5,7540.0,16925.0,-8700.0,17001.6,1785.0,17922.37,
20120629,-1300.0,15143.75,6570.0,42468.75,7310.0,16900.0,-9240.0,14280.0,2730.0,17359.87,
20120731,-4100.0,19581.25,6020.0,40837.5,11340.0,29275.0,-9790.0,14280.0,1220.0,18641.12,
20120831,-7760.0,16918.75,9050.0,40837.5,6160.0,35050.0,-11520.0,14280.0,6355.0,17171.6,
20120928,-7760.0,17731.25,17680.0,40837.5,6160.0,25312.5,-13620.0,14280.0,22030.0,17171.6,
20121031,-8100.0,19043.75,12200.0,40837.5,5290.0,25312.5,-13620.0,14280.0,10725.0,17171.6,
20121130,-10340.0,15787.5,9290.0,43350.0,3890.0,26162.5,-13550.0,14280.0,5200.0,17110.02,
20121231,-11650.0,15518.75,8340.0,45900.0,3500.0,27325.0,-14030.0,13182.4,8585.0,16140.4,
20130131,-10120.0,20143.75,9930.0,40631.25,3810.0,24775.0,-13420.0,14000.0,-2500.0,16202.55,
20130228,-16060.0,14762.5,18320.0,39581.25,2920.0,24775.0,-13010.0,14190.4,3060.0,15062.4,
20130329,-16060.0,14625.0,16760.0,41850.0,2600.0,24775.0,-12410.0,13832.0,3605.0,15062.4,
20130430,-20650.0,10118.75,29120.0,43481.25,5420.0,21800.0,-13010.0,13753.6,24505.0,16016.2,
20130531,-20650.0,10118.75,37110.0,41925.0,1360.0,25325.0,-13320.0,14929.6,34215.0,13779.65,
20130628,-25140.0,7075.0,54040.0,45206.25,2010.0,24762.5,-11970.0,14828.8,48210.0,16435.9,
20130731,-19580.0,7075.0,45150.0,40275.0,3230.0,22537.5,-12460.0,14772.8,47420.0,16560.9,
20130830,-16820.0,4681.25,41280.0,40275.0,2280.0,23012.5,-10740.0,14750.4,32685.0,17545.27,
20130930,-21250.0,4206.25,41280.0,40406.25,1020.0,19275.0,-9220.0,14907.2,21900.0,16436.8,
20131031,-18270.0,5018.75,41280.0,43518.75,1020.0,19275.0,-8200.0,15108.8,21900.0,16671.65,
20131129,-13960.0,2918.75,42500.0,42618.75,-1240.0,19275.0,-9760.0,14593.6,21900.0,15952.9,
20131231,-21250.0,1962.5,47310.0,41212.5,370.0,19275.0,-9380.0,14313.6,23205.0,14951.6,
20140131,-21250.0,-587.5,40750.0,42243.75,3110.0,19275.0,-10050.0,15276.8,24455.0,14951.6,
20140228,-19620.0,-587.5,39440.0,62062.5,8020.0,23325.0,-8570.0,14168.0,13660.0,14951.6,
20140331,-24630.0,-1437.5,35660.0,61162.5,5610.0,25825.0,-1920.0,14168.0,8925.0,13107.3,
20140430,-24630.0,-2250.0,35780.0,70781.25,9870.0,28450.0,-3540.0,14168.0,8925.0,13107.3,
20140530,-25930.0,-5075.0,36230.0,61368.75,6220.0,27475.0,-6240.0,14168.0,9270.0,14248.17,
20140630,-22780.0,-6475.0,30700.0,61368.75,6220.0,27400.0,-6240.0,14168.0,3175.0,13904.42,
20140731,-26460.0,-2650.0,30700.0,61368.75,10840.0,31162.5,-4360.0,15366.4,-1345.0,12653.3,
20140829,-28460.0,562.5,30700.0,61368.75,9020.0,34050.0,-2340.0,16452.8,-3225.0,13060.75,
20140930,-24880.0,6950.0,33750.0,54543.75,8480.0,39200.0,-5910.0,17124.8,2495.0,11856.1,
20141031,-15010.0,8262.5,37750.0,49687.5,7010.0,34287.5,-5910.0,17584.0,7250.0,12262.87,
20141128,-600.0,9437.5,37430.0,49687.5,400.0,34287.5,-5910.0,18088.0,10275.0,13575.37,
20141231,12610.0,13662.5,32590.0,49687.5,10270.0,34287.5,-5660.0,19286.4,10060.0,13325.37,
20150130,18120.0,23800.0,34910.0,49537.5,11940.0,34287.5,-1220.0,17964.8,910.0,17403.5,
20150227,17280.0,25062.5,28780.0,58631.25,11650.0,34287.5,690.0,18356.8,-1700.0,13934.1,
20150331,21430.0,30650.0,21570.0,61481.25,12830.0,33350.0,2820.0,20417.6,-1700.0,13934.1,
20150430,17190.0,25912.5,21570.0,60806.25,12110.0,32612.5,660.0,18939.2,-1700.0,13934.1,
20150529,16900.0,25912.5,21570.0,65043.75,9000.0,33137.5,660.0,18524.8,-1700.0,12152.5,
20150630,15660.0,25912.5,21570.0,63618.75,9000.0,34237.5,-520.0,18032.0,-1700.0,11495.02,
20150731,17460.0,25912.5,27610.0,66300.0,9000.0,30137.5,-1980.0,19521.6,1095.0,10526.9,
20150831,15920.0,23362.5,21190.0,63056.25,8470.0,29487.5,-1980.0,20025.6,2015.0,9606.35,
20150930,20330.0,22100.0,21190.0,64162.5,9230.0,29262.5,-1250.0,18928.0,-1550.0,11278.22,
20151030,16210.0,18381.25,16790.0,61762.5,14160.0,29550.0,-3460.0,20148.8,-4110.0,10231.35,
20151130,16720.0,21425.0,16070.0,61762.5,16230.0,29787.5,-4720.0,20608.0,-6425.0,9980.9,
20151231,22560.0,17875.0,16580.0,61762.5,15710.0,29600.0,-6240.0,20955.2,-6425.0,9980.9,
20160129,26950.0,16493.75,11880.0,60750.0,16070.0,29600.0,-6240.0,20462.4,-6425.0,10575.35,
20160229,28980.0,11525.0,17490.0,58668.75,22410.0,29600.0,-6240.0,19264.0,-11305.0,11872.22,
20160331,24670.0,12787.5,17420.0,55818.75,20690.0,30150.0,-6240.0,18132.8,-8575.0,11747.22,
20160429,25560.0,13450.0,22910.0,53700.0,19430.0,35625.0,-6240.0,17270.4,2955.0,10653.3,
20160531,28060.0,10562.5,17750.0,50268.75,19430.0,38062.5,-6240.0,17270.4,-5900.0,10653.3,
20160630,26760.0,10175.0,13480.0,53625.0,23940.0,43212.5,-6620.0,19924.8,-3685.0,12216.32,
20160729,24370.0,9000.0,16420.0,53831.25,23810.0,37037.5,-4860.0,18491.2,4935.0,12278.82,
20160831,18840.0,8506.25,11940.0,50118.75,20320.0,37037.5,-6380.0,19622.4,-4450.0,10918.5,
20160930,18840.0,8506.25,11940.0,47793.75,18350.0,37037.5,-610.0,22355.2,-4450.0,10918.5,
20161031,18840.0,9143.75,13450.0,48881.25,18500.0,37037.5,-2200.0,20753.6,-5985.0,11182.9,
20161130,18840.0,10712.5,16400.0,44737.5,15950.0,37300.0,-2960.0,20552.0,-9295.0,12965.15,
20161230,18380.0,11662.5,18620.0,46218.75,15950.0,35450.0,-2400.0,20115.2,-6830.0,13199.52,
20170131,16690.0,8956.25,11850.0,39993.75,15950.0,33325.0,-1710.0,18278.4,-13175.0,13012.02,
20170228,15700.0,8956.25,11850.0,39993.75,16310.0,33325.0,-2370.0,18278.4,-13175.0,12434.85,
20170331,14150.0,6400.0,11850.0,39993.75,12920.0,36000.0,-2720.0,19734.4,-13175.0,12434.85,
20170428,11820.0,6750.0,9400.0,40856.25,11570.0,36012.5,-3660.0,20529.6,-13175.0,13091.37,
20170531,8200.0,10937.5,6410.0,42375.0,11570.0,38025.0,-4180.0,21940.8,-16910.0,13966.37,
20170630,7790.0,12893.75,2390.0,44606.25,11580.0,36400.0,-3550.0,23374.4,-17875.0,13200.75,
20170731,5650.0,17812.5,-1600.0,41362.5,13820.0,35025.0,-4900.0,22142.4,-22170.0,12949.65,
20170831,5650.0,18456.25,410.0,41362.5,11690.0,33000.0,-4830.0,22019.2,-22900.0,12872.7,
20170929,5630.0,17143.75,-3860.0,41362.5,11580.0,33000.0,-3110.0,22019.2,-27625.0,11965.25,
20171031,8110.0,15681.25,-3860.0,41362.5,9600.0,33000.0,-5430.0,22019.2,-27625.0,11465.07,
20171130,10940.0,12668.75,-3860.0,41362.5,7150.0,33000.0,-5430.0,21627.2,-27525.0,12121.32,
20171229,13920.0,12668.75,-7400.0,40218.75,7780.0,31637.5,-5430.0,20115.2,-29950.0,12121.32,
20180131,18280.0,16662.5,-6150.0,39018.75,6310.0,30275.0,-6360.0,20507.2,-29950.0,14590.07,
20180228,12330.0,13781.25,-8670.0,38193.75,2750.0,31387.5,-6500.0,20216.0,-29950.0,15558.82,
20180329,12330.0,14481.25,-9560.0,39637.5,2750.0,29137.5,-3800.0,21369.6,-29950.0,14465.07,
20180430,13910.0,14393.75,-10290.0,38625.0,2750.0,29137.5,-2260.0,22254.4,-29950.0,15980.7,
20180531,12300.0,19675.0,-8310.0,38512.5,2610.0,26875.0,-3240.0,21313.6,-29950.0,13717.62,
20180629,12300.0,20268.75,-3290.0,39656.25,2330.0,33900.0,-4230.0,21313.6,-32165.0,12982.45,
20180731,6220.0,20256.25,-240.0,41606.25,1560.0,31950.0,-410.0,22299.2,-28970.0,12982.45,
20180831,6220.0,20262.5,2450.0,45787.5,1560.0,35725.0,-290.0,22243.2,-23335.0,12982.45,
20180928,6770.0,20262.5,3500.0,45543.75,1430.0,35625.0,-3110.0,21291.2,-24110.0,13121.75,
20181031,2990.0,22525.0,780.0,39375.0,3350.0,34400.0,-3110.0,21291.2,-21960.0,13465.5,
20181130,15790.0,22943.75,780.0,37931.25,16390.0,34400.0,-3110.0,20899.2,-24825.0,12857.65,
20181231,21580.0,21618.75,4170.0,37931.25,5750.0,32237.5,-3110.0,20451.2,-22135.0,14311.75,
20190131,13440.0,20931.25,7940.0,37931.25,5750.0,32237.5,-1710.0,20451.2,-19475.0,14764.87,
20190228,12560.0,20362.5,7030.0,37931.25,5750.0,32237.5,30.0,20451.2,-22155.0,13968.0,
20190329,12560.0,20537.5,3560.0,38156.25,5750.0,32825.0,-3710.0,20451.2,-23950.0,16186.75,
20190430,14110.0,20812.5,2530.0,39600.0,5750.0,35012.5,-3840.0,20451.2,-24515.0,15639.87,
20190531,9930.0,21806.25,1010.0,38025.0,5930.0,33825.0,-4950.0,20697.6,-22430.0,18389.87,
20190628,5200.0,20175.0,7810.0,39037.5,7220.0,33125.0,-5270.0,20204.8,-25025.0,19608.62,
20190731,3600.0,21312.5,8930.0,35512.5,7790.0,33125.0,-6060.0,19622.4,-21245.0,19061.75,
20190830,-810.0,23037.5,18090.0,35512.5,7310.0,33125.0,-3070.0,20820.8,-12285.0,22702.37,
20190930,-7720.0,24312.5,12440.0,35512.5,4100.0,33125.0,-4240.0,20014.4,-19005.0,19966.85,
20191031,-11870.0,21281.25,13150.0,35512.5,4100.0,32125.0,-1600.0,20014.4,-13660.0,19966.85,
20191129,-11870.0,21281.25,12120.0,38343.75,1290.0,31075.0,330.0,20014.4,-16350.0,19966.85,
20191231,-10470.0,21481.25,9570.0,42337.5,2360.0,31075.0,-970.0,20440.0,-21600.0,19543.9,
20200131,-13960.0,19181.25,13930.0,36356.25,5610.0,31887.5,2330.0,21772.8,-26775.0,18967.37,
20200228,-6890.0,20168.75,11810.0,36356.25,7300.0,31337.5,2060.0,21761.6,-30565.0,22170.5,
20200331,17770.0,13843.75,1730.0,36356.25,8500.0,31675.0,5180.0,22377.6,-24360.0,26108.0,
20200430,25070.0,13843.75,11490.0,36356.25,5620.0,33587.5,5730.0,22635.2,-27790.0,26483.0,
20200529,8490.0,13843.75,14980.0,36843.75,5660.0,34312.5,3040.0,22030.4,-33925.0,26748.62,
20200630,8490.0,13043.75,8970.0,35756.25,7180.0,33037.5,3040.0,21168.0,-33925.0,24670.45,
20200731,8490.0,19868.75,22390.0,33600.0,7290.0,33062.5,3040.0,21168.0,-13450.0,24968.65,
20200831,8490.0,21618.75,21660.0,35662.5,8090.0,36112.5,3040.0,20518.4,7665.0,23874.85,
20200930,8490.0,18781.25,12230.0,29212.5,3080.0,39612.5,8650.0,19779.2,-20325.0,23874.85,
20201030,7250.0,19043.75,12230.0,29212.5,3080.0,41537.5,9640.0,20451.2,-20325.0,24342.2,
20201130,2410.0,18875.0,18350.0,29212.5,1730.0,47150.0,10240.0,20619.2,-22710.0,23092.05,
20201231,5380.0,22193.75,6290.0,29212.5,4960.0,54175.0,8080.0,21716.8,-34825.0,23185.8,
20210129,9010.0,20906.25,2430.0,26587.5,1460.0,57125.0,8080.0,22097.6,-46960.0,24232.67,
20210226,18290.0,19450.0,14580.0,31275.0,1460.0,58712.5,11750.0,23822.4,-49600.0,27451.42,
20210331,15920.0,21093.75,16140.0,27468.75,1460.0,60337.5,17090.0,22299.2,-56235.0,29232.67,
20210430,20290.0,16981.25,8100.0,28575.0,1460.0,66725.0,18860.0,22164.8,-64450.0,28138.92,
20210528,23020.0,16981.25,10830.0,36412.5,-1490.0,66537.5,22130.0,22590.4,-65755.0,26779.65,
20210630,30430.0,16981.25,-300.0,34650.0,2420.0,62912.5,17790.0,21660.8,-72725.0,24874.95,
20210730,23510.0,16981.25,-300.0,42075.0,5240.0,62912.5,17790.0,20753.6,-77740.0,26828.07,
20210831,23510.0,16981.25,-9230.0,47043.75,9670.0,62912.5,17790.0,22915.2,-69805.0,26421.82,
20210930,23280.0,17206.25,-12230.0,46331.25,23900.0,62912.5,17790.0,22646.4,-60010.0,25372.82,
20211029,32370.0,17600.0,-15320.0,50062.5,17680.0,62725.0,17790.0,21716.8,-70625.0,26279.07,
20211130,23380.0,20625.0,-20110.0,59681.25,13720.0,60900.0,17790.0,22164.8,-70625.0,25013.65,
20211231,23380.0,20012.5,-20110.0,57356.25,13670.0,61550.0,15420.0,20630.4,-79425.0,25013.65,
20220131,26040.0,17687.5,-20110.0,60731.25,2730.0,69112.5,15420.0,21369.6,-79425.0,25887.4,
20220228,35440.0,14825.0,-16520.0,60637.5,2730.0,76625.0,18040.0,21302.4,-83645.0,26356.15,
20220331,41330.0,16893.75,-11680.0,58368.75,6400.0,75700.0,17540.0,20372.8,-79810.0,27232.25,
